Mesh Points: 846
	 4.103433e-01, -5.938506e-03
	 3.930727e-01,  1.167517e-02
	 4.636686e-01,  1.711339e-02
	 3.940732e-01,  3.051076e-02
	 4.502100e-01,  5.923261e-02
	 4.582992e-01,  5.597815e-02
	 4.585134e-01,  5.569441e-02
	-7.411788e-02, -2.445608e-01
	-9.081950e-02, -2.704004e-01
	-9.088003e-02, -2.095500e-01
	-1.293263e-01, -2.151174e-01
	-1.106751e-01, -2.728359e-01
	-1.415802e-01, -2.288228e-01
	-1.273204e-01,  1.794875e-01
	-1.481853e-01,  1.718285e-01
	-1.775416e-01,  1.946721e-01
	-1.748014e-01,  2.213354e-01
	-1.289872e-01,  2.183446e-01
	-4.494930e-01, -2.663033e-01
	-4.069821e-01, -2.732424e-01
	-4.530656e-01, -2.952311e-01
	-4.010597e-01, -3.133255e-01
	-4.240950e-01, -3.188680e-01
	 2.607956e-01,  4.191686e-01
	 2.559691e-01,  4.180974e-01
	 2.709438e-01,  4.719378e-01
	 2.171338e-01,  4.750535e-01
	 2.084601e-01,  4.678635e-01
	 2.103612e-01,  4.367180e-01
	 5.000000e-01, -9.692293e-02
	 4.700743e-01, -1.104390e-01
	 5.000000e-01, -4.790362e-02
	 4.677030e-01, -4.254870e-02
	 4.420756e-01, -7.522338e-02
	 4.522631e-01, -5.046124e-02
	-4.403552e-01, -3.669501e-01
	-4.595730e-01, -4.025543e-01
	-3.965743e-01, -3.749062e-01
	-4.011838e-01, -4.222058e-01
	-4.449467e-01, -4.262626e-01
	 5.000000e-01,  5.193225e-02
	 5.000000e-01,  9.728619e-02
	 4.866445e-01,  9.812685e-02
	-2.150948e-01,  1.683960e-01
	-1.815196e-01,  2.327235e-01
	-2.203054e-01,  2.373337e-01
	-2.463005e-01,  2.166332e-01
	-2.410078e-01,  1.870761e-01
	-3.166323e-02,  2.768802e-01
	-1.706060e-02,  2.834271e-01
	-7.221077e-02,  2.957177e-01
	-6.670753e-02,  3.162609e-01
	-3.574000e-02,  3.327375e-01
	-1.119189e-02,  3.187489e-01
	-2.765919e-01,  3.644616e-01
	-2.437726e-01,  3.730260e-01
	-2.892218e-01,  3.353229e-01
	-2.129483e-01,  3.409871e-01
	-2.187427e-01,  3.293250e-01
	-2.662036e-01,  3.166421e-01
	 2.196188e-01,  5.000000e-01
	 1.753404e-01,  5.000000e-01
	 1.856938e-01,  4.743983e-01
	 3.189610e-02,  4.755940e-01
	 2.344282e-04,  4.712012e-01
	 3.480586e-02,  5.000000e-01
	-1.599654e-02,  5.000000e-01
	-2.222958e-01,  1.342900e-01
	-2.551195e-01,  1.283523e-01
	-2.117563e-01,  1.521722e-01
	-2.780530e-01,  1.580927e-01
	 3.093028e-01, -3.838988e-01
	 3.061581e-01, -3.786014e-01
	 3.455599e-01, -3.974045e-01
	 3.172944e-01, -3.469108e-01
	 3.673950e-01, -3.375598e-01
	 3.695461e-01, -3.389634e-01
	 3.835770e-01, -3.695463e-01
	-1.762752e-01, -5.000000e-01
	-1.902218e-01, -4.783733e-01
	-1.355084e-01, -5.000000e-01
	-1.460932e-01, -4.402750e-01
	-1.704763e-01, -4.357258e-01
	-1.630422e-01, -4.333143e-01
	-9.301653e-02,  3.485964e-01
	-6.493276e-02,  3.856759e-01
	-3.562234e-02,  3.593268e-01
	 1.480031e-02,  1.492654e-02
	-2.924170e-03,  4.723175e-03
	 1.293167e-02,  4.101745e-02
	-1.432761e-02,  6.006430e-02
	-4.357803e-02,  4.010803e-02
	-4.419356e-02,  3.565762e-02
	 2.560784e-01, -4.724145e-01
	 2.555717e-01, -5.000000e-01
	 2.030795e-01, -5.000000e-01
	 2.344678e-01, -4.603325e-01
	 2.051891e-01, -4.797256e-01
	-8.046028e-03,  1.899350e-01
	 1.459065e-02,  1.672996e-01
	-4.021133e-02,  1.689192e-01
	-4.142216e-02,  1.640267e-01
	-3.042071e-02,  1.442240e-01
	-1.357389e-03,  1.389583e-01
	 4.398449e-01,  3.963264e-01
	 4.216554e-01,  3.707187e-01
	 4.235369e-01,  4.250936e-01
	 3.826843e-01,  4.107801e-01
	 3.858137e-01,  3.736399e-01
	-3.151885e-01, -6.321222e-02
	-2.893770e-01, -6.919268e-02
	-3.358148e-01, -8.581584e-02
	-2.740198e-01, -9.728672e-02
	-2.774742e-01, -1.117087e-01
	-3.255296e-01, -1.181097e-01
	-1.561650e-01,  3.083399e-01
	-1.783332e-01,  3.506505e-01
	-1.838991e-01,  2.840598e-01
	-2.137436e-01,  2.922670e-01
	-1.880887e-01,  3.520893e-01
	-2.493505e-01,  1.416240e-02
	-2.954070e-01,  5.263234e-03
	-2.479212e-01,  3.873894e-02
	-3.050630e-01,  4.717796e-02
	-2.684627e-01,  5.920146e-02
	-3.043353e-01,  1.555434e-02
	-4.750386e-01,  4.013492e-01
	-4.410897e-01,  3.794691e-01
	-4.711244e-01,  4.346539e-01
	-4.584726e-01,  4.437176e-01
	-4.410096e-01,  4.428323e-01
	-4.188828e-01,  3.838966e-01
	-4.151575e-01,  3.896787e-01
	-4.164544e-01,  4.167282e-01
	-3.601658e-02,  5.000000e-01
	-5.021708e-02,  4.641234e-01
	-1.022347e-01,  5.000000e-01
	-8.737906e-02,  4.573081e-01
	-7.164364e-02,  4.516789e-01
	-1.738451e-01,  4.206906e-01
	-1.948414e-01,  4.693172e-01
	-1.340399e-01,  4.453734e-01
	-1.859017e-01,  4.837748e-01
	-1.488936e-01,  4.751391e-01
	 3.720029e-01,  1.721522e-01
	 3.673551e-01,  1.759866e-01
	 4.180348e-01,  1.759463e-01
	 3.867548e-01,  2.182376e-01
	 4.206403e-01,  2.240740e-01
	-4.752702e-01,  5.000000e-01
	-5.000000e-01,  5.000000e-01
	-5.000000e-01,  4.437871e-01
	 3.742406e-01,  3.402191e-01
	 3.463497e-01,  2.921454e-01
	 4.093225e-01,  3.158590e-01
	 3.632080e-01,  2.722421e-01
	 4.141550e-01,  2.988620e-01
	 3.973176e-01,  2.782831e-01
	-2.160438e-02, -1.248680e-01
	-2.825288e-02, -1.317373e-01
	-2.930704e-02, -8.467407e-02
	-7.153188e-02, -8.199173e-02
	-5.924026e-02, -7.339327e-02
	-7.021230e-02, -1.160378e-01
	-1.539645e-03,  3.786575e-01
	 2.157973e-02,  3.727336e-01
	-2.479464e-02,  4.133958e-01
	-8.065844e-03,  4.360110e-01
	 4.210698e-02,  4.174796e-01
	 3.970869e-02,  4.208432e-01
	 1.026396e-01,  1.806676e-01
	 6.089348e-02,  2.174289e-01
	 1.268083e-01,  2.191342e-01
	 1.016403e-01,  2.395499e-01
	-3.536730e-01,  1.968037e-01
	-3.562874e-01,  1.926243e-01
	-3.637265e-01,  2.400961e-01
	-4.127192e-01,  2.379902e-01
	-3.811929e-01,  2.476294e-01
	-4.004201e-01,  1.897995e-01
	 4.724458e-01,  8.693526e-03
	 4.119616e-01, -1.629240e-02
	-3.452555e-03,  2.234407e-01
	-3.942807e-02,  2.349235e-01
	-6.874128e-02,  2.241847e-01
	-6.875886e-02,  2.141075e-01
	 4.283305e-01,  9.061804e-02
	 3.913641e-01,  8.565609e-02
	 3.764391e-01,  5.607538e-02
	 1.338271e-01,  5.000000e-01
	 1.331829e-01,  4.643834e-01
	 1.629571e-01,  4.548533e-01
	 1.446794e-01, -3.728651e-01
	 1.314487e-01, -3.824911e-01
	 1.485046e-01, -3.225289e-01
	 8.570408e-02, -3.343184e-01
	 8.272094e-02, -3.374301e-01
	 1.455363e-01, -3.197792e-01
	 1.110760e-01, -3.813632e-01
	 8.298684e-02, -3.401848e-01
	-1.389231e-01, -1.648162e-01
	-1.602239e-01, -1.562235e-01
	-1.816006e-01, -1.704057e-01
	-1.542355e-01, -2.303326e-01
	-1.908035e-01, -2.023159e-01
	-4.585938e-01,  2.249754e-01
	-4.139605e-01,  2.384684e-01
	-4.594028e-01,  2.253310e-01
	-4.557685e-01,  2.881247e-01
	-4.299231e-01,  2.811564e-01
	-4.844168e-01,  2.702769e-01
	-2.950399e-01, -1.905543e-02
	-2.471799e-01, -3.674549e-02
	-2.746464e-01, -3.899207e-02
	-2.350419e-01, -7.507830e-04
	 1.477558e-02, -6.231729e-02
	 3.357160e-02, -1.168068e-01
	 4.897191e-02, -4.437120e-02
	 7.421169e-02, -6.376977e-02
	 6.958855e-02, -1.104656e-01
	-2.370150e-01,  4.073131e-01
	-2.778646e-01,  4.210447e-01
	-2.943242e-01,  4.027441e-01
	-2.980259e-01, -5.000000e-01
	-2.889949e-01, -4.571355e-01
	-3.316537e-01, -5.000000e-01
	-3.067006e-01, -4.414066e-01
	-3.432042e-01, -4.627689e-01
	-2.468574e-01, -4.534837e-01
	-2.588917e-01, -4.079624e-01
	-3.095838e-01, -4.118135e-01
	 2.067333e-01,  9.247292e-02
	 1.839569e-01,  5.960618e-02
	 1.983751e-01,  1.167196e-01
	 1.453585e-01,  8.603301e-02
	 1.460866e-01,  9.112922e-02
	 1.797491e-01,  5.834805e-02
	 1.750685e-01,  1.215894e-01
	 5.000000e-01,  3.010796e-01
	 4.731452e-01,  3.119232e-01
	 5.000000e-01,  3.643189e-01
	 4.785694e-01,  3.620226e-01
	 4.637725e-01,  3.408642e-01
	 2.103876e-01, -3.502416e-01
	 2.024444e-01, -3.689350e-01
	 2.078834e-01, -3.369247e-01
	 1.929853e-01, -3.247691e-01
	 1.775664e-01, -3.832784e-01
	 4.716779e-01,  4.449417e-01
	 5.000000e-01,  4.520729e-01
	 4.652831e-01,  4.492297e-01
	 4.582234e-01,  5.000000e-01
	 5.000000e-01,  5.000000e-01
	 2.654654e-01,  2.662915e-01
	 2.650878e-01,  2.657577e-01
	 2.983005e-01,  2.634369e-01
	 3.208478e-01,  2.207613e-01
	 3.175781e-01,  2.120564e-01
	 2.708986e-01,  2.070240e-01
	-1.672081e-01, -6.726208e-02
	-1.992048e-01, -4.321680e-02
	-1.500214e-01, -5.766702e-02
	-1.460068e-01, -1.302309e-02
	-1.947527e-01, -6.112857e-03
	-1.354160e-02, -4.504513e-01
	-4.760306e-03, -4.707730e-01
	-3.063611e-02, -5.000000e-01
	-6.021299e-02, -4.798583e-01
	-4.231368e-02, -4.500664e-01
	-5.153547e-02, -5.000000e-01
	 4.408881e-01,  1.568159e-01
	 4.683370e-01,  1.851933e-01
	 4.254877e-01,  2.281220e-01
	 4.346896e-01,  2.295305e-01
	 1.469636e-01,  2.229570e-01
	 1.606137e-01,  2.659363e-01
	 1.029238e-01,  2.633459e-01
	 1.481507e-01,  2.800506e-01
	 1.274727e-01,  2.837387e-01
	 4.949394e-02,  1.184891e-01
	 8.140060e-02,  1.072914e-01
	 2.342476e-02,  1.039993e-01
	 3.721520e-02,  6.842472e-02
	 7.184456e-02,  5.614152e-02
	 8.856299e-02,  8.153680e-02
	-1.047375e-01,  5.536174e-02
	-1.243129e-01,  6.296267e-02
	-7.066660e-02,  7.284583e-02
	-9.736392e-02,  1.273316e-01
	-6.351018e-02,  1.007843e-01
	-1.240675e-01,  1.122718e-01
	 4.424721e-01,  2.910955e-01
	 4.520392e-01,  2.469054e-01
	-2.603156e-01,  4.761880e-01
	-2.829607e-01,  4.562178e-01
	-2.592219e-01,  5.000000e-01
	-3.160096e-01,  5.000000e-01
	-3.126648e-01,  4.652773e-01
	 2.790334e-01,  1.440728e-01
	 2.566228e-01,  1.280608e-01
	 2.607888e-01,  1.987278e-01
	 2.197031e-01,  1.648831e-01
	 2.571327e-01,  1.986603e-01
	 2.252981e-01,  1.395539e-01
	 6.415385e-02, -4.578105e-01
	 9.419736e-02, -4.437071e-01
	 7.529821e-02, -5.000000e-01
	 1.262667e-01, -4.837872e-01
	 1.200096e-01, -5.000000e-01
	 9.881731e-02, -4.449726e-01
	-3.447052e-01,  4.423448e-01
	-3.379647e-01,  4.541881e-01
	-3.143211e-01,  4.013678e-01
	 2.260379e-01, -4.258505e-01
	 1.717089e-01, -4.355556e-01
	 1.714417e-01, -4.464338e-01
	 1.709140e-01, -4.363060e-01
	 3.837055e-01,  1.249337e-01
	 3.773276e-01,  1.152445e-01
	 3.367899e-01,  1.775681e-01
	 3.128042e-01,  1.400480e-01
	 3.281397e-01,  1.055698e-01
	-2.350923e-01, -4.739870e-01
	-2.405862e-01, -5.000000e-01
	-2.439882e-01, -4.552199e-01
	-3.058545e-01,  3.313186e-01
	-3.460602e-01,  3.525630e-01
	-3.457700e-01,  3.726974e-01
	 5.000000e-01,  6.558868e-03
	-5.700328e-02,  4.112438e-01
	-6.608334e-02,  3.936277e-01
	-1.158061e-01,  3.992994e-01
	-1.171258e-01,  4.402802e-01
	 8.312012e-02,  5.000000e-01
	 7.869288e-02,  4.738453e-01
	 3.889112e-02,  4.687348e-01
	-1.105847e-01, -4.283974e-01
	-1.526410e-01, -3.703553e-01
	-1.622732e-01, -3.831159e-01
	-1.523551e-01, -3.702703e-01
	-1.152150e-01, -3.887229e-01
	 1.131876e-01,  1.552185e-01
	 1.584917e-01,  1.589616e-01
	 1.108893e-01,  1.365223e-01
	 5.000000e-01, -1.443053e-01
	 4.796758e-01, -1.440492e-01
	 4.672513e-01, -1.250273e-01
	 1.948738e-01, -2.819506e-01
	 2.247838e-01, -2.684768e-01
	 2.559329e-01, -2.957783e-01
	 2.557884e-01, -3.032797e-01
	 2.584787e-01,  3.563466e-01
	 2.635136e-01,  3.123236e-01
	 2.817747e-01,  3.765067e-01
	 3.143811e-01,  3.462925e-01
	 3.063284e-01,  3.193862e-01
	 4.805676e-02, -3.884045e-01
	 2.139187e-02, -3.754547e-01
	 3.928317e-02, -4.357445e-01
	 7.194988e-04, -4.238425e-01
	-6.946060e-03, -4.050004e-01
	 2.624002e-01, -3.694250e-01
	 2.738552e-01, -3.217890e-01
	 2.853519e-01,  3.102266e-03
	 2.728305e-01,  2.274543e-03
	 2.492514e-01,  3.477084e-02
	 2.857741e-01,  6.054238e-02
	 3.085854e-01,  3.234584e-02
	 1.117055e-01,  3.297861e-01
	 1.079545e-01,  3.222424e-01
	 9.621851e-02,  3.780552e-01
	 5.290953e-02,  3.555072e-01
	 6.253683e-02,  3.133870e-01
	 6.229657e-02,  3.135042e-01
	-9.985048e-02,  1.661787e-01
	-1.234753e-01,  2.245507e-01
	-7.442463e-02,  2.285679e-01
	-2.267700e-01,  2.790688e-01
	-2.616939e-01,  2.826691e-01
	-4.328595e-01, -1.406988e-01
	-4.291373e-01, -1.376435e-01
	-4.659670e-01, -1.436650e-01
	-4.835806e-01, -9.840230e-02
	-4.528845e-01, -8.213985e-02
	-4.196758e-01, -9.592284e-02
	 4.261685e-01, -3.635405e-01
	 4.612582e-01, -3.905632e-01
	 4.573250e-01, -4.089190e-01
	 3.957857e-01, -3.760800e-01
	 4.299436e-01, -4.216562e-01
	 4.020880e-01, -4.064689e-01
	 1.471746e-01, -4.272729e-01
	 1.543485e-01, -4.773095e-01
	-2.780926e-01,  2.656619e-01
	-2.591466e-01,  2.233418e-01
	-3.166521e-01,  2.686201e-01
	-3.251175e-01,  2.552987e-01
	-3.138778e-01,  2.067024e-01
	-3.098791e-01,  2.044641e-01
	-8.939075e-02,  2.823412e-01
	 3.662622e-01,  4.447768e-01
	 3.707202e-01,  4.217590e-01
	 3.287239e-01,  4.015839e-01
	 3.119066e-01,  4.098404e-01
	 3.259012e-01,  4.594016e-01
	 3.415995e-01,  4.668187e-01
	 2.570524e-01,  9.662823e-02
	 2.332952e-01,  8.177652e-02
	 1.221646e-01, -1.055275e-01
	 9.018419e-02, -1.217242e-01
	 1.271459e-01, -7.173992e-02
	 1.025645e-01, -5.370496e-02
	 9.346425e-02, -2.779908e-01
	 1.381414e-01, -2.788852e-01
	 3.027532e-02, -1.210022e-01
	 9.394747e-03, -6.050449e-02
	 5.683219e-02, -3.856541e-01
	 4.454150e-02, -3.247463e-01
	 1.974611e-02, -3.695114e-01
	 2.800799e-02, -5.000000e-01
	 2.679035e-02, -4.762897e-01
	 5.179331e-02, -4.550790e-01
	 4.618391e-02, -1.841937e-01
	 4.677737e-02, -1.906108e-01
	 3.007718e-02, -1.634179e-01
	-1.244898e-02, -1.723129e-01
	-1.857294e-02, -2.024647e-01
	 2.802231e-02, -2.266301e-01
	 4.923741e-03,  2.677676e-01
	-3.238825e-03,  2.235677e-01
	-4.767134e-01, -3.130587e-01
	-5.000000e-01, -3.033821e-01
	-4.519292e-01, -2.624783e-01
	-5.000000e-01, -2.642586e-01
	 5.000000e-01, -2.648373e-01
	 4.689426e-01, -2.774720e-01
	 5.000000e-01, -2.141287e-01
	 4.475930e-01, -2.405251e-01
	 4.681097e-01,  3.950620e-01
	 4.352965e-01,  3.470087e-01
	-3.435858e-02, -2.109981e-01
	-7.271372e-02, -1.832774e-01
	-2.972681e-02, -1.534497e-01
	-7.276410e-02, -1.818139e-01
	 3.578005e-01,  2.446671e-01
	 2.695696e-01, -4.152083e-02
	 2.456864e-01, -7.872296e-02
	 2.595834e-01, -2.163572e-02
	 2.235609e-01, -2.577040e-02
	 2.289964e-01, -7.492943e-02
	 2.148588e-01, -5.178804e-02
	 2.649179e-01, -3.736317e-01
	 2.453476e-01, -4.106901e-01
	 2.329953e-01, -4.153466e-01
	-1.033625e-01, -4.318618e-01
	-7.373222e-02, -3.700936e-01
	-7.853923e-02, -3.657843e-01
	-6.402752e-02, -4.134408e-01
	 3.552420e-01, -2.975839e-01
	 3.598013e-01, -2.876327e-01
	 4.040201e-01, -2.767116e-01
	 4.189231e-01, -3.016552e-01
	 4.164577e-01, -3.095899e-01
	 4.733618e-01, -3.302644e-01
	 4.769174e-01, -3.226313e-01
	 4.337678e-01, -3.451324e-01
	 4.632639e-01, -2.942517e-01
	-3.915725e-01, -3.718469e-01
	-3.601827e-01, -3.764036e-01
	-3.879262e-01, -3.199255e-01
	-3.784997e-01, -3.170997e-01
	-3.332188e-01, -3.344347e-01
	-3.307959e-01, -3.378262e-01
	 1.960910e-01,  4.226047e-01
	 2.163898e-01,  3.782465e-01
	-1.252715e-01, -1.084248e-01
	-1.619746e-01, -1.197279e-01
	-1.139543e-01, -7.297416e-02
	-1.814035e-01, -9.955056e-02
	-1.409658e-01, -8.592892e-03
	-1.513718e-01,  4.415889e-02
	-1.947900e-01,  3.347962e-02
	-2.017614e-01,  1.723906e-03
	-9.046961e-02,  1.905688e-02
	-7.061997e-02,  1.307922e-02
	-3.680847e-01, -5.046210e-02
	-3.673999e-01, -7.539544e-02
	-3.852754e-01, -9.143808e-02
	-4.189297e-01, -3.301098e-02
	-4.116485e-01, -3.090661e-02
	-4.134130e-01, -9.155275e-02
	 1.547584e-01, -1.210082e-01
	 1.573611e-01, -1.472744e-01
	 1.451206e-01, -1.627180e-01
	 1.055354e-01, -1.641836e-01
	 9.592947e-02, -1.550639e-01
	 1.656689e-01, -5.000000e-01
	 2.584725e-01,  3.066882e-01
	 2.150390e-01,  3.719482e-01
	 2.133416e-01,  3.117745e-01
	 2.034787e-01,  3.246381e-01
	 2.134300e-01,  3.704277e-01
	-2.605816e-01,  8.652204e-02
	-2.090628e-01,  8.573476e-02
	-2.092891e-01,  5.553546e-02
	-2.053741e-01,  8.274741e-02
	-2.190742e-01,  4.591568e-01
	-1.877589e-01,  5.000000e-01
	-3.220944e-01, -4.175929e-02
	-3.489852e-01, -3.271530e-02
	-3.543243e-01,  3.247721e-03
	 3.892525e-02,  3.069611e-01
	 8.400674e-03,  3.266295e-01
	 2.274889e-02,  3.702258e-01
	 1.670778e-01,  3.223615e-01
	 1.464888e-01,  3.441346e-01
	 1.604820e-01,  3.782701e-01
	 1.485328e-01,  3.671130e-01
	-5.000000e-01,  2.056903e-01
	-5.000000e-01,  2.742333e-01
	 6.655106e-02,  4.173714e-01
	 9.688432e-02,  4.457132e-01
	-4.701883e-01, -1.971518e-01
	-4.782643e-01, -2.059216e-01
	-4.698702e-01, -1.473208e-01
	-5.000000e-01, -1.473625e-01
	-5.000000e-01, -2.095145e-01
	-4.007568e-01,  4.688021e-01
	-3.710980e-01,  5.000000e-01
	-4.141469e-01,  4.711601e-01
	-4.276845e-01,  5.000000e-01
	 1.631487e-01, -4.856052e-02
	 1.647452e-01, -4.768183e-02
	 1.270227e-01, -1.710140e-02
	 1.376128e-01,  1.626561e-02
	 1.658374e-01,  1.981782e-02
	 1.815383e-01,  2.903368e-03
	-4.657288e-01,  3.454162e-01
	-5.000000e-01,  3.748272e-01
	-5.000000e-01,  3.854506e-01
	-1.853013e-01,  8.788566e-02
	-1.598688e-01,  1.249123e-01
	-1.629638e-01,  1.324913e-01
	-1.160897e-02,  4.526980e-01
	 2.008791e-01,  1.768449e-01
	 1.985078e-01,  2.091221e-01
	 2.142066e-01,  2.254586e-01
	 3.160991e-02, -3.049693e-01
	 1.632813e-02, -3.038154e-01
	 5.693869e-02, -2.611225e-01
	-1.889946e-02, -2.610531e-01
	 2.823967e-02, -2.295576e-01
	-1.900127e-02, -2.709771e-01
	 4.782496e-01, -4.348386e-01
	 5.000000e-01, -4.322815e-01
	 4.876989e-01, -3.744202e-01
	 5.000000e-01, -3.766795e-01
	 5.549783e-02,  1.557684e-01
	 1.049124e-01,  1.646773e-01
	 2.305708e-01, -1.880306e-01
	 2.317701e-01, -1.453982e-01
	 1.946271e-01, -1.862289e-01
	 2.154834e-01, -1.399371e-01
	 1.899649e-01, -1.592217e-01
	-4.008541e-02, -2.389117e-01
	 3.847831e-01, -5.492780e-02
	 4.101069e-01, -8.545092e-02
	 4.207648e-01, -1.403203e-01
	 4.132366e-01, -1.360914e-01
	 4.005531e-01, -1.054759e-01
	-4.563529e-01, -3.387548e-02
	-4.385288e-01, -2.702413e-02
	 3.703953e-01,  3.549490e-01
	 1.112870e-01,  4.434736e-01
	 3.026982e-01, -3.244383e-01
	 5.000000e-01,  2.495371e-01
	 5.000000e-01,  1.865192e-01
	-1.217934e-01, -8.171059e-03
	-9.950125e-02, -3.212847e-02
	-1.121692e-01, -7.234884e-02
	-3.323324e-01, -2.834314e-01
	-2.942194e-01, -2.837831e-01
	-2.815402e-01, -3.127241e-01
	-3.060524e-01, -3.447533e-01
	-2.297024e-01, -5.760120e-02
	-2.129743e-01, -3.453271e-01
	-2.442588e-01, -3.417890e-01
	-1.986499e-01, -3.331753e-01
	-2.117810e-01, -2.933101e-01
	-1.970096e-01, -3.257548e-01
	-2.404442e-01, -2.886765e-01
	-2.618555e-01, -3.137071e-01
	-3.773008e-01, -4.452975e-01
	-3.418571e-01, -4.039914e-01
	 1.079960e-01, -2.490033e-02
	 8.546885e-02, -1.033570e-02
	 5.319908e-02, -2.546400e-02
	 4.090718e-02,  1.717495e-01
	 5.455317e-02,  2.168762e-01
	 5.646530e-02,  2.180634e-01
	-3.822590e-01, -5.000000e-01
	-3.899086e-01, -4.688816e-01
	-4.277033e-01, -5.000000e-01
	-4.250721e-01, -4.810107e-01
	-1.536818e-02, -2.634066e-02
	-5.359119e-02, -3.265758e-02
	 3.636949e-02,  7.231529e-03
	 5.000000e-01, -5.000000e-01
	 5.000000e-01, -4.963589e-01
	 4.418551e-01, -5.000000e-01
	 4.393778e-01, -4.720732e-01
	 4.611948e-01, -4.654071e-01
	-1.922306e-02, -3.298463e-01
	-1.499114e-02, -3.494888e-01
	-9.179970e-02, -4.665947e-01
	-1.296434e-01, -5.000000e-01
	 3.432066e-01,  3.619360e-01
	 3.529977e-01, -8.148229e-02
	 3.729415e-01, -5.443901e-02
	 3.676106e-01, -1.068578e-01
	 3.031376e-01, -4.249267e-01
	 2.829693e-01, -4.359528e-01
	 2.717698e-01, -2.389845e-01
	 2.486668e-01, -2.228262e-01
	 2.479174e-01, -2.034970e-01
	 3.180917e-01, -2.191219e-01
	 2.915746e-01, -1.759876e-01
	 2.846241e-01, -1.742947e-01
	-2.304430e-01, -7.494413e-02
	-2.024175e-01, -1.025724e-01
	-2.252726e-01, -1.385526e-01
	-2.666783e-01, -1.320909e-01
	-2.384167e-01, -1.428060e-01
	-3.214863e-01,  2.814443e-01
	-3.642015e-01,  3.026425e-01
	-3.579501e-01,  3.430944e-01
	 2.628884e-01, -1.332176e-01
	 2.721145e-01, -1.080060e-01
	 2.008184e-01, -1.047405e-01
	 7.113374e-02,  2.733941e-01
	-4.635550e-01, -3.251291e-02
	-5.000000e-01,  2.423502e-03
	-5.000000e-01,  2.366740e-02
	-4.381205e-01,  2.963477e-02
	 3.164627e-01, -2.971619e-01
	-4.722925e-01, -4.648438e-01
	-5.000000e-01, -4.551316e-01
	-4.522204e-01, -4.563645e-01
	-5.000000e-01, -4.023365e-01
	-3.906717e-01, -2.285432e-01
	-3.635521e-01, -2.199937e-01
	-3.927918e-01, -2.619813e-01
	-3.388166e-01, -2.481545e-01
	-3.434979e-01, -2.735365e-01
	-3.562228e-01, -2.774196e-01
	-3.026013e-01, -1.745535e-01
	-3.029566e-01, -1.746026e-01
	-3.394203e-01, -1.401600e-01
	-5.514959e-02, -4.170380e-01
	 3.153505e-01, -3.203701e-02
	 3.277667e-01,  3.099942e-02
	 3.494387e-01, -5.611586e-03
	 3.437771e-01, -1.911287e-02
	-9.843258e-02, -1.492162e-01
	-9.736857e-02, -1.420435e-01
	 4.327418e-01,  1.262489e-01
	 4.416234e-01,  1.359854e-01
	-4.072589e-01,  3.630096e-02
	-4.337337e-01,  3.528183e-02
	-3.872102e-01,  5.800484e-02
	-4.506051e-01,  7.835159e-02
	-3.970646e-01,  9.335879e-02
	 3.086789e-01, -2.793530e-01
	 3.400304e-01, -2.437675e-01
	 1.621227e-01,  2.085092e-01
	 1.967118e-01,  2.646703e-01
	 2.134665e-01,  2.464278e-01
	-2.003185e-02, -4.004193e-01
	-3.211978e-02, -3.731710e-01
	-3.765262e-01,  2.949902e-01
	-4.024915e-01,  3.461823e-01
	-4.097774e-01,  3.071739e-01
	-4.149213e-01,  3.237519e-01
	-3.487458e-01,  1.509092e-01
	-3.500664e-01,  1.492919e-01
	-4.039167e-01,  1.842005e-01
	-3.973936e-01,  1.521474e-01
	-1.539044e-01, -2.975614e-01
	-1.341038e-01, -3.020984e-01
	-1.247835e-01, -3.265495e-01
	 3.660453e-01, -1.712999e-01
	 3.949782e-01, -1.984795e-01
	 3.781486e-01, -2.315251e-01
	 3.647447e-01, -1.710300e-01
	 3.287907e-01, -2.229861e-01
	 3.405052e-01, -2.399282e-01
	 3.730790e-01, -5.000000e-01
	 4.319479e-01, -4.672784e-01
	 3.827952e-01, -4.701730e-01
	 5.375285e-02,  2.581962e-01
	 2.951906e-02,  2.755237e-01
	 7.481045e-02, -2.613569e-01
	 1.221275e-01,  4.257673e-01
	 1.062384e-01,  3.826818e-01
	 9.626040e-02,  3.781526e-01
	-2.036685e-01, -4.229755e-01
	-3.691847e-01,  5.000000e-01
	 3.260212e-01,  2.954479e-01
	-6.198015e-02, -2.520169e-02
	 1.698166e-02,  1.055821e-01
	-1.091664e-02,  8.948555e-02
	-4.703254e-02,  1.065955e-01
	 3.090279e-01, -4.300314e-02
	 1.559616e-01, -1.979397e-01
	 1.207627e-01, -2.195959e-01
	 1.029559e-01, -2.102539e-01
	 1.063946e-01, -2.158771e-01
	-2.496773e-01, -3.939808e-01
	-2.132041e-01, -3.879192e-01
	-2.126514e-01, -3.883827e-01
	 4.069639e-01,  4.647666e-01
	 4.149910e-01,  5.000000e-01
	 3.482086e-01,  5.000000e-01
	 2.253044e-01, -2.423552e-01
	 1.867430e-01, -2.353049e-01
	 1.766776e-01, -2.036832e-01
	 1.595049e-01, -5.577521e-02
	 3.679677e-01, -4.459763e-01
	 3.505398e-01, -4.394046e-01
	 3.392683e-01, -4.426855e-01
	 3.175553e-01, -5.000000e-01
	 3.145102e-01, -4.838366e-01
	 4.269508e-01,  4.341369e-01
	 3.498391e-01,  5.889414e-02
	 1.685377e-01,  4.231619e-01
	 4.066914e-01, -2.633616e-01
	 4.424510e-01, -2.385475e-01
	 5.000000e-01,  1.416274e-01
	 4.740945e-01,  1.260690e-01
	 3.264000e-01,  9.922150e-02
	 2.871128e-01,  7.309617e-02
	-2.425426e-01, -1.948657e-01
	-2.666505e-01, -1.997810e-01
	 7.976810e-02,  3.190812e-02
	 8.308540e-02,  2.976819e-02
	-1.988714e-01,  4.061751e-01
	-1.739201e-01,  4.204510e-01
	-1.498517e-01,  3.909445e-01
	-1.664364e-01,  3.569386e-01
	-4.224501e-01, -1.950132e-01
	 9.207199e-02, -4.001540e-01
	 2.837389e-01,  4.022158e-01
	-4.526751e-01,  1.740406e-01
	-3.583523e-01,  4.356366e-01
	-3.869581e-01,  4.426773e-01
	-3.649784e-01,  3.921067e-01
	-2.258521e-01, -2.400415e-01
	-2.531830e-01, -2.555760e-01
	-2.178482e-01, -2.128623e-01
	-2.807964e-01, -2.404805e-01
	-2.737218e-01, -2.514397e-01
	 4.717238e-01, -1.783667e-01
	 4.319165e-01, -1.863388e-01
	 1.698118e-01, -2.620198e-01
	-3.296719e-01,  6.941133e-02
	-2.961831e-01,  1.079166e-01
	-2.680807e-01,  1.002511e-01
	-3.298837e-01,  8.285452e-02
	 1.188524e-01,  3.262464e-02
	 2.718910e-01,  4.729592e-01
	 2.725541e-01,  5.000000e-01
	-2.996346e-01,  1.544770e-01
	-3.534359e-01,  1.073826e-01
	 1.616045e-01,  4.172911e-01
	-5.000000e-01,  1.834156e-01
	-4.577279e-01,  1.663555e-01
	 3.153895e-01, -8.092001e-02
	 3.029580e-01, -1.000708e-01
	 1.619008e-01,  1.636305e-01
	-1.154537e-01,  3.499469e-01
	-1.195724e-01,  3.468337e-01
	-1.323430e-01,  3.024703e-01
	-1.209838e-01,  2.854356e-01
	-1.744842e-01, -2.671354e-01
	-1.993140e-01, -2.702543e-01
	-4.818789e-01, -5.000000e-01
	-2.962622e-01,  1.575514e-01
	-4.736280e-01, -3.404352e-01
	-5.000000e-01, -3.535990e-01
	-3.765924e-01, -4.491826e-01
	 1.285856e-01,  7.434164e-02
	-3.121560e-01, -2.290940e-01
	-3.191897e-01, -2.019428e-01
	-4.433722e-01, -3.594203e-01
	 2.314071e-01,  4.329284e-02
	 2.353559e-01,  3.755274e-02
	-5.024388e-02, -3.092998e-01
	 2.090468e-01,  2.021274e-04
	 2.772094e-01, -4.598980e-01
	 3.412202e-01, -1.410206e-01
	 3.417260e-01, -1.470662e-01
	-1.222281e-01,  3.922770e-01
	-1.462373e-01,  5.336896e-02
	 5.000000e-01, -3.230930e-01
	-3.568439e-01, -2.056175e-01
	-3.748043e-01, -1.659859e-01
	-3.726858e-01, -1.563456e-01
	-3.595389e-01, -1.440231e-01
	-5.000000e-01,  3.993914e-02
	-4.560649e-01,  8.198138e-02
	-5.000000e-01, -5.000000e-01
	-5.492529e-02, -3.098890e-01
	-8.206456e-02, -3.427164e-01
	-3.120646e-01, -4.088457e-01
	-3.005753e-01, -3.538306e-01
	-4.550029e-01,  3.255907e-01
	-5.000000e-01,  3.161346e-01
	-4.651184e-01,  3.358174e-01
	-4.506768e-01, -2.457805e-01
	-1.715608e-01,  2.557417e-01
	-5.000000e-01, -9.355247e-02
	-4.146053e-01,  1.311335e-01
	-4.572782e-01,  1.603134e-01
	-4.321286e-01,  1.327110e-01
	-2.254618e-01,  4.128782e-01
	-9.338394e-02,  1.541015e-01
	-1.323911e-01,  2.671011e-01
	-2.638294e-01, -3.619161e-01
	-4.153660e-01, -2.106024e-01
	-3.580019e-01,  6.199953e-03
	-3.858332e-01,  5.541491e-03
	-3.573677e-01,  5.170064e-02
	 1.751340e-01, -1.029218e-01
	 4.241658e-01, -1.969156e-01
	-5.000000e-01,  1.204802e-01
	-4.187030e-01, -1.978390e-01
	-1.247693e-01,  5.000000e-01
	 2.771399e-01, -2.718672e-01
	-3.963535e-01,  9.500880e-02
	 1.448803e-01, -2.690882e-01
	 5.000000e-01, -2.045848e-01
	-5.000000e-01, -5.702394e-02
	-5.000000e-01,  1.112986e-01
	-4.573888e-01,  8.487589e-02
	 4.795140e-01,  4.070592e-01
	 5.000000e-01,  4.036642e-01
Mesh Facets: 1267
	31, 29
	41, 40
	6, 5
	16, 15
	61, 60
	26, 27
	66, 65
	43, 47
	80, 78
	51, 52
	94, 95
	58, 57
	136, 134
	129, 128
	151, 150
	150, 149
	2, 0
	32, 34
	98, 100
	4, 3
	61, 62
	189, 61
	10, 12
	121, 120
	55, 54
	223, 225
	224, 226
	240, 238
	192, 194
	251, 252
	252, 249
	266, 269
	148, 146
	172, 173
	157, 156
	273, 272
	296, 295
	308, 306
	297, 294
	222, 221
	96, 97
	144, 145
	224, 228
	224, 223
	323, 223
	54, 222
	54, 56
	312, 222
	2, 6
	2, 180
	6, 40
	40, 328
	137, 138
	65, 333
	65, 63
	81, 83
	237, 235
	29, 344
	29, 30
	246, 245
	245, 350
	243, 245
	17, 13
	184, 185
	59, 58
	58, 118
	316, 315
	307, 309
	183, 184
	50, 48
	184, 376
	303, 299
	231, 233
	218, 219
	195, 197
	215, 216
	158, 160
	196, 199
	357, 356
	306, 304
	306, 419
	183, 48
	48, 49
	182, 183
	18, 20
	431, 433
	436, 434
	241, 242
	105, 104
	426, 425
	157, 272
	272, 148
	157, 155
	148, 147
	244, 243
	361, 243
	336, 340
	76, 75
	462, 461
	28, 24
	259, 261
	263, 262
	285, 287
	91, 92
	409, 408
	95, 97
	95, 496
	315, 97
	392, 315
	351, 352
	122, 124
	293, 295
	295, 507
	140, 142
	121, 211
	125, 121
	373, 371
	501, 500
	207, 210
	518, 519
	168, 169
	334, 335
	526, 525
	444, 147
	147, 145
	257, 256
	145, 319
	530, 528
	453, 244
	247, 244
	313, 314
	156, 154
	439, 242
	242, 239
	156, 291
	538, 539
	126, 127
	67, 69
	505, 503
	134, 135
	134, 66
	66, 64
	301, 302
	387, 386
	556, 554
	280, 279
	343, 341
	440, 441
	9, 7
	34, 33
	34, 181
	30, 346
	33, 30
	566, 33
	488, 490
	384, 383
	105, 108
	105, 439
	152, 154
	439, 154
	333, 334
	333, 189
	189, 190
	334, 521
	169, 167
	169, 335
	63, 335
	64, 63
	543, 64
	74, 72
	361, 362
	451, 361
	273, 292
	273, 271
	575, 576
	419, 420
	419, 266
	265, 266
	261, 477
	261, 262
	262, 479
	471, 472
	212, 214
	482, 263
	263, 260
	38, 37
	467, 468
	218, 217
	411, 218
	558, 557
	171, 170
	600, 602
	415, 160
	162, 160
	217, 215
	596, 217
	88, 87
	415, 604
	215, 415
	608, 607
	607, 609
	548, 547
	417, 418
	267, 269
	269, 615
	402, 401
	108, 572
	107, 108
	99, 98
	98, 182
	182, 429
	598, 597
	565, 566
	566, 569
	71, 72
	451, 72
	452, 451
	113, 112
	325, 326
	560, 562
	449, 446
	278, 276
	369, 372
	641, 642
	571, 570
	75, 458
	75, 74
	74, 574
	36, 39
	646, 648
	575, 292
	238, 575
	239, 291
	239, 238
	292, 291
	631, 113
	113, 114
	268, 267
	267, 614
	454, 457
	363, 367
	442, 443
	163, 159
	317, 144
	144, 146
	146, 270
	0, 181
	1, 0
	662, 661
	181, 565
	565, 618
	644, 458
	459, 458
	545, 546
	274, 275
	357, 360
	613, 418
	418, 357
	360, 359
	677, 360
	658, 268
	264, 268
	635, 634
	175, 179
	176, 178
	634, 633
	679, 634
	396, 395
	339, 337
	587, 589
	609, 610
	609, 696
	372, 639
	511, 373
	372, 373
	196, 417
	195, 196
	547, 549
	412, 195
	547, 417
	520, 521
	521, 573
	82, 79
	324, 322
	296, 297
	706, 296
	297, 311
	675, 275
	514, 500
	500, 499
	275, 277
	155, 444
	153, 155
	256, 255
	444, 256
	604, 605
	484, 92
	92, 88
	604, 88
	103, 102
	386, 385
	386, 555
	465, 463
	111, 109
	485, 486
	509, 508
	445, 447
	363, 659
	363, 364
	494, 493
	324, 228
	705, 324
	228, 229
	722, 721
	400, 405
	561, 559
	624, 623
	410, 411
	533, 531
	411, 594
	698, 696
	696, 730
	422, 424
	409, 495
	216, 219
	219, 409
	414, 216
	721, 720
	721, 251
	251, 250
	661, 1
	661, 660
	3, 188
	3, 1
	191, 62
	62, 27
	27, 28
	28, 473
	45, 46
	378, 377
	394, 393
	337, 338
	337, 587
	587, 585
	719, 718
	435, 437
	461, 460
	466, 461
	608, 611
	554, 608
	554, 553
	41, 42
	737, 41
	733, 660
	367, 366
	660, 367
	655, 631
	631, 632
	460, 735
	460, 459
	459, 673
	695, 692
	596, 606
	595, 596
	119, 116
	524, 522
	379, 381
	199, 198
	416, 199
	580, 471
	471, 470
	654, 653
	474, 24
	24, 23
	498, 351
	351, 353
	610, 697
	610, 611
	387, 389
	387, 553
	553, 611
	497, 352
	352, 355
	707, 255
	253, 255
	517, 515
	704, 703
	368, 370
	179, 685
	179, 177
	205, 206
	496, 392
	496, 308
	392, 307
	308, 307
	739, 740
	299, 298
	299, 406
	320, 321
	132, 133
	742, 741
	345, 346
	567, 346
	311, 310
	527, 528
	528, 706
	706, 311
	753, 754
	348, 347
	723, 724
	124, 123
	502, 124
	533, 594
	534, 533
	744, 595
	594, 595
	25, 26
	26, 60
	60, 770
	91, 287
	90, 91
	289, 287
	711, 710
	684, 683
	767, 765
	133, 130
	133, 754
	529, 527
	754, 527
	501, 516
	498, 501
	734, 473
	473, 474
	474, 498
	518, 207
	774, 518
	207, 205
	205, 752
	445, 446
	445, 712
	446, 637
	503, 67
	503, 502
	502, 766
	67, 68
	635, 326
	635, 680
	131, 132
	327, 326
	132, 755
	627, 624
	560, 636
	559, 560
	624, 559
	237, 233
	237, 342
	544, 301
	301, 303
	303, 233
	385, 388
	465, 385
	76, 462
	462, 465
	76, 77
	391, 309
	198, 193
	750, 198
	309, 305
	166, 164
	329, 330
	86, 85
	50, 399
	50, 51
	51, 84
	756, 758
	203, 204
	193, 192
	192, 247
	247, 314
	316, 391
	391, 193
	316, 314
	603, 602
	602, 785
	647, 645
	397, 398
	175, 174
	771, 683
	683, 175
	163, 664
	163, 161
	475, 477
	477, 579
	109, 508
	508, 211
	211, 213
	110, 109
	431, 430
	788, 431
	39, 647
	39, 38
	601, 603
	38, 592
	603, 647
	728, 729
	71, 73
	71, 620
	778, 544
	674, 545
	545, 544
	737, 738
	576, 737
	270, 271
	270, 666
	576, 271
	584, 260
	259, 478
	260, 259
	629, 628
	171, 599
	171, 173
	699, 639
	173, 276
	276, 639
	298, 300
	257, 319
	257, 258
	320, 298
	320, 319
	601, 789
	225, 227
	225, 600
	600, 601
	69, 542
	69, 43
	43, 15
	14, 15
	786, 398
	394, 46
	46, 47
	70, 47
	398, 394
	186, 187
	318, 317
	317, 665
	535, 534
	234, 236
	768, 534
	310, 753
	310, 312
	753, 755
	327, 755
	312, 327
	454, 614
	614, 615
	336, 454
	336, 81
	80, 81
	615, 80
	31, 32
	328, 31
	180, 328
	32, 180
	655, 742
	742, 759
	655, 656
	788, 787
	648, 788
	36, 648
	36, 35
	407, 406
	406, 740
	366, 365
	740, 366
	612, 548
	552, 548
	364, 447
	364, 365
	795, 365
	447, 448
	313, 453
	96, 313
	621, 452
	93, 96
	453, 452
	569, 568
	619, 569
	690, 693
	743, 606
	282, 283
	87, 89
	606, 87
	162, 161
	161, 579
	578, 579
	708, 605
	605, 162
	128, 151
	128, 126
	539, 151
	126, 539
	356, 416
	358, 356
	305, 304
	304, 421
	750, 305
	750, 416
	84, 779
	85, 84
	331, 330
	330, 85
	480, 481
	504, 505
	540, 505
	464, 466
	466, 435
	435, 434
	434, 803
	799, 619
	776, 777
	619, 617
	164, 165
	86, 52
	86, 164
	513, 512
	53, 52
	657, 656
	656, 792
	354, 353
	353, 751
	402, 616
	402, 403
	49, 428
	49, 53
	53, 512
	512, 511
	511, 700
	494, 715
	422, 495
	422, 423
	495, 494
	469, 467
	22, 21
	35, 793
	467, 37
	37, 35
	455, 457
	677, 678
	677, 658
	658, 457
	513, 165
	371, 513
	168, 520
	168, 165
	520, 704
	704, 370
	370, 371
	550, 551
	564, 440
	440, 426
	427, 426
	420, 265
	420, 421
	358, 421
	358, 359
	265, 264
	264, 359
	668, 670
	642, 808
	643, 642
	582, 581
	590, 591
	760, 757
	785, 645
	785, 810
	646, 645
	810, 646
	688, 689
	11, 8
	796, 612
	455, 456
	612, 613
	613, 678
	678, 455
	812, 811
	787, 793
	787, 430
	20, 22
	430, 20
	793, 22
	729, 620
	729, 731
	621, 620
	798, 621
	468, 593
	468, 472
	583, 472
	277, 278
	514, 277
	368, 515
	515, 514
	369, 278
	369, 368
	707, 355
	707, 153
	152, 153
	572, 152
	355, 354
	354, 616
	616, 572
	532, 536
	797, 448
	448, 450
	208, 210
	519, 816
	210, 519
	227, 789
	227, 226
	226, 230
	592, 789
	592, 593
	593, 813
	236, 232
	236, 535
	794, 795
	795, 797
	536, 535
	536, 797
	526, 523
	433, 526
	432, 433
	783, 203
	688, 687
	11, 688
	11, 12
	12, 203
	118, 117
	377, 118
	44, 45
	45, 377
	524, 381
	524, 525
	525, 820
	381, 382
	378, 393
	59, 378
	633, 325
	633, 395
	325, 56
	56, 59
	395, 393
	686, 685
	775, 752
	685, 752
	119, 57
	745, 119
	220, 55
	57, 55
	300, 302
	258, 300
	676, 546
	254, 258
	302, 546
	711, 289
	102, 711
	288, 289
	101, 102
	17, 375
	17, 16
	44, 819
	44, 16
	229, 717
	229, 230
	813, 814
	813, 230
	718, 717
	718, 585
	586, 585
	827, 717
	651, 649
	18, 432
	18, 19
	432, 818
	509, 485
	510, 509
	489, 485
	830, 829
	667, 669
	529, 130
	529, 530
	149, 129
	149, 530
	129, 130
	318, 187
	187, 188
	739, 321
	739, 733
	318, 321
	188, 733
	802, 540
	290, 286
	540, 541
	487, 486
	486, 111
	657, 114
	657, 807
	114, 111
	709, 103
	279, 557
	279, 281
	103, 99
	99, 597
	597, 557
	9, 441
	9, 10
	663, 443
	441, 443
	10, 200
	322, 323
	322, 79
	79, 78
	78, 323
	491, 408
	410, 726
	408, 410
	784, 783
	687, 589
	687, 783
	589, 588
	581, 760
	581, 580
	759, 791
	759, 760
	653, 652
	580, 653
	482, 481
	482, 214
	122, 504
	120, 122
	481, 504
	214, 120
	762, 567
	568, 567
	690, 568
	691, 690
	775, 822
	775, 774
	834, 774
	816, 817
	816, 538
	538, 537
	202, 201
	630, 629
	629, 478
	478, 476
	561, 725
	563, 561
	493, 492
	713, 493
	388, 390
	73, 77
	728, 73
	727, 728
	77, 388
	178, 177
	178, 679
	681, 679
	209, 206
	177, 206
	749, 379
	806, 805
	379, 380
	743, 283
	744, 743
	744, 768
	790, 768
	284, 283
	638, 562
	562, 563
	491, 832
	491, 492
	563, 492
	389, 697
	697, 698
	390, 727
	390, 389
	698, 727
	745, 746
	745, 824
	140, 139
	506, 140
	796, 811
	796, 552
	550, 552
	564, 550
	8, 7
	811, 8
	7, 564
	143, 142
	142, 507
	507, 836
	21, 469
	21, 19
	651, 654
	19, 651
	470, 469
	654, 470
	556, 555
	803, 556
	464, 803
	464, 463
	555, 463
	672, 673
	694, 695
	673, 695
	622, 625
	669, 671
	764, 767
	772, 767
	831, 669
	716, 714
	701, 412
	413, 412
	344, 840
	345, 344
	761, 345
	380, 384
	806, 380
	487, 490
	487, 807
	806, 807
	384, 490
	757, 756
	590, 757
	784, 588
	784, 756
	588, 590
	570, 383
	383, 382
	820, 841
	382, 820
	640, 570
	825, 288
	288, 290
	14, 13
	14, 542
	541, 542
	541, 290
	13, 374
	628, 112
	112, 110
	584, 628
	110, 213
	213, 212
	212, 584
	282, 89
	281, 282
	709, 281
	710, 709
	89, 90
	90, 710
	731, 730
	730, 94
	798, 731
	798, 93
	94, 93
	622, 837
	723, 623
	348, 723
	348, 349
	622, 623
	376, 399
	376, 375
	375, 826
	782, 399
	617, 618
	617, 776
	712, 659
	712, 776
	659, 662
	662, 618
	839, 714
	724, 763
	725, 724
	714, 713
	713, 725
	280, 284
	280, 343
	343, 235
	235, 234
	284, 790
	234, 790
	800, 693
	693, 694
	625, 626
	625, 694
	101, 825
	101, 100
	185, 100
	374, 825
	374, 185
	808, 842
	809, 808
	716, 701
	701, 549
	715, 716
	423, 715
	549, 551
	551, 427
	423, 427
	254, 253
	254, 676
	499, 675
	499, 497
	497, 253
	676, 675
	799, 800
	777, 799
	636, 637
	627, 636
	777, 637
	626, 627
	800, 626
	644, 574
	672, 644
	349, 837
	349, 350
	672, 837
	362, 350
	574, 362
	738, 42
	42, 5
	186, 665
	4, 186
	666, 738
	5, 4
	665, 666
	778, 342
	778, 674
	170, 172
	172, 274
	274, 674
	342, 341
	341, 558
	558, 170
	293, 294
	293, 506
	220, 221
	220, 824
	506, 824
	221, 294
	632, 630
	630, 202
	202, 204
	758, 741
	758, 204
	741, 632
	732, 250
	250, 248
	438, 104
	104, 106
	734, 773
	734, 191
	702, 573
	190, 573
	190, 191
	115, 116
	748, 116
	780, 781
	650, 649
	805, 804
	649, 828
	835, 805
	822, 823
	834, 822
	842, 834
	843, 842
	801, 331
	746, 139
	139, 141
	331, 332
	747, 746
	141, 332
	141, 143
	143, 836
	136, 137
	836, 136
	137, 332
	779, 780
	780, 748
	747, 801
	747, 748
	779, 801
	405, 404
	770, 769
	770, 722
	722, 405
	664, 663
	475, 664
	201, 476
	201, 200
	475, 476
	663, 200
	838, 671
	671, 670
	823, 821
	843, 823
	809, 843
	670, 809
	668, 667
	643, 668
	830, 489
	667, 830
	488, 571
	571, 643
	489, 488
	531, 726
	531, 532
	532, 450
	449, 450
	449, 638
	638, 832
	726, 832
	766, 68
	766, 765
	68, 70
	786, 70
	765, 771
	771, 786
	240, 241
	845, 240
	438, 241
	438, 844
	23, 25
	23, 751
	25, 769
	769, 404
	751, 403
	404, 403
	699, 599
	700, 699
	700, 428
	429, 428
	429, 598
	599, 598
	285, 483
	286, 285
	286, 802
	577, 479
	479, 480
	480, 802
	819, 117
	117, 115
	115, 781
	782, 826
	826, 819
	782, 781
	424, 425
	424, 414
	159, 158
	442, 159
	442, 425
	158, 414
	772, 838
	838, 821
	686, 821
	686, 684
	684, 772
	828, 818
	818, 523
	835, 749
	835, 828
	523, 522
	749, 522
	401, 400
	400, 720
	720, 732
	732, 106
	106, 107
	107, 401
	340, 339
	340, 456
	456, 812
	339, 689
	689, 812
	127, 131
	131, 680
	537, 817
	537, 127
	682, 680
	815, 817
	577, 483
	483, 484
	708, 578
	578, 577
	708, 484
	246, 194
	246, 347
	763, 839
	763, 347
	839, 413
	413, 197
	194, 197
	640, 641
	640, 841
	841, 641
	516, 517
	516, 773
	773, 702
	517, 703
	702, 703
	125, 510
	125, 123
	764, 123
	831, 764
	510, 829
	829, 831
	407, 794
	231, 407
	231, 232
	794, 232
	83, 82
	83, 338
	719, 338
	719, 705
	705, 82
	397, 174
	397, 396
	176, 174
	176, 396
	791, 652
	652, 650
	792, 804
	792, 791
	650, 804
	681, 682
	681, 209
	815, 682
	208, 815
	209, 208
	436, 437
	840, 436
	762, 833
	762, 761
	761, 840
	437, 736
	329, 138
	329, 166
	138, 135
	135, 543
	167, 166
	167, 543
	582, 591
	582, 583
	827, 814
	586, 827
	591, 586
	814, 583
	844, 845
	844, 248
	248, 249
	249, 845
	833, 736
	736, 735
	692, 691
	735, 692
	833, 691
Facet Neighbors: 1267
	-2, 5
	-2, 7
	0, 7
	2, 8
	-4, 11
	4, 11
	-4, 12
	8, 13
	-3, 15
	9, 16
	-3, 18
	10, 22
	-4, 25
	24, 28
	-1, 28
	-4, 28
	0, 34
	5, 34
	19, 35
	0, 36
	11, 37
	-4, 37
	1, 39
	23, 41
	10, 43
	-3, 44
	44, 45
	-2, 47
	38, 48
	-4, 49
	-2, 49
	-3, 52
	27, 53
	32, 54
	29, 57
	53, 57
	-4, 58
	-3, 60
	58, 61
	43, 61
	18, 62
	27, 63
	45, 64
	44, 64
	-3, 64
	43, 65
	10, 65
	61, 65
	0, 66
	34, 66
	7, 66
	-2, 66
	25, 67
	-4, 68
	12, 68
	15, 69
	46, 70
	-2, 71
	5, 71
	48, 72
	72, 75
	48, 75
	2, 78
	35, 78
	10, 79
	22, 79
	62, 82
	60, 82
	35, 84
	9, 84
	78, 84
	59, 86
	46, 86
	42, 87
	38, 88
	42, 89
	30, 89
	38, 90
	74, 90
	60, 91
	-3, 91
	84, 93
	9, 93
	35, 93
	3, 94
	-1, 94
	-2, 95
	47, 96
	20, 96
	92, 97
	57, 98
	53, 98
	29, 98
	27, 98
	48, 100
	75, 100
	69, 101
	14, 102
	102, 103
	4, 105
	51, 106
	51, 107
	56, 108
	17, 108
	87, 110
	18, 111
	-3, 111
	62, 111
	82, 111
	73, 112
	23, 113
	58, 114
	-4, 114
	26, 114
	41, 115
	23, 115
	77, 116
	112, 117
	40, 118
	-1, 118
	31, 119
	68, 119
	-1, 120
	98, 121
	27, 121
	50, 121
	63, 121
	-4, 122
	100, 123
	48, 123
	62, 123
	29, 124
	96, 124
	47, 124
	57, 124
	-1, 126
	24, 126
	13, 127
	113, 127
	25, 128
	-4, 128
	12, 128
	59, 129
	81, 131
	-2, 131
	55, 132
	70, 132
	97, 134
	1, 134
	5, 135
	34, 135
	71, 136
	5, 136
	135, 136
	109, 137
	80, 137
	20, 138
	96, 138
	29, 138
	124, 138
	68, 139
	-4, 139
	37, 139
	119, 139
	31, 140
	119, 140
	68, 140
	12, 140
	128, 140
	14, 141
	75, 141
	100, 141
	57, 142
	53, 142
	-2, 142
	91, 143
	-3, 143
	52, 143
	106, 144
	51, 144
	107, 144
	104, 145
	41, 146
	107, 146
	51, 146
	6, 148
	104, 148
	42, 149
	87, 149
	132, 150
	32, 150
	-3, 151
	89, 152
	30, 152
	42, 153
	149, 153
	17, 153
	152, 153
	89, 153
	-2, 154
	-3, 154
	130, 155
	90, 155
	52, 156
	-3, 156
	85, 157
	138, 157
	20, 157
	19, 158
	35, 158
	93, 158
	150, 158
	135, 159
	136, 159
	14, 160
	141, 160
	100, 160
	21, 162
	65, 163
	133, 164
	99, 164
	54, 165
	77, 165
	-1, 166
	137, 166
	102, 167
	14, 167
	141, 167
	6, 168
	-1, 168
	142, 170
	-2, 170
	124, 170
	47, 170
	57, 170
	162, 171
	21, 171
	52, 172
	156, 172
	101, 172
	76, 173
	97, 174
	30, 174
	63, 175
	27, 175
	53, 175
	34, 176
	0, 176
	173, 176
	135, 176
	159, 176
	167, 178
	102, 178
	129, 179
	54, 179
	74, 180
	155, 180
	90, 180
	74, 181
	180, 181
	172, 181
	52, 181
	163, 182
	33, 183
	33, 184
	163, 184
	182, 184
	83, 184
	69, 185
	147, 185
	154, 187
	-3, 187
	165, 188
	116, 188
	77, 188
	90, 189
	38, 189
	130, 189
	88, 189
	155, 189
	119, 190
	139, 190
	15, 191
	64, 191
	58, 192
	-4, 192
	61, 192
	179, 193
	117, 193
	112, 193
	54, 193
	98, 194
	29, 194
	50, 194
	121, 194
	152, 195
	108, 195
	17, 195
	153, 195
	19, 196
	81, 197
	131, 197
	103, 197
	21, 198
	109, 198
	115, 198
	99, 199
	173, 199
	76, 199
	110, 200
	64, 201
	191, 201
	45, 201
	-4, 202
	85, 202
	133, 203
	161, 203
	87, 204
	125, 204
	149, 204
	187, 205
	-3, 205
	92, 206
	110, 206
	42, 206
	87, 206
	89, 206
	202, 207
	-4, 207
	49, 207
	176, 208
	173, 208
	36, 208
	0, 208
	37, 209
	11, 209
	4, 209
	105, 209
	8, 210
	79, 210
	83, 210
	69, 211
	185, 211
	147, 211
	201, 211
	95, 212
	102, 212
	103, 212
	154, 213
	-2, 213
	131, 213
	7, 214
	-2, 214
	208, 215
	76, 215
	173, 215
	171, 216
	162, 216
	212, 217
	102, 217
	178, 217
	186, 217
	153, 218
	149, 218
	22, 219
	120, 220
	80, 220
	38, 221
	90, 221
	145, 222
	104, 222
	169, 222
	105, 223
	4, 223
	112, 223
	73, 223
	187, 224
	154, 224
	81, 224
	131, 224
	213, 224
	112, 225
	73, 225
	194, 225
	50, 225
	117, 226
	190, 226
	77, 226
	183, 227
	33, 227
	40, 227
	111, 228
	-3, 228
	82, 228
	60, 228
	215, 229
	59, 229
	86, 229
	63, 229
	24, 230
	216, 231
	71, 232
	136, 232
	61, 233
	122, 233
	-4, 233
	192, 233
	230, 233
	72, 234
	203, 234
	23, 235
	113, 235
	204, 236
	125, 236
	218, 236
	149, 236
	4, 237
	11, 237
	-4, 237
	108, 238
	17, 238
	56, 238
	196, 238
	183, 239
	235, 239
	24, 240
	230, 240
	122, 240
	233, 240
	117, 241
	112, 241
	209, 241
	105, 241
	223, 241
	118, 242
	-1, 242
	40, 242
	227, 242
	99, 243
	199, 243
	164, 243
	127, 244
	113, 244
	235, 244
	13, 244
	163, 245
	182, 245
	24, 245
	65, 245
	230, 245
	161, 246
	164, 246
	133, 246
	203, 246
	46, 247
	70, 247
	129, 247
	59, 247
	86, 247
	81, 248
	197, 248
	102, 248
	103, 248
	14, 248
	82, 249
	38, 249
	221, 249
	60, 249
	31, 250
	67, 250
	16, 250
	84, 251
	9, 251
	16, 251
	231, 252
	39, 252
	38, 253
	48, 253
	123, 253
	82, 253
	249, 253
	62, 253
	151, 254
	-3, 254
	168, 254
	83, 255
	33, 255
	239, 255
	183, 255
	174, 256
	30, 256
	106, 256
	144, 256
	198, 257
	115, 257
	41, 257
	21, 257
	94, 258
	-1, 258
	168, 259
	6, 259
	151, 259
	148, 259
	254, 259
	205, 260
	14, 260
	160, 260
	247, 261
	179, 261
	129, 261
	214, 262
	-2, 262
	53, 262
	175, 262
	142, 262
	146, 263
	106, 263
	51, 263
	162, 263
	150, 264
	32, 264
	188, 264
	54, 264
	165, 264
	59, 265
	121, 265
	50, 265
	229, 265
	63, 265
	259, 266
	44, 266
	-3, 266
	151, 266
	127, 267
	13, 267
	8, 267
	2, 267
	255, 268
	210, 268
	8, 268
	13, 268
	83, 268
	36, 269
	63, 269
	175, 269
	125, 270
	46, 270
	236, 270
	233, 271
	61, 271
	230, 271
	245, 271
	65, 271
	172, 272
	156, 272
	101, 272
	69, 272
	15, 272
	-3, 272
	5, 273
	-2, 273
	66, 273
	34, 273
	216, 274
	231, 274
	171, 274
	258, 275
	-1, 275
	168, 275
	6, 275
	86, 276
	229, 276
	76, 276
	215, 276
	155, 277
	130, 277
	199, 278
	76, 278
	276, 278
	99, 278
	123, 279
	62, 279
	160, 279
	18, 279
	100, 279
	136, 280
	159, 280
	186, 280
	218, 281
	55, 281
	17, 281
	153, 281
	30, 282
	256, 282
	144, 282
	195, 282
	152, 282
	28, 283
	24, 283
	-1, 283
	126, 283
	90, 284
	74, 284
	60, 284
	91, 284
	249, 284
	221, 284
	251, 285
	16, 285
	67, 285
	250, 285
	107, 286
	113, 286
	127, 286
	103, 287
	212, 287
	95, 287
	-2, 287
	280, 288
	243, 288
	159, 288
	31, 289
	16, 289
	250, 289
	116, 289
	9, 289
	171, 290
	274, 290
	73, 291
	223, 291
	157, 291
	85, 291
	93, 292
	9, 292
	289, 292
	116, 292
	188, 292
	200, 293
	206, 293
	92, 293
	110, 293
	104, 294
	3, 294
	275, 294
	148, 294
	6, 294
	101, 295
	180, 295
	181, 295
	172, 295
	289, 296
	116, 296
	119, 296
	31, 296
	190, 296
	226, 296
	77, 296
	130, 297
	134, 297
	97, 297
	92, 297
	143, 298
	91, 298
	284, 298
	74, 298
	52, 298
	181, 298
	177, 299
	-1, 299
	166, 299
	145, 300
	147, 300
	231, 300
	254, 301
	-3, 301
	168, 301
	-1, 301
	185, 302
	1, 302
	277, 303
	101, 303
	155, 303
	180, 303
	295, 303
	302, 303
	275, 304
	258, 304
	3, 304
	94, 304
	294, 304
	260, 305
	205, 305
	160, 305
	279, 305
	148, 306
	104, 306
	145, 306
	54, 307
	193, 307
	226, 307
	117, 307
	165, 307
	77, 307
	225, 308
	194, 308
	29, 308
	138, 308
	73, 308
	291, 308
	157, 308
	125, 309
	278, 309
	99, 309
	40, 310
	-1, 310
	118, 310
	266, 311
	44, 311
	45, 311
	259, 311
	148, 311
	306, 311
	46, 312
	270, 312
	276, 312
	278, 312
	125, 312
	309, 312
	120, 313
	-1, 313
	94, 313
	252, 314
	185, 314
	302, 314
	1, 314
	39, 314
	22, 315
	79, 315
	8, 315
	210, 315
	220, 316
	120, 316
	-1, 316
	80, 316
	210, 317
	79, 317
	163, 317
	184, 317
	65, 317
	10, 317
	83, 317
	183, 318
	242, 318
	227, 318
	22, 319
	219, 319
	43, 319
	10, 319
	59, 320
	265, 320
	179, 320
	50, 320
	129, 320
	238, 321
	196, 321
	56, 321
	19, 321
	78, 322
	2, 322
	315, 322
	8, 322
	201, 323
	45, 323
	306, 323
	311, 323
	201, 324
	211, 324
	147, 324
	323, 324
	169, 325
	94, 325
	3, 325
	313, 325
	198, 326
	115, 326
	109, 326
	326, 327
	177, 327
	240, 328
	122, 328
	28, 328
	-4, 328
	24, 328
	269, 329
	36, 329
	229, 329
	215, 329
	63, 329
	208, 329
	286, 330
	56, 330
	127, 330
	109, 331
	198, 331
	171, 331
	290, 331
	21, 331
	196, 332
	132, 332
	55, 332
	19, 332
	158, 332
	150, 332
	134, 333
	1, 333
	174, 333
	97, 333
	39, 333
	64, 334
	191, 334
	15, 334
	-3, 334
	110, 335
	204, 335
	87, 335
	252, 336
	185, 336
	314, 336
	147, 336
	300, 337
	145, 337
	274, 337
	231, 337
	169, 337
	222, 337
	107, 338
	146, 338
	113, 338
	23, 338
	286, 338
	41, 338
	232, 339
	136, 339
	280, 339
	186, 339
	318, 340
	242, 340
	-1, 340
	310, 341
	-1, 341
	126, 341
	39, 342
	162, 342
	263, 342
	106, 342
	203, 343
	133, 343
	110, 343
	200, 343
	81, 344
	14, 344
	260, 344
	205, 344
	248, 344
	33, 345
	184, 345
	182, 345
	40, 345
	227, 345
	220, 346
	290, 346
	80, 346
	281, 347
	218, 347
	236, 347
	270, 347
	55, 347
	164, 348
	133, 348
	335, 348
	110, 348
	343, 348
	224, 349
	187, 349
	344, 349
	81, 349
	205, 349
	219, 350
	319, 350
	26, 350
	114, 350
	303, 351
	277, 351
	130, 351
	297, 351
	1, 351
	302, 351
	134, 351
	26, 352
	114, 352
	-4, 352
	294, 353
	3, 353
	169, 353
	325, 353
	104, 353
	222, 353
	131, 354
	-2, 354
	287, 354
	103, 354
	197, 354
	178, 355
	186, 355
	217, 355
	161, 355
	177, 356
	235, 356
	239, 356
	327, 356
	200, 357
	189, 357
	88, 357
	-2, 358
	71, 358
	232, 358
	80, 359
	346, 359
	109, 359
	331, 359
	290, 359
	137, 359
	231, 360
	300, 360
	336, 360
	252, 360
	147, 360
	137, 361
	80, 361
	-1, 361
	316, 361
	166, 361
	321, 362
	56, 362
	2, 362
	267, 362
	127, 362
	330, 362
	78, 362
	162, 363
	21, 363
	263, 363
	257, 363
	41, 363
	146, 363
	281, 364
	55, 364
	332, 364
	196, 364
	17, 364
	238, 364
	205, 365
	-3, 365
	305, 365
	279, 365
	18, 365
	355, 366
	203, 366
	234, 366
	72, 366
	161, 366
	84, 367
	78, 367
	322, 367
	251, 367
	159, 368
	288, 368
	199, 368
	243, 368
	173, 368
	176, 368
	357, 369
	234, 369
	203, 369
	200, 369
	343, 369
	55, 370
	132, 370
	70, 370
	46, 370
	347, 370
	270, 370
	280, 371
	186, 371
	161, 371
	355, 371
	321, 372
	19, 372
	35, 372
	362, 372
	78, 372
	-1, 373
	299, 373
	357, 374
	189, 374
	200, 374
	293, 374
	130, 374
	297, 374
	92, 374
	50, 375
	320, 375
	193, 375
	112, 375
	225, 375
	179, 375
	280, 376
	288, 376
	164, 376
	246, 376
	243, 376
	161, 376
	371, 376
	167, 377
	178, 377
	366, 377
	72, 377
	355, 377
	75, 377
	141, 377
	214, 378
	7, 378
	269, 378
	36, 378
	262, 378
	0, 378
	175, 378
	247, 379
	261, 379
	32, 379
	54, 379
	179, 379
	70, 379
	132, 379
	150, 379
	58, 380
	114, 380
	43, 380
	319, 380
	350, 380
	61, 380
	162, 381
	342, 381
	39, 381
	231, 381
	252, 381
	216, 381
	207, 382
	49, 382
	96, 382
	20, 382
	241, 383
	209, 383
	190, 383
	139, 383
	37, 383
	22, 384
	219, 384
	251, 384
	169, 385
	290, 385
	325, 385
	346, 385
	318, 386
	340, 386
	-1, 386
	373, 386
	285, 387
	350, 387
	26, 387
	67, 387
	219, 387
	387, 388
	26, 388
	352, 388
	25, 388
	-4, 388
	67, 388
	251, 389
	384, 389
	387, 389
	219, 389
	285, 389
	85, 390
	237, 390
	-4, 390
	202, 390
	174, 391
	256, 391
	342, 391
	39, 391
	106, 391
	333, 391
	356, 392
	177, 392
	318, 392
	386, 392
	373, 392
	299, 392
	177, 393
	299, 393
	326, 393
	327, 393
	137, 393
	166, 393
	109, 393
	204, 394
	125, 394
	309, 394
	99, 394
	164, 394
	348, 394
	335, 394
	244, 395
	235, 395
	13, 395
	268, 395
	239, 395
	255, 395
	47, 396
	-2, 396
	96, 396
	382, 396
	4, 397
	223, 397
	237, 397
	390, 397
	291, 397
	85, 397
	264, 398
	188, 398
	292, 398
	93, 398
	158, 398
	150, 398
	108, 399
	56, 399
	330, 399
	144, 399
	107, 399
	286, 399
	315, 400
	22, 400
	384, 400
	367, 400
	322, 400
	251, 400
	92, 401
	206, 401
	30, 401
	174, 401
	97, 401
	89, 401
	356, 402
	392, 402
	318, 402
	183, 402
	239, 402
	325, 403
	313, 403
	346, 403
	385, 403
	120, 403
	220, 403
	85, 404
	202, 404
	207, 404
	382, 404
	20, 404
	157, 404
	69, 405
	101, 405
	303, 405
	185, 405
	302, 405
	24, 406
	245, 406
	341, 406
	126, 406
	182, 406
	310, 406
	399, 407
	108, 407
	282, 407
	144, 407
	195, 407
	48, 408
	72, 408
	369, 408
	234, 408
	357, 408
	88, 408
	38, 408
	166, 409
	361, 409
	-1, 409
	117, 410
	241, 410
	383, 410
	226, 410
	190, 410
	115, 411
	23, 411
	235, 411
	356, 411
	326, 411
	327, 411
	276, 412
	86, 412
	46, 412
	312, 412
	15, 413
	69, 413
	211, 413
	201, 413
	191, 413
	255, 414
	83, 414
	33, 414
	184, 414
	337, 415
	169, 415
	290, 415
	274, 415
	385, 415
	182, 416
	345, 416
	406, 416
	310, 416
	40, 416
	95, 417
	-2, 417
	339, 417
	232, 417
	358, 417
	212, 417
	67, 418
	250, 418
	25, 418
	128, 418
	31, 418
	140, 418
	300, 419
	145, 419
	323, 419
	324, 419
	147, 419
	306, 419
	396, 420
	382, 420
	49, 420
	-2, 420
	417, 421
	212, 421
	186, 421
	217, 421
	339, 421
Mesh Regions: 422
	2, 16, 19, 48, 247, 333, 1035
	22, 148, 678, 734, 814, 895
	3, 62, 536, 768, 944
	84, 642, 687, 781, 902
	5, 99, 336, 373, 416, 1133
	0, 17, 58, 149, 152, 559
	185, 228, 500, 569, 645
	1, 2, 50, 351, 1031
	3, 7, 338, 535, 539, 738, 770
	9, 69, 82, 472, 625, 633
	11, 24, 46, 64, 749, 757
	4, 5, 20, 335, 417
	6, 54, 141, 167
	7, 137, 444, 534, 540, 1125
	97, 169, 214, 226, 463, 505, 860
	8, 55, 282, 557, 820, 1221
	9, 470, 473, 608, 622
	103, 196, 297, 420, 590, 959
	10, 40, 105, 583, 965
	18, 208, 299, 766, 810, 997
	88, 156, 207, 1060, 1178
	217, 236, 303, 496, 806, 950
	11, 65, 364, 736, 754, 1066, 1152
	23, 110, 115, 410, 838, 1212
	13, 136, 399, 425, 447, 598, 792, 1185
	12, 52, 139, 1085, 1248
	113, 889, 898, 1079, 1083
	32, 41, 93, 124, 244
	13, 14, 15, 597, 790
	34, 92, 131, 158, 292, 705
	76, 193, 242, 490, 592, 1159
	120, 164, 468, 621, 653, 1250
	33, 190, 520, 1039
	263, 264, 389, 486, 864, 1228
	16, 17, 49, 150, 246, 562
	18, 63, 68, 83, 209, 998
	19, 332, 542, 794, 1033
	20, 21, 162, 334, 1065
	28, 74, 77, 276, 367, 465, 476, 1202
	22, 475, 735, 817, 851, 1053, 1100
	118, 390, 436, 713, 867, 1239
	23, 114, 182, 495, 840, 953
	73, 75, 187, 194, 324
	24, 39, 45, 756, 1047
	25, 26, 43, 530, 717
	26, 42, 312, 718, 772
	56, 72, 454, 546, 722, 989, 1219
	27, 87, 133, 233, 1129
	28, 59, 61, 94, 129, 477, 1196
	29, 30, 329, 1058, 1260
	125, 293, 384, 526, 761, 1010
	100, 101, 179, 184, 517
	31, 177, 203, 237, 261, 665
	32, 35, 91, 173, 245, 512
	33, 221, 254, 290, 522, 697, 1040
	145, 589, 809, 876, 956, 986
	102, 421, 765, 800, 943, 1146
	34, 35, 90, 134, 172, 234
	36, 38, 111, 284, 1045
	71, 142, 396, 457, 524, 758
	37, 67, 79, 394, 467, 603
	38, 39, 47, 286, 403, 549, 1050
	40, 66, 107, 130, 481, 581
	41, 126, 243, 398, 528, 543, 797
	42, 43, 44, 283, 310, 818
	45, 46, 47, 218, 448, 552, 748
	48, 49, 50, 51, 561
	52, 469, 609, 1080, 1087, 1246
	53, 54, 121, 160, 166
	55, 96, 268, 341, 556, 1180, 1222
	56, 146, 455, 988, 1042
	57, 58, 151, 401, 924
	59, 60, 408, 969, 1026, 1197
	109, 375, 382, 628, 707
	78, 255, 258, 602, 664
	60, 61, 95, 170, 1028
	240, 308, 354, 572, 577
	116, 222, 274, 387, 656, 702
	62, 63, 70, 767, 948, 972, 1000
	64, 65, 339, 737, 745
	155, 366, 743, 871, 926, 938
	143, 300, 378, 459, 859, 885
	66, 67, 108, 393, 464, 479
	267, 340, 485, 541, 750, 1227
	68, 69, 70, 81, 471, 971
	205, 314, 631, 1093, 1138, 1174
	71, 72, 397, 458, 570, 1218
	73, 104, 188, 317, 325, 824
	74, 278, 922, 1201
	75, 76, 192, 198, 326, 1162
	77, 78, 202, 257, 275, 368, 601
	79, 80, 175, 604, 662
	89, 322, 639, 660, 1009, 1157
	81, 82, 83, 210, 632, 1142
	84, 85, 497, 688, 730, 780
	86, 345, 616, 1240
	87, 88, 132, 157, 1059, 1131
	89, 147, 241, 659, 816, 1161
	90, 91, 92, 93, 123, 291
	220, 306, 438, 579, 712, 1119
	94, 95, 128, 171, 216, 584
	96, 239, 555, 646, 680, 1181
	97, 98, 225, 252, 346, 359, 461
	98, 302, 347, 462, 614, 910
	181, 186, 370, 641, 695, 905
	99, 337, 372, 432
	100, 178, 491, 516, 854, 1101
	101, 180, 183, 611, 835, 1149
	102, 103, 296, 419, 1145, 1192
	154, 304, 785, 802, 928, 1115
	104, 309, 323, 640, 822, 857, 880
	105, 106, 107, 108, 391
	109, 117, 289, 374, 381, 430, 1013
	110, 138, 411, 442, 612, 837
	111, 112, 113, 890, 899, 1046
	114, 115, 305, 494, 784, 1211
	116, 273, 624, 635, 651
	117, 288, 385, 429, 700, 1206
	118, 119, 434, 715
	120, 121, 163, 165, 280, 652
	122, 365, 728, 741, 1172
	123, 124, 125, 126, 294, 525
	127, 404, 427, 789
	128, 129, 130, 478, 580
	131, 132, 133, 134, 159, 232
	318, 413, 545, 710, 726, 1117
	135, 136, 600, 850, 1188
	137, 138, 441, 533, 613, 801, 946
	139, 140, 141, 168, 1249
	142, 253, 456, 509, 762
	201, 277, 575, 657, 893, 1007
	143, 144, 301, 350, 379, 907
	145, 146, 189, 808, 987, 1043
	219, 315, 452, 856, 878
	147, 148, 658, 813, 897
	149, 150, 153, 212, 249
	151, 152, 153, 213, 402, 585, 842
	154, 155, 224, 931, 937, 1113
	156, 157, 158, 159, 206, 706
	160, 161, 162, 163, 281, 1064
	164, 165, 166, 167, 168, 1251
	169, 170, 171, 215, 227, 1029
	172, 173, 174, 230, 514
	175, 176, 177, 661
	178, 179, 180, 492, 594, 1148, 1194
	181, 369, 670, 696, 830, 1253
	182, 183, 184, 515, 836, 954
	269, 343, 671, 777, 828, 936, 1256
	185, 186, 502, 644, 694, 720
	187, 188, 195, 319, 363, 415
	189, 190, 211, 519, 812, 1044, 1144
	191, 482, 501, 532
	192, 193, 197, 295, 596
	194, 195, 196, 197, 198, 298, 362, 591
	199, 200, 270, 348, 377
	201, 202, 256, 279, 574, 681
	203, 204, 238, 554
	205, 206, 207, 630, 709, 1179
	208, 209, 210, 211, 811, 1143
	212, 213, 250, 586, 620, 975
	214, 215, 216, 506, 582, 692
	316, 450, 915, 970, 994, 1021
	217, 235, 357, 518, 852, 949, 1051
	218, 262, 265, 445, 746
	219, 220, 440, 451, 877, 1018, 1120
	221, 222, 272, 523, 701
	223, 224, 669, 941, 1114, 1203
	225, 226, 227, 251, 1023
	228, 229, 484, 499, 568, 675
	371, 779, 833, 903, 1069, 1231
	230, 231, 232, 233, 234
	235, 236, 356, 565, 626, 804
	237, 238, 239, 260, 553, 649
	240, 248, 307, 331, 355, 979
	241, 242, 489, 815, 1097, 1160
	243, 244, 245, 513, 544, 1036
	246, 247, 248, 249, 250, 330, 980
	667, 787, 916, 1104, 1109
	251, 252, 360, 912, 1024
	253, 254, 287, 508, 760, 1015, 1041
	255, 256, 257, 259, 647, 682
	258, 259, 260, 261, 648, 666
	262, 266, 446, 866, 1189, 1235
	263, 388, 423, 488, 751, 1166
	264, 265, 266, 267, 747, 865, 1229
	268, 269, 342, 677, 732, 826, 1183
	361, 587, 844, 913, 993, 1264
	270, 271, 320, 376, 883
	272, 273, 274, 521, 636, 1140
	275, 276, 277, 278, 279, 921, 1004
	280, 281, 386, 654, 1063, 1210
	282, 283, 311, 819, 1225
	284, 285, 286, 406
	287, 288, 289, 290, 698, 1012
	291, 292, 293, 294, 383, 704
	295, 296, 297, 298, 595, 1195
	299, 422, 764, 807, 958
	300, 301, 302, 460, 911
	303, 304, 305, 493, 783, 803
	306, 307, 308, 439, 576, 977
	309, 637, 858, 920, 984, 1005
	310, 311, 312, 344, 771, 775, 1224
	313, 314, 327, 1096, 1175
	315, 316, 409, 453, 855, 967, 983
	317, 318, 319, 412, 823, 1116
	320, 321, 504, 691, 862, 886, 961
	322, 323, 324, 325, 326, 638, 1158
	327, 328, 329, 1057, 1176
	330, 331, 332, 333, 353, 798
	334, 335, 336, 337, 431, 1062
	338, 339, 340, 538, 739, 744
	341, 342, 343, 344, 776, 1223
	345, 346, 347, 358, 615, 1245, 1263
	348, 349, 350, 380
	351, 352, 510, 1030
	353, 354, 355, 395, 573, 796
	356, 357, 400, 563, 1056
	358, 359, 360, 361, 914, 1265
	362, 363, 414, 588, 873
	364, 755, 887, 1067, 1081, 1091
	365, 366, 740, 869, 1173
	367, 368, 466, 606
	369, 370, 371, 834, 906
	372, 373, 374, 375, 433, 629, 1134
	376, 377, 378, 379, 380, 882
	381, 382, 383, 384, 703, 1014
	385, 386, 387, 655, 699, 1209
	388, 389, 390, 437, 753, 868
	391, 392, 393, 394
	395, 396, 397, 398, 527, 571, 795
	399, 407, 426, 449, 550
	400, 474, 564, 672, 832, 932, 1054
	401, 402, 841, 925, 1243
	403, 404, 405, 406, 407, 428, 548
	408, 409, 968, 982, 1199
	410, 411, 424, 443, 917, 1124, 1213
	412, 413, 414, 415, 547, 874
	416, 417, 418, 1094, 1135
	419, 420, 421, 422, 763, 960
	423, 424, 487, 918, 1127, 1167
	425, 426, 427, 428, 788
	429, 430, 431, 432, 433, 1061, 1207
	434, 435, 436, 437, 752, 846
	438, 439, 440, 619, 978, 1020
	441, 442, 443, 444, 1123
	445, 446, 447, 448, 449, 551, 1186
	450, 451, 452, 453, 1019
	454, 455, 456, 457, 458, 507, 1037
	459, 460, 461, 462, 463, 863
	464, 465, 466, 467, 480, 605
	468, 469, 470, 610, 623, 1247
	471, 472, 473, 607, 974, 1068, 1088, 1156
	474, 475, 731, 825, 935, 1055
	476, 477, 478, 479, 480, 481
	482, 483, 484, 503, 673
	485, 486, 487, 488, 537, 1128, 1226
	489, 490, 491, 492, 593, 1098
	493, 494, 495, 496, 952
	497, 498, 566, 686
	499, 500, 501, 502, 503, 529, 719
	504, 505, 506, 690, 861
	507, 508, 509, 1038
	510, 511, 512, 513, 514, 1034
	515, 516, 517, 518, 853, 951
	519, 520, 521, 522, 523, 1139
	524, 525, 526, 527, 528, 759
	529, 530, 531, 532, 716
	533, 534, 535, 536, 945
	537, 538, 539, 540, 541, 1126
	542, 543, 544, 793, 1032
	545, 546, 547, 723, 875, 991
	548, 549, 550, 551, 552
	553, 554, 555, 556, 557, 558
	559, 560, 561, 562
	563, 564, 565, 627, 831, 1233
	566, 567, 568, 569, 643, 685
	570, 571, 572, 573, 578, 724, 1217
	574, 575, 679, 892
	576, 577, 578, 579, 711, 725
	580, 581, 582, 583, 584, 693, 964
	585, 586, 587, 618, 843, 992, 1016
	588, 589, 590, 591, 872, 955
	592, 593, 594, 595, 596, 1193
	597, 598, 599, 600
	601, 602, 603, 604, 605, 606, 663
	607, 608, 609, 610, 1077, 1092
	611, 612, 613, 799, 839, 1150
	614, 615, 616, 617, 909
	618, 619, 620, 976, 1017
	621, 622, 623, 624, 625, 634, 650
	626, 627, 805, 870, 930, 1070, 1232
	628, 629, 630, 631, 708, 1137
	632, 633, 634, 635, 636, 1141
	637, 638, 639, 640, 1006
	641, 642, 643, 644, 645, 689, 901
	646, 647, 648, 649, 683
	650, 651, 652, 653, 654, 655, 656
	657, 658, 659, 660, 894, 1008
	661, 662, 663, 664, 665, 666
	667, 668, 669, 1002, 1108, 1110
	670, 671, 672, 829, 933, 1252
	673, 674, 675, 676
	677, 678, 684, 733, 896, 1184
	679, 680, 681, 682, 683, 684, 891, 1182
	685, 686, 687, 688, 689
	690, 691, 692, 693, 963
	694, 695, 696, 721, 773, 1257
	697, 698, 699, 700, 701, 702
	703, 704, 705, 706, 707, 708, 709
	710, 711, 712, 727, 1118
	713, 714, 715, 848, 1190, 1238
	716, 717, 718, 719, 720, 721, 774
	722, 723, 724, 725, 726, 727, 1220
	728, 729, 730, 782, 1169
	731, 732, 733, 734, 735, 827
	736, 737, 738, 739, 769, 1151
	740, 741, 742, 743, 940
	744, 745, 746, 747, 748, 749, 750
	751, 752, 753, 845, 1073, 1105, 1165
	754, 755, 756, 757, 888, 1048
	758, 759, 760, 761, 762, 1011
	763, 764, 765, 766, 942, 996
	767, 768, 769, 770, 973, 1155
	771, 772, 773, 774, 778, 1254
	775, 776, 777, 778, 1255
	779, 780, 781, 782, 904, 1071, 1168
	783, 784, 785, 786, 1111, 1215
	786, 787, 919, 1112, 1216
	788, 789, 790, 791, 792
	793, 794, 795, 796, 797, 798
	799, 800, 801, 947, 1147
	802, 803, 804, 805, 806, 929
	807, 808, 809, 810, 811, 812, 957
	813, 814, 815, 816, 817, 1102
	818, 819, 820, 821
	822, 823, 824, 879, 1122
	825, 826, 827, 828, 934
	829, 830, 831, 832, 833, 834, 1230
	835, 836, 837, 838, 839, 840
	841, 842, 843, 844, 1242, 1266
	845, 846, 847, 1074
	848, 849, 850, 1187
	851, 852, 853, 854, 1052, 1099
	855, 856, 857, 858, 881, 985
	859, 860, 861, 862, 863, 884
	864, 865, 866, 867, 868, 1236
	869, 870, 871, 927, 1072, 1170
	872, 873, 874, 875, 876, 990
	877, 878, 879, 880, 881, 1121
	882, 883, 884, 885, 886
	887, 888, 889, 890, 1049, 1078
	891, 892, 893, 894, 895, 896, 897
	898, 899, 900, 1084
	901, 902, 903, 904, 905, 906
	907, 908, 909, 910, 911
	912, 913, 914, 915, 966, 995, 1027
	916, 917, 918, 919, 1103, 1163, 1214
	920, 921, 922, 981, 1003, 1200
	923, 924, 925, 1244
	926, 927, 928, 929, 930, 931
	932, 933, 934, 935, 936
	937, 938, 939, 940, 941, 1204
	942, 943, 944, 945, 946, 947, 948, 999
	949, 950, 951, 952, 953, 954
	955, 956, 957, 958, 959, 960
	961, 962, 963, 964, 965
	966, 967, 968, 969, 970, 1025
	971, 972, 973, 974, 1154
	975, 976, 977, 978, 979, 980
	981, 982, 983, 984, 985, 1198
	986, 987, 988, 989, 990, 991
	992, 993, 994, 995, 1022
	996, 997, 998, 999, 1000
	1001, 1002, 1076, 1107
	1003, 1004, 1005, 1006, 1007, 1008, 1009
	1010, 1011, 1012, 1013, 1014, 1015
	1016, 1017, 1018, 1019, 1020, 1021, 1022
	1023, 1024, 1025, 1026, 1027, 1028, 1029
	1030, 1031, 1032, 1033, 1034, 1035, 1036
	1037, 1038, 1039, 1040, 1041, 1042, 1043, 1044
	1045, 1046, 1047, 1048, 1049, 1050
	1051, 1052, 1053, 1054, 1055, 1056
	1057, 1058, 1059, 1060, 1132, 1177, 1259
	1061, 1062, 1063, 1064, 1065, 1208
	1066, 1067, 1068, 1089, 1153
	1069, 1070, 1071, 1072, 1171, 1234
	1073, 1074, 1075, 1076, 1106
	1077, 1078, 1079, 1080, 1081, 1082, 1090
	1082, 1083, 1084, 1085, 1086, 1087
	1088, 1089, 1090, 1091, 1092
	1093, 1094, 1095, 1096, 1136
	1097, 1098, 1099, 1100, 1101, 1102
	1103, 1104, 1105, 1106, 1107, 1108, 1164
	1109, 1110, 1111, 1112, 1113, 1114, 1115
	1116, 1117, 1118, 1119, 1120, 1121, 1122
	1123, 1124, 1125, 1126, 1127, 1128
	1129, 1130, 1131, 1132, 1258
	1133, 1134, 1135, 1136, 1137, 1138
	1139, 1140, 1141, 1142, 1143, 1144
	1145, 1146, 1147, 1148, 1149, 1150, 1191
	1151, 1152, 1153, 1154, 1155, 1156
	1157, 1158, 1159, 1160, 1161, 1162
	1163, 1164, 1165, 1166, 1167
	1168, 1169, 1170, 1171, 1172, 1173
	1174, 1175, 1176, 1177, 1178, 1179
	1180, 1181, 1182, 1183, 1184
	1185, 1186, 1187, 1188, 1189, 1190, 1237
	1191, 1192, 1193, 1194, 1195
	1196, 1197, 1198, 1199, 1200, 1201, 1202
	1203, 1204, 1205
	1206, 1207, 1208, 1209, 1210
	1211, 1212, 1213, 1214, 1215, 1216
	1217, 1218, 1219, 1220
	1221, 1222, 1223, 1224, 1225
	1226, 1227, 1228, 1229
	1230, 1231, 1232, 1233, 1234
	1235, 1236, 1237, 1238, 1239
	1240, 1241, 1242, 1243, 1244, 1245, 1262
	1246, 1247, 1248, 1249, 1250, 1251
	1252, 1253, 1254, 1255, 1256, 1257
	1258, 1259, 1260, 1261
	1262, 1263, 1264, 1265, 1266
Seed Numbers: 422
	0
	1
	2
	3
	4
	5
	6
	7
	8
	9
	10
	11
	12
	13
	14
	15
	16
	17
	18
	19
	20
	21
	22
	23
	24
	25
	26
	27
	28
	29
	30
	31
	32
	33
	34
	35
	36
	37
	38
	39
	40
	41
	42
	43
	44
	45
	46
	47
	48
	49
	50
	51
	52
	53
	54
	55
	56
	57
	58
	59
	60
	61
	62
	63
	64
	65
	66
	67
	68
	69
	70
	71
	72
	73
	74
	75
	76
	77
	78
	79
	80
	81
	82
	83
	84
	85
	86
	87
	88
	89
	90
	91
	92
	93
	94
	95
	96
	97
	98
	99
	100
	101
	102
	103
	104
	105
	106
	107
	108
	109
	110
	111
	112
	113
	114
	115
	116
	117
	118
	119
	120
	121
	122
	123
	124
	125
	126
	127
	128
	129
	130
	131
	132
	133
	134
	135
	136
	137
	138
	139
	140
	141
	142
	143
	144
	145
	146
	147
	148
	149
	150
	151
	152
	153
	154
	155
	156
	157
	158
	159
	160
	161
	162
	163
	164
	165
	166
	167
	168
	169
	170
	171
	172
	173
	174
	175
	176
	177
	178
	179
	180
	181
	182
	183
	184
	185
	186
	187
	188
	189
	190
	191
	192
	193
	194
	195
	196
	197
	198
	199
	200
	201
	202
	203
	204
	205
	206
	207
	208
	209
	210
	211
	212
	213
	214
	215
	216
	217
	218
	219
	220
	221
	222
	223
	224
	225
	226
	227
	228
	229
	230
	231
	232
	233
	234
	235
	236
	237
	238
	239
	240
	241
	242
	243
	244
	245
	246
	247
	248
	249
	250
	251
	252
	253
	254
	255
	256
	257
	258
	259
	260
	261
	262
	263
	264
	265
	266
	267
	268
	269
	270
	271
	272
	273
	274
	275
	276
	277
	278
	279
	280
	281
	282
	283
	284
	285
	286
	287
	288
	289
	290
	291
	292
	293
	294
	295
	296
	297
	298
	299
	300
	301
	302
	303
	304
	305
	306
	307
	308
	309
	310
	311
	312
	313
	314
	315
	316
	317
	318
	319
	320
	321
	322
	323
	324
	325
	326
	327
	328
	329
	330
	331
	332
	333
	334
	335
	336
	337
	338
	339
	340
	341
	342
	343
	344
	345
	346
	347
	348
	349
	350
	351
	352
	353
	354
	355
	356
	357
	358
	359
	360
	361
	362
	363
	364
	365
	366
	367
	368
	369
	370
	371
	372
	373
	374
	375
	376
	377
	378
	379
	380
	381
	382
	383
	384
	385
	386
	387
	388
	389
	390
	391
	392
	393
	394
	395
	396
	397
	398
	399
	400
	401
	402
	403
	404
	405
	406
	407
	408
	409
	410
	411
	412
	413
	414
	415
	416
	417
	418
	419
	420
	421
Phase Numbers: 422
	2
	2
	1
	3
	2
	3
	2
	2
	0
	2
	2
	1
	3
	2
	0
	2
	0
	0
	2
	3
	3
	3
	2
	2
	2
	3
	1
	2
	3
	3
	3
	3
	3
	3
	2
	3
	2
	3
	0
	2
	2
	2
	2
	2
	3
	3
	1
	2
	0
	2
	0
	2
	0
	2
	2
	3
	1
	3
	2
	3
	2
	1
	2
	3
	2
	2
	3
	3
	2
	2
	3
	2
	3
	3
	3
	2
	3
	2
	3
	2
	1
	2
	0
	0
	2
	3
	2
	3
	2
	2
	2
	2
	3
	2
	2
	2
	0
	0
	1
	3
	0
	0
	3
	3
	0
	2
	2
	3
	2
	3
	1
	2
	1
	3
	2
	2
	2
	3
	2
	3
	3
	3
	2
	3
	3
	3
	1
	3
	2
	2
	2
	3
	2
	1
	3
	2
	2
	0
	2
	2
	0
	2
	3
	2
	2
	2
	2
	2
	3
	3
	2
	3
	0
	3
	3
	0
	2
	3
	2
	0
	2
	3
	2
	3
	2
	2
	3
	3
	3
	0
	3
	2
	3
	3
	3
	3
	3
	2
	3
	3
	3
	0
	3
	2
	0
	1
	2
	1
	2
	2
	3
	2
	0
	2
	1
	2
	0
	3
	3
	3
	3
	1
	2
	3
	3
	2
	2
	0
	3
	3
	3
	2
	3
	3
	2
	1
	3
	3
	3
	3
	3
	2
	2
	2
	3
	3
	2
	0
	2
	3
	2
	0
	3
	3
	3
	1
	1
	2
	3
	0
	3
	2
	1
	1
	3
	0
	2
	1
	3
	1
	3
	2
	3
	3
	1
	2
	3
	2
	3
	3
	3
	0
	3
	1
	2
	3
	2
	2
	3
	2
	3
	0
	3
	3
	2
	1
	2
	3
	1
	3
	3
	2
	3
	3
	2
	3
	1
	2
	1
	3
	2
	2
	3
	2
	3
	1
	0
	2
	2
	3
	2
	3
	2
	3
	3
	3
	1
	2
	3
	2
	3
	2
	3
	3
	3
	2
	3
	2
	2
	3
	2
	3
	3
	2
	3
	2
	3
	2
	2
	3
	2
	0
	3
	3
	3
	2
	2
	3
	0
	3
	1
	3
	3
	2
	2
	2
	2
	1
	2
	2
	3
	2
	2
	3
	0
	3
	1
	3
	3
	3
	2
	1
	3
	0
	3
	3
	3
	1
	3
	2
	2
	2
	2
	2
	2
	3
	3
	3
	3
	0
	2
	2
	2
	3
	3
	0
	2
	2
	1
	2
	1
	2
	3
	3
	2
	2
	1
	2
	2
	3
	3
	3
	0
	3
	3
	3
	3
	2
	2
	2
	3
	3
	2
	3
	0
	2
	1
	2
	3
	3
	2
	2
Volumes: 422
	0.002858176132346803
	0.002756017964873061
	0.001928680637089419
	0.0019684922153251918
	0.00267297747053528
	0.0028829721279418925
	0.0028304677257429516
	0.0012445035572226303
	0.003480273214589576
	0.002262556775670834
	0.00275084527310159
	0.0010683317204569318
	0.0011114999309816836
	0.0024295836319119407
	0.0030573308147799913
	0.002571408193736759
	0.0023932177232377726
	0.0019109509540401058
	0.001618595606361249
	0.001763380667865821
	0.002228659832700708
	0.002407633840221306
	0.002920304431309865
	0.002351779961435842
	0.002838940419898833
	0.002189940205433138
	0.002260112299360989
	0.0019759061725560644
	0.0020517481869798343
	0.0028069429116135405
	0.002054212345002147
	0.0025720581914851406
	0.00194145946736618
	0.002532013627657343
	0.002572648701688397
	0.0027897926563327517
	0.0026727223687784724
	0.0018626191986305012
	0.002808472659443886
	0.0030874564433216907
	0.0027793254598442764
	0.0024054047485650206
	0.0029900923100735764
	0.0021579773790372705
	0.002238586447750493
	0.0024087403984487487
	0.002335563655367289
	0.001693013835145644
	0.0031311729725154213
	0.0019759704857369442
	0.0023935308114675456
	0.0024067236152696026
	0.0019386554870569873
	0.002203696807143143
	0.002705188167129213
	0.0026816172520763002
	0.0031184403066553514
	0.002413941450428808
	0.002002386277063203
	0.0025647410339757854
	0.0024284652752139774
	0.0029369174965764603
	0.002141080636500118
	0.003679783299217431
	0.0024510988782737338
	0.003407919397904169
	0.0017214719512937682
	0.002897159443962285
	0.001359805782081833
	0.0027909783786683536
	0.0026885436358190795
	0.001166770043701961
	0.0027142144618305286
	0.0024333511275673276
	0.0021242078483815663
	0.0025542025163070893
	0.0019177965863343646
	0.002493473526032367
	0.0026250842032678762
	0.0020011708621252263
	0.0027345078130978336
	0.002476797944074803
	0.0025634247402980693
	0.0028804741657677112
	0.002748493637079582
	0.0024134389746306995
	0.0023819289174764288
	0.0028564268291724156
	0.002538897155821039
	0.0027536070916283142
	0.002347462622349095
	0.0016170112927823836
	0.00271268804264457
	0.0018388499860453543
	0.002068388168877449
	0.0020373515031908537
	0.0022302387101178875
	0.0019527398994765941
	0.002627930314735206
	0.002107220125659885
	0.002249145095935611
	0.002216484157094089
	0.0024318030963452336
	0.0020219223844855994
	0.0024090741488201122
	0.0017369942694374866
	0.0027301180123328016
	0.0025294842677932045
	0.002196821360967271
	0.0023610128913264085
	0.0030211525677965303
	0.0017478835409789721
	0.0029028683493066893
	0.0022245823467950954
	0.0023814555900263214
	0.0024630104724542336
	0.00216302867221835
	0.0029059514762473874
	0.001692046995111575
	0.002459636604004418
	0.001757920858672632
	0.0030387076512933733
	0.0010598134085263006
	0.0025907434737495153
	0.0023752935554261544
	0.0023220278476451337
	0.0018017115305231023
	0.0026675695515725704
	0.0015678812568589873
	0.002036476288187767
	0.003342822630149769
	0.0019524624947124245
	0.00253217131385995
	0.0015907250304498326
	0.002191737877438204
	0.002672976514031563
	0.002992837818221218
	0.002270220708378341
	0.002398215688710703
	0.002492030707471165
	0.0020837493032893734
	0.00230821221956274
	0.003175918851287746
	0.001227674405002257
	0.0023411257144082837
	0.0024526428849405667
	0.00224488302965549
	0.0025533866279669713
	0.00281124032439036
	0.002121459395998309
	0.0024268914401863175
	0.001024984975567877
	0.002672707694028859
	0.003502671487049914
	0.0013892418531007622
	0.0025457008724842863
	0.0015651656830850723
	0.0026050102194256825
	0.0025680619164452044
	0.0020051417230405847
	0.0027158510202895825
	0.002714886129474678
	0.003203993936545396
	0.0026380112902901964
	0.00328444075758922
	0.002579322489659564
	0.002978733998390136
	0.0023763953800903276
	0.002869459592957657
	0.0021972133659617045
	0.003000820329761869
	0.002676723740186653
	0.002588025442380849
	0.0025254157504017876
	0.002815644975695035
	0.0028604215776274373
	0.0027817629786741804
	0.002491025202908481
	0.0016563027990483582
	0.0030906418919993254
	0.0017134193659864762
	0.0019539403983677766
	0.002178996688720687
	0.001959578113782891
	0.002712850265445302
	0.003055510935618023
	0.0025481243748534076
	0.0019420165153153767
	0.0015008051141974987
	0.003221684010949356
	0.0021691079022358737
	0.0025687986972569477
	0.00167581059299083
	0.002842731119547563
	0.003020398004660897
	0.003034321859077315
	0.0021788639292164504
	0.002228876073586897
	0.001967852342221755
	0.0016915792226127736
	0.0023014129458067837
	0.0023787438537565897
	0.002962779235520338
	0.003071714790792928
	0.001995923129549217
	0.0030250225211046807
	0.0035386110335727753
	0.0029250928386068136
	0.002856118274613721
	0.0019167064100345827
	0.0026153937507469778
	0.0021485247130417122
	0.0026879265391016724
	0.0015539015302968757
	0.0007556558444892685
	0.0026683767652008806
	0.0027901569558954065
	0.0024006865798874635
	0.001705807838201668
	0.002150605831940294
	0.0022833826317448964
	0.0016459695325258532
	0.0017880060541865654
	0.0025897024945790337
	0.002084951212576621
	0.0026908367121865466
	0.0017390505180489885
	0.002700616590679666
	0.0007253930388451324
	0.0035678369703508986
	0.0023571660372781324
	0.0026268514635542015
	0.0025231859722928997
	0.0023547405429861458
	0.001761332282744885
	0.0028681917353589902
	0.0023521303488936124
	0.0014302639077129714
	0.0026206955119439388
	0.0031276213266869753
	0.0016298794900889016
	0.0022150617397025327
	0.0018593528384553443
	0.00330368254047431
	0.0021101802290852474
	0.0028258445904852125
	0.002452619484877713
	0.002701227811041643
	0.0025716684281238984
	0.0024652995100252198
	0.002201256623807646
	0.0032060210343581447
	0.003142088717433779
	0.00193164422967967
	0.001784362924838431
	0.0025042103523877416
	0.002575840729871862
	0.0014535087136086427
	0.0009659838389794218
	0.0030855866750994364
	0.0019041615818361029
	0.0014611106414829755
	0.002749004339828296
	0.0024412716041973415
	0.001908167758718079
	0.003841216493849938
	0.002111425117248578
	0.002468209933498851
	0.0030141678456369484
	0.001778035953582348
	0.002836682342738177
	0.0020339465756953304
	0.0024751259266407523
	0.001590520013667753
	0.002145587133612523
	0.0028291458644578065
	0.002296154468109905
	0.001958911340197775
	0.0026035187866298316
	0.0022901097440620037
	0.002909487485884962
	0.002693939450977138
	0.0024105137199273556
	0.0012268018650674196
	0.0030021022901734994
	0.002042044213404284
	0.0021610542358493808
	0.0016191213884715454
	0.0023282296924168645
	0.0024191198194012243
	0.003153227403000198
	0.002562099809424267
	0.0022798334425164816
	0.0018825301931758532
	0.0024865219724145102
	0.001701998753620775
	0.002851918327670252
	0.002261458902193322
	0.0022477096748207068
	0.0022830229937665586
	0.0022373785429590726
	0.0009401317206921135
	0.0035377391817728605
	0.003015331376419542
	0.0020454721395693795
	0.0021355292845805494
	0.0027878618240605455
	0.0023609126243750653
	0.0031249725801292196
	0.002311035189771201
	0.002239637403961904
	0.0026367234200446003
	0.002675050374710759
	0.002233042530999217
	0.0027886455501825416
	0.0024342284573714177
	0.0012995316565447784
	0.0030618641475135635
	0.0021828624831522294
	0.0027327912179356886
	0.0025384737481249906
	0.0028677660054167364
	0.0020461757511684602
	0.00261029064969795
	0.002058206248750913
	0.002631774793252018
	0.0023413812165773403
	0.0019522932909757187
	0.0024232834757405173
	0.0025789967785653407
	0.002896007985585465
	0.002596666513386515
	0.002651905520053315
	0.0029392413170823803
	0.001291074167665802
	0.0022283955863594083
	0.002011022544725273
	0.0027180593499380895
	0.002269281392480422
	0.002490013836045608
	0.0014682257917659315
	0.0011791506057311804
	0.002986646025207558
	0.0019153413735057908
	0.0027455065228514323
	0.0025734902565129362
	0.0019943758171063275
	0.002182717251888987
	0.0024203454969963824
	0.002863585657087035
	0.002144589732513533
	0.0031322807648434467
	0.0010752026618669253
	0.0018596599927262255
	0.0010580263415219744
	0.0026926233337900294
	0.0026065395233299806
	0.0027587084421189815
	0.0012019937612448503
	0.0029760819452768904
	0.0017763641183503056
	0.002275014902539104
	0.003293778802461945
	0.002418635669155261
	0.002133633387020234
	0.0017961197614506747
	0.002533931820809808
	0.0026389223136466353
	0.002766618863430185
	0.003006053993992304
	0.0023962016131487294
	0.002924978224077363
	0.00187671307390111
	0.0016117715418962082
	0.0033905732475700253
	0.003150428402823319
	0.003653232771435299
	0.002245552672329655
	0.0030149024314326625
	0.003132869403264452
	0.00316730685869645
	0.003071427181374574
	0.0021387155438157774
	0.0018081425298022862
	0.0019741383763666716
	0.00229050087770229
	0.0027549685522540606
	0.002188536942469664
	0.00246359627376588
	0.0016077604109188415
	0.0025063938889302545
	0.002492016516978561
	0.0019117619140095877
	0.0026871661104347225
	0.0027833080932049836
	0.0018252285391866746
	0.0011356507249557209
	0.0032057093881990976
	0.0026565333248166397
	0.0030198116024625203
	0.0021078807599677813
	0.0025400553701144957
	0.0027317529283203213
	0.0018825404036067995
	0.0020408569871096438
	0.00278037295943609
	0.002659654444577732
	0.0019617966137099657
	0.0028523194663057543
	0.0010832815314966281
	0.0023075399179878133
	0.0026655787482350235
	0.001486745935185879
	0.002006097414485304
	0.0019347366195577227
	0.0015351915314458053
	0.001588175662267146
	0.0029680604011670846
	0.0023822333170806726
	0.0019585008458712838
	0.00106024557765687
	0.00266677310486463
