Mesh Points: 846
	 3.454777e-01,  7.193043e-02
	 3.592258e-01,  3.381432e-02
	 3.058624e-01,  7.243518e-02
	 2.963520e-01,  5.349828e-02
	 3.566553e-01,  2.913891e-02
	 3.157241e-01,  1.537495e-02
	 9.702355e-02,  4.620493e-01
	 1.171799e-01,  4.272585e-01
	 5.898641e-02,  4.581319e-01
	 5.100635e-02,  4.517091e-01
	 6.059846e-02,  4.203121e-01
	 1.056402e-01,  4.078145e-01
	-4.687923e-01, -1.903357e-01
	-4.966555e-01, -1.618235e-01
	-5.000000e-01, -2.283196e-01
	-5.000000e-01, -1.621042e-01
	-5.000000e-01,  3.459259e-01
	-4.810625e-01,  3.434521e-01
	-5.000000e-01,  2.795225e-01
	-4.699251e-01,  3.072118e-01
	-4.968278e-01,  2.798705e-01
	 4.081999e-03, -3.631725e-01
	 3.074403e-02, -3.911621e-01
	 5.896194e-03, -4.347943e-01
	-1.107431e-02, -3.643013e-01
	-3.198795e-02, -3.888481e-01
	-2.094210e-02, -4.207360e-01
	 6.380832e-02,  3.170494e-01
	 5.879904e-02,  3.226839e-01
	 1.105796e-01,  3.196585e-01
	 9.122070e-02,  3.708349e-01
	 5.996621e-02,  3.646806e-01
	 1.148933e-01,  3.414880e-01
	-2.983878e-01,  4.288347e-01
	-3.288394e-01,  4.688348e-01
	-2.673400e-01,  4.541302e-01
	-3.078257e-01,  5.000000e-01
	-2.883462e-01,  5.000000e-01
	 6.190215e-02, -8.804674e-02
	 6.085476e-02, -1.328205e-01
	 4.054148e-02, -1.415877e-01
	-6.623494e-03, -1.099058e-01
	-2.092711e-03, -1.205064e-01
	 1.640831e-03, -8.003740e-02
	 1.274446e-02, -7.398569e-02
	 1.428802e-01, -3.764406e-01
	 1.038371e-01, -3.738036e-01
	 1.583096e-01, -3.370828e-01
	 1.124332e-01, -3.166508e-01
	 1.249845e-01, -3.096530e-01
	 9.771857e-02, -3.627374e-01
	 2.149350e-01, -1.700602e-01
	 1.695642e-01, -1.908591e-01
	 2.061294e-01, -1.390805e-01
	 1.529773e-01, -1.492644e-01
	 1.961594e-01, -1.326460e-01
	-4.347878e-01,  2.523076e-01
	-4.502491e-01,  2.456664e-01
	-4.339778e-01,  3.010184e-01
	 5.320182e-02,  2.654852e-02
	 3.419930e-02,  1.975235e-02
	 6.574864e-02,  6.876301e-02
	 1.998772e-02,  7.915060e-02
	 2.308655e-02,  2.793238e-02
	 1.240527e-01,  2.976466e-01
	 1.238178e-01,  2.956016e-01
	 1.701408e-01,  3.174611e-01
	 1.930226e-01,  3.046325e-01
	 1.442725e-01,  2.646681e-01
	 1.776941e-01,  2.679344e-01
	 3.717329e-01, -8.426856e-02
	 3.840611e-01, -7.935381e-02
	 3.377095e-01, -6.070449e-02
	 3.407637e-01, -3.672983e-02
	 3.940236e-01, -4.732621e-02
	 3.682970e-01, -2.476638e-02
	-6.063364e-02, -3.539228e-01
	-3.586557e-02, -3.397007e-01
	-9.477915e-02, -3.434289e-01
	-3.014433e-02, -3.090590e-01
	-6.927895e-02, -2.937004e-01
	-8.062860e-02, -2.982932e-01
	 4.236813e-01,  2.860528e-01
	 4.533410e-01,  2.961471e-01
	 3.926545e-01,  3.063115e-01
	 3.892723e-01,  3.155999e-01
	 4.565658e-01,  3.288220e-01
	 4.420866e-01,  3.428416e-01
	 3.918370e-01,  3.206593e-01
	 1.673055e-01,  4.111707e-01
	 2.092648e-01,  4.136047e-01
	 1.467583e-01,  4.347931e-01
	 1.721378e-01,  4.740492e-01
	 2.131106e-01,  4.440382e-01
	 1.592998e-01,  4.671320e-01
	 2.147067e-01,  4.210585e-01
	-9.102988e-02,  3.782841e-01
	-4.673424e-02,  3.743587e-01
	-7.896836e-02,  4.235967e-01
	-6.945528e-02,  4.295479e-01
	-4.700103e-02,  4.141529e-01
	 5.000000e-01,  4.780214e-01
	 4.761977e-01,  4.713185e-01
	 5.000000e-01,  5.000000e-01
	 4.593344e-01,  5.000000e-01
	 6.129121e-02, -3.504898e-01
	 5.552938e-02, -3.372033e-01
	 6.868298e-02, -3.110336e-01
	 2.889703e-01,  5.000000e-01
	 2.890821e-01,  4.768910e-01
	 2.240175e-01,  5.000000e-01
	 2.346091e-01,  4.691163e-01
	 2.769447e-01,  4.633419e-01
	-3.808127e-01,  3.917816e-01
	-3.560640e-01,  4.083926e-01
	-4.107706e-01,  4.126768e-01
	-4.047029e-01,  4.547158e-01
	-3.680435e-01,  4.607062e-01
	-3.659136e-01,  4.595499e-01
	 5.000000e-01, -4.695315e-01
	 4.788778e-01, -4.658520e-01
	 5.000000e-01, -4.089835e-01
	 4.750519e-01, -4.097534e-01
	 4.577508e-01, -4.413739e-01
	 4.574614e-01, -4.255893e-01
	-3.359436e-01, -7.626562e-02
	-2.914442e-01, -5.938216e-02
	-3.362340e-01, -9.778554e-02
	-2.705517e-01, -8.453173e-02
	-3.053571e-01, -1.155974e-01
	 9.968346e-02, -4.935503e-01
	 1.189418e-01, -4.706195e-01
	 1.566003e-01, -4.713599e-01
	 1.643068e-01, -4.792173e-01
	 1.637441e-01, -5.000000e-01
	 1.002782e-01, -5.000000e-01
	 2.242067e-01,  1.759984e-01
	 2.519189e-01,  2.130086e-01
	 2.768258e-01,  2.119042e-01
	 2.288749e-01,  1.527760e-01
	 2.672923e-01,  1.461510e-01
	 2.804729e-01,  2.092154e-01
	 2.897353e-01,  1.599343e-01
	-2.171484e-01,  4.010589e-02
	-1.888215e-01, -1.419634e-02
	-2.335763e-01, -2.757415e-02
	-2.571251e-01,  6.062925e-03
	-2.207879e-01,  3.991648e-02
	-2.498804e-01, -1.661858e-02
	 3.991227e-01, -4.611594e-01
	 3.892541e-01, -4.349704e-01
	 3.664573e-01, -4.783752e-01
	 3.540087e-01, -4.227315e-01
	 3.401905e-01, -4.652527e-01
	-2.921032e-01,  2.945448e-01
	-3.379762e-01,  2.933351e-01
	-2.969532e-01,  3.385834e-01
	-3.440208e-01,  3.388267e-01
	-3.189808e-01,  3.549013e-01
	-3.437443e-01,  2.974794e-01
	 1.613208e-01, -5.028050e-02
	 1.255410e-01, -4.039610e-02
	 1.180404e-01, -2.238207e-02
	 1.325777e-01,  5.581528e-03
	 1.646950e-01,  1.210709e-02
	 1.658256e-01, -4.687181e-02
	 1.736072e-01,  4.571059e-03
	 1.572862e-01, -2.416897e-01
	 1.081892e-01, -2.396843e-01
	 1.717508e-01, -2.176240e-01
	 1.665426e-01, -1.997847e-01
	 1.202124e-01, -2.005626e-01
	 1.540744e-01,  3.673379e-01
	 1.524293e-01,  3.672851e-01
	 1.070469e-01,  3.985976e-01
	-4.309259e-01,  2.512565e-01
	-3.855669e-01,  2.699116e-01
	-4.141573e-01,  3.166527e-01
	-3.822761e-01,  2.813074e-01
	-1.829851e-01,  1.086482e-01
	-2.068466e-01,  9.050820e-02
	-2.425913e-01,  9.773036e-02
	-2.056205e-01,  1.500828e-01
	-1.925304e-01,  1.469058e-01
	-2.531533e-01,  1.186472e-01
	-1.811402e-01,  1.284077e-01
	-2.536656e-01,  1.147338e-01
	-1.310544e-01, -7.118162e-03
	-1.024497e-01,  2.904398e-02
	-9.001369e-02,  3.249147e-02
	-9.348046e-02, -3.316271e-02
	-1.273302e-01, -1.600495e-02
	-6.935945e-02, -1.888257e-02
	-6.737881e-02,  9.667654e-03
	-8.366237e-02,  3.020857e-02
	 5.000000e-01, -3.575160e-01
	 4.767875e-01, -3.673348e-01
	 4.585780e-01, -3.625507e-01
	 4.743674e-01, -3.100695e-01
	 4.403714e-01, -3.220074e-01
	 5.000000e-01, -3.281645e-01
	 3.534470e-01, -4.217038e-01
	 3.118238e-01, -4.117825e-01
	 3.250805e-01, -4.720936e-01
	 2.956873e-01, -4.594003e-01
	 2.945382e-01, -4.260697e-01
	-4.638183e-01,  2.200585e-01
	-5.000000e-01,  2.141928e-01
	 1.845732e-02, -3.365131e-01
	 3.416997e-02, -2.768580e-01
	 5.592906e-02, -2.815990e-01
	 3.128053e-03, -3.088588e-01
	-4.492173e-01, -2.946473e-01
	-4.508147e-01, -2.439303e-01
	-5.000000e-01, -2.762184e-01
	-5.000000e-01, -2.335624e-01
	 1.628747e-01,  4.484143e-02
	 1.951494e-01,  6.826064e-02
	 2.022359e-01,  6.827154e-02
	 2.172371e-01,  3.930609e-02
	 1.991941e-01,  4.321407e-03
	 4.509068e-01,  2.104559e-01
	 4.315148e-01,  1.701594e-01
	 4.473993e-01,  2.241982e-01
	 3.952775e-01,  2.289043e-01
	 4.221537e-01,  2.353531e-01
	 3.820377e-01,  1.982160e-01
	 3.932062e-01,  1.786527e-01
	 3.414928e-01,  3.769953e-01
	 3.203108e-01,  4.099819e-01
	 3.837783e-01,  3.821554e-01
	 3.886496e-01,  4.040801e-01
	 3.333639e-01,  4.286719e-01
	 3.718061e-01,  4.335149e-01
	-1.385713e-01,  4.588903e-01
	-1.746056e-01,  4.482845e-01
	-1.437782e-01,  5.000000e-01
	-1.813103e-01,  5.000000e-01
	-1.896092e-01,  4.721402e-01
	 4.681130e-01,  2.849117e-01
	 4.718886e-01,  2.446426e-01
	 5.000000e-01,  2.946390e-01
	 5.000000e-01,  2.430119e-01
	 2.698226e-01,  1.079062e-01
	 2.371187e-01,  8.823719e-02
	 2.122347e-01,  1.345328e-01
	 2.252172e-01,  9.064666e-02
	 2.673549e-01, -2.859229e-01
	 2.377213e-01, -3.280523e-01
	 2.546928e-01, -2.689457e-01
	 2.056670e-01, -2.744346e-01
	 2.007223e-01, -2.986026e-01
	 1.982834e-01, -2.826196e-01
	-1.683250e-01, -1.571293e-01
	-1.661182e-01, -1.488738e-01
	-2.050570e-01, -1.762301e-01
	-1.849316e-01, -1.187589e-01
	-2.359043e-01, -1.374964e-01
	-4.478188e-01, -2.964667e-01
	-3.855681e-01, -2.677321e-01
	-3.850690e-01, -2.664838e-01
	-4.263508e-01, -2.243495e-01
	 9.477313e-02,  1.705993e-01
	 1.086751e-01,  2.226322e-01
	 5.143122e-02,  1.825097e-01
	 9.470654e-02,  2.307172e-01
	 4.507608e-02,  2.053077e-01
	 4.336701e-02,  1.961820e-01
	-3.077543e-01, -2.440547e-01
	-3.278041e-01, -2.243901e-01
	-3.034703e-01, -1.878888e-01
	-2.774647e-01, -2.037186e-01
	-2.795227e-01, -2.366421e-01
	-2.344750e-01,  1.863855e-01
	-2.751000e-01,  1.539526e-01
	-2.364936e-01,  1.862596e-01
	-2.751022e-01,  1.539409e-01
	-3.179675e-01,  3.617265e-01
	-3.418995e-01,  4.034475e-01
	-2.989707e-01,  4.253028e-01
	-2.832306e-01,  3.968130e-01
	 5.000000e-01, -1.431486e-01
	 4.735454e-01, -1.357636e-01
	 5.000000e-01, -1.013810e-01
	 4.680327e-01, -1.067782e-01
	 4.647531e-01, -1.151847e-01
	 1.978199e-01,  2.350892e-01
	 2.266979e-01,  2.424696e-01
	 2.086706e-01,  3.078317e-01
	 2.350322e-01,  2.580593e-01
	 1.105992e-01, -4.320185e-01
	 8.662933e-02, -4.191871e-01
	 5.394378e-02, -4.622687e-01
	 5.474226e-02, -4.656931e-01
	 8.304782e-02,  1.055776e-02
	 1.108732e-01,  3.416602e-02
	 1.115779e-01,  3.934208e-02
	 9.308547e-02,  6.735142e-02
	 7.142306e-02,  7.154136e-02
	 2.892925e-01, -1.232506e-02
	 2.597233e-01,  7.078703e-03
	 3.066298e-01, -6.189098e-03
	 2.539839e-01,  3.462342e-02
	 2.615844e-01,  4.621204e-02
	 3.301896e-02, -2.718453e-02
	 3.116863e-02, -2.442656e-02
	-1.739157e-02, -1.537070e-02
	-3.833019e-02, -4.971357e-02
	-3.853693e-02, -4.397597e-02
	-2.573305e-01, -3.699785e-01
	-2.209666e-01, -4.094159e-01
	-2.463803e-01, -3.551033e-01
	-2.056478e-01, -3.477871e-01
	-1.930229e-01, -3.879659e-01
	-2.066126e-01, -3.472240e-01
	-2.451962e-02, -2.590127e-01
	 1.778702e-03, -2.427470e-01
	-2.296550e-02, -3.045571e-01
	 1.503558e-02, -2.451562e-01
	-4.352213e-01, -9.345711e-02
	-4.584889e-01, -1.290771e-01
	-3.996986e-01, -1.101814e-01
	-4.116384e-01, -1.428434e-01
	-4.332869e-01, -1.506999e-01
	 1.561371e-02,  3.248530e-01
	 1.517986e-02,  3.562091e-01
	 5.056091e-02,  3.716419e-01
	 2.256161e-01,  3.244426e-01
	 2.110568e-01,  3.731040e-01
	 1.592444e-01,  3.638248e-01
	 2.215307e-01,  3.626713e-01
	 1.967164e-01,  1.958601e-01
	 1.961690e-01,  2.325780e-01
	 2.027538e-01, -4.665945e-01
	 2.279855e-01, -4.841702e-01
	 2.273570e-01, -5.000000e-01
	 5.000000e-01,  4.217530e-01
	 4.685093e-01,  4.534614e-01
	-4.099582e-01, -3.746921e-01
	-4.419623e-01, -4.208627e-01
	-4.823017e-01, -3.863766e-01
	-4.635091e-01, -3.522508e-01
	 1.142502e-01,  4.909763e-01
	 1.124962e-01,  5.000000e-01
	 1.817528e-01,  5.000000e-01
	-2.219052e-02, -1.900947e-01
	-2.198537e-02, -1.893690e-01
	 2.968534e-02, -1.814157e-01
	 5.045513e-02, -2.079118e-01
	 5.062960e-02, -2.111798e-01
	 3.245490e-01, -2.550024e-01
	 3.193693e-01, -2.702956e-01
	 2.878794e-01, -2.891345e-01
	 2.844435e-01, -2.189280e-01
	 2.580229e-01, -2.331973e-01
	 2.777774e-01, -2.191169e-01
	-4.011590e-01, -1.424040e-02
	-3.975238e-01, -9.083661e-03
	-4.372112e-01, -2.145035e-02
	-4.644813e-01,  1.237497e-02
	-4.233702e-01,  3.050586e-02
	-4.405377e-01, -1.887443e-01
	-4.704108e-01, -1.289921e-01
	-4.320093e-03,  3.719087e-01
	-3.609519e-02,  3.632586e-01
	 6.806398e-03,  4.078471e-01
	-7.817258e-03,  4.260264e-01
	 1.622505e-03,  4.206955e-01
	-4.023442e-01, -3.358350e-01
	-4.088157e-01, -3.742269e-01
	-4.474403e-01, -3.055602e-01
	-4.673520e-01, -3.360450e-01
	 1.427901e-01,  5.646049e-02
	 3.175196e-01, -1.853850e-01
	 3.276557e-01, -2.530882e-01
	 3.453520e-01, -1.996068e-01
	 3.348299e-01, -1.849901e-01
	 3.014314e-01,  9.166552e-02
	-2.441084e-01,  2.623884e-01
	-2.420908e-01,  2.547231e-01
	-2.773926e-01,  2.865438e-01
	-2.824443e-01,  2.866620e-01
	-2.815651e-01,  2.151121e-01
	-2.939476e-01,  2.134572e-01
	-3.133918e-01,  2.371672e-01
	 3.982243e-01, -3.716487e-01
	 3.617455e-01, -3.889144e-01
	 3.605295e-01, -3.339754e-01
	 3.431043e-01, -3.668150e-01
	 2.706632e-01,  3.764755e-01
	 2.777305e-01,  4.135963e-01
	 2.797386e-01,  4.109440e-01
	 3.795479e-01,  1.391883e-01
	 3.691468e-01,  1.377314e-01
	 3.458340e-01,  1.923118e-01
	 3.335623e-01,  1.650354e-01
	 3.071596e-01, -8.136582e-02
	 2.719706e-01, -5.588730e-02
	 2.715182e-01, -5.360821e-02
	 2.158504e-02,  4.783130e-01
	-2.292709e-02,  4.723998e-01
	 2.595385e-02,  5.000000e-01
	-2.687357e-02,  4.751667e-01
	-3.181431e-02,  5.000000e-01
	-1.138963e-01, -3.940524e-01
	-9.669513e-02, -3.443269e-01
	-1.133462e-01, -3.948087e-01
	-5.333940e-02, -3.852655e-01
	-7.905572e-02, -4.078980e-01
	 7.152805e-03, -4.391008e-01
	 3.681620e-02, -3.900950e-01
	 8.654007e-02, -4.188767e-01
	-3.870685e-01,  3.547866e-01
	-4.583153e-01,  1.100849e-01
	-4.353269e-01,  1.204524e-01
	-4.795321e-01,  1.202839e-01
	-4.794359e-01,  1.589779e-01
	-4.573918e-01,  1.673204e-01
	-4.311299e-01,  1.498378e-01
	 2.416343e-01, -9.244546e-02
	 2.215824e-01, -8.525213e-02
	 2.191186e-01, -3.177919e-02
	 2.090203e-01, -4.352208e-02
	-5.384677e-03,  8.279454e-02
	-3.055519e-02,  6.576407e-02
	-2.095893e-02,  1.280416e-01
	-5.869269e-02,  1.311702e-01
	-6.682910e-02,  1.013637e-01
	 3.219592e-01, -5.000000e-01
	 2.797061e-01, -5.000000e-01
	 2.746330e-01, -4.713213e-01
	 4.506576e-01, -6.546478e-02
	 4.492911e-01, -6.476376e-02
	 4.207217e-01, -1.218846e-01
	 4.145798e-01, -9.352333e-02
	-4.205367e-01,  3.938663e-02
	-3.634439e-01,  2.895765e-02
	-3.670172e-01,  1.068371e-03
	-3.925731e-01,  5.178749e-02
	-5.034831e-02, -5.000000e-01
	-3.866139e-02, -4.730179e-01
	-9.021434e-02, -5.000000e-01
	-8.911271e-02, -4.637962e-01
	-6.620658e-02, -4.469554e-01
	 4.563498e-01, -1.784643e-01
	 4.038173e-01, -1.486752e-01
	 4.483429e-01, -1.788784e-01
	-1.097491e-01, -1.852381e-01
	-1.019926e-01, -1.881986e-01
	-1.226595e-01, -1.293057e-01
	-1.226496e-01, -1.292859e-01
	-6.971848e-02, -1.358326e-01
	-6.331344e-02, -1.550393e-01
	 2.578417e-01, -1.211460e-01
	 2.681202e-01, -1.525860e-01
	 2.518103e-01, -1.737446e-01
	 2.491909e-01, -1.151488e-01
	 2.289373e-01, -1.782079e-01
	-3.348746e-01,  5.327232e-02
	-2.993931e-01,  1.947986e-02
	-3.333207e-01,  6.542409e-02
	-2.995732e-01,  7.799800e-02
	-2.791194e-01,  5.480479e-02
	-2.872831e-01,  2.277154e-02
	-1.471696e-01, -1.963930e-01
	-1.529728e-01, -2.053041e-01
	-2.065903e-01, -1.837061e-01
	-1.829892e-01, -2.088426e-01
	 5.000000e-01,  3.362718e-01
	-4.250453e-01, -2.062775e-01
	 6.270573e-02,  5.000000e-01
	 3.863264e-02, -5.000000e-01
	 2.068941e-03, -5.000000e-01
	-1.177711e-02, -4.708116e-01
	-1.577314e-02,  3.166291e-01
	 5.212103e-03,  3.140207e-01
	-3.903887e-02,  2.935695e-01
	-3.138450e-02,  2.704615e-01
	 9.701204e-03,  2.904990e-01
	-1.242504e-02,  2.638590e-01
	 6.165060e-02,  2.754065e-01
	 8.165308e-02,  2.667837e-01
	 4.823515e-02,  2.697714e-01
	 1.568550e-01,  1.010748e-01
	 1.381593e-01,  9.274582e-02
	-3.889611e-01,  1.560883e-01
	-3.510866e-01,  1.763101e-01
	-4.049743e-01,  1.648842e-01
	-4.019254e-01,  2.064167e-01
	-3.685456e-01,  2.170182e-01
	-4.097061e-01,  1.939351e-01
	 4.372391e-01,  1.542274e-01
	 5.000000e-01,  1.793215e-01
	 5.000000e-01,  1.544138e-01
	 4.708850e-01,  1.372316e-01
	 5.000000e-01, -1.752188e-01
	 4.652403e-01, -1.843592e-01
	-3.238750e-01,  2.402138e-01
	-3.624875e-01,  2.278303e-01
	 5.000000e-01,  4.222643e-02
	 4.512270e-01,  4.695316e-02
	 5.000000e-01,  8.820745e-02
	 4.651777e-01,  1.000713e-01
	 4.515726e-01,  8.915587e-02
	 4.441051e-01,  5.364667e-02
	-3.733925e-01, -1.851703e-01
	-3.522969e-01, -2.242380e-01
	-3.707698e-01, -2.583579e-01
	 1.745093e-01,  1.362311e-01
	 1.550729e-01,  1.634011e-01
	 1.000411e-01,  1.319884e-01
	 1.248264e-01,  9.619777e-02
	 1.062772e-01,  1.542160e-01
	 1.984817e-01, -4.156269e-01
	 2.081466e-01, -4.189159e-01
	 1.794055e-01, -3.842773e-01
	 1.914660e-01, -3.608467e-01
	 2.266865e-01, -4.123475e-01
	 2.250994e-01, -3.598320e-01
	-2.991033e-01, -1.509686e-01
	-3.097456e-01, -1.639845e-01
	-3.598189e-01, -1.163627e-01
	-3.549043e-01, -1.626226e-01
	-4.638804e-02,  1.805849e-01
	-7.077139e-02,  1.515963e-01
	-5.030294e-02,  2.189856e-01
	-7.043438e-02,  2.351983e-01
	-9.754935e-02,  1.990860e-01
	-8.101684e-02,  1.549777e-01
	-1.141942e-01,  3.754157e-01
	-9.818598e-02,  3.734903e-01
	-1.322480e-01,  4.008504e-01
	-1.202563e-01,  4.314591e-01
	-8.738941e-02,  3.179378e-01
	-1.251464e-01,  3.124917e-01
	-1.408274e-01,  3.544838e-01
	-1.350652e-01,  3.194022e-01
	 3.525930e-01, -3.164783e-01
	 3.059365e-01, -3.347496e-01
	 3.031721e-01, -3.336068e-01
	-4.039324e-01,  9.683179e-02
	-4.337202e-01,  6.930239e-02
	-4.562718e-01,  7.579511e-02
	 2.402284e-01, -3.435907e-01
	 2.666826e-01, -3.536303e-01
	 2.792951e-01, -3.786690e-01
	 2.624783e-01, -4.115220e-01
	 2.425409e-01, -4.180322e-01
	-1.456293e-01,  2.016787e-01
	-1.477002e-01,  1.991589e-01
	-1.650510e-01,  1.938260e-01
	-1.760957e-01,  2.663081e-01
	-2.109998e-01,  2.321215e-01
	-1.704226e-01,  2.640754e-01
	-1.433471e-01,  2.190300e-01
	-2.092431e-01,  2.203897e-01
	 8.657942e-02, -2.465032e-01
	 3.485132e-01,  1.090533e-01
	 3.569694e-01,  8.953824e-02
	 3.212027e-01,  1.154153e-01
	 2.194136e-01, -1.881548e-02
	-1.514698e-01, -3.851936e-01
	-1.630083e-01, -3.924473e-01
	-1.582334e-01, -3.427932e-01
	 1.383249e-01, -1.424661e-01
	 1.079123e-01, -1.781311e-01
	 1.457766e-01, -4.248959e-01
	 1.487159e-01, -3.836017e-01
	 4.546775e-02,  3.960674e-01
	-3.952368e-01, -5.944679e-02
	-3.905034e-01, -6.367012e-02
	-3.501457e-01, -6.010340e-02
	-3.427131e-01, -1.458903e-02
	-3.147041e-02,  6.225252e-02
	-1.805186e-02,  2.386807e-02
	-2.451038e-02,  1.168364e-02
	 5.000000e-01, -2.773044e-01
	 4.798562e-01, -2.808180e-01
	 3.545011e-01,  3.176963e-01
	 3.295411e-01,  3.516977e-01
	 3.889926e-01,  3.754129e-01
	-2.906720e-01, -4.364728e-02
	-3.203928e-01, -1.069738e-02
	-5.000000e-01,  1.131656e-01
	-5.000000e-01,  1.677073e-01
	-7.691790e-02,  3.081541e-01
	-7.981303e-02,  3.137262e-01
	-3.814331e-02,  3.471528e-01
	-4.481041e-01,  3.669117e-01
	-4.519529e-01,  3.948040e-01
	-4.515321e-01,  3.957558e-01
	-4.100907e-01,  3.421470e-01
	-1.409688e-01, -5.391206e-02
	-1.703136e-01, -5.999790e-02
	-1.886968e-01, -1.422980e-02
	-1.621128e-01,  8.681823e-05
	 4.285772e-01, -2.346781e-01
	 4.664805e-01, -2.375373e-01
	 4.220065e-01, -2.077802e-01
	 4.777241e-01, -2.271627e-01
	-4.487213e-01,  1.957567e-01
	-3.708124e-01, -1.759963e-01
	-3.940508e-01, -1.070115e-01
	-1.498423e-01, -3.297533e-01
	-1.367912e-01, -3.256739e-01
	-1.849226e-01, -2.800150e-01
	-1.820076e-01, -2.751778e-01
	-1.381962e-01, -2.569878e-01
	-1.267028e-01, -2.612805e-01
	-1.181688e-01, -2.804106e-01
	-1.182288e-01,  1.458640e-01
	-1.260840e-01,  1.346359e-01
	 4.047279e-01,  4.676974e-02
	 3.873828e-01,  8.859898e-02
	-2.248371e-01,  3.167154e-01
	-2.156518e-01,  2.938297e-01
	-2.518419e-01,  3.223906e-01
	-2.985750e-01,  1.976572e-01
	-3.354762e-01,  1.697575e-01
	-3.227957e-01,  1.351360e-01
	-3.185598e-01,  1.341817e-01
	 8.604248e-02, -9.162646e-03
	 3.061808e-01, -1.040415e-01
	 2.290429e-01, -2.213405e-01
	 2.064102e-01, -2.329587e-01
	-3.181208e-01, -2.795951e-01
	-1.811933e-01, -8.295655e-02
	-2.360453e-01, -7.516115e-02
	 2.644805e-01,  3.179153e-01
	 2.902242e-01,  3.375355e-01
	 2.896546e-01,  3.361246e-01
	 1.838718e-02,  8.077382e-02
	-2.094658e-01, -5.000000e-01
	-1.755445e-01, -4.555230e-01
	-2.361583e-01, -5.000000e-01
	-2.397645e-01, -4.422023e-01
	-2.231580e-01, -4.308424e-01
	-4.406894e-01, -7.189837e-02
	 5.000000e-01, -7.390421e-03
	 4.602772e-01, -3.368843e-03
	-3.488017e-01, -3.623787e-01
	-3.813549e-01, -3.877819e-01
	-3.520832e-01, -3.255761e-01
	-3.755906e-01, -3.166837e-01
	 3.061416e-02,  2.369095e-01
	-3.652489e-03,  2.422967e-01
	-3.106020e-02, -1.699507e-01
	-5.863812e-02, -1.077180e-01
	 1.530784e-01, -4.301557e-01
	 4.122214e-01, -4.682231e-01
	 4.207624e-01, -3.962929e-01
	 3.239739e-01,  4.625625e-01
	 3.583965e-01,  4.848416e-01
	 3.826092e-01,  4.595543e-01
	-1.116085e-01,  2.535809e-01
	-8.887656e-02,  2.524919e-01
	-1.312041e-01,  2.725821e-01
	 3.757024e-01, -6.774931e-03
	-2.555648e-01, -1.506451e-01
	-2.516456e-01, -8.844026e-02
	-2.392799e-01, -1.365785e-01
	-1.480523e-01,  6.325746e-02
	-1.181161e-01,  9.198496e-02
	-1.465942e-01,  7.328086e-02
	-9.653314e-02,  8.544327e-02
	-1.628576e-01,  4.822997e-02
	-1.961268e-03,  1.448065e-01
	-7.104337e-03,  1.794294e-01
	 1.682756e-01, -3.366257e-01
	 1.666999e-01, -2.719093e-01
	 1.275035e-01, -2.991247e-01
	 1.004795e-01, -2.461133e-01
	 8.896016e-02, -1.747694e-01
	 3.250588e-01,  2.222440e-01
	 3.279363e-01,  2.323837e-01
	 2.805623e-01,  2.646817e-01
	 3.057544e-01,  2.682239e-01
	 3.662612e-01,  2.587428e-01
	 3.299027e-01,  2.904279e-01
	 5.000000e-01, -4.868517e-02
	 4.325331e-01, -3.479634e-02
	 4.336429e-01, -2.661383e-02
	-2.308224e-01, -1.991281e-01
	-2.249982e-01, -2.301474e-01
	-2.008855e-01, -2.336503e-01
	 1.277633e-01, -1.201043e-01
	 6.270634e-02, -1.336565e-01
	-2.793717e-01, -4.118948e-01
	-2.594176e-01, -3.705988e-01
	-3.155839e-01, -4.129270e-01
	-3.185478e-01, -3.796114e-01
	-2.952652e-01, -3.614482e-01
	-3.213621e-01, -4.034129e-01
	 4.564420e-01,  3.889052e-01
	 4.394439e-01,  3.656560e-01
	 4.327358e-01,  4.276985e-01
	-1.717953e-01,  3.114283e-01
	-1.865479e-01,  3.403200e-01
	-1.598180e-01,  3.608138e-01
	-4.547817e-01, -6.028699e-02
	-4.620511e-01, -6.056252e-02
	-5.000000e-01, -6.038529e-03
	-4.659738e-01,  1.272105e-02
	-5.000000e-01, -3.250154e-02
	-2.619143e-01,  3.414949e-01
	-2.502720e-01,  3.656615e-01
	-2.721951e-01,  3.943843e-01
	-1.778518e-01, -9.309891e-02
	-1.246784e-01, -1.136095e-01
	-5.000000e-01, -3.298080e-01
	-5.000000e-01,  6.225436e-02
	-4.829833e-01,  5.781893e-02
	 2.915335e-01, -1.545567e-01
	 1.936343e-01, -1.028320e-01
	-2.887087e-01, -5.000000e-01
	-2.914955e-01, -4.570000e-01
	-3.243815e-01, -5.000000e-01
	-3.177090e-01, -4.410074e-01
	-3.528343e-01, -4.638687e-01
	 3.173692e-01, -1.214211e-01
	 2.544652e-01, -4.663741e-01
	 1.615330e-01, -8.351596e-02
	-4.126579e-01, -5.000000e-01
	-4.235721e-01, -4.671324e-01
	-4.749821e-01, -5.000000e-01
	-4.711041e-01, -4.900102e-01
	-1.056556e-01, -8.020582e-02
	-2.336053e-01,  4.201707e-01
	-2.464021e-01,  4.497596e-01
	-2.326747e-01,  4.248543e-01
	 1.003126e-01, -7.304219e-02
	 1.290425e-01, -1.107827e-01
	-4.147576e-01,  4.611981e-01
	-4.608326e-01,  4.547874e-01
	-4.181809e-01,  5.000000e-01
	-4.683457e-01,  4.701608e-01
	-4.589236e-01,  5.000000e-01
	 5.443717e-02, -3.291347e-02
	 7.439253e-02, -7.407970e-02
	 4.043976e-01,  1.109687e-03
	 4.087762e-01,  4.492337e-02
	 3.873539e-01, -2.408317e-01
	 4.199075e-01, -2.461601e-01
	 3.823828e-01, -2.084973e-01
	 3.947867e-01, -1.999383e-01
	 5.000000e-01, -2.302339e-01
	 4.653450e-01, -2.682279e-01
	 3.180954e-01, -3.672402e-01
	 3.053910e-01, -3.822819e-01
	-2.164619e-01,  3.841865e-01
	-2.206784e-01,  3.718836e-01
	-1.790228e-01,  4.388711e-01
	-1.714545e-01,  4.014339e-01
	 3.382911e-02,  1.355126e-01
	-2.892349e-03,  1.857777e-01
	-5.618674e-02, -2.491672e-01
	-8.102940e-02, -2.259271e-01
	-6.884658e-02, -2.295595e-01
	-1.725907e-01, -4.550802e-01
	-1.876267e-02,  2.209633e-01
	-7.057236e-02,  2.356789e-01
	 3.734895e-01, -2.567985e-01
	 3.578475e-01, -3.184210e-01
	 3.880830e-01, -2.986295e-01
	-3.750084e-01,  5.000000e-01
	-7.176320e-02, -8.094777e-02
	-9.327814e-02, -7.562722e-02
	-2.916712e-01,  1.009758e-01
	-3.424210e-01,  1.189268e-01
	-3.463876e-01,  8.262167e-02
	 4.812711e-02,  4.521294e-01
	 4.040282e-01,  1.207865e-01
	 4.054264e-01,  1.139630e-01
	-4.934723e-01, -4.457638e-01
	-4.191814e-01, -4.524598e-01
	-4.419118e-01, -4.225679e-01
	-3.816136e-01, -4.430891e-01
	-3.535111e-01, -4.638595e-01
	-3.702948e-01, -5.000000e-01
	-3.900071e-01,  8.724306e-02
	-1.837760e-01,  2.856099e-01
	-2.255837e-01,  4.805816e-01
	-2.307979e-01,  5.000000e-01
	 4.191477e-01, -3.885964e-01
	 3.666242e-01,  2.555500e-01
	-5.000000e-01, -9.431513e-02
	-5.000000e-01, -1.012923e-01
	 1.415094e-01,  2.223918e-01
	 1.348446e-01,  2.271095e-01
	-4.657752e-01,  4.430740e-01
	-5.000000e-01,  4.770221e-01
	-5.000000e-01,  4.340366e-01
	-5.000000e-01,  3.974940e-01
	-6.619494e-02,  4.510449e-01
	-8.960417e-02,  4.754294e-01
	-8.640644e-02,  5.000000e-01
	-2.075580e-01,  4.914920e-02
	-2.512304e-01, -1.896194e-01
	 4.011436e-01, -3.720342e-01
	 4.027510e-01, -1.490308e-01
	 3.453204e-01, -1.611965e-01
	 3.872480e-01, -1.448743e-01
	 4.153920e-01, -3.005532e-01
	 4.266338e-01, -2.783917e-01
	-3.096824e-01, -3.069796e-01
	-3.083917e-01, -3.047744e-01
	-2.882796e-01, -3.019553e-01
	-2.533586e-01, -3.206029e-01
	-1.342258e-01,  4.569121e-01
	 5.000000e-01,  3.922579e-01
	-2.640171e-01, -4.385451e-01
	 3.105873e-01,  1.541241e-01
	-3.802831e-01,  1.236380e-01
	 3.784074e-02,  1.281430e-01
	-1.678590e-01,  3.986294e-01
	 3.641928e-01, -1.112122e-01
	-2.214064e-01, -2.900320e-01
	-2.486252e-01, -2.626579e-01
	-2.494991e-01, -2.573852e-01
	-2.125617e-01, -2.919317e-01
	 3.277469e-01, -1.256796e-01
	-2.036566e-01,  3.440637e-01
	 4.573465e-01, -5.000000e-01
	 4.224816e-01, -5.000000e-01
	 4.354245e-01,  4.414009e-01
	 4.128661e-01,  4.666909e-01
	-1.422037e-01, -5.000000e-01
	-1.511587e-01, -4.644861e-01
	-1.276025e-01, -4.521837e-01
	-3.979024e-01,  9.666867e-02
	-6.487159e-02, -4.393784e-01
	 3.235711e-01,  2.894578e-01
	 4.263728e-01, -3.165457e-01
	 1.591265e-01,  1.760205e-01
	-2.494325e-01,  6.633925e-02
	 4.213286e-01,  5.000000e-01
	 2.702123e-01,  2.706252e-01
	 7.213640e-02,  1.181348e-01
	 3.671801e-01, -5.000000e-01
	 5.000000e-01, -5.000000e-01
	-5.000000e-01,  5.000000e-01
	 3.586044e-01,  5.000000e-01
	-5.000000e-01, -3.913093e-01
	-5.000000e-01, -4.438098e-01
	-3.735116e-01, -4.030430e-01
	-5.000000e-01, -5.000000e-01
Mesh Facets: 1267
	14, 15
	18, 16
	36, 37
	20, 19
	103, 101
	104, 103
	48, 50
	110, 108
	121, 119
	134, 135
	91, 89
	11, 7
	56, 58
	200, 195
	152, 153
	18, 20
	207, 18
	57, 20
	106, 107
	214, 215
	164, 166
	237, 236
	241, 242
	139, 140
	212, 213
	182, 184
	283, 281
	69, 67
	130, 131
	59, 61
	3, 5
	44, 43
	211, 209
	31, 28
	288, 67
	67, 66
	137, 136
	287, 286
	134, 133
	335, 134
	101, 336
	102, 101
	92, 94
	343, 344
	318, 316
	247, 249
	12, 13
	320, 323
	97, 100
	338, 341
	163, 164
	216, 164
	295, 296
	353, 350
	244, 243
	303, 3
	2, 3
	330, 328
	90, 95
	66, 64
	173, 172
	29, 32
	329, 66
	226, 227
	34, 33
	279, 278
	114, 118
	72, 73
	301, 299
	403, 401
	76, 78
	292, 291
	23, 22
	278, 277
	114, 113
	114, 278
	158, 157
	398, 397
	428, 429
	204, 203
	284, 285
	357, 360
	439, 441
	282, 285
	433, 285
	53, 51
	253, 255
	241, 239
	468, 241
	83, 86
	213, 261
	213, 215
	14, 12
	215, 14
	361, 12
	6, 8
	470, 343
	343, 342
	471, 472
	409, 292
	293, 292
	29, 64
	27, 29
	65, 64
	475, 478
	28, 27
	324, 28
	27, 480
	216, 217
	216, 372
	222, 221
	492, 493
	281, 495
	282, 281
	444, 282
	159, 155
	176, 178
	501, 499
	261, 469
	260, 261
	483, 484
	127, 129
	98, 96
	529, 530
	351, 352
	413, 414
	517, 518
	349, 318
	209, 318
	210, 209
	0, 2
	2, 377
	300, 299
	299, 398
	398, 421
	312, 313
	54, 52
	171, 170
	290, 291
	46, 45
	411, 291
	326, 31
	10, 11
	31, 30
	11, 174
	356, 357
	357, 437
	193, 194
	200, 198
	576, 200
	85, 88
	228, 230
	126, 125
	571, 572
	415, 416
	583, 584
	474, 476
	115, 113
	113, 412
	217, 218
	217, 483
	483, 508
	245, 246
	187, 191
	496, 444
	446, 444
	416, 584
	417, 416
	207, 206
	584, 207
	21, 24
	79, 77
	317, 211
	208, 211
	322, 321
	522, 521
	185, 183
	549, 550
	1, 0
	0, 558
	378, 380
	274, 276
	294, 295
	295, 163
	163, 162
	419, 397
	397, 396
	453, 456
	457, 51
	169, 170
	170, 52
	52, 51
	506, 507
	268, 269
	594, 593
	144, 145
	327, 330
	330, 389
	63, 62
	424, 423
	574, 573
	632, 634
	321, 602
	321, 319
	569, 570
	159, 178
	157, 159
	412, 157
	412, 591
	178, 177
	499, 638
	499, 500
	369, 368
	479, 478
	478, 482
	452, 451
	41, 42
	333, 133
	513, 514
	132, 133
	123, 124
	149, 150
	233, 232
	586, 585
	534, 533
	301, 5
	301, 73
	4, 5
	75, 73
	519, 129
	129, 128
	188, 189
	595, 187
	661, 188
	188, 187
	425, 426
	524, 523
	251, 252
	47, 49
	556, 349
	348, 349
	565, 171
	171, 168
	91, 7
	94, 91
	6, 342
	342, 94
	6, 7
	138, 141
	85, 84
	578, 85
	638, 679
	639, 638
	432, 431
	466, 467
	565, 672
	564, 565
	560, 421
	421, 422
	166, 220
	165, 166
	19, 58
	19, 17
	58, 177
	591, 588
	591, 177
	230, 580
	230, 231
	535, 536
	703, 701
	359, 358
	515, 516
	47, 668
	45, 567
	45, 47
	277, 280
	156, 158
	158, 277
	254, 256
	449, 450
	283, 284
	679, 283
	431, 679
	431, 284
	214, 212
	709, 214
	212, 258
	370, 371
	702, 701
	701, 710
	455, 454
	355, 353
	373, 353
	256, 707
	256, 257
	626, 627
	660, 659
	456, 419
	456, 53
	420, 419
	53, 55
	714, 716
	472, 473
	472, 439
	439, 440
	712, 454
	622, 453
	454, 453
	474, 475
	474, 587
	364, 363
	324, 475
	325, 324
	429, 430
	429, 335
	335, 334
	270, 269
	601, 522
	522, 520
	269, 506
	506, 505
	165, 422
	422, 420
	420, 713
	160, 165
	722, 724
	527, 528
	549, 548
	549, 610
	333, 514
	333, 334
	720, 334
	517, 547
	514, 517
	708, 707
	707, 626
	592, 593
	593, 626
	706, 280
	33, 35
	279, 33
	279, 280
	161, 160
	160, 721
	501, 502
	493, 501
	493, 494
	106, 105
	106, 208
	22, 21
	21, 208
	410, 22
	736, 734
	161, 730
	162, 161
	621, 162
	1, 612
	4, 1
	657, 4
	205, 204
	204, 430
	547, 546
	720, 547
	430, 720
	560, 300
	560, 220
	219, 220
	302, 300
	524, 528
	524, 426
	610, 611
	610, 528
	426, 427
	664, 662
	596, 598
	576, 577
	745, 576
	599, 597
	699, 358
	358, 356
	569, 356
	569, 637
	539, 538
	545, 544
	706, 705
	706, 727
	727, 729
	749, 727
	666, 667
	267, 264
	128, 659
	128, 126
	581, 126
	148, 145
	627, 659
	145, 627
	77, 76
	77, 24
	24, 25
	407, 76
	80, 81
	609, 608
	296, 372
	296, 297
	511, 484
	484, 372
	481, 480
	644, 482
	480, 482
	265, 266
	313, 562
	313, 310
	633, 636
	477, 479
	526, 525
	479, 645
	179, 185
	185, 611
	663, 662
	611, 662
	374, 350
	351, 350
	537, 351
	74, 75
	75, 657
	657, 739
	680, 681
	36, 34
	764, 36
	34, 118
	118, 117
	647, 451
	708, 726
	450, 708
	450, 451
	554, 553
	656, 654
	620, 619
	461, 460
	49, 48
	670, 49
	210, 556
	556, 671
	48, 107
	107, 210
	9, 8
	401, 399
	401, 470
	470, 8
	223, 225
	83, 239
	239, 240
	83, 82
	558, 613
	558, 557
	393, 392
	725, 723
	723, 774
	723, 722
	778, 722
	112, 109
	651, 232
	232, 229
	391, 390
	132, 648
	132, 131
	290, 566
	131, 290
	247, 248
	247, 352
	352, 539
	539, 544
	544, 543
	249, 250
	623, 624
	354, 249
	671, 168
	168, 167
	670, 671
	670, 669
	41, 647
	647, 765
	43, 41
	307, 43
	460, 458
	769, 460
	436, 438
	656, 534
	656, 553
	536, 534
	696, 536
	553, 551
	237, 238
	782, 237
	125, 127
	127, 521
	571, 125
	571, 570
	570, 602
	602, 521
	122, 124
	196, 197
	124, 650
	225, 82
	225, 224
	84, 82
	677, 84
	38, 44
	304, 44
	737, 738
	503, 502
	772, 771
	491, 494
	494, 502
	319, 637
	319, 320
	786, 785
	320, 362
	700, 699
	699, 637
	68, 69
	69, 286
	286, 332
	735, 733
	791, 790
	325, 363
	325, 326
	363, 365
	568, 326
	791, 789
	792, 791
	590, 589
	403, 402
	795, 403
	347, 346
	42, 40
	646, 42
	360, 435
	360, 359
	541, 542
	702, 359
	702, 711
	756, 608
	447, 448
	465, 464
	608, 607
	144, 594
	144, 143
	665, 595
	595, 594
	660, 658
	660, 257
	255, 466
	257, 255
	682, 466
	650, 783
	650, 150
	152, 201
	150, 152
	386, 385
	79, 80
	79, 317
	755, 80
	315, 317
	400, 402
	99, 100
	100, 366
	793, 402
	303, 302
	303, 244
	218, 246
	219, 218
	244, 246
	302, 219
	464, 447
	464, 253
	254, 449
	449, 447
	253, 254
	739, 681
	739, 740
	504, 500
	500, 639
	639, 681
	250, 252
	624, 250
	169, 624
	167, 669
	167, 169
	252, 669
	598, 446
	598, 744
	445, 446
	743, 744
	375, 376
	799, 744
	763, 761
	741, 742
	688, 691
	309, 311
	492, 221
	242, 492
	240, 223
	240, 242
	221, 223
	307, 765
	308, 307
	190, 192
	765, 766
	98, 532
	98, 99
	794, 793
	793, 99
	87, 86
	694, 693
	809, 468
	468, 86
	17, 588
	17, 16
	792, 589
	16, 792
	589, 588
	155, 154
	155, 497
	381, 384
	634, 635
	634, 714
	714, 715
	323, 322
	361, 323
	601, 505
	601, 322
	469, 361
	505, 469
	395, 393
	557, 393
	557, 559
	618, 619
	619, 768
	485, 486
	745, 599
	495, 745
	496, 495
	599, 496
	390, 95
	390, 112
	111, 112
	93, 95
	362, 786
	362, 13
	15, 786
	13, 15
	631, 423
	423, 425
	425, 666
	753, 666
	698, 535
	531, 529
	529, 535
	799, 801
	799, 445
	70, 71
	434, 433
	445, 433
	487, 490
	417, 600
	417, 418
	193, 192
	193, 575
	308, 192
	308, 306
	606, 605
	684, 683
	266, 267
	266, 644
	759, 645
	645, 644
	267, 754
	801, 815
	801, 800
	268, 625
	268, 272
	817, 818
	806, 805
	691, 690
	640, 642
	804, 691
	705, 750
	705, 704
	614, 616
	273, 275
	382, 379
	555, 552
	600, 206
	206, 57
	488, 490
	56, 175
	490, 600
	56, 57
	582, 572
	572, 437
	436, 437
	436, 458
	459, 458
	265, 481
	481, 65
	65, 68
	263, 265
	68, 788
	822, 823
	120, 123
	649, 123
	575, 306
	575, 574
	574, 63
	306, 305
	63, 60
	695, 231
	653, 233
	231, 233
	728, 729
	781, 238
	751, 729
	238, 235
	441, 442
	441, 826
	173, 32
	32, 30
	30, 174
	173, 174
	392, 771
	392, 227
	227, 222
	491, 771
	491, 222
	435, 541
	541, 540
	438, 779
	438, 435
	406, 408
	443, 442
	442, 828
	676, 674
	678, 677
	784, 677
	829, 540
	540, 414
	414, 418
	418, 487
	487, 485
	485, 812
	271, 270
	519, 658
	658, 797
	270, 520
	519, 520
	746, 577
	577, 198
	802, 803
	198, 199
	305, 304
	305, 60
	737, 621
	737, 304
	60, 59
	59, 294
	621, 294
	788, 263
	788, 787
	262, 263
	509, 512
	508, 245
	508, 509
	509, 833
	136, 139
	331, 136
	245, 139
	189, 194
	189, 664
	664, 427
	424, 573
	427, 424
	573, 194
	186, 181
	462, 461
	461, 767
	835, 104
	104, 102
	824, 825
	102, 337
	516, 518
	516, 668
	248, 543
	251, 248
	518, 543
	668, 251
	532, 531
	531, 814
	808, 532
	235, 751
	235, 234
	751, 752
	55, 713
	55, 54
	721, 713
	731, 721
	54, 564
	564, 685
	831, 676
	628, 630
	676, 675
	711, 542
	711, 710
	583, 415
	710, 583
	413, 542
	413, 415
	411, 410
	46, 411
	410, 105
	50, 46
	105, 50
	546, 205
	546, 545
	545, 748
	205, 202
	316, 315
	345, 316
	755, 757
	755, 315
	703, 700
	785, 703
	700, 785
	814, 752
	814, 698
	750, 749
	750, 821
	698, 697
	749, 752
	538, 537
	747, 538
	387, 388
	762, 537
	672, 348
	686, 672
	40, 39
	347, 348
	347, 40
	297, 298
	297, 511
	511, 510
	823, 649
	823, 838
	149, 649
	151, 149
	183, 182
	550, 183
	555, 550
	273, 555
	182, 273
	820, 800
	800, 376
	712, 719
	373, 712
	376, 373
	766, 726
	766, 190
	191, 592
	191, 190
	726, 592
	395, 811
	395, 394
	141, 142
	141, 673
	379, 378
	379, 552
	780, 551
	552, 551
	378, 615
	119, 839
	839, 822
	120, 119
	822, 120
	828, 827
	404, 406
	406, 828
	561, 562
	562, 758
	116, 115
	789, 733
	590, 789
	115, 590
	732, 733
	807, 806
	817, 816
	817, 806
	736, 735
	840, 736
	790, 840
	735, 790
	767, 620
	186, 767
	276, 184
	620, 276
	186, 184
	293, 471
	293, 130
	130, 135
	135, 471
	778, 777
	716, 718
	716, 778
	260, 507
	259, 260
	804, 805
	804, 642
	507, 625
	643, 642
	805, 625
	117, 116
	117, 764
	734, 732
	734, 764
	116, 732
	328, 329
	90, 328
	89, 172
	89, 90
	329, 172
	835, 825
	841, 835
	652, 653
	825, 653
	741, 761
	743, 741
	375, 743
	374, 375
	761, 374
	523, 525
	525, 759
	759, 754
	667, 754
	667, 523
	826, 827
	826, 632
	758, 633
	758, 827
	632, 633
	794, 808
	794, 795
	236, 234
	236, 795
	808, 234
	760, 526
	554, 654
	554, 548
	527, 548
	526, 527
	654, 655
	331, 833
	332, 331
	787, 833
	787, 332
	366, 367
	366, 400
	399, 770
	400, 399
	843, 842
	340, 339
	773, 775
	783, 798
	832, 199
	197, 783
	197, 199
	646, 346
	452, 646
	448, 452
	448, 756
	757, 756
	757, 345
	346, 345
	606, 684
	606, 607
	607, 465
	684, 467
	467, 465
	718, 777
	718, 717
	692, 689
	777, 776
	289, 288
	288, 327
	628, 327
	628, 836
	690, 692
	640, 690
	640, 641
	844, 692
	782, 781
	37, 782
	37, 35
	781, 728
	35, 728
	695, 824
	693, 695
	337, 824
	337, 336
	809, 693
	336, 809
	763, 762
	763, 802
	802, 832
	798, 385
	832, 798
	385, 387
	387, 762
	618, 617
	618, 486
	498, 497
	486, 489
	384, 383
	497, 384
	746, 803
	597, 746
	742, 596
	596, 597
	803, 742
	97, 364
	364, 587
	96, 530
	96, 97
	586, 533
	587, 586
	533, 530
	683, 818
	682, 683
	271, 797
	272, 271
	272, 818
	797, 682
	202, 201
	202, 748
	386, 201
	386, 388
	748, 747
	747, 388
	371, 341
	709, 371
	842, 709
	340, 842
	340, 341
	153, 203
	153, 151
	151, 838
	838, 428
	428, 203
	380, 616
	380, 381
	156, 154
	156, 704
	704, 616
	154, 381
	137, 138
	137, 287
	287, 289
	675, 836
	675, 138
	836, 289
	631, 62
	631, 813
	837, 298
	298, 61
	62, 61
	226, 394
	394, 673
	224, 784
	224, 226
	673, 674
	674, 784
	146, 148
	582, 459
	582, 581
	148, 581
	459, 463
	776, 844
	776, 774
	641, 369
	641, 844
	775, 339
	339, 338
	369, 338
	774, 775
	829, 812
	829, 779
	812, 768
	768, 769
	769, 779
	477, 760
	477, 476
	585, 476
	655, 585
	760, 655
	432, 434
	434, 71
	680, 432
	680, 74
	71, 74
	121, 122
	195, 121
	196, 195
	122, 196
	147, 146
	462, 834
	462, 463
	146, 463
	489, 488
	498, 489
	488, 175
	176, 498
	176, 175
	678, 831
	678, 578
	629, 630
	579, 578
	831, 630
	87, 694
	87, 88
	88, 580
	580, 694
	563, 312
	819, 605
	603, 605
	312, 314
	72, 70
	70, 815
	815, 820
	719, 622
	622, 396
	396, 72
	820, 719
	841, 652
	108, 841
	108, 109
	651, 109
	652, 651
	314, 311
	311, 807
	807, 816
	816, 819
	314, 819
	26, 25
	408, 407
	830, 408
	25, 407
	180, 179
	663, 661
	179, 663
	796, 665
	661, 665
	810, 715
	717, 689
	689, 687
	715, 717
	830, 26
	26, 23
	23, 409
	409, 473
	440, 443
	473, 440
	443, 830
	377, 559
	377, 243
	140, 243
	140, 142
	142, 811
	559, 811
	504, 740
	504, 503
	772, 613
	772, 503
	613, 612
	740, 612
	147, 834
	147, 143
	181, 834
	181, 180
	796, 143
	796, 180
	110, 111
	344, 110
	344, 92
	93, 92
	93, 111
	405, 404
	563, 603
	563, 561
	561, 404
	603, 604
	510, 837
	837, 813
	510, 512
	813, 753
	753, 264
	264, 262
	262, 512
	368, 643
	368, 370
	370, 258
	258, 259
	259, 643
	568, 10
	568, 365
	365, 367
	9, 10
	9, 770
	367, 770
	609, 604
	609, 81
	78, 405
	81, 78
	405, 604
	275, 274
	382, 275
	617, 383
	274, 617
	383, 382
	355, 354
	354, 623
	457, 455
	457, 623
	455, 355
	724, 725
	724, 845
	843, 773
	845, 843
	725, 773
	810, 635
	810, 687
	310, 636
	310, 309
	687, 688
	688, 309
	636, 635
	615, 614
	614, 821
	821, 697
	697, 696
	780, 696
	780, 615
	513, 648
	515, 513
	567, 515
	566, 567
	648, 566
	686, 39
	686, 685
	731, 685
	730, 731
	39, 38
	38, 738
	738, 730
	389, 391
	389, 629
	391, 229
	229, 228
	629, 579
	228, 579
Facet Neighbors: 1267
	-1, 2
	-1, 3
	-4, 6
	3, 10
	-2, 18
	-4, 18
	8, 19
	-4, 20
	-2, 22
	-3, 24
	16, 31
	1, 31
	10, 32
	-2, 35
	27, 36
	3, 37
	-1, 37
	10, 37
	19, 38
	-1, 39
	29, 40
	-4, 43
	-2, 44
	25, 45
	39, 48
	33, 51
	-2, 53
	12, 54
	24, 55
	11, 56
	0, 57
	7, 58
	38, 60
	5, 62
	54, 63
	12, 63
	25, 64
	54, 64
	24, 65
	-3, 65
	-2, 66
	18, 66
	16, 68
	-4, 68
	60, 69
	46, 70
	2, 72
	61, 72
	17, 73
	67, 74
	29, 75
	40, 75
	56, 75
	70, 76
	45, 77
	57, 77
	0, 77
	63, 80
	16, 80
	12, 81
	31, 81
	5, 81
	63, 81
	41, 82
	6, 83
	52, 83
	21, 83
	13, 84
	57, 84
	-4, 85
	14, 86
	55, 87
	4, 87
	52, 88
	21, 88
	83, 88
	28, 88
	84, 90
	-3, 92
	36, 92
	53, 93
	71, 94
	-3, 95
	53, 96
	93, 96
	9, 98
	47, 100
	44, 101
	-2, 101
	15, 101
	48, 102
	39, 102
	2, 102
	-1, 102
	72, 102
	1, 103
	-4, 103
	68, 103
	-3, 104
	87, 104
	55, 104
	81, 106
	5, 106
	12, 106
	105, 107
	5, 107
	62, 107
	106, 107
	40, 108
	75, 108
	41, 110
	-2, 110
	-2, 111
	53, 111
	96, 111
	28, 112
	32, 112
	-2, 113
	102, 114
	48, 114
	108, 115
	23, 117
	17, 119
	119, 120
	70, 121
	89, 122
	116, 123
	69, 125
	60, 125
	38, 125
	0, 126
	77, 126
	57, 127
	84, 127
	90, 127
	59, 128
	9, 129
	30, 129
	55, 130
	8, 130
	87, 130
	62, 131
	1, 131
	5, 131
	31, 131
	71, 132
	94, 132
	34, 133
	35, 134
	-2, 134
	15, 135
	42, 135
	23, 136
	132, 136
	89, 137
	-1, 137
	105, 138
	21, 139
	88, 139
	40, 140
	108, 140
	115, 140
	45, 140
	34, 141
	111, 142
	96, 142
	137, 143
	89, 143
	37, 143
	-1, 143
	4, 144
	14, 144
	60, 144
	38, 144
	61, 145
	117, 145
	33, 147
	124, 147
	0, 148
	126, 148
	78, 149
	51, 150
	56, 151
	75, 151
	29, 151
	90, 152
	84, 152
	98, 152
	98, 153
	30, 153
	129, 153
	9, 153
	114, 154
	50, 154
	141, 155
	26, 155
	63, 156
	80, 156
	11, 157
	91, 157
	133, 157
	-3, 158
	145, 159
	61, 159
	132, 159
	112, 160
	28, 160
	88, 160
	139, 160
	32, 160
	-2, 161
	113, 161
	74, 162
	105, 163
	107, 163
	97, 164
	7, 164
	65, 165
	116, 165
	24, 165
	22, 166
	27, 166
	42, 167
	138, 168
	120, 168
	57, 169
	84, 169
	0, 169
	13, 169
	117, 170
	23, 170
	34, 171
	141, 172
	171, 172
	34, 172
	91, 173
	118, 173
	46, 174
	8, 174
	125, 175
	69, 175
	129, 175
	30, 175
	31, 176
	16, 176
	103, 176
	68, 176
	1, 176
	25, 177
	15, 178
	135, 178
	-2, 179
	161, 179
	93, 179
	100, 180
	175, 181
	129, 181
	127, 183
	90, 183
	40, 183
	29, 183
	10, 184
	3, 184
	32, 184
	139, 184
	160, 184
	135, 185
	42, 185
	120, 186
	-1, 187
	71, 187
	116, 188
	174, 188
	130, 188
	8, 188
	52, 189
	28, 189
	88, 189
	47, 190
	97, 190
	53, 191
	-2, 191
	179, 191
	93, 191
	39, 192
	-1, 192
	48, 192
	74, 192
	187, 193
	-1, 193
	98, 194
	70, 194
	76, 194
	190, 195
	47, 195
	155, 195
	170, 195
	152, 196
	98, 196
	90, 196
	9, 196
	-3, 197
	104, 198
	-3, 198
	95, 198
	194, 199
	152, 199
	98, 199
	105, 200
	138, 200
	73, 200
	107, 200
	62, 200
	92, 201
	-3, 201
	65, 201
	50, 202
	145, 202
	117, 202
	154, 202
	114, 202
	183, 203
	90, 203
	196, 203
	29, 203
	-3, 204
	118, 205
	124, 205
	147, 205
	165, 206
	65, 206
	201, 206
	123, 206
	116, 206
	190, 207
	195, 207
	141, 207
	155, 207
	189, 208
	6, 208
	83, 208
	52, 208
	29, 209
	203, 209
	113, 210
	-2, 210
	110, 210
	19, 211
	38, 211
	4, 211
	144, 211
	87, 211
	-4, 212
	209, 213
	29, 213
	151, 213
	148, 214
	0, 214
	169, 214
	36, 215
	92, 215
	123, 215
	206, 215
	201, 215
	127, 216
	183, 216
	40, 216
	57, 216
	118, 217
	173, 217
	147, 217
	205, 217
	91, 217
	171, 217
	142, 218
	134, 219
	-2, 219
	142, 219
	187, 220
	71, 220
	132, 220
	159, 220
	121, 221
	123, 221
	189, 222
	208, 222
	208, 223
	222, 223
	173, 224
	49, 224
	170, 225
	23, 225
	136, 225
	26, 225
	195, 225
	155, 225
	14, 226
	144, 226
	4, 226
	86, 226
	14, 227
	146, 227
	75, 228
	56, 228
	115, 228
	108, 228
	106, 229
	163, 229
	107, 229
	49, 229
	128, 230
	59, 230
	158, 230
	105, 231
	118, 231
	163, 231
	33, 232
	147, 232
	171, 232
	217, 232
	76, 233
	70, 233
	121, 233
	13, 234
	169, 234
	214, 234
	179, 234
	6, 235
	-4, 235
	83, 235
	21, 235
	164, 236
	207, 236
	190, 236
	97, 236
	124, 237
	168, 237
	150, 238
	99, 238
	8, 239
	174, 239
	125, 239
	175, 239
	19, 239
	38, 239
	1, 240
	85, 240
	-4, 240
	103, 240
	41, 241
	101, 241
	44, 241
	15, 241
	148, 242
	126, 242
	82, 242
	204, 243
	243, 244
	204, 244
	-3, 244
	20, 245
	167, 245
	42, 245
	80, 245
	165, 246
	24, 246
	130, 246
	55, 246
	46, 247
	70, 247
	121, 247
	221, 247
	123, 247
	46, 248
	153, 248
	70, 248
	175, 249
	30, 249
	239, 249
	174, 249
	164, 250
	236, 250
	7, 250
	58, 250
	99, 251
	238, 251
	94, 251
	168, 252
	237, 252
	120, 252
	186, 252
	124, 252
	43, 253
	-4, 253
	23, 254
	117, 254
	136, 254
	132, 254
	159, 254
	145, 254
	22, 255
	35, 255
	166, 255
	241, 256
	41, 256
	15, 256
	178, 256
	7, 257
	58, 257
	213, 257
	113, 258
	242, 258
	110, 258
	210, 258
	159, 259
	61, 259
	-1, 259
	72, 259
	187, 259
	220, 259
	12, 260
	54, 260
	64, 260
	212, 261
	-1, 261
	200, 262
	62, 262
	73, 262
	131, 262
	261, 263
	-1, 263
	139, 263
	85, 264
	-4, 264
	69, 265
	7, 265
	164, 265
	94, 266
	71, 266
	122, 266
	187, 266
	193, 266
	227, 267
	97, 267
	100, 267
	146, 267
	155, 268
	26, 268
	172, 268
	141, 268
	170, 269
	195, 269
	100, 269
	47, 269
	180, 269
	255, 270
	166, 270
	36, 270
	27, 270
	79, 270
	14, 271
	144, 271
	227, 271
	60, 271
	85, 272
	17, 272
	73, 272
	264, 272
	57, 273
	77, 273
	140, 273
	40, 273
	45, 273
	216, 273
	267, 274
	100, 274
	190, 274
	97, 274
	47, 274
	234, 275
	214, 275
	113, 275
	161, 275
	179, 275
	46, 276
	248, 276
	153, 276
	249, 276
	30, 276
	174, 276
	142, 277
	218, 277
	96, 277
	218, 278
	76, 278
	277, 278
	233, 279
	218, 279
	182, 280
	59, 280
	110, 281
	-2, 281
	241, 281
	44, 281
	41, 281
	250, 282
	58, 282
	34, 282
	236, 282
	119, 283
	17, 283
	264, 283
	272, 283
	15, 284
	185, 284
	-2, 284
	101, 284
	184, 285
	3, 285
	263, 285
	-1, 285
	139, 285
	28, 286
	112, 286
	78, 286
	158, 287
	-3, 287
	197, 287
	61, 288
	72, 288
	202, 288
	145, 288
	102, 288
	114, 288
	82, 289
	242, 289
	126, 289
	150, 290
	238, 290
	109, 290
	219, 291
	-2, 291
	111, 291
	142, 291
	80, 292
	245, 292
	20, 292
	16, 292
	259, 293
	72, 293
	-1, 293
	2, 293
	157, 294
	91, 294
	173, 294
	224, 294
	186, 295
	119, 295
	120, 295
	278, 296
	277, 296
	13, 296
	93, 296
	96, 296
	109, 297
	143, 297
	89, 297
	34, 298
	133, 298
	282, 298
	58, 298
	146, 299
	180, 299
	49, 300
	229, 300
	231, 300
	163, 300
	224, 300
	296, 301
	278, 301
	154, 302
	50, 302
	299, 302
	280, 302
	182, 303
	162, 303
	280, 303
	222, 304
	189, 304
	149, 304
	51, 305
	78, 305
	124, 305
	143, 306
	37, 306
	109, 306
	32, 306
	297, 306
	10, 306
	136, 307
	132, 307
	94, 307
	251, 307
	99, 307
	229, 308
	106, 308
	12, 308
	49, 308
	260, 308
	-3, 309
	22, 309
	166, 309
	298, 310
	133, 310
	157, 310
	58, 310
	11, 310
	185, 311
	167, 311
	42, 311
	208, 312
	253, 312
	223, 312
	43, 312
	95, 313
	-3, 313
	81, 314
	5, 314
	131, 314
	31, 314
	242, 315
	82, 315
	41, 315
	258, 315
	110, 315
	266, 316
	122, 316
	251, 316
	94, 316
	86, 317
	95, 317
	313, 317
	177, 318
	178, 318
	256, 318
	316, 319
	122, 319
	89, 319
	297, 319
	109, 319
	290, 319
	50, 320
	170, 320
	269, 320
	202, 320
	117, 320
	219, 321
	134, 321
	279, 321
	35, 321
	58, 322
	310, 322
	213, 322
	257, 322
	11, 322
	56, 322
	151, 322
	308, 323
	260, 323
	49, 323
	115, 323
	140, 324
	115, 324
	323, 324
	25, 324
	64, 324
	45, 324
	34, 325
	171, 325
	217, 325
	157, 325
	91, 325
	133, 325
	33, 326
	99, 326
	238, 326
	-4, 327
	18, 327
	311, 327
	66, 327
	116, 328
	188, 328
	247, 328
	46, 328
	123, 328
	174, 328
	119, 329
	295, 329
	283, 329
	312, 329
	43, 329
	223, 329
	196, 330
	9, 330
	203, 330
	209, 330
	129, 330
	181, 330
	318, 331
	156, 331
	177, 331
	266, 332
	193, 332
	137, 332
	-1, 332
	122, 332
	89, 332
	87, 333
	130, 333
	211, 333
	8, 333
	19, 333
	215, 334
	123, 334
	221, 334
	36, 334
	60, 335
	69, 335
	227, 335
	271, 335
	187, 336
	-1, 336
	259, 336
	329, 337
	295, 337
	222, 337
	304, 337
	186, 337
	223, 337
	121, 338
	221, 338
	79, 338
	233, 338
	175, 339
	181, 339
	7, 339
	69, 339
	265, 339
	56, 340
	228, 340
	115, 340
	309, 341
	-3, 341
	166, 341
	27, 341
	33, 342
	147, 342
	124, 342
	305, 342
	51, 342
	301, 343
	278, 343
	199, 343
	194, 343
	76, 343
	236, 344
	282, 344
	141, 344
	34, 344
	207, 344
	289, 345
	82, 345
	25, 345
	177, 345
	78, 346
	305, 346
	252, 346
	124, 346
	149, 346
	-2, 347
	-3, 347
	22, 347
	309, 347
	313, 348
	86, 348
	317, 348
	128, 348
	230, 348
	21, 349
	261, 349
	263, 349
	139, 349
	212, 349
	280, 350
	299, 350
	302, 350
	212, 351
	-4, 351
	-1, 351
	261, 351
	238, 352
	326, 352
	51, 352
	150, 352
	33, 352
	104, 353
	55, 353
	24, 353
	-3, 353
	244, 354
	197, 354
	-3, 354
	114, 355
	48, 355
	280, 355
	303, 355
	154, 355
	162, 355
	302, 355
	21, 356
	235, 356
	212, 356
	-4, 356
	349, 356
	63, 357
	80, 357
	31, 357
	16, 357
	81, 357
	327, 358
	-4, 358
	167, 358
	311, 358
	279, 359
	218, 359
	278, 359
	76, 359
	233, 359
	118, 360
	231, 360
	300, 360
	224, 360
	173, 360
	313, 361
	-3, 361
	230, 361
	348, 361
	158, 361
	283, 362
	264, 362
	43, 362
	-4, 362
	329, 362
	231, 363
	237, 363
	124, 363
	205, 363
	118, 363
	168, 363
	324, 364
	64, 364
	323, 364
	260, 364
	73, 365
	272, 365
	240, 365
	85, 365
	-1, 366
	67, 366
	243, 366
	270, 367
	321, 367
	255, 367
	35, 367
	265, 368
	164, 368
	97, 368
	267, 368
	227, 368
	335, 368
	69, 368
	299, 369
	146, 369
	267, 369
	180, 369
	100, 369
	354, 370
	197, 370
	182, 370
	244, 370
	54, 371
	63, 371
	156, 371
	331, 371
	182, 372
	303, 372
	162, 372
	370, 372
	253, 373
	-4, 373
	6, 373
	312, 373
	208, 373
	311, 374
	185, 374
	327, 374
	66, 374
	284, 374
	-2, 374
	233, 375
	279, 375
	321, 375
	270, 375
	367, 375
	79, 375
	338, 375
	150, 376
	290, 376
	112, 376
	109, 376
	78, 376
	286, 376
	321, 377
	219, 377
	218, 377
	142, 377
	279, 377
	73, 378
	200, 378
	119, 378
	17, 378
	168, 378
	138, 378
	120, 378
	299, 379
	180, 379
	320, 379
	50, 379
	302, 379
	269, 379
	36, 380
	334, 380
	270, 380
	79, 380
	221, 380
	338, 380
	74, 381
	192, 381
	-1, 381
	366, 381
	67, 381
	36, 382
	27, 382
	341, 382
	-3, 382
	92, 382
	149, 383
	78, 383
	28, 383
	189, 383
	304, 383
	286, 383
	25, 384
	64, 384
	54, 384
	331, 384
	177, 384
	371, 384
	157, 385
	294, 385
	340, 385
	56, 385
	11, 385
	82, 386
	345, 386
	256, 386
	41, 386
	177, 386
	318, 386
	26, 387
	307, 387
	136, 387
	225, 387
	99, 387
	370, 388
	244, 388
	162, 388
	372, 388
	366, 388
	67, 388
	74, 388
	243, 388
	319, 389
	316, 389
	290, 389
	238, 389
	251, 389
	231, 390
	105, 390
	138, 390
	168, 390
	363, 390
	93, 391
	296, 391
	179, 391
	234, 391
	13, 391
	22, 392
	-2, 392
	35, 392
	255, 392
	26, 393
	326, 393
	99, 393
	387, 393
	109, 394
	376, 394
	306, 394
	112, 394
	32, 394
	318, 395
	178, 395
	156, 395
	135, 395
	331, 395
	284, 396
	15, 396
	135, 396
	185, 396
	128, 397
	299, 397
	146, 397
	59, 397
	13, 398
	296, 398
	301, 398
	199, 398
	152, 398
	84, 398
	343, 398
	358, 399
	-4, 399
	20, 399
	245, 399
	167, 399
	59, 400
	280, 400
	350, 400
	299, 400
	397, 400
	4, 401
	86, 401
	317, 401
	226, 401
	33, 402
	171, 402
	232, 402
	268, 402
	172, 402
	287, 403
	370, 403
	182, 403
	197, 403
	401, 404
	4, 404
	87, 404
	104, 404
	95, 404
	198, 404
	317, 404
	126, 405
	77, 405
	45, 405
	25, 405
	345, 405
	289, 405
	275, 406
	113, 406
	242, 406
	258, 406
	148, 406
	214, 406
	393, 407
	26, 407
	326, 407
	33, 407
	268, 407
	402, 407
	20, 408
	-4, 408
	68, 408
	16, 408
	292, 408
	86, 409
	397, 409
	128, 409
	348, 409
	146, 409
	340, 410
	385, 410
	115, 410
	294, 410
	224, 410
	49, 410
	323, 410
	162, 411
	74, 411
	192, 411
	48, 411
	355, 411
	131, 412
	262, 412
	73, 412
	1, 412
	240, 412
	365, 412
	146, 413
	227, 413
	86, 413
	14, 413
	409, 413
	51, 414
	305, 414
	376, 414
	150, 414
	78, 414
	70, 415
	248, 415
	98, 415
	153, 415
	194, 415
	204, 416
	-3, 416
	366, 416
	-1, 416
	243, 416
	287, 417
	403, 417
	230, 417
	59, 417
	182, 417
	280, 417
	158, 417
	149, 418
	304, 418
	337, 418
	186, 418
	252, 418
	346, 418
	165, 419
	116, 419
	188, 419
	130, 419
	246, 419
	339, 420
	181, 420
	330, 420
	209, 420
	7, 420
	257, 420
	213, 420
	80, 421
	156, 421
	245, 421
	42, 421
	395, 421
	135, 421
Mesh Regions: 422
	30, 56, 130, 178, 227, 357
	11, 95, 142, 247, 445, 1213
	0, 46, 92, 651
	1, 3, 15, 262, 618
	72, 170, 349, 398, 1150, 1164
	33, 61, 102, 105, 143, 727
	2, 64, 339, 427, 1000
	31, 216, 482, 507, 535, 845, 1258
	6, 139, 238, 274, 439, 820
	85, 136, 191, 300, 803
	3, 12, 17, 261, 698
	29, 198, 716, 764, 1072
	27, 35, 59, 103, 520, 706
	67, 228, 423, 661, 1106, 1133
	70, 171, 396, 400, 560, 1219
	89, 150, 249, 452, 505, 613, 1126
	10, 42, 58, 244, 647, 927, 1191
	48, 122, 565, 610, 1030
	4, 5, 41, 787
	6, 18, 347, 443, 821
	7, 460, 646, 1142, 1188
	66, 74, 157, 430, 888, 919
	8, 220, 500, 710, 881, 1107
	121, 152, 230, 391, 494
	9, 28, 38, 219, 465, 907
	23, 36, 248, 774, 872, 1062, 1173
	195, 393, 547, 1079, 1111, 1183
	14, 221, 558, 854, 1052
	76, 115, 206, 276, 622, 1058
	20, 50, 184, 260, 324, 342, 354
	137, 189, 242, 477, 588
	10, 11, 60, 144, 243, 729, 926
	12, 116, 209, 263, 696, 1119
	25, 176, 416, 783, 855, 904, 1154, 1185
	147, 163, 231, 234, 607, 667, 777, 868
	13, 148, 501, 759, 973, 1109
	14, 79, 359, 557, 825, 1040, 1051
	15, 16, 17, 168, 694
	18, 32, 129, 173, 348, 444
	19, 24, 91, 284
	20, 51, 108, 159, 259, 366, 571
	63, 110, 449, 504, 604, 732, 1076
	151, 222, 267, 462, 719, 1264
	21, 492, 723, 800, 950
	22, 87, 451, 603
	23, 54, 162, 572, 776, 1172
	45, 237, 468, 473, 584, 793
	86, 278, 294, 553, 578
	24, 90, 119, 286, 913, 1208
	389, 409, 673, 707, 769, 1203
	193, 316, 681, 751, 1037
	25, 181, 690, 859, 902, 1221
	65, 73, 275, 341
	26, 80, 83, 113, 280
	27, 34, 37, 521, 990, 1064
	28, 71, 100, 138, 467, 906
	29, 52, 182, 403, 765, 848, 1071
	30, 55, 68, 132, 225, 367, 568
	31, 483, 508, 606, 670, 715, 760
	135, 411, 599, 1132, 1145, 1239
	32, 44, 128, 172, 563, 826
	47, 174, 203, 515, 628
	33, 106, 141, 312, 526
	34, 35, 57, 62, 196, 924, 991
	36, 37, 522, 775, 960, 1063
	38, 39, 217, 315, 330
	40, 41, 789, 1006
	49, 968, 1050, 1089
	42, 43, 97, 246, 1190
	44, 127, 240, 534, 827, 846, 980
	45, 53, 124, 291, 421, 469, 475, 1226
	81, 145, 270, 379, 538
	46, 47, 94, 517, 629, 649
	48, 310, 527, 566, 963, 1027, 1212
	49, 212, 287, 1046, 1090, 1206
	50, 51, 52, 109, 183, 402
	53, 292, 420, 594, 864, 936
	54, 55, 56, 131, 569, 1171
	180, 624, 691, 874, 1020, 1057, 1225
	559, 841, 1014, 1043
	57, 58, 197, 463, 644, 925, 1261
	59, 60, 61, 62, 101, 726, 928
	63, 455, 634, 731, 871, 1073
	64, 65, 66, 75, 340, 429
	67, 68, 77, 133, 186, 226, 1138
	69, 446, 532, 564, 966
	70, 399, 739, 884, 1151, 1193, 1218
	71, 72, 99, 140, 351, 817, 1165
	73, 74, 75, 76, 158, 207, 277
	125, 154, 167, 666, 747, 816
	77, 134, 185, 258, 299, 322
	199, 235, 372, 653, 781
	78, 79, 313, 360, 1055
	80, 84, 253, 283, 662, 1102
	81, 146, 486, 537, 701, 738
	82, 304, 724, 740, 1167
	83, 84, 114, 165, 592, 663
	215, 279, 434, 543, 577, 976
	85, 187, 188, 290, 298, 307, 1228
	438, 484, 703, 784, 1083, 1113
	86, 254, 544, 552, 575, 985
	87, 88, 89, 450, 616
	90, 91, 92, 93, 94, 118, 632
	95, 96, 97, 245, 448
	98, 99, 100, 302, 905, 1166
	104, 156, 213, 308, 413, 1098
	101, 102, 103, 107, 406, 705
	104, 105, 106, 107, 214, 311, 408
	108, 109, 120, 160, 405
	639, 664, 695, 749, 1019, 1115
	110, 111, 346, 512, 600, 734
	112, 113, 114, 164, 642
	115, 116, 205, 623, 1018, 1118
	117, 211, 344, 510, 581, 1177
	118, 119, 192, 320, 633, 912
	120, 161, 404, 770, 772, 850, 1200
	126, 218, 271, 333, 790, 1250
	121, 175, 229, 318, 495, 755
	236, 326, 368, 414, 938, 957
	122, 123, 609, 657, 796, 1029
	123, 224, 268, 489, 658, 1033
	124, 382, 422, 470, 839
	125, 539, 736, 746, 815
	126, 332, 361, 383, 472, 794, 823
	177, 327, 435, 491, 692, 857, 877, 955
	127, 128, 129, 239, 441
	130, 131, 179, 454, 636, 1170
	132, 133, 134, 257, 364
	135, 410, 886, 1129, 1195
	136, 137, 190, 241, 256, 806
	138, 139, 140, 273, 466, 818, 1252
	141, 142, 143, 144, 528, 728, 1210
	145, 146, 153, 204, 380, 497, 700
	147, 200, 668, 713, 782
	148, 149, 375, 757
	150, 151, 250, 266, 1123, 1127, 1266
	152, 153, 392, 496, 699, 1081
	154, 155, 166, 813
	156, 223, 309, 1032, 1099
	157, 158, 208, 264, 531, 621, 891
	159, 160, 161, 162, 570, 771
	163, 194, 232, 336, 549, 867
	164, 165, 374, 377, 590, 643, 1025
	166, 167, 168, 169, 665, 693
	170, 171, 172, 173, 350, 397, 561
	174, 175, 202, 317, 499, 631
	401, 545, 671, 982, 1131, 1197, 1216
	176, 177, 328, 370, 417, 856
	178, 179, 356, 453, 1180
	180, 689, 878, 1056, 1243
	181, 437, 637, 903, 1016, 1224
	182, 183, 184, 355, 766
	185, 186, 187, 297, 306, 1137
	188, 189, 190, 191, 474, 586, 1229
	192, 193, 319, 680, 916
	194, 195, 295, 337, 395, 546
	196, 197, 809, 992, 1122, 1262
	198, 199, 200, 652, 714, 780, 1068
	201, 412, 625, 947, 1242
	202, 203, 204, 381, 498, 514
	205, 206, 207, 208, 209, 265
	210, 211, 252, 582
	212, 685, 917, 996, 1086, 1205
	213, 214, 407, 415, 676
	215, 216, 431, 480, 536, 975
	217, 218, 219, 329, 464, 1249
	220, 221, 502, 556, 711, 853
	222, 461, 718, 931, 1144
	223, 224, 436, 487, 958, 1031, 1100
	225, 226, 227, 228, 358, 424
	229, 230, 296, 390, 550, 752
	231, 233, 373, 418, 778, 1155
	232, 233, 234, 548, 1158
	235, 236, 369, 388, 654, 942
	237, 238, 272, 440, 479, 589, 795
	239, 240, 241, 242, 255, 442, 476, 843
	243, 244, 245, 246, 247
	248, 742, 810, 873, 1066, 1077
	249, 250, 506, 743, 1121
	251, 252, 253, 282, 426, 583, 1104
	254, 554, 672, 984, 1035
	255, 256, 807, 844, 1255
	598, 684, 988, 994, 1161, 1240
	257, 258, 259, 260, 321, 365
	261, 262, 263, 264, 265, 617
	266, 267, 614, 717, 1004, 1128
	268, 490, 656, 837, 1246
	269, 270, 288, 378, 518, 540, 830
	271, 272, 273, 274, 791, 1251
	275, 276, 277, 338, 384, 688, 1059
	278, 279, 293, 334, 433, 576
	280, 281, 282, 283
	284, 285, 286, 287, 1047, 1207
	288, 289, 541, 812
	290, 291, 292, 305, 863, 1230
	293, 294, 295, 296, 335, 394, 551
	297, 298, 299, 300, 323, 802
	301, 627, 910, 987, 1162
	302, 303, 304, 1168
	305, 306, 307, 862, 1136
	308, 309, 310, 311, 312, 525, 1028
	313, 314, 315, 331, 363
	316, 317, 318, 319, 320, 630, 754
	321, 322, 323, 324, 343, 804
	325, 456, 458, 1231
	326, 327, 328, 371, 956
	329, 330, 331, 332, 333, 362
	334, 335, 336, 337, 432, 869
	338, 339, 340, 341, 385, 386, 720, 1002
	342, 343, 353, 805, 1257
	344, 345, 346, 513
	347, 348, 349, 350, 351, 819
	352, 523, 892, 896, 921
	353, 354, 355, 509, 762, 1260
	356, 357, 358, 425, 580, 1181
	359, 360, 361, 362, 363, 822
	364, 365, 366, 367, 573
	368, 369, 370, 371, 372, 373, 419, 779
	374, 591, 593, 597, 934, 1024
	375, 376, 377, 640, 756, 1023
	378, 379, 380, 381, 519
	382, 383, 471, 824, 840, 1044
	384, 385, 387, 687, 835
	386, 387, 722, 801, 838
	388, 389, 655, 677, 941, 1202
	390, 391, 392, 393, 394, 395, 1082
	396, 397, 398, 399, 1153
	400, 401, 542, 562, 828, 978, 1217
	402, 403, 404, 405, 849
	406, 407, 408, 409, 674, 704
	410, 411, 412, 887, 945, 1238
	413, 414, 415, 675, 939, 953, 1097
	416, 417, 418, 419, 1156
	420, 421, 422, 596, 842, 937, 1009
	423, 424, 425, 426, 579, 1105
	427, 428, 429, 430, 920
	431, 432, 433, 434, 481, 608, 865
	435, 436, 488, 954
	437, 438, 485, 638, 785, 900, 1095
	439, 440, 441, 442, 443, 444, 478
	445, 446, 447, 448, 965, 1214
	449, 450, 451, 452, 503, 602
	453, 454, 455, 511, 635, 730, 1178
	456, 457, 969, 1091, 1235
	457, 458, 459, 909, 989, 1085
	460, 461, 462, 463, 645, 1143, 1263
	464, 465, 466, 467, 1253
	468, 469, 470, 471, 472, 792
	473, 474, 475, 585, 1227
	476, 477, 478, 479, 587
	480, 481, 482, 483, 605
	484, 485, 486, 702, 737, 1096
	487, 488, 489, 490, 491, 876, 1247
	492, 493, 721, 998
	494, 495, 496, 497, 498, 499
	500, 501, 502, 555, 972, 1110
	503, 504, 505, 506, 744, 1075
	507, 508, 509, 763, 1259
	510, 511, 512, 513, 733, 1179
	514, 515, 516, 517, 518, 519, 648, 832
	520, 521, 522, 708, 768, 962
	523, 524, 529, 889, 899
	525, 526, 527, 528, 1211
	529, 530, 531, 619, 890
	532, 533, 567, 611, 949
	534, 535, 536, 847, 974
	537, 538, 539, 540, 541, 735, 811
	542, 543, 544, 545, 574, 977, 983
	546, 547, 548, 549, 1157, 1186
	550, 551, 552, 553, 554, 753, 1039
	555, 556, 557, 558, 559, 970, 1012, 1042
	560, 561, 562, 563, 829
	564, 565, 566, 567, 612, 964
	568, 569, 570, 571, 572, 573
	574, 575, 576, 577, 578
	579, 580, 581, 582, 583, 1176
	584, 585, 586, 587, 588, 589
	590, 591, 592, 595, 660
	593, 594, 595, 659, 679, 861, 935
	596, 597, 758, 933, 1010, 1026
	598, 599, 683, 686, 893, 914, 1146, 1241
	600, 601, 602, 603, 604
	605, 606, 607, 608, 669, 866
	609, 610, 611, 612, 798, 948
	613, 614, 615, 616, 1007, 1125
	617, 618, 619, 620, 621
	622, 623, 624, 1021, 1061
	625, 626, 627, 1159, 1236
	628, 629, 630, 631, 632, 633
	634, 635, 636, 870, 1175
	637, 638, 639, 750, 1017, 1094
	640, 641, 642, 643
	644, 645, 646, 647, 1192
	648, 649, 650, 651
	652, 653, 654, 655, 1069, 1201
	656, 657, 658, 797, 834
	659, 660, 661, 662, 663, 678, 1103, 1134
	664, 665, 666, 697, 748
	667, 668, 669, 670, 712
	671, 672, 682, 894, 981, 1034, 1130, 1148
	673, 674, 675, 676, 677, 940
	678, 679, 860, 1135
	680, 681, 682, 683, 895, 918, 1038
	684, 685, 686, 915, 995
	687, 688, 689, 836, 1060, 1244
	690, 691, 692, 858, 875, 1222
	693, 694, 695, 696, 697, 698, 1117
	699, 700, 701, 702, 703, 1080
	704, 705, 706, 707, 708, 767
	709, 710, 711, 851, 882
	712, 713, 714, 715, 716, 761
	717, 718, 719, 788, 932, 1003
	720, 721, 722, 723, 799, 1001
	724, 725, 741, 883, 943
	726, 727, 728, 729
	730, 731, 732, 733, 734
	735, 736, 737, 738, 745, 1093
	739, 740, 741, 885, 1152, 1169
	742, 743, 744, 808, 1078, 1120
	745, 746, 747, 748, 749, 750, 1092
	751, 752, 753, 754, 755, 1036
	756, 757, 758, 759, 971, 1011, 1022
	760, 761, 762, 763, 764, 765, 766
	767, 768, 769, 770, 773, 961, 1204
	771, 772, 773, 774, 775, 776, 959
	777, 778, 779, 780, 781, 782
	783, 784, 785, 901, 1112, 1184
	786, 787, 788, 789, 929, 1005
	790, 791, 792, 793, 794, 795
	796, 797, 798, 799, 800, 801, 833, 952
	802, 803, 804, 805, 806, 807, 1256
	808, 809, 810, 993, 1065, 1124
	811, 812, 813, 814, 815, 816
	817, 818, 819, 820, 821
	822, 823, 824, 825, 1041
	826, 827, 828, 829, 979
	830, 831, 832
	833, 834, 835, 836, 837, 838, 1245
	839, 840, 841, 842, 1015, 1045
	843, 844, 845, 846, 847, 1254
	848, 849, 850, 1070, 1198
	851, 852, 853, 854, 1053
	855, 856, 857, 858, 859
	860, 861, 862, 863, 864, 1139
	865, 866, 867, 868, 869
	870, 871, 872, 873, 1074, 1174
	874, 875, 876, 877, 878, 1248
	879, 880, 881, 882
	883, 884, 885, 886, 887, 946, 1196
	888, 889, 890, 891, 892, 923
	893, 894, 895, 1147
	896, 897, 898, 899
	900, 901, 902, 903, 904
	905, 906, 907, 908
	909, 910, 911, 986
	912, 913, 914, 915, 916, 917, 918, 1209
	919, 920, 921, 922, 923
	924, 925, 926, 927, 928
	929, 930, 931, 932, 1140
	933, 934, 935, 936, 937
	938, 939, 940, 941, 942
	943, 944, 945, 946, 947
	948, 949, 950, 951, 952
	953, 954, 955, 956, 957, 958, 1101
	959, 960, 961, 962
	963, 964, 965, 966, 1215
	967, 968, 969, 1049, 1088, 1233
	970, 971, 972, 973, 1013
	974, 975, 976, 977, 978, 979, 980
	981, 982, 983, 984, 985
	986, 987, 988, 989, 997, 1084, 1160
	990, 991, 992, 993, 1067
	994, 995, 996, 997, 1087
	998, 999, 1000, 1001, 1002
	1003, 1004, 1005, 1006, 1007, 1008
	1009, 1010, 1011, 1012, 1013, 1014, 1015
	1016, 1017, 1018, 1019, 1020, 1021, 1116, 1223
	1022, 1023, 1024, 1025, 1026
	1027, 1028, 1029, 1030, 1031, 1032, 1033
	1034, 1035, 1036, 1037, 1038, 1039
	1040, 1041, 1042, 1043, 1044, 1045
	1046, 1047, 1048, 1049, 1050
	1051, 1052, 1053, 1054, 1055
	1056, 1057, 1058, 1059, 1060, 1061
	1062, 1063, 1064, 1065, 1066, 1067
	1068, 1069, 1070, 1071, 1072, 1199
	1073, 1074, 1075, 1076, 1077, 1078
	1079, 1080, 1081, 1082, 1083, 1114
	1084, 1085, 1086, 1087, 1088, 1089, 1090, 1091
	1092, 1093, 1094, 1095, 1096
	1097, 1098, 1099, 1100, 1101
	1102, 1103, 1104, 1105, 1106
	1107, 1108, 1109, 1110
	1111, 1112, 1113, 1114, 1182
	1115, 1116, 1117, 1118, 1119
	1120, 1121, 1122, 1123, 1124, 1265
	1125, 1126, 1127, 1128
	1129, 1130, 1131, 1132, 1149, 1194
	1133, 1134, 1135, 1136, 1137, 1138, 1139
	1140, 1141, 1142, 1143, 1144
	1145, 1146, 1147, 1148, 1149
	1150, 1151, 1152, 1153, 1163
	1154, 1155, 1156, 1157, 1158, 1187
	1159, 1160, 1161, 1162, 1237
	1163, 1164, 1165, 1166, 1167, 1168, 1169
	1170, 1171, 1172, 1173, 1174, 1175
	1176, 1177, 1178, 1179, 1180, 1181
	1182, 1183, 1184, 1185, 1186, 1187
	1188, 1189, 1190, 1191, 1192
	1193, 1194, 1195, 1196, 1197, 1220
	1198, 1199, 1200, 1201, 1202, 1203, 1204
	1205, 1206, 1207, 1208, 1209
	1210, 1211, 1212, 1213, 1214, 1215
	1216, 1217, 1218, 1219, 1220
	1221, 1222, 1223, 1224, 1225
	1226, 1227, 1228, 1229, 1230
	1231, 1232, 1233, 1234, 1235
	1236, 1237, 1238, 1239, 1240, 1241, 1242
	1243, 1244, 1245, 1246, 1247, 1248
	1249, 1250, 1251, 1252, 1253
	1254, 1255, 1256, 1257, 1258, 1259, 1260
	1261, 1262, 1263, 1264, 1265, 1266
Seed Numbers: 422
	0
	1
	2
	3
	4
	5
	6
	7
	8
	9
	10
	11
	12
	13
	14
	15
	16
	17
	18
	19
	20
	21
	22
	23
	24
	25
	26
	27
	28
	29
	30
	31
	32
	33
	34
	35
	36
	37
	38
	39
	40
	41
	42
	43
	44
	45
	46
	47
	48
	49
	50
	51
	52
	53
	54
	55
	56
	57
	58
	59
	60
	61
	62
	63
	64
	65
	66
	67
	68
	69
	70
	71
	72
	73
	74
	75
	76
	77
	78
	79
	80
	81
	82
	83
	84
	85
	86
	87
	88
	89
	90
	91
	92
	93
	94
	95
	96
	97
	98
	99
	100
	101
	102
	103
	104
	105
	106
	107
	108
	109
	110
	111
	112
	113
	114
	115
	116
	117
	118
	119
	120
	121
	122
	123
	124
	125
	126
	127
	128
	129
	130
	131
	132
	133
	134
	135
	136
	137
	138
	139
	140
	141
	142
	143
	144
	145
	146
	147
	148
	149
	150
	151
	152
	153
	154
	155
	156
	157
	158
	159
	160
	161
	162
	163
	164
	165
	166
	167
	168
	169
	170
	171
	172
	173
	174
	175
	176
	177
	178
	179
	180
	181
	182
	183
	184
	185
	186
	187
	188
	189
	190
	191
	192
	193
	194
	195
	196
	197
	198
	199
	200
	201
	202
	203
	204
	205
	206
	207
	208
	209
	210
	211
	212
	213
	214
	215
	216
	217
	218
	219
	220
	221
	222
	223
	224
	225
	226
	227
	228
	229
	230
	231
	232
	233
	234
	235
	236
	237
	238
	239
	240
	241
	242
	243
	244
	245
	246
	247
	248
	249
	250
	251
	252
	253
	254
	255
	256
	257
	258
	259
	260
	261
	262
	263
	264
	265
	266
	267
	268
	269
	270
	271
	272
	273
	274
	275
	276
	277
	278
	279
	280
	281
	282
	283
	284
	285
	286
	287
	288
	289
	290
	291
	292
	293
	294
	295
	296
	297
	298
	299
	300
	301
	302
	303
	304
	305
	306
	307
	308
	309
	310
	311
	312
	313
	314
	315
	316
	317
	318
	319
	320
	321
	322
	323
	324
	325
	326
	327
	328
	329
	330
	331
	332
	333
	334
	335
	336
	337
	338
	339
	340
	341
	342
	343
	344
	345
	346
	347
	348
	349
	350
	351
	352
	353
	354
	355
	356
	357
	358
	359
	360
	361
	362
	363
	364
	365
	366
	367
	368
	369
	370
	371
	372
	373
	374
	375
	376
	377
	378
	379
	380
	381
	382
	383
	384
	385
	386
	387
	388
	389
	390
	391
	392
	393
	394
	395
	396
	397
	398
	399
	400
	401
	402
	403
	404
	405
	406
	407
	408
	409
	410
	411
	412
	413
	414
	415
	416
	417
	418
	419
	420
	421
Phase Numbers: 422
	2
	2
	1
	3
	2
	3
	2
	2
	0
	2
	2
	1
	3
	2
	0
	2
	0
	0
	2
	3
	3
	3
	2
	2
	2
	3
	1
	2
	3
	3
	3
	3
	3
	3
	2
	3
	2
	3
	0
	2
	2
	2
	2
	2
	3
	3
	1
	2
	0
	2
	0
	2
	0
	2
	2
	3
	1
	3
	2
	3
	2
	1
	2
	3
	2
	2
	3
	3
	2
	2
	3
	2
	3
	3
	3
	2
	3
	2
	3
	2
	1
	2
	0
	0
	2
	3
	2
	3
	2
	2
	2
	2
	3
	2
	2
	2
	0
	0
	1
	3
	0
	0
	3
	3
	0
	2
	2
	3
	2
	3
	1
	2
	1
	3
	2
	2
	2
	3
	2
	3
	3
	3
	2
	3
	3
	3
	1
	3
	2
	2
	2
	3
	2
	1
	3
	2
	2
	0
	2
	2
	0
	2
	3
	2
	2
	2
	2
	2
	3
	3
	2
	3
	0
	3
	3
	0
	2
	3
	2
	0
	2
	3
	2
	3
	2
	2
	3
	3
	3
	0
	3
	2
	3
	3
	3
	3
	3
	2
	3
	3
	3
	0
	3
	2
	0
	1
	2
	1
	2
	2
	3
	2
	0
	2
	1
	2
	0
	3
	3
	3
	3
	1
	2
	3
	3
	2
	2
	0
	3
	3
	3
	2
	3
	3
	2
	1
	3
	3
	3
	3
	3
	2
	2
	2
	3
	3
	2
	0
	2
	3
	2
	0
	3
	3
	3
	1
	1
	2
	3
	0
	3
	2
	1
	1
	3
	0
	2
	1
	3
	1
	3
	2
	3
	3
	1
	2
	3
	2
	3
	3
	3
	0
	3
	1
	2
	3
	2
	2
	3
	2
	3
	0
	3
	3
	2
	1
	2
	3
	1
	3
	3
	2
	3
	3
	2
	3
	1
	2
	1
	3
	2
	2
	3
	2
	3
	1
	0
	2
	2
	3
	2
	3
	2
	3
	3
	3
	1
	2
	3
	2
	3
	2
	3
	3
	3
	2
	3
	2
	2
	3
	2
	3
	3
	2
	3
	2
	3
	2
	2
	3
	2
	0
	3
	3
	3
	2
	2
	3
	0
	3
	1
	3
	3
	2
	2
	2
	2
	1
	2
	2
	3
	2
	2
	3
	0
	3
	1
	3
	3
	3
	2
	1
	3
	0
	3
	3
	3
	1
	3
	2
	2
	2
	2
	2
	2
	3
	3
	3
	3
	0
	2
	2
	2
	3
	3
	0
	2
	2
	1
	2
	1
	2
	3
	3
	2
	2
	1
	2
	2
	3
	3
	3
	0
	3
	3
	3
	3
	2
	2
	2
	3
	3
	2
	3
	0
	2
	1
	2
	3
	3
	2
	2
Volumes: 422
	0.002526253664673241
	0.0024427853718558897
	0.0010848080745761127
	0.001366596391630436
	0.002768871004321361
	0.0024083645108094872
	0.0025656838441608207
	0.0033892375412118677
	0.0026986214013937624
	0.002206009637210866
	0.0025159959920038164
	0.0019156163164309528
	0.0023429743369496026
	0.0021831114448878216
	0.0026572271857504123
	0.0024658741079463687
	0.002930213760413173
	0.0018020886731980332
	0.0008447443971352381
	0.00197616080367536
	0.001954682593321512
	0.0027138395812180906
	0.0020275959472556217
	0.002230334323890707
	0.0016201736322802667
	0.0032151589860595427
	0.0026811853166712894
	0.0020662126331774354
	0.002582898634588977
	0.0024773024617890564
	0.0021312572481129986
	0.0025578809017672128
	0.0021780505925255
	0.0028228016830244584
	0.0027320259513285575
	0.0023661235704586035
	0.0025906313902431134
	0.002110933307730563
	0.0027520504031064838
	0.002322079130271793
	0.0024823319558218686
	0.0031531009009685878
	0.0027993066496268763
	0.0020467723281765173
	0.0013860496065822728
	0.002720338769113991
	0.0025094640789620993
	0.002250378800675126
	0.002678481726939653
	0.002416982757189748
	0.0018265151256584514
	0.002419695571616129
	0.0019279921242217903
	0.0011013426768087733
	0.002595985412758482
	0.0028371576154579267
	0.0022850230012351623
	0.002784264865492487
	0.0028420359961984104
	0.0023972662461404165
	0.0027059457221191895
	0.0020075734647635995
	0.0018078110480099759
	0.0033696954482264952
	0.002406678930602573
	0.0016637061585591739
	0.0010727191596907905
	0.00260769691762937
	0.0014538319210605545
	0.0028449306361607914
	0.0033155755437890557
	0.00196778477115708
	0.0026121502372928665
	0.0025577276646082756
	0.002662219598271879
	0.0018747344619442683
	0.0023827794852309707
	0.0027481245776805993
	0.0029028777631504117
	0.0015111790883245418
	0.0031112686263510356
	0.0026012732425402772
	0.0023688098409356956
	0.0028156298944573945
	0.003279628521897393
	0.0013091242527083265
	0.0025672179475873854
	0.0032589032557604294
	0.0031647698521589662
	0.0021136076986094663
	0.002198247704609204
	0.0025774835070589957
	0.0016198117760958123
	0.0019122049572924283
	0.002341589324723956
	0.001986614580474751
	0.0028152518598555604
	0.00216748566083776
	0.002583085384602333
	0.0020072854483970223
	0.0018755748293399618
	0.0019198407327581258
	0.0028039440919033
	0.0018368695547675336
	0.002710537004449808
	0.0017156068151455734
	0.002338846151158535
	0.002459335826743097
	0.0018661617998978798
	0.002344615031142613
	0.0031808833276267033
	0.0014713308668212462
	0.002743631435506694
	0.0025655576819363203
	0.0036319898161479057
	0.003559501623342657
	0.0021427373084633183
	0.0030828796567102636
	0.002694509678491834
	0.0021147088797615525
	0.0024697214468025128
	0.0023219078548051496
	0.0017602058931010453
	0.0029478501045782286
	0.0028888226110976647
	0.002815003803030313
	0.001801085732483654
	0.0025015114322709483
	0.0020090734920466483
	0.002360084314482752
	0.0027801385550796608
	0.002393142867850825
	0.0029558057847066427
	0.0020935520920363428
	0.0009368135398067552
	0.003189964515594051
	0.0026589013985660586
	0.000956450216644669
	0.001798854615995318
	0.003392362763537684
	0.0031116310710181294
	0.0024901520225366017
	0.0023116253521114558
	0.002465255631575582
	0.0022605433544009928
	0.0025691922081828226
	0.0028594467617882855
	0.003264285545741319
	0.002250378741657441
	0.002163409873401223
	0.0021416423744782163
	0.001678289454567212
	0.0026750079475957107
	0.0027992864987115115
	0.002227884802597201
	0.003368600792259088
	0.0028311631062029443
	0.002522989582682711
	0.0029008367848860194
	0.001708686799587333
	0.0036965169621736606
	0.002191247528972837
	0.0029688615039273015
	0.0020330027707441485
	0.0028483203715140007
	0.002586292720147619
	0.0029129029235967917
	0.002158759686397934
	0.0027072028711477318
	0.0028616384611957132
	0.003228976338215898
	0.0022646990152776617
	0.0027075026209900602
	0.0027649961268156687
	0.0030151412709885
	0.003165667129559064
	0.0024225170784282716
	0.0021145719387788684
	0.002101057105709753
	0.003092354921327869
	0.0015305639416545286
	0.002626849974667313
	0.002249976823216985
	0.0021425865191736443
	0.003166813271807886
	0.002847164789492234
	0.0017113945257050732
	0.0029318493666942954
	0.0015448830669847445
	0.002565682547990467
	0.0020714366131636885
	0.002007298735317416
	0.002234786041038923
	0.0015078615290491362
	0.002573611718676058
	0.0032280143622386752
	0.0019313675114123658
	0.0025533192873056915
	0.001114792088223218
	0.0018634650689567502
	0.002290098246519303
	0.0013607794345189337
	0.0031906469054128845
	0.002653569940083633
	0.0012172810083953792
	0.002294594583491583
	0.0026307597584966894
	0.0028162477397446753
	0.002476191107475232
	0.002729741957879737
	0.0016446592849251286
	0.0019926048055777554
	0.002010430114936214
	0.0030001456862270588
	0.0018674005486223205
	0.0023215596184570685
	0.002254678223759939
	0.003439349304646508
	0.0015921218992985006
	0.0016109508085403936
	0.0023367434292209622
	0.0015780442501438004
	0.0017728929615723724
	0.0021692106311193902
	0.0024815760284401804
	0.002912203957784136
	0.001519273997746979
	0.0031557824090128906
	0.0017190420154930917
	0.0027729285084265587
	0.0027335555657107013
	0.0021604339878973427
	0.0026991005360059144
	0.0028563298576069316
	0.0019716647857398227
	0.0018767503394405763
	0.0028818729800524487
	0.001638525775584258
	0.002530245842245809
	0.0033228559006244465
	0.0014517620902124513
	0.002781964794026922
	0.001956389703442399
	0.0029013944353020607
	0.002963363842946475
	0.0029806201228675267
	0.001720696896362401
	0.0028423894177859893
	0.002240113105906872
	0.0024513766358953653
	0.002905473896971292
	0.0024074647382358485
	0.0023760584109463042
	0.0010166344435824036
	0.002605155955216632
	0.002281809806404721
	0.0029754664507585247
	0.0022583533714253395
	0.0026548291329524572
	0.002772763089389854
	0.001962118080202764
	0.0012374659591376153
	0.0018580175040578601
	0.0017830920006340106
	0.002210689771042202
	0.003169029486795214
	0.002537943024635875
	0.0034251394903907187
	0.002445225041968951
	0.0019784865314036505
	0.002645926264355742
	0.0019590084969617625
	0.0023697476164923157
	0.0020628338017301268
	0.0024671180704533436
	0.003169644237875568
	0.002289136682811965
	0.0017999769082091403
	0.002991890637421046
	0.002348062470942538
	0.0029583040506178005
	0.002265131591344677
	0.0022734506237151023
	0.002294993330761841
	0.0031833485212219665
	0.0022658822069485875
	0.00192113366503972
	0.0029255185416233232
	0.002719042770076594
	0.0020114106765283203
	0.0026301696578127872
	0.001413726206976355
	0.002906412934888981
	0.0009509053508865753
	0.002518888088171733
	0.0016773269511817963
	0.0026307571550973166
	0.001744452561361842
	0.0020315811941089053
	0.0026688943674709094
	0.0025027724653598673
	0.0016681884463148908
	0.0029956002642503666
	0.0027508414622702993
	0.0021523869613660315
	0.0026857382141207476
	0.0023199080792692065
	0.0028732414662070325
	0.002970138092327981
	0.002507373668394491
	0.0024317421316807216
	0.0025217964002688174
	0.0025930780786096743
	0.0024194744717746545
	0.0017338728876580027
	0.0020314196280894073
	0.0016142029786884444
	0.0028414312027214097
	0.0018899007372013927
	0.002531713617005274
	0.0023762821702364182
	0.0024052168347013713
	0.002344918512816055
	0.003319994425432359
	0.003146400537776078
	0.0027506560436230607
	0.002265084229869178
	0.00268227022071187
	0.0027875356098872217
	0.0026552428027254733
	0.0030181873393804446
	0.002703775642835439
	0.002216736760385224
	0.002661433656156631
	0.0015408214126305811
	0.002697172210451512
	0.001172877682525149
	0.002446572607882068
	0.0018174661265935297
	0.0025749704937616242
	0.0022853126257942015
	0.0016052643553502721
	0.002804718427261339
	0.0020704484640723677
	0.0020125275144587955
	0.0030817897970863792
	0.0024800120104371205
	0.001050048019233283
	0.003284638803270103
	0.0028437530106234046
	0.0019092613715857543
	0.0009765193524497581
	0.0019316674444611365
	0.0011940772771374451
	0.0008417608679568895
	0.003379906109701188
	0.001902596226531745
	0.002177576420181136
	0.0019283246238206665
	0.0024561391461518163
	0.0015429971242153777
	0.0019073282149952733
	0.0018387706293050252
	0.0027101796451786107
	0.002052585063213524
	0.0024279072844587174
	0.002104312903892644
	0.0022688895304125564
	0.0034344385926540475
	0.0028696259251768602
	0.003042768857797685
	0.002767740916389662
	0.001797193940658596
	0.0021624154859390217
	0.003059860673116487
	0.003047643765767911
	0.003401999288870087
	0.0015978219282860324
	0.0026608410935762177
	0.002559252018990511
	0.002279747019227949
	0.001630313870525929
	0.001265073095896623
	0.0016886300463530603
	0.002229761839780308
	0.0022771793483881333
	0.0028302626558939542
	0.0027813604507143817
	0.003493391123520485
	0.0017023731461894365
	0.0025222252105179727
	0.002338678993719868
	0.0011258085797607393
	0.0023664993999563924
	0.0025126970962585813
	0.0021711257329669557
	0.0019698374426279355
	0.0028304276723949127
	0.002870195740794758
	0.0019643972053568423
	0.0020921971494436338
	0.001967012885104001
	0.002634750856598339
	0.0017032942787403422
	0.0024564165472937202
	0.0026170820954744736
	0.0028800859164493293
	0.0017803663305596695
	0.0023233076011062105
	0.002920973180942172
	0.0031853085935565767
	0.0028283648437259787
	0.0019146860744938157
	0.0021257210236047897
	0.001955582699156212
	0.0019491323623158383
	0.0010593538718222993
	0.002628352845814933
	0.0020442282397239338
	0.0017216448538312891
	0.0029733121373954102
	0.0036741311414952332
