Mesh Points: 838
	 1.245138e-01,  2.998147e-01
	 8.501765e-02,  3.165316e-01
	 1.432374e-01,  3.442576e-01
	 8.080592e-02,  3.391011e-01
	 8.738817e-02,  3.512489e-01
	 1.225231e-01,  3.623262e-01
	-7.028505e-02, -8.684119e-02
	-5.497773e-02, -8.065940e-02
	-1.040684e-01, -5.810987e-02
	-4.698101e-02, -4.499027e-02
	-7.197748e-02, -2.107511e-02
	-9.285175e-02, -2.279312e-02
	 1.084198e-01, -1.297661e-01
	 1.012119e-01, -1.507186e-01
	 9.060919e-02, -9.588662e-02
	 5.300469e-02, -9.113901e-02
	 4.965446e-02, -1.013584e-01
	 8.607479e-02, -1.597277e-01
	 7.298220e-02, -1.532362e-01
	-2.141794e-02, -5.000000e-01
	-2.948408e-02, -4.732183e-01
	-7.667768e-02, -5.000000e-01
	-6.261750e-02, -4.741067e-01
	 1.087033e-01, -4.353976e-02
	 1.085111e-01, -4.374978e-02
	 6.763147e-02, -4.381421e-02
	 6.250772e-02,  8.953747e-03
	 1.035732e-01, -4.924055e-03
	-3.819429e-01,  3.962689e-01
	-4.077310e-01,  3.853362e-01
	-3.812265e-01,  4.170917e-01
	-4.221038e-01,  4.448434e-01
	-4.416207e-01,  4.007899e-01
	-4.149689e-01,  4.458969e-01
	 2.462171e-01,  2.364732e-01
	 2.363337e-01,  2.219635e-01
	 2.134854e-01,  2.214919e-01
	 1.922728e-01,  2.577569e-01
	 2.007264e-01,  2.710751e-01
	 2.371881e-01,  2.673990e-01
	 1.854579e-01, -7.118545e-02
	 1.884708e-01, -6.937553e-02
	 1.631180e-01, -6.832717e-02
	 1.574223e-01,  4.487980e-03
	 2.086165e-01, -2.238983e-02
	 1.427992e-01, -4.304654e-02
	 1.488071e-01, -3.116300e-01
	 1.393101e-01, -3.202820e-01
	 1.440512e-01, -2.707933e-01
	 1.199385e-01, -2.596357e-01
	 7.794206e-02, -2.975309e-01
	 8.084609e-02, -3.047259e-01
	 3.165288e-01, -1.083355e-01
	 3.113049e-01, -1.518388e-01
	 2.754195e-01, -1.463921e-01
	 2.894724e-01, -9.066132e-02
	 2.924912e-01, -9.074114e-02
	 2.701727e-01, -1.394336e-01
	-4.603923e-01, -1.092070e-01
	-4.460124e-01, -9.836566e-02
	-5.000000e-01, -8.556207e-02
	-5.000000e-01, -4.595797e-02
	-4.400017e-01, -4.812785e-02
	-4.386828e-01, -4.957726e-02
	-1.416907e-01, -1.107891e-02
	-1.521708e-01, -4.945645e-02
	-1.628033e-01,  9.534828e-03
	-1.972198e-01,  8.798512e-03
	-2.092026e-01, -2.422587e-02
	-1.861471e-01, -5.412039e-02
	-2.551275e-01,  3.809665e-01
	-2.973204e-01,  4.021863e-01
	-2.442970e-01,  4.303071e-01
	-2.787270e-01,  4.467132e-01
	-9.788598e-02,  1.353392e-01
	-7.197319e-02,  1.499963e-01
	-1.260247e-01,  1.700498e-01
	-1.222804e-01,  1.841596e-01
	-8.560027e-02,  1.977967e-01
	-6.755882e-02,  1.611170e-01
	-2.520611e-01,  3.693507e-01
	-2.514066e-01,  3.711871e-01
	-2.333040e-01,  3.252833e-01
	-2.024460e-01,  3.767575e-01
	-1.886799e-01,  3.284395e-01
	-1.963074e-01,  3.222855e-01
	-1.170337e-01, -3.339761e-01
	-1.329273e-01, -3.238786e-01
	-9.278698e-02, -3.278852e-01
	-1.401428e-01, -2.800332e-01
	-1.168477e-01, -2.648957e-01
	-8.618478e-02, -2.716908e-01
	-8.310463e-02, -2.758663e-01
	 5.000000e-01,  2.093896e-01
	 4.697435e-01,  2.062892e-01
	 5.000000e-01,  2.686537e-01
	 4.874385e-01,  2.709449e-01
	 4.500988e-01,  2.406155e-01
	-2.434328e-01, -3.981281e-01
	-2.591852e-01, -4.170136e-01
	-2.517218e-01, -3.498303e-01
	-3.062081e-01, -3.672776e-01
	-3.106317e-01, -3.743580e-01
	-2.755227e-01, -4.175758e-01
	-3.065183e-01, -3.907249e-01
	 2.976553e-02, -4.394319e-01
	 2.402583e-02, -4.519884e-01
	 2.013799e-02, -3.937232e-01
	-1.158809e-02, -3.901603e-01
	-2.970370e-02, -4.170869e-01
	-1.178036e-02, -4.496757e-01
	 5.000000e-01,  4.667022e-01
	 4.749657e-01,  5.000000e-01
	 5.000000e-01,  5.000000e-01
	 1.823828e-02, -2.518637e-01
	-2.312812e-02, -2.347213e-01
	 4.232592e-02, -2.366051e-01
	-2.752931e-02, -2.243883e-01
	 1.804829e-02, -1.883043e-01
	 3.947966e-02, -2.062223e-01
	-6.816895e-02, -4.144886e-01
	-8.226992e-02, -4.416949e-01
	-7.699378e-02, -3.981687e-01
	-1.309895e-01, -4.204435e-01
	-1.017612e-01, -4.461483e-01
	-1.091357e-01, -3.921915e-01
	-1.796038e-01,  2.598339e-01
	-2.019381e-01,  2.222643e-01
	-2.521758e-01,  2.411960e-01
	-1.984678e-01,  2.757629e-01
	-2.362940e-01,  2.710929e-01
	-2.514772e-01,  2.519459e-01
	-2.436104e-01,  5.000000e-01
	-2.831825e-01,  4.544307e-01
	-3.103052e-01,  5.000000e-01
	-2.991909e-01,  4.627554e-01
	 1.549788e-01,  1.448873e-01
	 1.568931e-01,  1.479076e-01
	 1.111541e-01,  1.439678e-01
	 9.534708e-02,  1.794210e-01
	 1.046392e-01,  1.978402e-01
	 1.481010e-01,  2.024992e-01
	 2.298910e-02, -5.000000e-01
	 3.117941e-02, -4.644249e-01
	 8.289270e-02, -4.791808e-01
	 8.592532e-02, -5.000000e-01
	 3.425024e-01,  4.225701e-01
	 3.399768e-01,  4.287616e-01
	 3.591631e-01,  4.137109e-01
	 3.860752e-01,  4.708423e-01
	 3.790603e-01,  4.752167e-01
	 3.921182e-01,  4.406506e-01
	 3.546784e-01,  4.691819e-01
	-3.469075e-01, -7.683481e-02
	-3.556040e-01, -4.860609e-02
	-3.173245e-01, -7.415453e-02
	-3.334799e-01, -1.062157e-02
	-3.101034e-01, -1.453984e-02
	-2.979652e-01, -4.587658e-02
	 1.447196e-02, -1.649247e-01
	 1.633242e-02, -1.242801e-01
	-3.336914e-02, -1.515189e-01
	-1.913146e-02, -1.098265e-01
	 1.347088e-01, -1.648612e-01
	 1.716142e-01, -1.395140e-01
	 1.347151e-01, -1.148003e-01
	 3.540677e-01, -4.233921e-02
	 3.552854e-01, -4.214248e-02
	 3.353210e-01,  3.565773e-03
	 3.707581e-01,  2.289692e-02
	 3.771866e-01,  2.058300e-02
	 3.867088e-01, -5.168071e-03
	 3.058476e-02,  2.948835e-01
	-2.180709e-02,  2.896030e-01
	 2.289082e-02,  3.306947e-01
	-1.765297e-02,  3.485434e-01
	-2.902252e-01, -5.000000e-01
	-2.874994e-01, -4.779469e-01
	-3.451887e-01, -5.000000e-01
	-3.332148e-01, -4.564973e-01
	-3.027813e-01, -4.576008e-01
	-2.013345e-01, -4.396558e-01
	-2.397938e-01, -4.463288e-01
	-1.846761e-01, -4.714201e-01
	-2.326123e-01, -4.859841e-01
	-2.426617e-01, -4.711690e-01
	-2.254009e-01, -2.713202e-01
	-2.211886e-01, -2.693922e-01
	-1.846590e-01, -2.816983e-01
	-1.815729e-01, -3.348072e-01
	-2.362627e-01, -3.329507e-01
	-1.909054e-01, -3.455124e-01
	-2.815521e-01,  2.792050e-01
	-3.194808e-01,  2.645962e-01
	-3.164064e-01,  2.338491e-01
	-2.618006e-01,  2.293323e-01
	 5.000000e-01, -1.385674e-01
	 4.726323e-01, -1.294977e-01
	 5.000000e-01, -9.745437e-02
	 4.868261e-01, -9.730587e-02
	-4.551222e-01,  2.641113e-01
	-4.507136e-01,  2.331475e-01
	-4.378327e-01,  2.845612e-01
	-3.936542e-01,  2.469007e-01
	-4.151329e-01,  2.195677e-01
	-4.268877e-01,  2.847168e-01
	-9.985369e-02,  3.472285e-02
	-1.256258e-01,  5.723229e-02
	-8.517391e-02,  3.569199e-02
	-1.016944e-01,  1.018886e-01
	-5.643426e-02,  8.334579e-02
	-5.104229e-02,  7.284728e-02
	-1.346527e-01, -9.788654e-02
	-1.749565e-01, -1.124338e-01
	-1.328623e-01, -6.768323e-02
	-2.006698e-01, -9.149011e-02
	 4.630086e-01, -1.917139e-01
	 4.626433e-01, -1.922271e-01
	 4.613845e-01, -1.345518e-01
	 4.367021e-01, -1.276416e-01
	 4.034145e-01, -1.674167e-01
	 4.047843e-01, -1.704099e-01
	-8.046342e-02,  4.528521e-01
	-8.605097e-02,  4.514890e-01
	-5.631576e-02,  4.785913e-01
	-1.210356e-01,  5.000000e-01
	-1.210591e-01,  4.850613e-01
	-5.965763e-02,  5.000000e-01
	 4.144578e-01, -2.693579e-01
	 4.183537e-01, -2.395355e-01
	 4.616408e-01, -2.781486e-01
	 4.619446e-01, -2.211615e-01
	 4.714089e-01, -2.651018e-01
	 3.109034e-01,  1.165744e-02
	 2.967553e-01, -2.737579e-02
	 2.961181e-01,  2.365517e-03
	 3.272136e-01, -5.096663e-02
	 3.467151e-01, -4.899598e-02
	-1.680175e-01, -5.000000e-01
	-1.684133e-01, -4.788052e-01
	-2.335641e-01, -5.000000e-01
	 1.287657e-02, -4.839306e-02
	-1.637774e-02, -3.216950e-02
	-1.567333e-02, -5.242457e-03
	 2.437316e-02,  1.932477e-02
	 3.846664e-02,  1.019316e-02
	 6.985879e-02, -3.452116e-01
	 6.758132e-02, -2.896448e-01
	 1.772767e-02, -2.941839e-01
	 1.064947e-02, -3.309289e-01
	 3.293788e-02, -3.479203e-01
	 4.244191e-01,  3.445363e-01
	 4.019904e-01,  3.855426e-01
	 3.709862e-01,  3.332935e-01
	 3.584526e-01,  3.666286e-01
	 3.696538e-01,  3.888192e-01
	-2.497591e-01,  3.077763e-01
	-2.744339e-01,  3.094209e-01
	 3.767732e-01,  5.000000e-01
	 3.218030e-01,  5.000000e-01
	 3.511058e-01, -1.022993e-01
	 2.739626e-01, -3.375510e-01
	 2.510097e-01, -3.098912e-01
	 2.579755e-01, -3.800713e-01
	 2.386129e-01, -3.128558e-01
	 2.229278e-01, -3.552866e-01
	 3.277799e-01, -4.331904e-01
	 3.022000e-01, -4.615725e-01
	 2.924102e-01, -4.627786e-01
	 2.676010e-01, -4.296710e-01
	 2.718107e-01, -4.011361e-01
	 3.158467e-01, -3.960501e-01
	 3.625595e-01, -3.191172e-01
	 3.571268e-01, -3.134263e-01
	 3.526498e-01, -2.629679e-01
	 4.075563e-01, -3.042550e-01
	 3.789626e-01, -3.214657e-01
	 4.125312e-01, -2.712621e-01
	 3.123180e-01,  3.984563e-01
	 3.205080e-01,  3.635055e-01
	 2.599483e-01,  2.206702e-02
	 2.747649e-01,  5.621752e-02
	 2.209217e-01,  3.456830e-02
	 2.325658e-01,  7.753177e-02
	 2.597231e-01,  8.263403e-02
	 2.189015e-01,  3.758811e-02
	 3.389130e-01,  2.497515e-01
	 3.244540e-01,  2.668511e-01
	 3.361107e-01,  3.062507e-01
	 3.669563e-01,  2.492645e-01
	 3.901546e-01,  2.899764e-01
	 3.648207e-01,  3.156106e-01
	 4.073488e-01,  7.104175e-02
	 4.372143e-01,  9.299795e-02
	 3.770874e-01,  8.647677e-02
	 3.992270e-01,  1.292436e-01
	 2.627788e-01, -5.821246e-02
	 2.634089e-01, -7.206230e-02
	 2.357749e-01, -8.680194e-02
	 2.339804e-01, -2.392198e-02
	 2.102842e-01, -2.161234e-02
	-1.500350e-02,  4.663012e-01
	-4.673707e-03,  4.746833e-01
	-3.749342e-03,  5.000000e-01
	 2.704268e-01, -2.344252e-01
	 2.492366e-01, -2.460964e-01
	 2.706953e-01, -1.937404e-01
	 2.293996e-01, -1.866173e-01
	 2.155376e-01, -2.000102e-01
	 2.643356e-01, -1.872961e-01
	 2.140054e-01, -2.363502e-01
	-1.562638e-01, -4.169658e-01
	-1.942661e-01, -4.232268e-01
	-1.597340e-01, -3.825127e-01
	-1.871403e-01, -3.625934e-01
	-2.107416e-01, -3.961546e-01
	 2.324918e-01, -4.480088e-01
	 2.613586e-01, -3.921831e-01
	 2.045164e-01, -4.360434e-01
	 2.117162e-01, -4.101412e-01
	 1.842385e-01,  4.149426e-01
	 1.849405e-01,  4.558423e-01
	 1.492955e-01,  4.005071e-01
	 1.437538e-01,  4.452647e-01
	 1.431956e-01,  4.025311e-01
	 8.442364e-02, -1.912562e-01
	 1.030225e-01, -2.195907e-01
	 1.017406e-01, -2.261750e-01
	 6.462042e-02, -2.474802e-01
	-1.983941e-01,  1.073140e-02
	-1.881454e-01,  5.482343e-02
	-1.515084e-01,  6.312628e-02
	-1.399200e-01,  5.611314e-02
	-4.766927e-01,  1.673028e-01
	-4.601655e-01,  1.764407e-01
	-4.714635e-01,  1.278582e-01
	-4.193832e-01,  1.302860e-01
	-4.406989e-01,  1.167905e-01
	-4.538818e-01,  1.753960e-01
	 1.633523e-02, -2.922162e-01
	-3.120393e-02, -2.761197e-01
	-4.532093e-01,  1.383630e-02
	-5.000000e-01,  1.286981e-02
	-5.000000e-01,  7.223652e-02
	-4.522677e-01,  7.328234e-02
	-4.394192e-01,  6.134742e-02
	-4.646342e-01,  3.504532e-01
	-4.440997e-01,  3.999940e-01
	-5.000000e-01,  3.652093e-01
	-5.000000e-01,  4.215736e-01
	 1.777715e-01, -3.173739e-01
	 2.086076e-01, -3.005893e-01
	 1.959756e-01, -3.654612e-01
	 2.655389e-01,  1.151141e-02
	 3.130122e-01,  5.109595e-02
	 3.205357e-01,  5.936315e-02
	 3.518143e-01,  6.192155e-02
	-1.490335e-01,  3.247214e-01
	-1.435016e-01,  3.115433e-01
	-1.535787e-01,  3.278520e-01
	-1.744200e-01,  2.601386e-01
	-1.007567e-01, -2.077457e-01
	-9.253563e-02, -1.927406e-01
	-1.254319e-01, -2.184623e-01
	-1.418600e-01, -1.598584e-01
	-1.210534e-01, -1.520579e-01
	-1.542537e-01, -1.859074e-01
	-9.784425e-02, -1.607984e-01
	-1.450296e-01, -2.132240e-01
	 4.710694e-01,  1.454917e-01
	 4.673695e-01,  1.415196e-01
	 4.612754e-01,  1.899662e-01
	 4.210179e-01,  1.805556e-01
	 4.097564e-01,  1.565057e-01
	 2.227343e-01,  3.928263e-01
	 2.376009e-01,  4.609204e-01
	 1.908208e-01,  4.633226e-01
	 2.368010e-01,  4.619918e-01
	 3.024675e-01, -3.391896e-01
	 3.193763e-01, -3.111551e-01
	 3.288250e-01, -3.784467e-01
	 3.396823e-01, -3.751223e-01
	 5.000000e-01,  5.739491e-02
	 4.811795e-01,  4.747623e-02
	 5.000000e-01,  8.905962e-02
	 4.388548e-01,  9.299002e-02
	 4.635078e-01,  1.112107e-01
	 4.558324e-01,  5.374170e-02
	 3.052751e-01,  3.452036e-01
	 3.046800e-01,  3.341549e-01
	 1.926070e-01,  3.161401e-01
	 1.910697e-01,  3.122325e-01
	 1.777938e-01,  3.504006e-01
	 1.745424e-01,  3.517446e-01
	 1.293674e-01,  2.930620e-01
	 2.912555e-01, -2.415348e-01
	 3.353957e-01, -2.158162e-01
	 3.274051e-01, -1.857418e-01
	 1.656992e-02, -1.674945e-01
	 8.278750e-02,  2.300250e-01
	 8.473649e-02,  2.407061e-01
	 1.304812e-01,  2.710916e-01
	 1.543086e-01,  2.464379e-01
	 1.481381e-01,  2.025359e-01
	-1.651413e-01, -2.711306e-01
	-1.691107e-01, -2.321308e-01
	-2.040018e-01, -2.255058e-01
	-4.501287e-01, -2.087577e-01
	-4.386375e-01, -2.043657e-01
	-4.643065e-01, -2.509639e-01
	-4.056093e-01, -2.596643e-01
	-4.272900e-01, -2.773284e-01
	-4.130227e-01, -2.191680e-01
	-4.484497e-01, -2.736917e-01
	 1.115593e-01, -7.847380e-02
	 1.367322e-01, -8.787050e-02
	 5.000000e-01,  1.474865e-01
	-3.629943e-01,  4.619513e-01
	-3.556424e-01,  5.000000e-01
	-3.949901e-01,  4.662419e-01
	-3.998570e-01,  5.000000e-01
	-1.172123e-02, -3.412554e-01
	-2.143564e-02, -3.630931e-01
	 2.776623e-02, -3.881612e-01
	-2.952942e-01,  3.356991e-01
	-4.650480e-04,  1.044732e-01
	-1.923267e-02,  1.260700e-01
	-6.547304e-03,  1.564255e-01
	 2.922984e-02,  1.353840e-01
	 2.662058e-02,  1.160147e-01
	-5.000000e-01, -2.557112e-01
	-5.000000e-01, -3.075460e-01
	-4.787716e-01, -3.114003e-01
	 4.339522e-01,  4.216001e-01
	-1.061571e-01,  1.184860e-01
	-1.620867e-01,  1.479778e-01
	-1.600161e-01,  1.577795e-01
	-1.476183e-01,  1.232623e-01
	-4.297453e-01,  5.000000e-01
	-4.445039e-01,  4.655860e-01
	-4.817637e-01,  5.000000e-01
	-4.700801e-01,  4.663663e-01
	 3.708293e-01, -1.526738e-01
	 3.668361e-01, -1.127739e-01
	 4.147491e-01, -8.453893e-02
	 4.193866e-01, -8.694004e-02
	 4.063645e-02,  2.865751e-01
	 1.884893e-02,  2.507720e-01
	-3.121351e-02,  2.795702e-01
	-2.375229e-02,  2.632052e-01
	-3.519732e-01, -8.331299e-02
	-3.858029e-01, -8.723571e-02
	-4.050863e-01, -5.307814e-02
	-3.884440e-01, -3.973973e-02
	 4.342277e-01,  4.899262e-01
	 4.380104e-01,  5.000000e-01
	 4.498366e-01,  4.394706e-01
	 5.000000e-01,  4.492487e-01
	-2.087858e-01,  1.347113e-01
	-1.958367e-01,  1.304812e-01
	-1.832174e-01,  1.002831e-01
	-2.329474e-01,  1.129189e-01
	-2.183495e-01,  7.821369e-02
	-2.093983e-01,  7.761868e-02
	 5.000000e-01, -4.032765e-01
	 4.756835e-01, -4.086843e-01
	 5.000000e-01, -3.569532e-01
	 4.641140e-01, -3.692258e-01
	 4.830375e-01, -3.523311e-01
	 4.689283e-01, -4.042541e-01
	 5.000000e-01, -2.198610e-01
	 4.647219e-01, -2.158095e-01
	 5.000000e-01, -1.794160e-01
	-2.435623e-01,  5.000000e-01
	-2.204307e-01,  4.731930e-01
	-2.268210e-01,  4.364368e-01
	-3.896608e-02, -2.817360e-01
	-7.623286e-02, -2.359887e-01
	-3.366269e-02, -2.209026e-01
	-4.067615e-01,  3.414432e-01
	-4.594117e-01,  3.359793e-01
	 3.869045e-01, -4.296962e-01
	 3.696359e-01, -4.504665e-01
	 3.827677e-01, -3.874840e-01
	-7.436659e-02,  3.373851e-01
	-6.394297e-02,  3.466565e-01
	-1.052307e-01,  3.514367e-01
	-1.116055e-01,  3.811935e-01
	-6.969567e-02,  3.902700e-01
	-8.472372e-02,  3.965035e-01
	 2.547926e-01,  1.899458e-01
	 2.775038e-01,  2.370389e-01
	 2.891235e-01,  2.111724e-01
	-2.994616e-01,  1.817775e-01
	-3.062819e-01,  1.842713e-01
	-3.226099e-01,  2.246107e-01
	-2.629421e-01,  2.061378e-01
	-2.622579e-01, -2.016451e-01
	-2.192629e-01, -1.962118e-01
	-2.697951e-01, -2.486747e-01
	-2.610826e-01, -2.624317e-01
	 9.964184e-02, -4.553098e-01
	 8.880154e-02, -4.261318e-01
	 6.355785e-02, -4.180331e-01
	 9.149564e-03,  5.213947e-02
	-9.854636e-03,  6.222816e-02
	 6.017013e-02,  8.539613e-02
	-2.446181e-01, -3.364305e-01
	-1.776086e-01,  1.902451e-01
	-1.952504e-01,  1.956058e-01
	-1.465836e-01,  2.100700e-01
	-1.405019e-01,  2.373602e-01
	-2.387508e-01,  6.349634e-02
	-2.448725e-01,  3.413793e-02
	-2.900248e-01,  3.491245e-02
	-2.746814e-01,  9.323533e-02
	-3.106380e-01,  6.842574e-02
	-3.106533e-01,  5.971879e-02
	-3.115220e-01,  6.617672e-02
	-2.931672e-02,  2.115201e-01
	-3.586967e-02,  2.193217e-01
	 2.390961e-03,  2.069179e-01
	 2.258849e-02,  2.349057e-01
	-3.997578e-01,  1.190667e-02
	-3.870839e-01,  7.923498e-03
	-4.191219e-01,  5.918357e-02
	-3.654147e-01,  6.887781e-02
	-3.738299e-01,  7.786154e-02
	-3.617519e-01,  1.537760e-02
	-3.919837e-01,  7.957557e-02
	-3.789920e-02, -1.538577e-01
	-7.537734e-02, -1.435159e-01
	-4.683178e-02, -1.978152e-01
	 2.416243e-01,  3.241934e-01
	 2.630759e-01,  3.055312e-01
	 2.635394e-01,  2.963492e-01
	 4.696946e-01, -6.681792e-02
	 2.233489e-01,  3.913107e-01
	-3.522534e-01, -2.288083e-01
	-3.557565e-01, -2.531703e-01
	-3.832173e-01, -2.081980e-01
	-3.766343e-01, -2.681370e-01
	 3.049268e-01, -2.815996e-01
	 2.590685e-01, -2.969249e-01
	-4.126410e-01,  2.058262e-01
	-4.661316e-01,  2.201045e-01
	-2.531298e-01, -5.599894e-02
	-2.187683e-01, -9.532921e-02
	-2.397277e-01, -3.299969e-02
	 5.000000e-01, -3.470944e-03
	 4.762894e-01,  1.316267e-02
	-5.000000e-01,  4.362544e-01
	-5.000000e-01,  5.000000e-01
	 3.054459e-01, -2.818079e-01
	 3.495898e-01, -2.287907e-01
	 3.521186e-01, -2.623624e-01
	-5.000000e-01,  1.041136e-01
	-4.045508e-01, -4.649615e-01
	-4.261209e-01, -5.000000e-01
	-3.784582e-01, -5.000000e-01
	-3.401103e-01,  1.615010e-01
	-3.706315e-01,  1.908725e-01
	-3.545623e-01,  2.197504e-01
	 1.787421e-01, -1.393910e-01
	 1.851072e-01, -1.853384e-01
	 1.542104e-01, -2.056628e-01
	 1.422469e-01, -2.017105e-01
	 5.000000e-01, -2.663663e-01
	 1.577901e-01,  5.000000e-01
	 1.259866e-01,  4.726005e-01
	 1.014275e-01,  5.000000e-01
	-6.758530e-03,  1.571414e-01
	 1.215595e-02,  1.897223e-01
	 5.747418e-02,  1.519201e-01
	 6.083790e-02,  1.642020e-01
	 3.890827e-02,  1.897572e-01
	-3.801938e-01,  2.495422e-01
	-3.587352e-01,  2.833654e-01
	-3.883918e-01,  3.174806e-01
	-4.628850e-01,  3.260700e-01
	-3.885329e-01,  3.254366e-01
	 9.681628e-02, -3.700600e-01
	 1.057542e-01, -4.011393e-01
	 8.334370e-02, -3.651196e-01
	 5.655410e-02, -3.936719e-01
	 1.804519e-01,  6.834104e-02
	 1.917156e-01,  4.473121e-02
	 1.537389e-01,  1.133752e-02
	 1.538998e-01,  6.763787e-02
	 1.399445e-01,  2.769696e-02
	 1.435434e-01,  1.718624e-02
	-2.678687e-01,  1.185088e-01
	 9.326164e-02,  4.134784e-01
	 7.292612e-02,  3.991836e-01
	 1.346929e-01,  3.993914e-01
	 1.455079e-01, -4.127488e-01
	 1.331834e-01, -4.544707e-01
	-2.959181e-01, -1.997367e-03
	-3.545966e-01,  1.323783e-02
	 4.690515e-01,  2.966372e-01
	 4.263716e-01,  2.947526e-01
	 4.865222e-01,  3.341020e-01
	 4.245383e-01,  3.444748e-01
	 4.495679e-01,  3.544843e-01
	-3.647301e-01, -3.635482e-01
	-3.515994e-01, -4.361756e-01
	-3.556939e-01, -4.348731e-01
	-3.650033e-01, -3.636589e-01
	-3.771604e-01, -3.957267e-01
	 2.461267e-02,  4.733123e-01
	 4.404067e-02,  4.484719e-01
	 4.380877e-02,  5.000000e-01
	 7.454525e-02,  5.000000e-01
	 7.313042e-02,  4.604566e-01
	 1.910940e-01, -3.738556e-01
	-1.390873e-01,  4.245718e-01
	-1.613866e-01,  4.372116e-01
	-1.304032e-01,  3.895804e-01
	-1.876628e-01,  4.180353e-01
	-1.884622e-01,  3.943283e-01
	-1.536234e-01,  3.749935e-01
	-5.000000e-01, -2.115571e-01
	-4.714051e-01, -2.010323e-01
	-3.655639e-01,  3.853300e-01
	-3.523583e-01,  4.452200e-01
	-3.249922e-01,  3.930982e-01
	-3.410652e-01,  4.418862e-01
	-2.442653e-01,  3.302857e-02
	-2.068002e-01, -1.733123e-01
	-5.000000e-01,  2.679498e-01
	-5.000000e-01,  2.276769e-01
	-3.159878e-01,  3.329392e-01
	-3.406633e-01,  2.841500e-01
	-3.690901e-01,  3.412025e-01
	-4.734444e-01, -3.784400e-01
	-4.809382e-01, -3.849817e-01
	-4.635995e-01, -3.288233e-01
	-5.000000e-01, -3.869001e-01
	-6.292363e-02, -3.615549e-01
	-1.106868e-01, -5.734725e-03
	-3.212474e-01, -2.115378e-01
	-3.218843e-01, -2.112567e-01
	-2.672224e-01, -1.980599e-01
	-3.250297e-01, -1.543801e-01
	-3.327468e-01, -1.707684e-01
	-2.766657e-01, -1.679908e-01
	-4.373298e-02,  4.236132e-01
	-1.643367e-02,  4.450455e-01
	 2.270913e-01, -1.324295e-01
	 2.215168e-01, -1.359110e-01
	-4.045537e-01, -4.608242e-01
	 2.460321e-01,  3.781244e-01
	 1.256115e-01,  4.607081e-01
	 9.478832e-02,  4.433166e-01
	 5.000000e-01,  3.376184e-01
	-2.248578e-01,  1.721806e-01
	 2.074025e-01,  1.639948e-01
	 1.931359e-01,  1.981078e-01
	 2.527069e-01,  1.767917e-01
	-4.354701e-01, -5.853540e-04
	 1.639355e-01, -3.810710e-01
	 1.329414e-01, -3.502973e-01
	 3.129423e-01,  5.000000e-01
	 2.917576e-01,  4.511175e-01
	 2.447014e-01,  5.000000e-01
	 2.823859e-01,  4.465199e-01
	 4.388798e-01,  4.225667e-01
	-4.275178e-01, -1.656575e-01
	-5.000000e-01, -1.534001e-01
	-4.639423e-01, -1.337585e-01
	-4.299317e-01, -1.584116e-01
	-5.000000e-01, -1.552557e-01
	-1.080017e-01,  2.918624e-01
	-7.646488e-02,  3.175236e-01
	-5.000000e-01,  3.099879e-01
	 2.591689e-01,  3.803666e-01
	 2.861012e-01,  4.057924e-01
	-2.588108e-01, -4.324632e-03
	-2.336363e-01,  1.728523e-01
	 5.276645e-02,  2.868327e-01
	 4.114504e-01,  4.323862e-02
	 3.678843e-01,  8.407835e-02
	 4.445899e-02, -6.989326e-02
	 5.000000e-01, -4.541730e-01
	 4.792615e-01, -4.501761e-01
	-2.069397e-01, -1.669828e-01
	-1.754753e-01, -1.365674e-01
	 4.030720e-01, -4.858185e-01
	 3.696896e-01, -4.511295e-01
	 4.389288e-01, -4.631494e-01
	 4.212461e-01, -4.324750e-01
	 4.318596e-01,  3.351861e-02
	 4.381763e-01, -4.070744e-01
	 4.148465e-01, -3.698807e-01
	 4.252570e-01, -3.617994e-01
	 3.395425e-01, -4.955177e-01
	 3.397901e-01, -5.000000e-01
	 2.636503e-01, -5.000000e-01
	-8.126676e-02,  2.238688e-01
	-7.921293e-02,  2.203237e-01
	-1.266401e-01,  2.422011e-01
	-2.777666e-01,  1.379385e-01
	-2.763281e-01,  1.371738e-01
	-3.775684e-01, -1.381146e-01
	-4.019513e-01, -1.196934e-01
	-3.455735e-01, -1.291089e-01
	-4.031929e-01, -1.139756e-01
	 1.764606e-01, -2.459515e-01
	 1.985836e-01, -2.474555e-01
	-8.020017e-02, -1.020398e-01
	-1.249152e-01, -1.060254e-01
	-1.249106e-01, -3.692812e-01
	-1.512114e-01, -4.213664e-01
	 1.962772e-01, -5.000000e-01
	 1.945406e-01, -4.418023e-01
	 1.515173e-01, -5.000000e-01
	 1.442093e-01, -4.635474e-01
	 1.948458e-01, -4.412828e-01
	 1.521085e-01, -4.092397e-01
	 4.029864e-01,  2.233731e-01
	 4.355722e-01,  2.456435e-01
	 4.628757e-01, -5.000000e-01
	 4.552506e-01, -4.687191e-01
	 4.025882e-01, -5.000000e-01
	 4.891894e-02,  2.191102e-01
	 5.000000e-01, -3.132383e-01
	 4.739972e-01, -3.174643e-01
	 4.659909e-01, -3.119715e-01
	 4.048455e-01, -3.705875e-01
	-4.309347e-01, -4.361082e-01
	-4.134237e-01, -4.014876e-01
	-1.769835e-02,  3.486175e-01
	-4.456074e-02,  4.057867e-01
	-7.316741e-03,  3.788564e-01
	-2.408072e-01, -1.266562e-01
	-2.611083e-01, -5.826375e-02
	-2.866959e-01, -1.045307e-01
	-2.570923e-01, -1.285177e-01
	-2.856940e-01, -1.093724e-01
	 4.599900e-01,  3.933190e-01
	-4.183407e-01,  1.302419e-01
	-1.601674e-01,  4.541150e-01
	-1.834989e-01,  4.833027e-01
	-1.811441e-01,  5.000000e-01
	 2.028142e-01,  1.003028e-01
	 2.003916e-01,  9.944265e-02
	 3.933816e-01, -2.152590e-01
	 3.302815e-01, -1.742941e-01
	 3.213146e-01,  2.002188e-01
	 3.272534e-01,  1.874861e-01
	 3.013239e-01,  1.518022e-01
	 2.690873e-01,  1.478444e-01
	 1.208182e-02,  4.160405e-01
	 3.896823e-02,  4.264126e-01
	 2.140577e-03,  3.844271e-01
	 6.513831e-02,  3.998800e-01
	 3.684824e-02,  3.736913e-01
	-1.029951e-01, -5.000000e-01
	-1.179561e-01, -4.750288e-01
	-1.617583e-01, -4.738510e-01
	 4.424854e-01,  4.360271e-03
	 4.340366e-01, -1.460939e-02
	 4.218589e-01, -2.041472e-02
	-4.403102e-01, -3.314191e-01
	-4.176964e-01, -3.081249e-01
	-3.933678e-01, -3.169565e-01
	-3.881438e-01, -3.481842e-01
	-4.250262e-01, -3.593311e-01
	-3.267600e-01, -1.434274e-01
	-4.308195e-01, -3.730248e-01
	 3.968122e-01,  1.485385e-01
	 3.710939e-01,  1.585511e-01
	 3.584343e-01,  1.761883e-01
	 3.915845e-01,  2.245098e-01
	-5.000000e-01,  1.713252e-01
	 5.000000e-01, -4.042121e-02
	 4.765837e-01, -5.145252e-02
	-3.927360e-02,  1.496943e-02
	-2.076525e-02,  6.043926e-02
	 3.330158e-01,  1.168455e-01
	-3.225409e-01,  3.919298e-01
	 1.313858e-01,  9.440708e-02
	 1.313700e-01,  9.345816e-02
	 1.563797e-01,  1.230251e-01
	-3.762228e-01, -1.747645e-01
	-3.823976e-01, -1.671902e-01
	 1.885134e-01, -1.325065e-01
	-5.902472e-02,  1.068313e-02
	 1.771494e-02, -5.757825e-02
	 6.248937e-02,  8.973985e-03
	 3.249947e-01,  1.165293e-01
	-4.240696e-02,  2.814056e-01
	-1.059679e-01,  2.803582e-01
	-7.663286e-02,  2.601253e-01
	 5.000000e-01,  3.946765e-01
	 4.231305e-01,  2.907716e-01
	-3.079286e-01,  3.378443e-01
	-4.341062e-02,  1.208174e-01
	 4.335278e-01, -3.248555e-01
	 2.701189e-01,  1.014177e-01
	 3.112474e-01,  9.957341e-02
	 2.491535e-01, -5.000000e-01
	-2.867146e-01, -3.035107e-01
	 2.951357e-01,  2.656572e-01
	 6.047392e-02,  8.537817e-02
	 8.134935e-02,  1.202350e-01
	 1.004108e-01,  1.240991e-01
	-3.962309e-01,  1.437169e-01
	-3.872477e-01,  1.866549e-01
	-3.496997e-02,  1.730966e-01
	-2.370188e-02, -9.703480e-02
	-3.256169e-01, -2.692967e-01
	-3.051617e-01, -2.441098e-01
	 2.031902e-01,  1.536931e-01
	 2.148901e-01,  1.286668e-01
	-3.427882e-01,  1.280447e-01
	-3.439133e-01,  1.298825e-01
	 1.718105e-01,  5.000000e-01
	-5.000000e-01, -4.654390e-01
	-4.763220e-01, -4.631258e-01
	-4.506697e-01, -5.000000e-01
	-5.000000e-01, -5.000000e-01
	 4.407815e-02,  3.508108e-01
	-3.401213e-01,  1.267901e-01
	-3.716757e-01, -3.005613e-01
	-4.455970e-01, -4.366859e-01
	 2.617465e-01,  1.335028e-01
	-9.342552e-02,  4.395702e-01
	-4.155535e-02, -3.202582e-01
	-7.401228e-02, -3.373144e-01
	 5.000000e-01, -5.000000e-01
	 9.345658e-02,  5.967972e-02
	 4.053700e-01, -6.155476e-02
	 8.407114e-02,  5.885675e-02
	-3.453168e-01, -3.133405e-01
	-3.173735e-01, -3.049211e-01
	-3.120370e-01, -3.075522e-01
	-1.670550e-01,  9.722275e-02
Mesh Facets: 1255
	19, 21
	60, 61
	95, 93
	113, 111
	112, 113
	134, 132
	145, 142
	13, 12
	121, 120
	109, 110
	20, 22
	176, 178
	131, 128
	198, 196
	69, 65
	225, 227
	168, 166
	238, 240
	184, 183
	51, 50
	130, 131
	131, 192
	259, 258
	152, 150
	52, 56
	237, 236
	255, 254
	146, 148
	41, 44
	227, 224
	227, 303
	270, 269
	116, 119
	66, 67
	115, 114
	342, 343
	348, 349
	264, 265
	300, 299
	282, 280
	233, 168
	169, 168
	85, 84
	126, 129
	320, 321
	273, 272
	384, 382
	291, 288
	279, 254
	253, 254
	2, 0
	306, 304
	18, 16
	159, 160
	140, 141
	188, 187
	247, 248
	116, 328
	114, 339
	114, 116
	165, 12
	12, 14
	369, 371
	94, 93
	93, 416
	420, 418
	249, 250
	107, 108
	80, 82
	256, 257
	409, 413
	431, 430
	148, 151
	148, 255
	252, 255
	76, 74
	440, 438
	219, 220
	173, 172
	154, 153
	112, 111
	455, 112
	111, 457
	466, 464
	472, 470
	216, 217
	72, 73
	132, 473
	133, 132
	115, 340
	92, 91
	117, 115
	29, 32
	347, 346
	266, 271
	381, 380
	35, 34
	194, 195
	187, 406
	187, 186
	144, 143
	106, 105
	429, 425
	315, 314
	98, 100
	190, 191
	126, 360
	127, 126
	449, 447
	362, 367
	391, 390
	39, 38
	199, 197
	219, 218
	219, 445
	392, 393
	320, 374
	322, 320
	412, 410
	304, 305
	304, 395
	338, 334
	204, 201
	380, 271
	271, 270
	378, 380
	270, 317
	263, 261
	68, 69
	69, 215
	382, 549
	383, 382
	441, 440
	551, 552
	552, 440
	32, 347
	31, 32
	551, 441
	349, 551
	439, 441
	347, 349
	542, 395
	395, 396
	343, 344
	343, 556
	335, 337
	90, 89
	404, 405
	368, 363
	559, 558
	495, 494
	163, 164
	232, 231
	471, 470
	470, 567
	570, 568
	427, 428
	203, 205
	202, 205
	480, 479
	205, 578
	502, 503
	461, 462
	512, 515
	4, 5
	233, 235
	281, 280
	354, 233
	353, 280
	582, 502
	502, 501
	156, 157
	517, 514
	102, 104
	611, 612
	319, 317
	263, 317
	352, 265
	265, 263
	409, 407
	409, 430
	430, 621
	28, 30
	329, 330
	463, 462
	512, 462
	513, 512
	368, 366
	368, 405
	405, 406
	406, 498
	76, 77
	76, 436
	510, 508
	200, 201
	201, 545
	630, 629
	578, 580
	577, 578
	431, 432
	637, 431
	120, 109
	120, 122
	109, 108
	422, 108
	332, 66
	66, 64
	207, 206
	222, 224
	224, 301
	309, 307
	57, 54
	178, 179
	178, 559
	559, 557
	605, 606
	390, 533
	390, 392
	392, 537
	612, 613
	612, 570
	570, 569
	325, 119
	398, 18
	17, 18
	119, 118
	96, 95
	599, 601
	654, 95
	419, 420
	438, 439
	438, 420
	439, 31
	31, 33
	104, 103
	104, 605
	605, 179
	179, 180
	508, 509
	508, 436
	459, 458
	436, 435
	36, 35
	35, 490
	61, 62
	61, 342
	342, 341
	352, 614
	350, 352
	46, 47
	300, 44
	282, 300
	586, 587
	282, 285
	43, 44
	664, 662
	375, 377
	598, 156
	156, 154
	524, 528
	154, 453
	611, 609
	303, 611
	303, 302
	151, 149
	454, 456
	433, 151
	408, 407
	622, 407
	671, 668
	358, 357
	486, 484
	629, 200
	629, 674
	579, 202
	202, 200
	278, 279
	279, 388
	548, 68
	627, 329
	68, 67
	329, 67
	509, 655
	195, 128
	496, 195
	128, 127
	127, 509
	0, 394
	0, 1
	401, 400
	105, 503
	105, 107
	107, 423
	503, 584
	294, 292
	170, 169
	169, 356
	14, 414
	14, 15
	25, 24
	464, 683
	464, 465
	594, 592
	652, 653
	323, 324
	366, 628
	364, 366
	482, 481
	293, 292
	292, 680
	385, 387
	467, 469
	696, 697
	268, 267
	77, 510
	77, 78
	510, 511
	496, 678
	493, 496
	455, 454
	258, 455
	150, 258
	150, 149
	149, 454
	451, 450
	308, 310
	565, 564
	402, 403
	37, 36
	657, 36
	8, 6
	212, 214
	125, 123
	313, 311
	713, 715
	714, 716
	596, 595
	371, 372
	97, 94
	94, 371
	665, 375
	375, 374
	537, 374
	651, 537
	676, 675
	721, 723
	687, 689
	446, 447
	522, 447
	679, 400
	399, 400
	567, 725
	232, 567
	230, 232
	322, 393
	393, 2
	594, 324
	324, 322
	2, 5
	594, 5
	693, 692
	690, 481
	481, 483
	650, 606
	606, 608
	147, 152
	662, 663
	662, 259
	259, 152
	142, 143
	142, 19
	20, 110
	20, 19
	110, 106
	143, 106
	485, 488
	546, 547
	603, 602
	251, 252
	252, 433
	433, 666
	344, 345
	344, 337
	529, 525
	337, 336
	226, 225
	743, 225
	285, 586
	285, 283
	586, 585
	182, 185
	180, 103
	180, 177
	99, 103
	554, 396
	396, 397
	442, 220
	220, 221
	490, 658
	490, 492
	757, 238
	238, 239
	758, 759
	712, 123
	123, 124
	680, 691
	170, 171
	170, 680
	33, 30
	33, 419
	419, 417
	30, 624
	645, 643
	738, 737
	38, 37
	391, 38
	394, 401
	394, 391
	402, 401
	402, 37
	645, 737
	642, 645
	628, 498
	685, 628
	737, 734
	498, 497
	734, 547
	734, 685
	215, 213
	686, 685
	215, 547
	608, 607
	608, 730
	767, 766
	231, 229
	471, 231
	221, 746
	221, 217
	217, 471
	373, 372
	372, 719
	630, 545
	774, 630
	334, 333
	334, 545
	198, 199
	775, 198
	199, 536
	244, 243
	504, 505
	294, 681
	771, 770
	295, 294
	133, 73
	135, 133
	626, 625
	73, 71
	585, 588
	585, 745
	495, 194
	495, 562
	577, 632
	194, 193
	576, 577
	644, 641
	538, 540
	540, 784
	540, 412
	408, 667
	412, 408
	307, 308
	307, 649
	564, 563
	308, 564
	351, 350
	707, 708
	350, 46
	46, 48
	242, 243
	9, 10
	777, 243
	25, 682
	241, 245
	26, 25
	772, 771
	749, 750
	771, 779
	672, 673
	654, 601
	794, 654
	739, 603
	601, 603
	599, 600
	599, 96
	96, 97
	720, 97
	631, 633
	625, 780
	623, 625
	211, 210
	426, 425
	425, 505
	505, 778
	71, 780
	71, 70
	780, 796
	80, 424
	81, 80
	467, 694
	467, 468
	727, 726
	733, 732
	752, 754
	646, 647
	354, 355
	354, 281
	284, 281
	697, 268
	697, 801
	268, 269
	316, 269
	677, 548
	157, 597
	158, 157
	546, 735
	548, 546
	581, 583
	246, 51
	47, 51
	47, 661
	190, 507
	190, 186
	500, 186
	34, 39
	39, 535
	491, 34
	672, 792
	360, 511
	360, 358
	700, 511
	358, 672
	429, 428
	429, 506
	428, 573
	773, 772
	286, 289
	772, 749
	749, 748
	135, 626
	134, 135
	418, 417
	418, 134
	417, 624
	626, 624
	783, 781
	138, 136
	338, 544
	338, 336
	336, 740
	572, 571
	519, 521
	161, 162
	6, 7
	6, 709
	531, 530
	539, 538
	538, 641
	641, 640
	777, 787
	778, 777
	778, 211
	208, 211
	707, 48
	707, 565
	566, 565
	327, 326
	49, 48
	783, 745
	783, 136
	137, 136
	744, 745
	529, 527
	529, 740
	740, 807
	817, 664
	664, 377
	376, 377
	803, 535
	534, 535
	389, 288
	287, 288
	820, 821
	821, 818
	627, 677
	513, 627
	514, 597
	514, 513
	677, 597
	301, 302
	302, 609
	301, 647
	609, 610
	752, 647
	752, 753
	1, 679
	3, 1
	446, 172
	172, 174
	679, 446
	618, 619
	72, 475
	72, 70
	81, 70
	81, 83
	276, 275
	798, 694
	694, 693
	693, 728
	10, 787
	10, 11
	787, 208
	208, 206
	639, 206
	346, 480
	346, 348
	674, 348
	674, 579
	480, 579
	466, 468
	725, 466
	726, 725
	468, 726
	516, 518
	527, 526
	527, 815
	290, 291
	291, 253
	251, 602
	253, 251
	795, 600
	600, 602
	682, 15
	788, 682
	810, 162
	160, 162
	16, 15
	16, 160
	541, 410
	411, 410
	765, 764
	580, 633
	580, 479
	29, 28
	29, 479
	623, 28
	623, 633
	637, 635
	818, 637
	819, 818
	684, 465
	692, 469
	469, 465
	689, 690
	690, 692
	722, 689
	801, 316
	801, 713
	714, 717
	714, 713
	318, 316
	175, 173
	673, 484
	791, 673
	173, 448
	484, 485
	485, 731
	326, 566
	326, 325
	17, 13
	13, 163
	163, 566
	325, 17
	658, 656
	658, 751
	813, 814
	534, 533
	533, 651
	651, 675
	675, 388
	534, 389
	388, 389
	558, 557
	558, 820
	729, 650
	820, 819
	650, 557
	819, 825
	489, 487
	615, 617
	474, 473
	473, 743
	743, 742
	518, 517
	518, 526
	526, 528
	598, 528
	517, 598
	583, 584
	583, 246
	250, 423
	250, 246
	584, 423
	421, 422
	422, 638
	774, 333
	556, 774
	335, 556
	335, 333
	800, 799
	750, 790
	750, 751
	751, 826
	573, 805
	573, 574
	138, 806
	139, 138
	613, 653
	653, 592
	753, 610
	753, 755
	592, 593
	613, 610
	383, 387
	383, 550
	760, 691
	691, 387
	822, 174
	174, 175
	731, 733
	731, 175
	756, 754
	733, 754
	562, 576
	562, 561
	203, 576
	203, 204
	808, 544
	544, 204
	712, 759
	759, 239
	312, 311
	311, 712
	239, 183
	183, 181
	210, 797
	210, 209
	434, 74
	74, 75
	363, 361
	363, 90
	477, 91
	91, 90
	458, 461
	458, 655
	702, 678
	678, 655
	461, 591
	226, 741
	226, 223
	615, 616
	615, 827
	472, 216
	196, 472
	218, 197
	216, 218
	196, 197
	636, 432
	413, 411
	432, 413
	411, 764
	764, 763
	356, 355
	355, 800
	779, 790
	779, 681
	800, 790
	356, 681
	555, 554
	554, 746
	746, 229
	277, 274
	229, 228
	426, 427
	426, 797
	809, 571
	427, 571
	797, 75
	75, 79
	648, 649
	40, 41
	649, 786
	298, 41
	415, 414
	45, 42
	414, 24
	24, 23
	297, 296
	236, 56
	236, 234
	56, 55
	770, 295
	770, 373
	370, 373
	385, 293
	293, 295
	386, 385
	60, 58
	668, 60
	669, 668
	21, 22
	21, 757
	124, 121
	124, 758
	22, 121
	758, 757
	794, 739
	457, 794
	457, 456
	666, 456
	739, 666
	299, 353
	299, 296
	235, 234
	234, 296
	353, 235
	283, 284
	283, 744
	814, 744
	814, 826
	826, 799
	799, 284
	398, 118
	159, 398
	161, 530
	161, 159
	478, 117
	118, 117
	532, 530
	683, 830
	830, 721
	722, 684
	684, 683
	721, 722
	828, 829
	92, 476
	88, 92
	384, 386
	416, 384
	386, 370
	370, 369
	369, 416
	267, 266
	266, 482
	482, 688
	695, 267
	23, 45
	23, 27
	590, 587
	587, 43
	43, 45
	589, 588
	782, 588
	825, 729
	825, 635
	634, 635
	729, 730
	769, 730
	493, 701
	560, 494
	815, 816
	815, 823
	494, 493
	735, 158
	735, 736
	158, 155
	171, 762
	167, 171
	184, 240
	240, 176
	185, 184
	185, 177
	176, 177
	55, 297
	55, 57
	298, 297
	298, 648
	57, 648
	590, 27
	589, 590
	831, 589
	26, 789
	27, 26
	582, 595
	582, 581
	581, 661
	661, 660
	718, 595
	222, 646
	646, 732
	223, 827
	223, 222
	488, 489
	732, 488
	489, 827
	515, 516
	516, 823
	591, 702
	591, 515
	823, 701
	701, 702
	506, 804
	244, 504
	504, 506
	833, 789
	789, 245
	245, 244
	101, 102
	102, 604
	442, 747
	442, 443
	52, 53
	52, 260
	306, 309
	306, 397
	54, 309
	54, 53
	747, 397
	53, 747
	796, 424
	424, 257
	631, 796
	631, 632
	193, 632
	192, 193
	192, 257
	520, 449
	793, 791
	791, 448
	448, 449
	699, 698
	715, 716
	715, 145
	596, 501
	596, 716
	145, 144
	144, 501
	328, 247
	328, 327
	50, 247
	49, 50
	327, 49
	8, 214
	11, 8
	64, 639
	65, 64
	11, 639
	214, 65
	345, 525
	345, 341
	659, 341
	525, 523
	212, 710
	213, 212
	364, 686
	364, 365
	686, 213
	706, 704
	59, 58
	670, 669
	669, 58
	574, 575
	724, 399
	399, 140
	139, 574
	139, 140
	130, 129
	130, 256
	82, 256
	82, 85
	85, 129
	492, 748
	492, 491
	491, 803
	803, 287
	748, 286
	287, 286
	643, 768
	643, 644
	703, 705
	785, 784
	644, 784
	775, 776
	549, 775
	761, 760
	549, 550
	760, 550
	720, 795
	720, 719
	289, 290
	289, 773
	290, 795
	719, 773
	607, 604
	607, 766
	834, 604
	765, 824
	766, 765
	572, 521
	572, 575
	521, 522
	522, 724
	724, 575
	249, 421
	421, 828
	340, 476
	340, 339
	248, 249
	828, 476
	339, 248
	524, 453
	453, 452
	659, 62
	659, 523
	63, 62
	523, 524
	207, 332
	332, 331
	209, 207
	437, 434
	434, 209
	802, 507
	507, 100
	101, 100
	101, 836
	711, 313
	191, 189
	314, 191
	87, 86
	314, 313
	378, 379
	378, 261
	542, 553
	543, 542
	261, 262
	792, 700
	792, 793
	793, 698
	698, 700
	451, 706
	452, 451
	59, 706
	59, 63
	452, 63
	318, 717
	318, 319
	614, 660
	614, 319
	718, 717
	718, 660
	167, 832
	237, 166
	260, 237
	167, 166
	443, 260
	443, 444
	459, 435
	435, 437
	459, 460
	437, 837
	87, 89
	87, 189
	188, 404
	188, 189
	404, 89
	361, 362
	362, 532
	532, 478
	477, 361
	478, 477
	687, 723
	723, 696
	688, 687
	688, 695
	696, 695
	618, 475
	475, 474
	742, 741
	474, 742
	618, 616
	741, 616
	802, 836
	802, 500
	499, 500
	811, 812
	836, 835
	809, 79
	809, 519
	699, 78
	699, 520
	520, 519
	79, 78
	709, 531
	531, 367
	365, 710
	365, 367
	710, 709
	486, 357
	486, 487
	620, 617
	617, 487
	359, 357
	84, 359
	84, 83
	83, 619
	620, 619
	620, 359
	671, 622
	622, 621
	621, 671
	813, 656
	813, 137
	141, 403
	137, 141
	657, 656
	403, 657
	640, 642
	812, 640
	642, 497
	499, 497
	499, 812
	331, 330
	331, 837
	330, 463
	463, 460
	837, 460
	274, 273
	273, 379
	555, 274
	555, 553
	379, 553
	769, 634
	769, 767
	636, 763
	634, 636
	767, 763
	638, 122
	638, 829
	829, 88
	125, 711
	125, 122
	711, 86
	86, 88
	788, 810
	788, 241
	242, 241
	9, 7
	9, 242
	810, 7
	146, 278
	278, 676
	665, 663
	676, 665
	146, 147
	147, 663
	323, 652
	323, 321
	569, 568
	568, 817
	817, 376
	376, 321
	569, 652
	822, 756
	822, 3
	756, 755
	593, 4
	4, 3
	755, 593
	727, 798
	230, 727
	228, 230
	798, 275
	275, 277
	277, 228
	834, 824
	834, 835
	835, 811
	824, 541
	811, 539
	539, 541
	98, 315
	98, 99
	312, 181
	181, 182
	182, 99
	312, 315
	563, 786
	563, 164
	42, 40
	415, 42
	415, 165
	164, 165
	786, 40
	543, 262
	305, 543
	351, 708
	351, 264
	305, 310
	262, 264
	708, 310
	444, 832
	832, 762
	761, 762
	761, 776
	536, 776
	536, 445
	445, 444
	561, 560
	808, 561
	807, 808
	807, 816
	560, 816
	670, 667
	670, 704
	704, 703
	703, 785
	667, 785
	728, 483
	728, 276
	272, 276
	272, 381
	381, 483
	782, 831
	831, 833
	833, 804
	804, 805
	806, 781
	805, 806
	781, 782
	738, 768
	736, 738
	153, 450
	153, 155
	736, 155
	768, 705
	705, 450
Facet Neighbors: 1255
	-3, 3
	-1, 10
	-2, 16
	-2, 19
	-4, 19
	-4, 23
	-3, 25
	2, 29
	21, 31
	18, 31
	3, 31
	-3, 33
	22, 36
	-2, 37
	11, 40
	-4, 42
	30, 44
	-3, 45
	34, 45
	8, 47
	22, 49
	36, 49
	-4, 50
	26, 50
	9, 51
	44, 51
	48, 55
	26, 55
	7, 59
	42, 60
	-4, 60
	53, 63
	20, 65
	11, 66
	20, 68
	-1, 69
	-1, 70
	52, 71
	59, 72
	56, 72
	44, 73
	30, 73
	14, 74
	22, 74
	64, 77
	54, 78
	-2, 79
	57, 80
	55, 80
	48, 80
	0, 81
	61, 82
	2, 83
	28, 83
	24, 84
	35, 85
	47, 87
	65, 87
	68, 87
	20, 87
	29, 88
	2, 88
	76, 89
	16, 89
	-2, 89
	-4, 90
	47, 91
	18, 91
	14, 92
	49, 92
	86, 94
	-1, 94
	26, 95
	55, 95
	48, 95
	13, 96
	-4, 97
	41, 98
	32, 99
	27, 100
	19, 101
	-4, 101
	-2, 101
	-2, 103
	-2, 104
	41, 104
	12, 105
	-4, 105
	23, 105
	68, 106
	15, 106
	20, 106
	5, 107
	70, 107
	53, 108
	78, 108
	6, 110
	36, 111
	85, 112
	35, 112
	25, 113
	18, 113
	93, 114
	62, 115
	17, 115
	35, 115
	74, 116
	22, 116
	99, 118
	75, 120
	81, 121
	6, 121
	37, 122
	41, 122
	98, 122
	81, 123
	77, 123
	64, 123
	86, 124
	61, 125
	82, 125
	67, 126
	38, 126
	108, 127
	53, 127
	78, 127
	63, 127
	52, 127
	11, 128
	40, 128
	-2, 129
	79, 129
	97, 130
	-1, 130
	-4, 130
	107, 131
	5, 131
	130, 131
	-1, 131
	97, 131
	70, 131
	125, 132
	82, 132
	69, 133
	-1, 133
	67, 133
	15, 134
	85, 134
	75, 134
	-3, 135
	111, 136
	29, 137
	43, 138
	104, 138
	-2, 138
	-4, 139
	93, 140
	38, 141
	38, 142
	107, 142
	141, 142
	113, 143
	102, 145
	117, 145
	0, 146
	44, 147
	56, 147
	73, 147
	72, 147
	143, 148
	113, 148
	27, 149
	117, 149
	17, 151
	-4, 152
	63, 153
	127, 153
	71, 153
	52, 153
	86, 155
	94, 155
	-1, 155
	5, 156
	66, 157
	102, 157
	145, 157
	117, 157
	75, 158
	134, 158
	85, 158
	112, 158
	13, 159
	96, 159
	116, 159
	38, 160
	126, 160
	-1, 160
	142, 161
	141, 161
	94, 162
	-1, 162
	31, 163
	21, 163
	18, 163
	91, 163
	66, 164
	11, 164
	39, 164
	42, 166
	60, 166
	61, 167
	9, 167
	33, 168
	-3, 168
	135, 168
	151, 168
	121, 169
	81, 169
	123, 169
	152, 170
	-4, 170
	139, 170
	65, 171
	83, 171
	2, 171
	20, 171
	16, 172
	150, 172
	-2, 172
	90, 173
	97, 173
	-4, 173
	131, 173
	5, 173
	17, 174
	151, 174
	168, 174
	33, 174
	116, 175
	159, 175
	102, 175
	96, 175
	6, 176
	110, 176
	10, 177
	-1, 177
	69, 177
	153, 178
	71, 178
	8, 178
	59, 179
	72, 179
	144, 179
	56, 179
	7, 179
	-4, 180
	77, 180
	149, 181
	27, 181
	119, 181
	100, 181
	152, 182
	-4, 182
	60, 182
	26, 183
	101, 183
	95, 183
	86, 184
	155, 184
	-1, 184
	74, 185
	109, 185
	160, 186
	-1, 186
	142, 186
	38, 186
	55, 187
	80, 187
	128, 188
	157, 188
	11, 188
	66, 188
	175, 189
	36, 189
	111, 189
	22, 189
	116, 189
	81, 190
	0, 190
	84, 190
	113, 191
	18, 191
	91, 191
	143, 191
	58, 192
	30, 192
	73, 192
	88, 193
	2, 193
	4, 193
	-2, 194
	103, 194
	146, 195
	170, 195
	64, 195
	158, 196
	75, 196
	108, 197
	58, 198
	192, 198
	79, 198
	103, 199
	-3, 200
	53, 200
	159, 201
	13, 201
	116, 201
	189, 202
	111, 202
	101, 203
	-4, 203
	50, 203
	26, 203
	183, 203
	100, 204
	61, 205
	137, 205
	84, 206
	6, 206
	176, 206
	1, 207
	40, 207
	21, 208
	62, 208
	-3, 209
	209, 210
	148, 210
	76, 211
	16, 211
	89, 211
	180, 212
	77, 212
	123, 212
	169, 212
	187, 212
	-3, 213
	197, 213
	99, 214
	118, 214
	190, 214
	84, 214
	-2, 215
	138, 215
	43, 215
	123, 216
	81, 216
	195, 216
	64, 216
	0, 216
	146, 216
	199, 217
	197, 217
	108, 217
	168, 218
	151, 218
	26, 219
	180, 219
	-4, 219
	50, 219
	25, 220
	-3, 220
	31, 220
	3, 220
	18, 220
	113, 220
	109, 221
	128, 222
	150, 223
	48, 223
	95, 223
	183, 223
	69, 224
	133, 224
	119, 224
	67, 224
	42, 225
	-4, 225
	179, 226
	56, 226
	144, 226
	34, 227
	174, 227
	33, 227
	17, 227
	132, 228
	82, 228
	98, 228
	41, 228
	176, 229
	110, 229
	-3, 231
	45, 231
	231, 232
	208, 232
	21, 232
	198, 233
	30, 233
	192, 233
	5, 235
	173, 235
	90, 235
	156, 235
	165, 236
	222, 236
	6, 237
	121, 237
	190, 237
	81, 237
	84, 237
	206, 237
	236, 238
	165, 238
	158, 238
	196, 238
	222, 238
	112, 238
	222, 239
	238, 239
	40, 239
	196, 239
	128, 239
	151, 240
	218, 240
	234, 240
	43, 241
	138, 241
	228, 241
	41, 241
	104, 241
	76, 242
	211, 242
	160, 243
	-1, 243
	67, 243
	126, 243
	37, 244
	-2, 244
	122, 244
	46, 245
	114, 245
	192, 246
	242, 246
	58, 246
	105, 247
	23, 247
	156, 247
	12, 247
	144, 248
	226, 248
	111, 249
	136, 249
	161, 249
	36, 249
	141, 249
	165, 250
	124, 250
	250, 251
	124, 251
	184, 251
	86, 251
	61, 252
	167, 252
	137, 252
	205, 252
	71, 253
	205, 253
	178, 253
	8, 253
	46, 254
	1, 254
	245, 254
	193, 255
	46, 255
	4, 255
	242, 256
	229, 256
	246, 256
	185, 257
	172, 258
	-2, 258
	223, 258
	150, 258
	150, 259
	172, 259
	16, 259
	211, 259
	161, 260
	247, 260
	156, 260
	39, 261
	93, 261
	114, 261
	245, 261
	247, 262
	12, 262
	260, 262
	92, 262
	14, 262
	199, 263
	103, 263
	215, 263
	221, 264
	230, 264
	166, 264
	73, 265
	147, 265
	56, 265
	200, 266
	-3, 266
	53, 266
	63, 266
	188, 267
	149, 267
	27, 267
	222, 267
	128, 267
	143, 268
	47, 268
	8, 268
	178, 268
	115, 269
	35, 269
	112, 269
	6, 270
	121, 270
	110, 270
	257, 271
	116, 271
	74, 271
	201, 271
	185, 271
	93, 272
	114, 272
	140, 272
	242, 273
	57, 273
	256, 273
	229, 273
	247, 274
	23, 274
	90, 274
	-4, 274
	235, 274
	156, 274
	248, 275
	24, 275
	126, 276
	67, 276
	224, 276
	140, 277
	118, 277
	28, 278
	1, 278
	207, 278
	120, 278
	124, 279
	250, 279
	165, 279
	254, 280
	245, 280
	261, 280
	39, 280
	253, 281
	205, 281
	137, 281
	65, 281
	8, 281
	248, 282
	275, 282
	24, 282
	226, 282
	119, 283
	224, 283
	276, 283
	-4, 284
	180, 284
	77, 284
	270, 285
	121, 285
	80, 285
	57, 285
	-3, 286
	-1, 286
	188, 287
	157, 287
	149, 287
	117, 287
	267, 287
	60, 288
	182, 288
	166, 288
	152, 288
	264, 288
	230, 288
	190, 289
	0, 289
	99, 289
	32, 289
	214, 289
	154, 290
	105, 290
	12, 290
	262, 290
	14, 290
	54, 291
	263, 291
	199, 291
	217, 291
	254, 292
	1, 292
	280, 292
	39, 292
	164, 292
	107, 293
	70, 293
	-1, 293
	186, 293
	142, 293
	103, 294
	-2, 294
	215, 294
	263, 294
	117, 295
	119, 295
	283, 295
	57, 296
	80, 296
	223, 296
	48, 296
	259, 296
	150, 296
	193, 297
	255, 297
	278, 297
	28, 297
	2, 297
	83, 297
	124, 298
	86, 298
	234, 298
	161, 299
	142, 299
	5, 299
	107, 299
	156, 299
	260, 299
	162, 300
	-1, 300
	286, 300
	194, 301
	199, 301
	103, 301
	197, 301
	217, 301
	213, 301
	266, 302
	-3, 302
	210, 302
	209, 302
	63, 302
	32, 303
	185, 303
	257, 303
	99, 303
	109, 303
	221, 303
	281, 304
	65, 304
	2, 304
	29, 304
	137, 304
	171, 304
	176, 305
	229, 305
	282, 305
	121, 306
	169, 306
	212, 306
	187, 306
	285, 306
	80, 306
	135, 307
	-3, 307
	218, 307
	286, 307
	168, 307
	300, 307
	109, 308
	154, 308
	105, 309
	-4, 309
	225, 309
	117, 310
	295, 310
	119, 310
	181, 310
	149, 310
	143, 311
	268, 311
	91, 311
	47, 311
	191, 311
	91, 312
	163, 312
	243, 313
	-1, 313
	133, 313
	67, 313
	265, 314
	256, 314
	229, 314
	305, 314
	272, 315
	140, 315
	275, 315
	24, 315
	170, 316
	195, 316
	288, 316
	230, 316
	146, 316
	152, 316
	79, 317
	129, 317
	233, 317
	198, 317
	289, 318
	32, 318
	221, 318
	303, 318
	230, 318
	264, 318
	249, 319
	136, 319
	141, 319
	38, 319
	276, 319
	126, 319
	232, 320
	231, 320
	62, 320
	208, 320
	45, 320
	34, 320
	261, 321
	39, 321
	96, 321
	13, 321
	75, 322
	134, 322
	106, 322
	15, 322
	102, 323
	175, 323
	202, 323
	189, 323
	145, 323
	225, 324
	42, 324
	154, 324
	308, 324
	104, 325
	-2, 325
	122, 325
	41, 325
	37, 325
	162, 326
	86, 326
	94, 326
	298, 326
	234, 326
	73, 327
	265, 327
	256, 327
	246, 327
	314, 327
	192, 327
	132, 328
	228, 328
	241, 328
	54, 328
	43, 328
	93, 329
	261, 329
	277, 329
	140, 329
	321, 329
	13, 329
	167, 330
	7, 330
	252, 330
	59, 330
	88, 331
	7, 331
	193, 331
	4, 331
	59, 332
	51, 332
	44, 332
	9, 332
	246, 333
	242, 333
	76, 333
	198, 333
	58, 333
	79, 333
	10, 334
	-1, 334
	184, 334
	3, 335
	-3, 335
	21, 335
	232, 335
	31, 335
	231, 335
	258, 336
	-2, 336
	101, 336
	183, 336
	223, 336
	72, 337
	59, 337
	44, 337
	332, 337
	147, 337
	56, 338
	226, 338
	282, 338
	305, 338
	314, 338
	265, 338
	171, 339
	83, 339
	278, 339
	28, 339
	106, 339
	20, 339
	120, 339
	-2, 340
	-3, 340
	301, 340
	194, 340
	213, 340
	312, 341
	106, 341
	15, 341
	79, 342
	-2, 342
	333, 342
	76, 342
	89, 342
	53, 343
	108, 343
	197, 343
	200, 343
	331, 344
	4, 344
	144, 344
	179, 344
	7, 344
	144, 345
	248, 345
	307, 346
	300, 346
	162, 346
	218, 346
	240, 346
	202, 347
	136, 347
	283, 347
	295, 347
	111, 347
	267, 348
	222, 348
	27, 348
	233, 349
	30, 349
	45, 350
	-3, 350
	34, 350
	227, 350
	33, 350
	332, 351
	9, 351
	59, 351
	330, 351
	167, 351
	344, 352
	144, 352
	345, 352
	255, 352
	4, 352
	148, 353
	143, 353
	268, 353
	178, 353
	210, 353
	166, 354
	264, 354
	324, 354
	42, 354
	109, 354
	221, 354
	308, 354
	117, 355
	295, 355
	323, 355
	145, 355
	347, 355
	202, 355
	272, 356
	245, 356
	114, 356
	352, 356
	255, 356
	46, 356
	17, 357
	151, 357
	228, 358
	98, 358
	9, 358
	51, 358
	61, 359
	82, 359
	167, 359
	9, 359
	228, 359
	358, 359
	262, 360
	92, 360
	260, 360
	161, 360
	249, 360
	36, 360
	49, 360
	118, 361
	257, 361
	303, 361
	99, 361
	201, 361
	209, 362
	-3, 362
	148, 362
	210, 362
	25, 362
	113, 362
	87, 363
	65, 363
	47, 363
	8, 363
	281, 363
	207, 364
	1, 364
	164, 364
	11, 364
	292, 364
	40, 364
	224, 365
	69, 365
	177, 365
	119, 365
	207, 366
	40, 366
	196, 366
	75, 366
	239, 366
	204, 367
	10, 367
	184, 367
	334, 367
	140, 368
	214, 368
	84, 368
	315, 368
	24, 368
	22, 369
	49, 369
	92, 369
	14, 369
	74, 369
	229, 370
	110, 370
	270, 370
	285, 370
	273, 370
	57, 370
	236, 371
	165, 371
	204, 371
	251, 371
	250, 371
	244, 372
	-2, 372
	233, 372
	129, 372
	317, 372
	259, 373
	211, 373
	57, 373
	273, 373
	296, 373
	242, 373
	151, 374
	240, 374
	357, 374
	298, 374
	234, 374
	277, 375
	140, 375
	118, 375
	214, 375
	368, 375
	91, 376
	312, 376
	106, 376
	68, 376
	47, 376
	341, 376
	87, 376
	181, 377
	100, 377
	177, 377
	365, 377
	10, 377
	119, 377
	164, 378
	66, 378
	39, 378
	96, 378
	321, 378
	269, 379
	115, 379
	17, 379
	357, 379
	208, 380
	35, 380
	115, 380
	15, 380
	62, 380
	78, 381
	127, 381
	132, 381
	125, 381
	52, 381
	271, 382
	257, 382
	361, 382
	201, 382
	204, 383
	100, 383
	367, 383
	10, 383
	377, 383
	302, 384
	63, 384
	178, 384
	153, 384
	210, 384
	353, 384
	349, 385
	44, 385
	51, 385
	30, 385
	358, 385
	98, 385
	175, 386
	96, 386
	102, 386
	378, 386
	15, 387
	380, 387
	85, 387
	35, 387
	134, 387
	75, 388
	120, 388
	339, 388
	322, 388
	106, 388
	213, 389
	-3, 389
	197, 389
	343, 389
	200, 389
	290, 390
	105, 390
	225, 390
	309, 390
	154, 390
	324, 390
	379, 391
	269, 391
	112, 391
	279, 391
	357, 391
	329, 392
	277, 392
	201, 392
	361, 392
	118, 392
	13, 392
	278, 393
	120, 393
	366, 393
	75, 393
	207, 393
	185, 394
	109, 394
	154, 394
	308, 394
	74, 394
	74, 395
	14, 395
	290, 395
	154, 395
	394, 395
	184, 396
	155, 396
	-1, 396
	305, 397
	282, 397
	84, 397
	24, 397
	176, 397
	206, 397
	165, 398
	279, 398
	238, 398
	112, 398
	391, 398
	66, 399
	378, 399
	157, 399
	102, 399
	386, 399
	54, 400
	78, 400
	328, 400
	132, 400
	381, 400
	346, 401
	240, 401
	326, 401
	162, 401
	234, 401
	163, 402
	312, 402
	341, 402
	208, 402
	21, 402
	380, 402
	15, 402
	297, 403
	255, 403
	46, 403
	1, 403
	254, 403
	278, 403
	55, 404
	187, 404
	180, 404
	212, 404
	26, 404
	219, 404
	195, 405
	64, 405
	139, 405
	-4, 405
	284, 405
	77, 405
	170, 405
	318, 406
	289, 406
	230, 406
	146, 406
	0, 406
	316, 406
	263, 407
	215, 407
	43, 407
	291, 407
	54, 407
	328, 407
	374, 408
	357, 408
	391, 408
	298, 408
	279, 408
	124, 408
	115, 409
	17, 409
	320, 409
	34, 409
	227, 409
	62, 409
	252, 410
	137, 410
	7, 410
	331, 410
	88, 410
	29, 410
	330, 410
	381, 411
	125, 411
	253, 411
	71, 411
	61, 411
	52, 411
	205, 411
	385, 412
	349, 412
	233, 412
	372, 412
	244, 412
	122, 412
	98, 412
	136, 413
	319, 413
	276, 413
	283, 413
	347, 413
	184, 414
	367, 414
	204, 414
	371, 414
	251, 414
	217, 415
	291, 415
	54, 415
	78, 415
	108, 415
	345, 416
	352, 416
	356, 416
	272, 416
	275, 416
	315, 416
	248, 416
	236, 417
	222, 417
	100, 417
	27, 417
	348, 417
	371, 417
	204, 417
Mesh Regions: 418
	50, 164, 288, 358, 605, 1185
	330, 479, 562, 619, 962, 1165
	7, 52, 61, 224, 298, 645, 678
	0, 10, 372, 819
	299, 483, 805, 866, 901
	92, 136, 182, 233, 408, 652
	96, 111, 242, 328, 414, 533
	28, 254, 799, 803, 869, 1207
	19, 249, 477, 528, 576, 959
	24, 211, 809, 893, 930, 935
	1, 244, 816, 977, 1033, 1061
	14, 33, 128, 206, 280, 964
	86, 456, 504, 611
	75, 191, 315, 757, 797, 1110
	42, 68, 507, 613, 988, 1122
	90, 146, 761, 855, 1047, 1079, 1161
	2, 63, 226, 338, 494
	104, 173, 234, 393, 926, 1042, 1200
	9, 67, 101, 203, 291, 373
	3, 4, 80
	32, 34, 59, 91, 225, 846
	8, 202, 332, 404, 821, 1159
	12, 20, 43, 107, 285, 985
	5, 88, 454, 549
	54, 555, 579, 725, 984, 1132
	6, 100, 369, 954
	23, 27, 72, 264, 322, 365, 1172
	79, 171, 258, 523, 884, 1251
	53, 561, 644, 844
	7, 60, 151, 679, 1210
	16, 41, 295, 406, 886, 1072
	8, 9, 10, 201, 371, 823
	78, 607, 670, 737
	11, 212, 237, 392, 891
	18, 390, 753, 889, 1202
	55, 99, 105, 531, 1045, 1082
	12, 21, 97, 283, 462, 943
	13, 112, 445, 775
	122, 157, 158, 194, 275, 745
	207, 499, 571, 621, 755, 1037
	14, 129, 331, 428, 966, 972
	77, 85, 113, 397, 437, 774
	15, 29, 208, 385, 768, 910
	152, 353, 434, 791, 1189
	16, 25, 40, 165, 808, 832, 1070
	17, 18, 401, 752, 887
	448, 478, 482, 925, 1164
	19, 56, 66, 527, 710, 958, 1026
	26, 49, 74, 378, 638
	20, 21, 69, 944, 986
	22, 23, 321, 368
	24, 25, 807, 931, 1071
	37, 127, 178, 1053, 1217
	31, 94, 124, 313, 519, 861
	45, 614, 790, 1145, 1191, 1238
	26, 27, 48, 73, 276, 1168
	39, 166, 253, 388, 516, 835
	47, 545, 590, 635, 995, 1008
	294, 308, 452, 814
	28, 38, 250, 801, 806, 831, 894
	29, 30, 209, 263, 598
	51, 119, 210, 325, 470, 932, 1216
	103, 333, 750, 1048, 1204
	31, 126, 175, 520, 669, 1064
	44, 117, 304, 357, 1175
	32, 57, 222, 575, 677, 957
	33, 183, 205, 281, 1036, 1140
	121, 145, 384, 443, 557, 717
	34, 58, 89, 1025
	35, 143, 246, 381, 968
	36, 93, 140, 624
	37, 177, 248, 474, 1215
	38, 39, 168, 251, 830
	40, 41, 167, 296, 514, 781
	42, 43, 106, 270, 538, 989, 1120, 1121
	109, 148, 187, 306, 758, 974, 1084, 1114
	62, 337, 439, 812, 859
	44, 116, 256, 341, 586, 1179
	45, 95, 125, 1049, 1146, 1239
	46, 131, 310, 732, 815, 856
	47, 48, 49, 277, 589, 636, 690
	50, 110, 115, 217, 287, 355, 417
	51, 120, 142, 395, 933
	52, 53, 223, 646, 842
	54, 289, 327, 350, 418, 982, 1131
	55, 98, 147, 189, 1081
	70, 118, 179, 267, 469, 648, 777
	56, 57, 58, 59, 956, 1028
	60, 61, 297, 802, 1209
	62, 63, 64, 339, 860
	65, 229, 410, 550
	66, 67, 204, 292, 709, 712, 1022
	68, 69, 506, 939, 987
	102, 156, 500, 541, 792
	70, 71, 180, 199, 778
	72, 73, 74, 266, 379
	75, 192, 241, 756, 1038, 1076
	76, 132, 139, 230
	77, 114, 396, 929, 1074, 1225
	78, 108, 347, 606, 673, 948
	79, 260, 324, 1030, 1059, 1250
	80, 81, 82, 265, 319, 827
	162, 184, 240, 762, 1077, 1143
	83, 301, 311, 509, 628, 661
	84, 85, 153, 438, 771
	86, 87, 88, 453, 610, 699, 1095
	89, 90, 91, 760, 845, 854, 1024, 1088
	92, 93, 135, 159, 623, 653
	94, 95, 123, 307, 362, 862, 1240
	271, 375, 674, 697, 911, 1117
	96, 243, 399, 535, 991
	97, 150, 284, 318, 459, 881
	98, 99, 190, 425, 532, 1102, 1138
	100, 101, 161, 170, 290, 374, 955
	102, 449, 501, 542, 922
	103, 104, 105, 530, 1041, 1046, 1199
	106, 107, 193, 238, 286, 316, 537
	163, 172, 186, 596, 632, 702, 914
	108, 348, 560, 945, 1019, 1109
	259, 383, 581, 633, 704, 970, 1034
	109, 564, 847, 1085, 1112
	110, 111, 216, 415, 534, 588, 685
	112, 113, 114, 447, 773, 1224
	115, 116, 117, 218, 342, 354
	118, 465, 467, 565, 647, 1198
	119, 120, 141, 1052, 1213
	121, 122, 195, 444, 556, 747
	123, 124, 125, 126, 127, 176, 1050
	128, 129, 278, 376, 430, 525
	130, 131, 733, 1004
	132, 133, 134, 137
	135, 136, 137, 138, 139, 140, 232
	141, 142, 394, 787, 1051, 1148
	143, 144, 145, 382, 716
	146, 147, 148, 188, 759, 1083
	149, 214, 691
	150, 460, 743, 878, 1226
	151, 326, 472, 574, 680, 1206
	152, 153, 154, 352, 435
	155, 221, 1176
	156, 543, 559, 723, 795, 980, 1018
	157, 160, 198, 463, 744
	158, 159, 160, 197, 274, 627, 651
	161, 169, 293, 526, 707, 903
	252, 389, 457, 867, 870, 898
	162, 163, 185, 766, 917
	164, 302, 359, 730, 1184
	165, 166, 167, 168, 515, 834
	169, 170, 336, 902, 952
	171, 172, 257, 522, 595, 706
	227, 377, 491, 492, 640
	173, 215, 235, 364, 431, 927, 1012
	174, 219, 261, 601, 731
	175, 176, 177, 178, 247, 1066
	609, 698, 769, 1098, 1118, 1124
	179, 180, 181, 268, 1127
	182, 411, 455, 498, 553, 654
	183, 184, 185, 186, 279, 594, 1142
	187, 188, 189, 190, 305, 422
	191, 192, 193, 239, 314
	194, 195, 196, 272, 441
	197, 198, 461, 496, 650, 941
	199, 200, 656, 776, 874, 1153
	201, 202, 203, 204, 713, 1155
	205, 206, 207, 622, 963, 1035
	412, 421, 464, 567, 997, 1135
	208, 209, 513, 600, 907
	210, 211, 471, 798, 896, 934
	212, 213, 214, 215, 236, 363, 695
	216, 217, 218, 343, 686
	219, 220, 221, 303, 726, 1180
	222, 223, 224, 225, 681, 841
	226, 227, 228, 488, 493
	229, 230, 231, 232, 233, 409
	234, 235, 236, 237, 391
	238, 239, 240, 241, 282, 763, 1075
	242, 243, 329, 398, 682, 1133
	244, 245, 246, 969, 1031
	247, 248, 249, 476, 529, 905, 1065
	250, 251, 252, 253, 254, 387, 868
	255, 256, 340, 366, 585, 1170
	257, 258, 259, 260, 705, 1029
	261, 262, 263, 599
	264, 265, 266, 323, 380, 828
	267, 268, 269, 468, 818, 978, 1126, 1231
	270, 271, 487, 540, 671, 1116
	272, 273, 274, 275, 626
	276, 277, 344, 688, 1169
	278, 279, 280, 281, 521, 593
	282, 283, 284, 285, 286, 317, 765
	287, 288, 289, 349, 416, 604
	290, 291, 292, 293, 711
	294, 295, 296, 309, 407, 450, 786
	297, 298, 299, 481, 641, 804
	300, 301, 659, 851
	302, 303, 304, 356, 727, 1174
	305, 306, 423, 429, 973
	307, 346, 361, 662, 863, 1091
	308, 309, 310, 405, 735, 813
	311, 360, 508, 616, 660
	312, 313, 517, 864, 1093
	314, 315, 316, 539, 949, 1057, 1107
	317, 318, 764, 877, 919
	319, 320, 321, 322, 323
	324, 976, 998, 1058, 1233, 1254
	325, 326, 473, 475, 573, 1218
	327, 328, 329, 419, 1134
	330, 331, 563, 961, 971, 1115
	332, 333, 403, 751, 1044, 1158
	334, 335, 668, 950
	335, 336, 667, 906, 953, 1067
	337, 338, 339, 440, 495, 1007
	340, 341, 342, 343, 344, 687, 1171
	345, 346, 664, 852, 1089
	347, 348, 349, 350, 608, 981, 1020
	351, 352, 353, 510, 630, 1188
	354, 355, 356, 357, 358, 359
	360, 361, 362, 617, 663, 1236
	363, 364, 432, 693, 875
	365, 366, 367, 368, 1173
	369, 370, 371, 372, 373, 374
	375, 511, 675, 738, 912
	376, 413, 424, 426, 524, 883, 1249
	377, 378, 379, 380, 490, 637, 829
	381, 382, 383, 384, 558, 582, 967
	385, 386, 701, 767, 1096
	387, 388, 389, 458, 580, 836
	390, 391, 392, 393, 890, 1203
	394, 395, 396, 397, 436, 788, 928, 936
	398, 399, 485, 547, 683, 720, 990
	512, 603, 729, 740, 1183
	400, 401, 402, 749, 824
	402, 403, 404, 748, 822
	405, 406, 407, 734, 885, 1003, 1221
	433, 649, 780, 1016, 1154
	408, 409, 410, 411, 552
	412, 413, 420, 996, 1248
	414, 415, 416, 417, 418, 419
	420, 421, 422, 423, 424, 425, 427, 1137
	426, 427, 428, 429, 430, 975
	431, 432, 433, 876, 1013, 1151
	434, 435, 436, 437, 438, 789
	439, 440, 451, 484, 544, 811, 1011
	441, 442, 443, 444, 714
	445, 446, 447, 1001, 1223
	448, 449, 480, 502, 569, 921
	450, 451, 452, 486, 784, 810
	453, 454, 455, 456, 497, 503, 548
	457, 458, 554, 577, 871, 1247
	459, 460, 461, 462, 463, 742, 942
	464, 465, 466, 566, 1000
	466, 467, 468, 469, 999, 1235
	470, 471, 472, 473, 800, 1205
	474, 475, 476, 477, 572, 1214
	478, 479, 480, 568, 618, 1166
	481, 482, 483, 642, 900, 924, 1163
	484, 485, 486, 546, 719, 783
	487, 536, 672, 946, 1055
	488, 489, 490, 491, 825
	492, 493, 494, 495, 639, 1006
	496, 497, 498, 505, 655, 940
	499, 500, 501, 502, 570, 754, 793
	503, 504, 505, 506, 507, 612, 938
	508, 509, 510, 615, 631, 1187
	511, 512, 513, 602, 741, 908
	514, 515, 516, 718, 782, 840
	517, 518, 519, 520, 665
	521, 522, 523, 524, 525, 597, 882
	526, 527, 528, 529, 708, 904
	530, 531, 532, 1040, 1101
	533, 534, 535, 587, 992
	536, 537, 538, 539, 540, 1054
	541, 542, 543, 722, 920, 1244
	544, 545, 546, 547, 994, 1009
	548, 549, 550, 551, 552, 553
	554, 555, 578, 724, 1245
	556, 557, 558, 583, 746, 1228
	559, 560, 794, 1017, 1106
	561, 562, 563, 564, 643, 843, 1111, 1167
	565, 566, 567, 1103, 1136, 1197
	568, 569, 570, 571, 620
	572, 573, 574, 575, 576, 676, 960
	577, 578, 579, 580, 684, 837, 1130
	581, 582, 583, 634, 879, 1229
	584, 585, 586, 1178
	587, 588, 589, 590, 689, 993
	591, 592, 658, 694
	593, 594, 595, 596, 597
	598, 599, 600, 601, 602, 603, 728
	604, 605, 606, 607, 608, 736, 1182
	609, 610, 611, 612, 613, 1094, 1123
	614, 615, 616, 617, 1190, 1237
	618, 619, 620, 621, 622, 965
	623, 624, 625, 626, 627
	628, 629, 630, 631
	632, 633, 634, 703, 880, 915
	635, 636, 637, 638, 639, 640, 1010
	641, 642, 643, 644, 645, 646, 1162
	647, 648, 649, 779, 1015, 1196
	650, 651, 652, 653, 654, 655
	656, 657, 658, 696, 873
	659, 660, 661, 662, 663, 664, 850
	665, 666, 667, 668, 669, 1063
	670, 671, 672, 673, 674, 675, 739, 947
	676, 677, 678, 679, 680, 681
	682, 683, 684, 721, 838, 1129
	685, 686, 687, 688, 689, 690
	691, 692, 693, 694, 695, 696, 872
	697, 698, 770, 913, 1119
	699, 700, 701, 1097
	702, 703, 704, 705, 706
	707, 708, 709, 710, 711
	712, 713, 853, 1023, 1156
	714, 715, 716, 717
	718, 719, 720, 721, 785, 839
	722, 723, 724, 725, 983, 1246
	726, 727, 728, 729, 730, 731, 1186
	732, 733, 734, 735, 1005
	736, 737, 738, 739, 740, 741, 1181
	742, 743, 744, 745, 746, 747, 1227
	748, 749, 750, 751, 752, 753, 1201
	754, 755, 756, 757, 796, 1039
	758, 759, 760, 761, 1087
	762, 763, 764, 765, 766, 916
	767, 768, 769, 770, 909, 1099
	771, 772, 773, 774, 775
	776, 777, 778, 779, 780, 1152
	781, 782, 783, 784, 785, 786
	787, 788, 789, 790, 791, 1147, 1192
	792, 793, 794, 795, 796, 797, 1105
	798, 799, 800, 801, 895, 1211
	802, 803, 804, 805, 865, 1208
	806, 807, 808, 809, 833, 892
	810, 811, 812, 813, 814, 815, 858
	816, 817, 818, 979
	819, 820, 821, 822, 823, 824
	825, 826, 827, 828, 829
	830, 831, 832, 833, 834
	835, 836, 837, 838, 839, 840
	841, 842, 843, 844, 845, 846, 847, 1086
	848, 849, 850, 851, 852
	853, 854, 855, 1027, 1157
	856, 857, 858, 859, 860
	861, 862, 863, 864, 1092
	865, 866, 867, 868, 869, 897
	870, 871, 899, 1241
	872, 873, 874, 875, 876, 1150
	877, 878, 879, 880, 881, 918, 1230
	882, 883, 884, 1252
	885, 886, 1069, 1220
	887, 888, 889, 890, 891
	892, 893, 894, 895, 896
	897, 898, 899, 900, 901, 923, 1242
	902, 903, 904, 905, 906, 1068
	907, 908, 909, 910, 911, 912, 913
	914, 915, 916, 917, 918, 919
	920, 921, 922, 923, 924, 925, 1243
	926, 927, 1014, 1043, 1104, 1194
	928, 929, 930, 931, 937, 1073
	932, 933, 934, 935, 936, 937
	938, 939, 940, 941, 942, 943, 944
	945, 946, 947, 948, 949, 1056, 1108
	950, 951, 952, 953, 954, 955
	956, 957, 958, 959, 960
	961, 962, 963, 964, 965, 966
	967, 968, 969, 970, 1032
	971, 972, 973, 974, 975, 1113
	976, 977, 978, 979, 1060, 1232
	980, 981, 982, 983, 984, 1021
	985, 986, 987, 988, 989
	990, 991, 992, 993, 994, 995
	996, 997, 998, 999, 1000, 1234, 1253
	1001, 1002, 1003, 1004, 1005, 1222
	1006, 1007, 1008, 1009, 1010, 1011
	1012, 1013, 1014, 1015, 1016, 1193
	1017, 1018, 1019, 1020, 1021
	1022, 1023, 1024, 1025, 1026, 1027, 1028
	1029, 1030, 1031, 1032, 1033, 1034, 1062
	1035, 1036, 1037, 1038, 1039, 1078, 1141
	1040, 1041, 1042, 1043, 1100
	1044, 1045, 1046, 1047, 1048, 1080, 1160
	1049, 1050, 1051, 1052, 1053, 1149, 1212
	1054, 1055, 1056, 1057
	1058, 1059, 1060, 1061, 1062
	1063, 1064, 1065, 1066, 1067, 1068
	1069, 1070, 1071, 1072, 1073, 1074, 1219
	1075, 1076, 1077, 1078, 1144
	1079, 1080, 1081, 1082, 1083
	1084, 1085, 1086, 1087, 1088
	1089, 1090, 1091, 1092, 1093
	1094, 1095, 1096, 1097, 1098, 1099
	1100, 1101, 1102, 1103, 1104, 1139, 1195
	1105, 1106, 1107, 1108, 1109, 1110
	1111, 1112, 1113, 1114, 1115
	1116, 1117, 1118, 1119, 1120, 1125
	1121, 1122, 1123, 1124, 1125
	1126, 1127, 1128
	1129, 1130, 1131, 1132, 1133, 1134
	1135, 1136, 1137, 1138, 1139
	1140, 1141, 1142, 1143, 1144
	1145, 1146, 1147, 1148, 1149
	1150, 1151, 1152, 1153, 1154
	1155, 1156, 1157, 1158, 1159, 1160, 1161
	1162, 1163, 1164, 1165, 1166, 1167
	1168, 1169, 1170, 1171, 1172, 1173
	1174, 1175, 1176, 1177, 1178, 1179, 1180
	1181, 1182, 1183, 1184, 1185, 1186
	1187, 1188, 1189, 1190, 1191, 1192
	1193, 1194, 1195, 1196, 1197, 1198
	1199, 1200, 1201, 1202, 1203, 1204
	1205, 1206, 1207, 1208, 1209, 1210, 1211
	1212, 1213, 1214, 1215, 1216, 1217, 1218
	1219, 1220, 1221, 1222, 1223, 1224, 1225
	1226, 1227, 1228, 1229, 1230
	1231, 1232, 1233, 1234, 1235
	1236, 1237, 1238, 1239, 1240
	1241, 1242, 1243, 1244, 1245, 1246, 1247
	1248, 1249, 1250, 1251, 1252, 1253, 1254
Seed Numbers: 418
	0
	1
	2
	3
	4
	5
	6
	7
	8
	9
	10
	11
	12
	13
	14
	15
	16
	17
	18
	19
	20
	21
	22
	23
	24
	25
	26
	27
	28
	29
	30
	31
	32
	33
	34
	35
	36
	37
	38
	39
	40
	41
	42
	43
	44
	45
	46
	47
	48
	49
	50
	51
	52
	53
	54
	55
	56
	57
	58
	59
	60
	61
	62
	63
	64
	65
	66
	67
	68
	69
	70
	71
	72
	73
	74
	75
	76
	77
	78
	79
	80
	81
	82
	83
	84
	85
	86
	87
	88
	89
	90
	91
	92
	93
	94
	95
	96
	97
	98
	99
	100
	101
	102
	103
	104
	105
	106
	107
	108
	109
	110
	111
	112
	113
	114
	115
	116
	117
	118
	119
	120
	121
	122
	123
	124
	125
	126
	127
	128
	129
	130
	131
	132
	133
	134
	135
	136
	137
	138
	139
	140
	141
	142
	143
	144
	145
	146
	147
	148
	149
	150
	151
	152
	153
	154
	155
	156
	157
	158
	159
	160
	161
	162
	163
	164
	165
	166
	167
	168
	169
	170
	171
	172
	173
	174
	175
	176
	177
	178
	179
	180
	181
	182
	183
	184
	185
	186
	187
	188
	189
	190
	191
	192
	193
	194
	195
	196
	197
	198
	199
	200
	201
	202
	203
	204
	205
	206
	207
	208
	209
	210
	211
	212
	213
	214
	215
	216
	217
	218
	219
	220
	221
	222
	223
	224
	225
	226
	227
	228
	229
	230
	231
	232
	233
	234
	235
	236
	237
	238
	239
	240
	241
	242
	243
	244
	245
	246
	247
	248
	249
	250
	251
	252
	253
	254
	255
	256
	257
	258
	259
	260
	261
	262
	263
	264
	265
	266
	267
	268
	269
	270
	271
	272
	273
	274
	275
	276
	277
	278
	279
	280
	281
	282
	283
	284
	285
	286
	287
	288
	289
	290
	291
	292
	293
	294
	295
	296
	297
	298
	299
	300
	301
	302
	303
	304
	305
	306
	307
	308
	309
	310
	311
	312
	313
	314
	315
	316
	317
	318
	319
	320
	321
	322
	323
	324
	325
	326
	327
	328
	329
	330
	331
	332
	333
	334
	335
	336
	337
	338
	339
	340
	341
	342
	343
	344
	345
	346
	347
	348
	349
	350
	351
	352
	353
	354
	355
	356
	357
	358
	359
	360
	361
	362
	363
	364
	365
	366
	367
	368
	369
	370
	371
	372
	373
	374
	375
	376
	377
	378
	379
	380
	381
	382
	383
	384
	385
	386
	387
	388
	389
	390
	391
	392
	393
	394
	395
	396
	397
	398
	399
	400
	401
	402
	403
	404
	405
	406
	407
	408
	409
	410
	411
	412
	413
	414
	415
	416
	417
Phase Numbers: 418
	2
	2
	1
	3
	2
	3
	2
	2
	0
	2
	2
	1
	3
	2
	0
	2
	0
	0
	2
	3
	3
	3
	2
	2
	2
	3
	1
	2
	3
	3
	3
	3
	3
	3
	2
	3
	2
	3
	0
	2
	2
	2
	2
	2
	3
	3
	1
	2
	0
	2
	0
	2
	0
	2
	2
	3
	1
	3
	2
	3
	2
	1
	2
	3
	2
	2
	3
	3
	2
	2
	3
	2
	3
	3
	3
	2
	3
	2
	3
	2
	1
	2
	0
	0
	2
	3
	2
	3
	2
	2
	2
	2
	3
	2
	2
	2
	0
	0
	1
	3
	0
	0
	3
	3
	0
	2
	2
	3
	2
	3
	1
	2
	1
	3
	2
	2
	2
	3
	2
	3
	3
	3
	2
	3
	3
	3
	1
	3
	2
	2
	2
	3
	2
	1
	3
	2
	2
	0
	2
	2
	0
	2
	3
	2
	2
	2
	2
	2
	3
	3
	2
	3
	0
	3
	3
	0
	2
	3
	2
	0
	2
	3
	2
	3
	2
	2
	3
	3
	3
	0
	3
	2
	3
	3
	3
	3
	3
	2
	3
	3
	3
	0
	3
	2
	0
	1
	2
	1
	2
	2
	3
	2
	0
	2
	1
	2
	0
	3
	3
	3
	3
	1
	2
	3
	3
	2
	2
	0
	3
	3
	3
	2
	3
	3
	2
	1
	3
	3
	3
	3
	3
	2
	2
	2
	3
	3
	2
	0
	2
	3
	2
	0
	3
	3
	3
	1
	1
	2
	3
	0
	3
	2
	1
	1
	3
	0
	2
	1
	3
	1
	3
	2
	3
	3
	1
	2
	3
	2
	3
	3
	3
	0
	3
	1
	2
	3
	2
	2
	3
	2
	3
	0
	3
	3
	2
	1
	2
	3
	1
	3
	3
	2
	3
	3
	2
	3
	1
	2
	1
	3
	2
	2
	3
	2
	3
	1
	0
	2
	2
	3
	2
	3
	2
	3
	3
	3
	1
	2
	3
	2
	3
	2
	3
	3
	3
	2
	3
	2
	2
	3
	2
	3
	3
	2
	3
	2
	3
	2
	2
	3
	2
	0
	3
	3
	3
	2
	2
	3
	0
	3
	1
	3
	3
	2
	2
	2
	2
	1
	2
	2
	3
	2
	2
	3
	0
	3
	1
	3
	3
	3
	2
	1
	3
	0
	3
	3
	3
	1
	3
	2
	2
	2
	2
	2
	2
	3
	3
	3
	3
	0
	2
	2
	2
	3
	3
	0
	2
	2
	1
	2
	1
	2
	3
	3
	2
	2
	1
	2
	2
	3
	3
	3
	0
	3
	3
	3
	3
	2
	2
	2
	3
	3
	2
	3
	0
	2
	1
	2
Volumes: 418
	0.002543927120153346
	0.0024955628912977793
	0.002530331049811133
	0.0011626956689512013
	0.0018459189592357184
	0.0022992031201593374
	0.0019122238738055275
	0.0030857685919433147
	0.002665835729681239
	0.001893616042921674
	0.0030048681913165216
	0.0031866964427445165
	0.0020748743848337456
	0.00222566726392353
	0.0024308679895352356
	0.0029364328999415146
	0.002261690749295089
	0.003061657303446333
	0.002711182108363645
	0.0004167925975474684
	0.0026948852009269155
	0.002186402681037822
	0.0025121930964161843
	0.0017714694731606891
	0.0028272661376060213
	0.0016354204419983369
	0.002066692011110674
	0.0026247188112904878
	0.0018268886961099661
	0.001983704678095356
	0.0018402316782555532
	0.003064715879562549
	0.002190331185190358
	0.0020300158427758023
	0.0018152137599598318
	0.003123754152811458
	0.002450961454536185
	0.0007756848000480467
	0.0025326294252817376
	0.002962868734719434
	0.003060549976564624
	0.0023807946773853044
	0.0021696686109514223
	0.002236295173400951
	0.002437631596365768
	0.0014365407010648872
	0.002143972301820447
	0.0032496871354071016
	0.0024429563354758568
	0.0016489996071786738
	0.001156071200011339
	0.0022671484223852757
	0.002092338000937401
	0.0027901398918654488
	0.002644426581923022
	0.00236364128277584
	0.002247655797118996
	0.0029514565095319347
	0.0017762287400881573
	0.0031647047419206716
	0.001490590784669529
	0.0028900718651362887
	0.0021632899293423063
	0.002415143347353997
	0.0017914337360801582
	0.0023504423044136556
	0.002109413520042791
	0.0020504888898566667
	0.0018999502060126502
	0.0031946778276638515
	0.0026029197882135383
	0.002436922040158855
	0.0020032374449316876
	0.0025271489303935833
	0.0026517261477305883
	0.0030188544170638276
	0.0018827505799049384
	0.002756309189880602
	0.00248392492347609
	0.0026560044538139556
	0.002847163084529418
	0.002406305421548313
	0.00262859289094293
	0.002397320769717967
	0.00356320175124631
	0.002225131555925916
	0.002978760408287052
	0.0023691179065941878
	0.0015092631238061108
	0.002085500420631781
	0.0013707716654811557
	0.0025241874604703123
	0.002203567252414036
	0.0015344533126917242
	0.0022379866263796903
	0.0024849509846015185
	0.0021613644822117747
	0.0013206330647819002
	0.0036736553981988784
	0.0020837808957187677
	0.0018748611554259735
	0.002906285476388393
	0.001743289431802654
	0.0016368764339956933
	0.0011744525879014748
	0.0025787783426814447
	0.0027499203362538168
	0.0027450314800361785
	0.0038049680384222616
	0.0019542208542569564
	0.0015897417312098778
	0.002150045591268492
	0.003672828408244561
	0.0030236811659926782
	0.002551970447850315
	0.003083015727590696
	0.0027971843136901176
	0.0028931469204899187
	0.0022722568968516254
	0.002974509232598275
	0.002443020010291003
	0.0030094915088323413
	0.0029146931939931274
	0.0025040932836149802
	0.00257287888793002
	0.0023105880676702524
	0.0019288137495096062
	0.0031913924940681457
	0.0029748845921097646
	0.0010202296498536027
	0.0012603069230288494
	0.0034103346665531106
	0.0025509502420632203
	0.0025006590544187426
	0.0025680794862259614
	0.0008350154900712806
	0.0025106126820892737
	0.0022147615522345584
	0.0016070847842561916
	0.0007721542574325993
	0.0023952450961678747
	0.0026079493522853485
	0.002751167349754953
	0.001946929469451896
	0.0018164573901088867
	0.001895954641147367
	0.0025049812023302765
	0.002156312371896681
	0.0021895399025992843
	0.0028658016340569054
	0.002754542259684608
	0.003088465688650165
	0.0018562362307891962
	0.0022885206631997317
	0.002426793318286831
	0.00204302162634185
	0.0022654973765230896
	0.0024892323018820468
	0.002982657178863074
	0.0017042757380041195
	0.0019580332026726197
	0.00268348834182852
	0.0022722719119636315
	0.002805394843158704
	0.0028660773800782283
	0.0024952322997949875
	0.002158851938352681
	0.002298126830105153
	0.003081005920872628
	0.0034426451777688364
	0.0021692484330774055
	0.002617192275716315
	0.0014292340356914005
	0.001934557361850739
	0.002877688354376747
	0.002710728380712523
	0.002452118327351048
	0.0036751971999180134
	0.0029293584076988686
	0.0026533749602028777
	0.002950774102012807
	0.0025093130384828094
	0.0010059607745862783
	0.0027929162152278766
	0.003347637816027417
	0.002672303622701166
	0.002770500858650579
	0.002124692279025034
	0.0025458564327607673
	0.003039460074179599
	0.0035154958135543497
	0.0014201378846855977
	0.0025391256017101033
	0.0027374905203928854
	0.0010418993525058845
	0.002319716858591353
	0.0018465296515420239
	0.0023541827175390436
	0.0017841156410454534
	0.001664907434592328
	0.0017072723177321129
	0.002583118168840453
	0.002352762324371569
	0.001181136921102078
	0.0022489509635913755
	0.0026434477840207495
	0.002755566217326516
	0.0021732855250610403
	0.0017999616827658435
	0.002299272368135202
	0.0017481113975070894
	0.0027855144726389104
	0.0037131117559582286
	0.0015936288231993845
	0.002814329140175775
	0.001752393074719999
	0.001777099052432782
	0.0024672009238510735
	0.00300936400326332
	0.0026219020662175364
	0.002488321706753126
	0.002643864429919462
	0.0028945957390197306
	0.002717879343820594
	0.002662682599578311
	0.001899940876288058
	0.0020178770835927295
	0.002625902143324631
	0.004088240512437476
	0.0031532282973378185
	0.0020177105674231127
	0.0014597271492945451
	0.002343813856894747
	0.0027106873215905613
	0.0017538575298898201
	0.0017788520817263137
	0.0023622893443141337
	0.0032046286857010304
	0.00360034379772123
	0.003054004941650084
	0.002402396670532737
	0.00321266873379289
	0.002896764704282527
	0.001978921566960357
	0.0012056587900453222
	0.0026009845493126195
	0.002851840363384651
	0.0027109976114980073
	0.002321563732865933
	0.002888314476578395
	0.0025225127763361006
	0.0025104898575202365
	0.0025473850016339322
	0.003443804060329223
	0.002320358579473616
	0.0029306693744134077
	0.0028324056732043556
	0.0020315533818511915
	0.002410923043207194
	0.002367606098920478
	0.002763810478095579
	0.002586791939202383
	0.002865257663670139
	0.0023063328640585586
	0.002277555539500079
	0.0023160068686435106
	0.00251302783331979
	0.0027473045780137383
	0.003047850368928855
	0.0027721443832432113
	0.002192618768643485
	0.0029679345191955366
	0.002083522525509968
	0.00332780013642723
	0.0027808151930320203
	0.0018557649654309847
	0.002923061542330196
	0.0017189929606158429
	0.003246933258229903
	0.001798646661747749
	0.0023125570141377025
	0.0031796829791220543
	0.002205926724969419
	0.0029407552354220774
	0.0022157937776146647
	0.0032064754462796307
	0.0013186743869369798
	0.0015848120967539244
	0.002526351999408083
	0.0027335488454964933
	0.0032713444304885058
	0.002191745335995597
	0.002059747730100804
	0.0014940451761990049
	0.0008431756574820593
	0.002097313325362141
	0.002541474436445363
	0.0031113015860295837
	0.002231924212206355
	0.0022868979874617746
	0.0029405470595925257
	0.002691029404906405
	0.0026154437329140947
	0.0030031700038239753
	0.002776795281967193
	0.0022208876809150097
	0.0029933265586954477
	0.0029804832785263126
	0.002134385501356853
	0.0011330521420551186
	0.0018342518381802568
	0.0019292311517893714
	0.001788784292355862
	0.0014081469248196348
	0.002436188809281704
	0.001999136027699655
	0.0023855363704519844
	0.0016830432287794292
	0.0021558789197947217
	0.0024161274166837523
	0.0020740205212913775
	0.0026011224606771305
	0.0021280476427662986
	0.002484496105800199
	0.0026782902491712347
	0.001976100782468125
	0.0022677599515233547
	0.0021162920188062054
	0.0028663876999892165
	0.0021799014787287196
	0.002534663356763567
	0.001724667107346526
	0.00224855964353746
	0.0028451615122222587
	0.0017512260426516663
	0.002189824790940364
	0.002637567601848633
	0.002645037453692604
	0.0027311429544294597
	0.0030838389282029405
	0.0018462682556083132
	0.002466473526474758
	0.0016028060647054862
	0.0021780512306791757
	0.002301965189180853
	0.002021529004161831
	0.002638861778840933
	0.0023804829257264267
	0.0017381968487011573
	0.002079663532608739
	0.0013794424298683963
	0.0028090406953870804
	0.003071989728136714
	0.0026647559071174905
	0.0020113875979775064
	0.003027401778419413
	0.0035221299086201138
	0.0027906770190599902
	0.003180662116521055
	0.002194824642029247
	0.0030803635623439006
	0.0026456328778605613
	0.0026152575564486868
	0.0023250288074228164
	0.0025634115793963666
	0.002110233882301473
	0.002433102205336283
	0.0022442463305285963
	0.002764139976569779
	0.002301433609193139
	0.0027876550577661083
	0.001988133404647797
	0.002848817997876345
	0.0031379318810701466
	0.0018546901151911632
	0.0013800040981908626
	0.0027369795276472536
	0.0028002955086213832
	0.0029946515543394624
	0.0027340976771537103
	0.0029796340151051035
	0.002587306482318107
	0.0016338147424702727
	0.0026762324266492933
	0.0024541239171223445
	0.0030815120403375135
	0.0014663217935050141
	0.0025095133915038394
	0.0018377745052352017
	0.0018526438284276092
	0.0029951693534670046
	0.002799416964847143
	0.0025041626185361497
	0.002303440875902454
	0.002148794027903254
	0.002435974233854275
	0.0008049644658072316
	0.0024134205734544518
	0.0020194100180030167
	0.0016032881051887987
	0.0017905026613675703
	0.0016884619858089805
	0.0031396899855611897
	0.0028627306128160696
	0.0019779799846171833
	0.0023303057011248023
	0.0019195337224711753
	0.002353771734166705
	0.002456897984182198
	0.0023043794474544477
	0.0028797391840892058
	0.0033566140387533217
	0.00306332423694857
	0.0022867666044041977
	0.0016036060727745265
	0.0026458000115524593
	0.00269642169325449
	0.0029515577522337294
