Mesh Points: 838
	 4.018863e-01, -1.229517e-01
	 3.854050e-01, -1.420209e-01
	 4.390329e-01, -1.487770e-01
	 4.353914e-01, -1.776994e-01
	 4.012366e-01, -1.982687e-01
	 3.826998e-01, -1.827699e-01
	 1.335440e-01, -2.448299e-01
	 1.141256e-01, -2.249053e-01
	 1.230255e-01, -1.945031e-01
	 1.621692e-01, -2.004138e-01
	 1.735712e-01, -2.372383e-01
	 1.680499e-01, -2.425110e-01
	 2.048408e-01, -5.000000e-01
	 1.981504e-01, -4.641508e-01
	 1.614781e-01, -5.000000e-01
	 1.509999e-01, -4.625784e-01
	 1.412838e-01,  4.161611e-01
	 1.280563e-01,  4.246774e-01
	 1.675014e-01,  4.229385e-01
	 1.697409e-01,  4.748213e-01
	 1.810474e-01,  4.616367e-01
	 1.316126e-01,  4.653478e-01
	 2.496374e-01, -2.525570e-03
	 2.153959e-01,  3.052930e-02
	 2.781459e-01,  3.434520e-02
	 2.198777e-01,  5.459436e-02
	 2.694142e-01,  5.317737e-02
	 2.131502e-01,  4.743569e-02
	 4.007367e-01, -3.949162e-02
	 4.269564e-01,  1.141899e-03
	 3.722128e-01, -2.434259e-02
	 3.749011e-01,  1.810547e-02
	 4.131621e-01,  2.270049e-02
	-2.673411e-01, -1.656118e-01
	-3.052002e-01, -1.609217e-01
	-2.630279e-01, -1.227693e-01
	-3.088559e-01, -1.554015e-01
	-2.940503e-01, -1.067076e-01
	-2.783955e-01, -1.064506e-01
	-4.345454e-01, -6.475608e-02
	-4.616502e-01, -7.668080e-02
	-4.319957e-01, -2.757705e-02
	-5.000000e-01, -4.847099e-02
	-4.526990e-01, -4.105009e-03
	-5.000000e-01, -6.382030e-02
	 3.629383e-01,  3.682433e-01
	 3.579998e-01,  3.350081e-01
	 3.070910e-01,  3.423686e-01
	 3.478744e-01,  3.843641e-01
	 3.067164e-01,  3.790205e-01
	 3.021507e-01,  3.714407e-01
	 5.000000e-01, -3.338364e-01
	 4.702476e-01, -3.323965e-01
	 5.000000e-01, -2.858943e-01
	 4.822552e-01, -2.880841e-01
	-2.286583e-01, -3.567494e-01
	-2.408484e-01, -3.542682e-01
	-2.616277e-01, -3.069285e-01
	-2.341979e-01, -2.954185e-01
	-1.977415e-01, -3.181981e-01
	 3.392079e-01, -2.452139e-01
	 3.358963e-01, -2.416118e-01
	 3.395920e-01, -1.930400e-01
	 3.799082e-01, -2.544508e-01
	 4.067545e-01, -2.284652e-01
	 3.422835e-01, -1.897671e-01
	 1.716074e-01,  5.000000e-01
	 1.041220e-01,  5.000000e-01
	 1.053145e-01,  4.890805e-01
	-1.654068e-01,  2.500643e-01
	-1.472373e-01,  2.411468e-01
	-1.361828e-01,  1.980605e-01
	-1.930368e-01,  2.342586e-01
	-1.775982e-01,  1.895463e-01
	 2.696533e-01,  4.561014e-01
	 2.665895e-01,  4.520249e-01
	 2.674475e-01,  5.000000e-01
	 2.247162e-01,  5.000000e-01
	 2.114747e-01,  4.593848e-01
	 2.220368e-01,  4.482893e-01
	 3.250364e-01,  3.321385e-02
	 3.158557e-01,  2.630795e-02
	 3.121958e-01,  9.378123e-02
	 3.254581e-01,  8.716031e-02
	 2.777137e-01,  7.784313e-02
	 5.000000e-01, -2.291249e-01
	 4.713207e-01, -2.264509e-01
	 4.521009e-01, -2.648852e-01
	 4.490592e-01, -2.472004e-01
	-1.298630e-01, -1.641842e-01
	-1.236005e-01, -1.613922e-01
	-1.547529e-01, -1.433928e-01
	-1.490939e-01, -1.073804e-01
	-9.604094e-02, -1.172378e-01
	-1.337972e-01, -9.838891e-02
	 3.318778e-01, -2.889215e-01
	 2.980989e-01, -3.054508e-01
	 3.653606e-01, -3.062059e-01
	 3.596251e-01, -3.296677e-01
	 3.162995e-01, -3.469873e-01
	 2.957741e-01, -3.293320e-01
	 2.939515e-01, -3.147404e-01
	-2.848309e-01,  2.222442e-01
	-3.391791e-01,  2.339056e-01
	-3.125793e-01,  1.770554e-01
	-3.468150e-01,  2.117135e-01
	-7.021490e-02, -2.090842e-01
	-6.456315e-02, -1.716895e-01
	-1.052428e-01, -2.168821e-01
	-6.562170e-02, -1.696061e-01
	-1.348168e-01, -1.863474e-01
	-3.607385e-01, -1.787213e-01
	-3.344308e-01, -2.052984e-01
	-3.688619e-01, -2.379454e-01
	-3.975258e-01, -1.937079e-01
	-3.990200e-01, -2.008697e-01
	 1.014225e-01, -3.414816e-02
	 1.039988e-01, -2.803527e-02
	 5.157424e-02, -3.100508e-02
	 3.945044e-02,  9.436576e-05
	 5.717625e-02,  1.404579e-02
	 1.008383e-01, -2.364242e-03
	-1.400162e-02, -1.830176e-01
	-2.428580e-02, -2.152375e-01
	-5.953252e-02, -2.230139e-01
	-4.335944e-01,  1.621084e-01
	-4.606433e-01,  1.198620e-01
	-4.682497e-01,  1.892299e-01
	-5.000000e-01,  1.690737e-01
	-5.000000e-01,  1.424016e-01
	-4.618852e-01,  1.197343e-01
	-3.537556e-01,  1.118796e-01
	-3.927935e-01,  1.167169e-01
	-3.423516e-01,  9.002001e-02
	-3.685611e-01,  6.729619e-02
	-4.017851e-01,  1.033501e-01
	-3.855184e-01,  7.034632e-02
	 2.141620e-01, -7.740855e-02
	 1.908821e-01, -9.079010e-02
	 2.011329e-01, -3.193587e-02
	 1.749901e-01, -1.906999e-02
	 1.622228e-01, -6.180691e-02
	 4.508757e-01, -4.842123e-01
	 4.492915e-01, -5.000000e-01
	 4.355716e-01, -4.590276e-01
	 3.911503e-01, -4.577740e-01
	 3.779045e-01, -4.778622e-01
	 3.808470e-01, -5.000000e-01
	 7.626337e-02, -2.532954e-01
	 4.475232e-02, -2.499327e-01
	 8.582409e-02, -2.323001e-01
	 3.598814e-02, -2.118638e-01
	 6.312632e-02, -2.064083e-01
	 3.187128e-02, -2.239812e-01
	 4.576269e-01,  2.734248e-01
	 4.675171e-01,  2.338766e-01
	 4.540880e-01,  2.145486e-01
	 4.107878e-01,  2.506684e-01
	 4.109882e-01,  2.514340e-01
	 4.334011e-01,  2.172419e-01
	 3.260985e-01,  5.000000e-01
	 3.215687e-01,  4.516921e-01
	 3.704562e-01,  5.000000e-01
	 3.708656e-01,  4.550474e-01
	 3.250696e-01,  4.462005e-01
	 3.515886e-01,  4.388927e-01
	 3.228451e-02,  4.484667e-01
	-1.564549e-02,  4.355514e-01
	-2.337542e-02,  4.387582e-01
	-2.980307e-02,  4.696016e-01
	 5.128456e-03,  5.000000e-01
	 3.116083e-02,  5.000000e-01
	 4.005646e-02,  4.626027e-01
	-2.935041e-02,  4.473924e-01
	 4.572823e-01, -9.333297e-02
	 4.539079e-01, -9.968654e-02
	 4.023251e-01, -1.193484e-01
	 3.894674e-01, -9.057116e-02
	 4.062570e-01, -5.009266e-02
	 4.487567e-01, -5.907679e-02
	-4.566571e-01,  5.000000e-01
	-4.772732e-01,  4.673274e-01
	-5.000000e-01,  5.000000e-01
	-5.000000e-01,  4.662688e-01
	 1.632697e-02,  1.623277e-01
	 1.561708e-02,  1.735379e-01
	-2.958545e-02,  1.517137e-01
	-3.464768e-02,  2.020224e-01
	-3.012048e-02,  2.070933e-01
	-2.684288e-02,  2.075630e-01
	 1.116859e-01, -5.000000e-01
	 1.492086e-01, -4.611431e-01
	 1.118059e-01, -4.864446e-01
	-3.459312e-01,  4.297575e-01
	-3.001357e-01,  4.144371e-01
	-3.248874e-01,  4.694958e-01
	-3.055826e-01,  4.695744e-01
	-2.860042e-01,  4.495825e-01
	 3.725710e-01,  6.093254e-02
	 3.635830e-01,  3.211540e-02
	 3.451352e-01,  9.160493e-02
	-3.504100e-01,  5.000000e-01
	-3.709001e-01,  5.000000e-01
	-3.836837e-01,  4.360762e-01
	-3.550699e-01,  4.253921e-01
	-3.824117e-01,  4.338404e-01
	-4.466576e-01,  4.332898e-01
	-4.669517e-01,  4.393501e-01
	-4.312716e-01,  5.000000e-01
	-4.222777e-01,  4.537154e-01
	-2.134827e-01,  5.000000e-01
	-2.062869e-01,  4.758803e-01
	-2.629061e-01,  5.000000e-01
	-2.611100e-01,  4.539902e-01
	-2.291568e-01,  4.338752e-01
	-3.319083e-01,  8.681797e-02
	-3.212657e-01,  7.122852e-02
	-3.300373e-01,  3.829127e-02
	-3.553260e-01,  3.150230e-02
	-3.967611e-01, -2.479775e-02
	-3.841726e-01,  9.975999e-03
	-4.536029e-01,  4.660581e-03
	-4.143292e-01,  2.989932e-02
	-2.546263e-01, -1.568608e-03
	-2.556943e-01, -6.096918e-03
	-2.776701e-01,  3.490384e-02
	-3.096017e-01,  2.643422e-04
	-3.066705e-01,  2.009148e-02
	-2.892314e-01, -2.357031e-02
	-2.248033e-01, -4.616456e-02
	-2.276163e-01, -6.014167e-02
	-2.561340e-01, -6.871167e-02
	-2.930614e-01, -4.220920e-02
	-2.807911e-01,  2.751397e-01
	-2.598482e-01,  3.072275e-01
	-3.212673e-01,  2.828205e-01
	-3.231780e-01,  3.268609e-01
	-3.313620e-01,  2.980002e-01
	-2.899369e-01,  3.345176e-01
	 5.000000e-01, -5.254153e-02
	 4.680393e-01, -4.215172e-02
	 5.000000e-01, -2.453243e-03
	 4.682521e-01, -1.017292e-02
	-3.403192e-01,  2.368798e-01
	-2.722284e-01,  2.456161e-01
	-2.838017e-01,  2.226496e-01
	 3.646254e-01, -3.797834e-01
	 4.010137e-01, -4.027891e-01
	 3.838576e-01, -4.349787e-01
	 3.531075e-01, -3.836878e-01
	 3.382287e-01, -4.267026e-01
	 1.438483e-01, -1.489705e-01
	 1.301967e-01, -1.194315e-01
	 1.146719e-01, -1.720899e-01
	 9.507319e-02, -1.315727e-01
	 9.518190e-02, -1.313109e-01
	-1.302878e-01, -6.424375e-02
	-1.588331e-01, -5.939925e-02
	-1.817025e-01, -8.592265e-02
	-3.714595e-01, -4.052975e-01
	-3.886531e-01, -4.218149e-01
	-3.965488e-01, -4.219132e-01
	-3.885929e-01, -3.555934e-01
	-3.710320e-01, -3.748214e-01
	-4.342694e-01, -3.805021e-01
	-4.365345e-01, -3.891258e-01
	-3.926295e-01,  2.495025e-01
	-4.301832e-01,  2.805564e-01
	-4.053224e-01,  2.148331e-01
	-4.379898e-01,  2.249380e-01
	-4.507902e-01,  2.677607e-01
	-4.130761e-01,  2.122962e-01
	-1.334261e-01,  3.141603e-01
	-1.325690e-01,  3.060838e-01
	-1.647917e-01,  2.729836e-01
	-1.757692e-01,  3.302273e-01
	-1.970710e-01,  3.042040e-01
	-1.451700e-01,  3.278463e-01
	-3.167270e-01, -3.553426e-01
	-3.240439e-01, -4.207302e-01
	-3.163446e-01, -3.554452e-01
	-3.093192e-01, -4.127271e-01
	-9.658157e-02,  2.014207e-01
	-8.280986e-02,  1.908717e-01
	-1.271544e-01,  1.931516e-01
	-1.278997e-01,  1.415159e-01
	-9.493163e-02,  1.394337e-01
	-8.272647e-02,  1.522166e-01
	 3.190365e-01,  2.638591e-01
	 3.012476e-01,  2.498621e-01
	 3.533598e-01,  2.537021e-01
	 3.651162e-01,  2.318760e-01
	 3.287968e-01,  1.963261e-01
	 2.991414e-01,  2.046584e-01
	 9.404701e-03,  2.373357e-01
	 4.183773e-02,  2.114297e-01
	-2.238829e-01,  1.531946e-01
	-2.624095e-01,  1.544319e-01
	-2.162014e-01,  1.749263e-01
	-2.523628e-01,  1.960306e-01
	-2.342210e-01,  1.988854e-01
	-4.341426e-01,  9.475864e-02
	-4.325617e-01,  1.623597e-01
	-3.974707e-01,  1.474328e-01
	-4.511262e-01, -1.271510e-01
	-4.505727e-01, -1.260551e-01
	-5.000000e-01, -1.277080e-01
	-4.206008e-01, -7.185125e-02
	-3.877002e-01, -5.767535e-02
	-3.643797e-01, -9.249931e-02
	-3.956354e-01, -1.172624e-01
	-4.137601e-01, -1.088502e-01
	-1.807678e-01,  1.833421e-01
	-1.704131e-01,  1.376828e-01
	-2.060804e-01,  1.291129e-01
	 3.842794e-01, -2.920902e-01
	-4.640590e-01, -2.825842e-01
	-4.624950e-01, -2.806784e-01
	-5.000000e-01, -2.885910e-01
	-5.000000e-01, -2.279461e-01
	-4.941002e-01, -2.292502e-01
	 1.187051e-01, -4.228006e-01
	 8.632029e-02, -4.370343e-01
	 1.216702e-01, -3.972170e-01
	 4.946221e-02, -4.118239e-01
	 9.292100e-02, -3.651888e-01
	 1.002185e-01, -3.663449e-01
	 5.290121e-02, -4.219347e-01
	 1.998780e-01,  2.370399e-01
	 1.672670e-01,  2.605523e-01
	 2.373675e-01,  2.544299e-01
	 1.671453e-01,  2.619213e-01
	 2.099973e-01,  2.946551e-01
	 2.411900e-01,  2.635649e-01
	 1.188365e-01,  2.736775e-02
	 1.525137e-01,  1.957793e-02
	 1.167474e-01,  3.500247e-02
	 1.389270e-01,  7.001744e-02
	 1.705557e-01,  6.255268e-02
	 1.737242e-01,  5.800700e-02
	 2.255821e-01, -3.284862e-01
	 2.510672e-01, -3.014525e-01
	 2.252720e-01, -3.383997e-01
	 2.548581e-01, -3.562069e-01
	 2.572297e-01,  2.699485e-01
	 2.086429e-01,  3.101137e-01
	 2.386191e-01,  3.363004e-01
	 2.748669e-01,  3.129986e-01
	 2.313151e-01,  3.356660e-01
	-2.531636e-01, -1.805450e-01
	-3.248092e-01, -2.054073e-01
	-2.545807e-01, -2.030141e-01
	-3.041068e-01, -2.235276e-01
	 5.877160e-02,  5.786559e-02
	 1.238615e-02,  4.888245e-02
	 6.099414e-03,  6.789898e-03
	 4.624983e-01, -1.387002e-01
	-4.527410e-01, -3.403723e-01
	-4.186066e-01, -3.278553e-01
	-3.892554e-01, -3.511229e-01
	 1.714069e-01, -1.189926e-02
	 2.498226e-03,  4.868287e-03
	-7.030332e-03,  6.924978e-02
	-4.546662e-02,  3.522316e-02
	-3.131881e-01, -5.739120e-02
	-3.002945e-01, -1.021226e-01
	-3.703294e-01,  1.975450e-01
	-3.107633e-01,  1.565223e-01
	-3.731453e-01,  1.615396e-01
	-3.425643e-01,  1.455799e-01
	 2.427099e-01,  1.157861e-01
	 2.455670e-01,  1.200118e-01
	 2.910669e-01,  1.387290e-01
	 3.008547e-01,  1.332811e-01
	-4.714830e-01,  5.389019e-02
	-4.966879e-01,  8.202045e-02
	-4.360092e-01,  7.181059e-02
	 4.528090e-01,  4.161376e-01
	 4.522063e-01,  4.157474e-01
	 4.633768e-01,  4.636475e-01
	 4.247399e-01,  4.693909e-01
	 4.091260e-01,  4.448416e-01
	 4.131037e-01,  4.313554e-01
	-2.018256e-01, -1.499213e-01
	-2.052183e-01, -1.580603e-01
	-1.718646e-01, -2.161650e-01
	-1.835292e-01, -2.091838e-01
	-2.405652e-01, -2.479723e-01
	-2.397138e-01, -2.219564e-01
	-1.809026e-01, -2.618646e-01
	-1.679531e-01, -2.318528e-01
	-2.284882e-01, -2.619891e-01
	 5.000000e-01,  1.922906e-01
	 4.676507e-01,  1.821450e-01
	 5.000000e-01,  2.337878e-01
	-1.300639e-01, -5.000000e-01
	-1.427023e-01, -4.719577e-01
	-1.873349e-01, -5.000000e-01
	-1.742319e-01, -4.750820e-01
	 2.809861e-01,  1.767625e-01
	 2.918212e-01,  2.001718e-01
	 3.511088e-01,  1.554910e-01
	 3.506847e-01,  1.641575e-01
	 2.572540e-01, -4.407553e-01
	 2.494757e-01, -4.060313e-01
	 2.910454e-01, -4.454784e-01
	 3.175517e-01, -4.254362e-01
	 3.029414e-01, -3.905434e-01
	 2.586414e-01, -3.909049e-01
	-2.204237e-01,  2.996043e-01
	-2.307471e-01,  3.518537e-01
	-1.958855e-01,  3.687480e-01
	-2.377949e-01,  3.109434e-01
	 4.655660e-01, -3.735964e-01
	 4.267617e-01, -3.967565e-01
	 4.660219e-01, -3.354059e-01
	 4.268318e-01, -3.236545e-01
	 4.072659e-01, -3.538343e-01
	 4.209300e-01, -3.948962e-01
	 3.012173e-01,  4.093782e-01
	 2.691512e-01,  4.271695e-01
	 4.605824e-01,  3.619617e-01
	 4.448490e-01,  3.804310e-01
	 4.450765e-01,  3.159078e-01
	 4.096710e-01,  3.714113e-01
	 4.117962e-01,  3.222554e-01
	 4.146854e-01,  3.192115e-01
	-5.618726e-02,  5.000000e-01
	-9.030855e-02, -4.762633e-01
	-1.070175e-01, -5.000000e-01
	-5.355487e-02, -4.883743e-01
	-5.315277e-02, -5.000000e-01
	 2.575559e-01, -2.590722e-01
	 2.445754e-01, -2.758770e-01
	 2.340849e-01, -2.220939e-01
	 1.982878e-01, -2.364648e-01
	 2.208711e-01, -2.192722e-01
	 2.155785e-01, -2.747182e-01
	-2.192204e-01,  2.470760e-01
	 5.000000e-01,  4.091534e-01
	 5.000000e-01,  4.631604e-01
	 4.711095e-01,  4.686930e-01
	-2.764473e-01, -3.024583e-01
	-2.822650e-01, -3.054836e-01
	-2.755042e-01, -2.668494e-01
	-3.032787e-01, -2.442017e-01
	-3.260080e-01, -2.648763e-01
	-3.216942e-01, -2.907736e-01
	 3.659779e-02,  2.850674e-01
	 1.273017e-02,  3.227220e-01
	 1.869629e-02,  3.445507e-01
	 4.594840e-02,  3.637858e-01
	 8.671990e-02,  3.228459e-01
	 5.647902e-02,  2.841299e-01
	-2.831515e-01,  3.560476e-01
	-3.014597e-01,  3.896939e-01
	-2.533172e-01,  3.685162e-01
	-2.954664e-01,  4.022538e-01
	-2.569797e-01,  3.989521e-01
	-3.486428e-01, -3.100105e-01
	-3.555836e-01, -2.594460e-01
	-3.616517e-01, -3.075341e-01
	-3.680618e-01, -2.977334e-01
	-2.728707e-01, -4.574052e-01
	-2.348083e-01, -4.586799e-01
	-2.870878e-01, -4.186718e-01
	-2.657490e-01, -4.030162e-01
	-2.324159e-01, -4.097562e-01
	-2.210742e-01, -4.413620e-01
	 2.387665e-01,  1.673528e-01
	 1.077478e-01,  1.760967e-01
	 8.842648e-02,  1.742746e-01
	 1.179509e-01,  2.272766e-01
	 5.997780e-02,  2.129723e-01
	 8.339651e-02,  2.492155e-01
	 8.973980e-02,  2.489863e-01
	-6.004332e-02,  5.000000e-01
	-9.172835e-02,  4.658020e-01
	-1.207915e-01,  5.000000e-01
	-3.599505e-01, -4.688161e-01
	-3.522387e-01, -5.000000e-01
	-3.739948e-01, -4.630227e-01
	-4.028361e-01, -4.857379e-01
	-4.018089e-01, -5.000000e-01
	 6.168567e-02, -1.508968e-01
	 4.618789e-02, -8.523531e-02
	 7.426480e-02, -8.535900e-02
	 2.790049e-02, -1.079701e-01
	 4.224823e-02, -1.463250e-01
	 1.353728e-01,  2.967210e-01
	 1.389208e-01,  2.956033e-01
	 1.457887e-01,  2.298955e-01
	-2.136646e-01,  2.745937e-02
	-1.892808e-01, -1.838146e-02
	-2.133470e-01,  2.892086e-02
	-1.781579e-01,  4.327750e-02
	-1.717058e-01, -2.019999e-02
	-1.395585e-01,  2.535237e-02
	-1.521776e-01, -7.999771e-03
	 3.531265e-01,  3.061614e-01
	 3.704511e-01,  2.797346e-01
	 3.193258e-01,  2.949979e-01
	-3.839347e-01, -4.655804e-02
	-9.765335e-03, -1.077614e-01
	 3.514222e-03, -4.997491e-02
	-1.580215e-02, -7.176529e-02
	 3.486601e-02, -5.850470e-02
	-1.728726e-01, -2.853465e-01
	-1.854019e-01, -3.157882e-01
	-2.671860e-01,  1.510851e-01
	-3.049247e-01,  1.524009e-01
	-4.009021e-01, -2.877655e-01
	-4.147332e-01, -2.957986e-01
	-1.148524e-01, -2.604185e-01
	-1.181869e-01, -2.533824e-01
	-6.566512e-02, -2.579928e-01
	-6.127688e-02, -2.537434e-01
	-2.725706e-01,  9.240918e-02
	-2.598808e-01,  1.036258e-01
	-3.021077e-01,  1.095880e-01
	-3.028128e-01, -3.490991e-01
	-2.623934e-01, -3.659095e-01
	 4.190754e-01, -3.051767e-01
	-1.652502e-01, -4.083012e-01
	-1.927773e-01, -4.392875e-01
	-1.320224e-01, -4.208936e-01
	-1.247762e-01, -4.369572e-01
	-2.102689e-01,  2.373598e-01
	 3.420042e-01, -3.555814e-02
	 3.464187e-01, -8.545464e-02
	 3.293336e-01, -1.001523e-01
	 2.934680e-01, -7.473546e-02
	 2.997667e-01, -3.393968e-02
	 3.202228e-01, -9.928499e-02
	 3.158761e-01, -2.659009e-02
	 1.415363e-01,  1.258972e-01
	 1.230933e-01,  1.049409e-01
	 9.675115e-02,  1.016061e-01
	 1.289112e-01,  1.658200e-01
	 6.781162e-02,  1.350420e-01
	 6.736167e-02,  1.470060e-01
	-6.075878e-02, -5.396236e-02
	-6.108489e-02, -3.031315e-02
	-8.265089e-03, -1.780780e-02
	-2.756665e-03, -2.407911e-01
	 1.021329e-03, -1.746988e-01
	 1.320046e-02, -1.762018e-01
	 2.361742e-01, -1.504415e-01
	 2.228172e-01, -1.546100e-01
	 2.560118e-01, -1.055267e-01
	 1.853765e-01, -1.021697e-01
	 2.356209e-01, -7.985582e-02
	 2.535096e-01, -9.515373e-02
	 1.894300e-01, -1.263357e-01
	 2.972132e-01,  3.198949e-01
	 3.610666e-01,  3.298180e-01
	 1.256695e-01, -7.175662e-02
	 1.713950e-01, -1.293162e-02
	 1.047502e-01, -5.868951e-02
	 1.598025e-01, -3.864914e-01
	 1.852698e-01, -4.142923e-01
	 1.449122e-01, -4.446696e-01
	 2.057337e-01, -3.998224e-01
	 1.962961e-01, -3.559619e-01
	 1.876386e-01, -4.144550e-01
	 1.755003e-01, -3.526996e-01
	-2.745795e-01, -5.000000e-01
	-2.807650e-01, -4.679187e-01
	-3.199437e-01, -5.000000e-01
	-3.117521e-01, -4.731820e-01
	 3.645412e-01,  1.213523e-01
	 3.624090e-01,  1.423537e-01
	 4.117782e-01,  9.918506e-02
	 4.204772e-01,  1.574129e-01
	 4.240265e-01,  1.552687e-01
	 4.302892e-01,  1.308645e-01
	 2.801925e-01, -2.567432e-01
	 2.041539e-01, -4.558809e-01
	 2.494136e-01, -4.503379e-01
	-3.619741e-01,  2.921996e-01
	-3.685703e-01,  2.556659e-01
	 4.122157e-01,  5.000000e-01
	 1.994810e-01,  3.784634e-01
	 2.041996e-01,  3.934300e-01
	 2.405365e-01,  4.026053e-01
	 2.640519e-01,  3.718516e-01
	 2.213962e-01,  4.051862e-01
	 4.068678e-01,  1.879280e-01
	 3.890512e-01,  1.945438e-01
	-2.403351e-03, -3.931274e-01
	 1.640897e-02, -3.871721e-01
	-2.451147e-02, -4.494100e-01
	 4.712801e-03, -4.706245e-01
	-2.191113e-02, -4.562221e-01
	 2.365338e-02, -4.640175e-01
	 5.000000e-01,  4.074466e-02
	 4.784460e-01,  4.607643e-02
	 5.000000e-01,  9.854373e-02
	 4.761695e-01,  9.840020e-02
	 4.723721e-01,  9.155630e-02
	 5.456703e-03, -5.000000e-01
	 6.393510e-02, -4.936199e-01
	 6.399331e-02, -5.000000e-01
	 4.891801e-01,  1.496880e-01
	 5.000000e-01,  1.495146e-01
	 4.669404e-01,  1.796580e-01
	 6.991008e-02, -3.429357e-01
	 8.747997e-02, -2.899114e-01
	 3.343284e-02, -3.390308e-01
	 4.530402e-02, -2.939917e-01
	 3.952318e-01,  2.804015e-01
	 4.595692e-01,  2.777814e-01
	 4.548427e-01,  3.056280e-01
	-4.578998e-01, -4.025470e-01
	-4.663913e-01, -4.315853e-01
	-4.377847e-01, -4.577748e-01
	 1.643874e-01,  1.917927e-01
	 1.777332e-01,  1.902148e-01
	 1.969201e-01,  1.618028e-01
	 1.881666e-01,  1.222199e-01
	 1.806101e-01,  1.192751e-01
	 2.488696e-01, -5.000000e-01
	 5.000000e-01, -9.254954e-02
	-5.000000e-01, -4.410846e-01
	-5.000000e-01, -3.780312e-01
	-4.957900e-01, -3.772463e-01
	 5.057885e-02,  3.892243e-01
	-7.317444e-04,  3.957699e-01
	-1.700316e-02,  3.733593e-01
	-5.000000e-01,  2.335224e-01
	-4.957797e-01,  2.332014e-01
	-5.000000e-01,  3.049273e-01
	-4.513431e-01,  2.677924e-01
	-1.065937e-01,  2.836720e-01
	-7.859860e-02,  2.895667e-01
	-7.784352e-02,  3.377047e-01
	 2.804076e-01, -1.926811e-01
	 2.935112e-01, -1.535920e-01
	 3.290330e-01, -1.564328e-01
	 2.762596e-01, -1.728090e-01
	-4.011109e-01, -2.588419e-01
	-4.296214e-01, -2.445158e-01
	-4.559399e-01, -2.787453e-01
	-1.158593e-01,  2.486325e-01
	-1.253637e-01, -6.034190e-02
	-1.219625e-01, -3.540095e-02
	-7.395862e-02, -7.376509e-02
	-7.567508e-02, -1.076285e-02
	 1.701493e-01, -2.968223e-01
	 2.008321e-01, -2.959794e-01
	 1.659886e-01, -3.415314e-01
	-4.374942e-01, -4.601639e-01
	-4.334916e-01,  3.947663e-01
	-4.086789e-01,  3.989289e-01
	 3.459332e-01, -4.669322e-01
	 3.102909e-01, -4.926666e-01
	 3.085978e-01, -5.000000e-01
	 4.676759e-01, -1.909510e-01
	 2.765163e-01, -2.024486e-01
	 2.096456e-01, -1.776480e-01
	-1.323493e-01,  3.674104e-01
	-9.196555e-02,  3.659724e-01
	-7.727855e-02,  3.386675e-01
	 4.443075e-01, -4.283911e-01
	 3.742376e-01,  2.290771e-01
	-7.756926e-02,  9.196291e-02
	-3.627314e-02,  1.423991e-01
	-3.360498e-02,  1.091626e-01
	-2.712062e-01,  5.463843e-02
	-2.769458e-01,  6.705203e-02
	 7.193915e-02,  6.627347e-02
	 6.371152e-02,  6.396201e-02
	 5.000000e-01, -3.957509e-01
	 8.742013e-02, -4.717724e-01
	 1.752310e-01, -1.799573e-01
	 1.617008e-01, -1.529128e-01
	 1.135272e-01, -1.762962e-01
	-4.143635e-01,  4.746615e-02
	-3.654659e-01,  1.433627e-02
	-5.000000e-01, -4.684420e-01
	-4.670069e-01, -4.987501e-01
	-5.000000e-01, -5.000000e-01
	-4.670307e-01, -5.000000e-01
	 2.910600e-01, -2.425311e-01
	-3.436874e-01, -8.468027e-03
	-3.469613e-01, -3.886377e-02
	-3.289940e-01, -5.632471e-02
	-2.036869e-01, -8.946956e-02
	-2.127546e-01, -1.219362e-01
	 5.000000e-01,  2.740655e-01
	-6.387846e-02, -1.558413e-01
	-9.140771e-02, -1.160422e-01
	-2.549202e-02, -1.175011e-01
	-7.332400e-02, -9.323672e-02
	-2.842629e-01,  5.000000e-01
	 3.911534e-01,  4.053435e-01
	 3.967880e-01,  3.798920e-01
	 5.000000e-01, -4.620539e-01
	 5.000000e-01, -4.227281e-01
	 5.400624e-02,  3.933229e-01
	 3.615381e-01,  4.136201e-01
	 2.591103e-01, -2.107653e-02
	 2.501204e-01, -9.035817e-03
	-1.225437e-01, -2.837645e-01
	 5.000000e-01, -1.751596e-01
	 4.827285e-01, -1.749525e-01
	 5.000000e-01, -1.329794e-01
	 4.724509e-01, -1.431121e-01
	 7.770761e-02,  4.591501e-01
	 9.378380e-02,  4.174375e-01
	 7.921252e-02,  3.999534e-01
	-3.303036e-01, -4.562155e-01
	-3.755935e-01,  3.532435e-01
	-4.417965e-01,  3.838120e-01
	-4.314879e-01,  3.376894e-01
	-2.253691e-01,  4.909990e-02
	 4.258460e-01,  5.559728e-02
	 4.199440e-01,  7.263787e-02
	 4.162133e-01,  7.568230e-02
	 4.696852e-01,  4.078938e-02
	 4.602855e-01, -1.330661e-03
	-1.514106e-01,  3.955507e-01
	-1.719167e-01,  4.308172e-01
	-1.102392e-01,  4.309225e-01
	-1.592764e-01,  4.598335e-01
	-4.778724e-01,  3.798597e-01
	-5.000000e-01,  3.939505e-01
	-4.818440e-01,  3.358539e-01
	-5.000000e-01,  3.215357e-01
	 2.245163e-01,  1.085169e-01
	 2.321548e-01,  1.716120e-01
	 7.785562e-02, -1.804657e-01
	-1.490099e-01,  1.271120e-01
	 5.000000e-01,  3.155334e-01
	 5.000000e-01,  3.673344e-01
	-1.974027e-02, -1.166972e-01
	 2.889537e-01, -1.219060e-01
	 3.419980e-01, -1.348323e-01
	 1.441321e-01,  3.681801e-01
	 1.726766e-01,  3.621390e-01
	-5.981110e-02, -4.257956e-01
	-9.831947e-02, -4.492421e-01
	-1.516671e-01,  3.942039e-01
	-1.958416e-01,  3.688637e-01
	-5.000000e-01, -1.710144e-01
	-4.552965e-01, -1.717793e-01
	-4.450755e-01, -1.601488e-01
	 3.047524e-02, -2.752761e-01
	 9.036195e-02, -2.875736e-01
	-1.748947e-01, -3.879260e-01
	-2.128771e-01, -3.805171e-01
	-1.559904e-01, -3.461206e-01
	 1.277719e-01, -3.377108e-01
	-3.556264e-01, -1.485263e-01
	-3.528588e-01, -1.467121e-01
	-6.293814e-02, -3.989798e-01
	-9.389239e-02, -3.761055e-01
	-7.653066e-03,  9.275452e-02
	-8.324687e-02,  8.177504e-02
	-5.670764e-02,  3.415206e-02
	 1.678786e-01, -2.946086e-01
	-2.261834e-01,  4.280726e-01
	-2.276579e-01,  4.289824e-01
	-1.607682e-01,  4.653858e-01
	-4.680415e-01,  1.999988e-01
	-1.046407e-02, -2.807929e-01
	 3.044337e-03, -3.283237e-01
	-5.732645e-02, -3.118906e-01
	-4.086383e-02, -3.406206e-01
	-4.906366e-02, -3.359025e-01
	-2.761039e-02,  3.715396e-01
	-4.875913e-02,  3.412434e-01
	-2.547758e-02,  3.147478e-01
	 1.371675e-01, -1.056451e-01
	-9.177626e-02,  4.471429e-01
	-4.806509e-02,  3.982923e-01
	-8.139276e-02,  3.974251e-01
	-1.018900e-01,  4.321888e-01
	-7.734739e-02,  4.336327e-03
	-3.457591e-01, -1.030095e-01
	-3.530326e-01, -9.427335e-02
	 9.952889e-03,  2.594658e-01
	-3.563998e-02,  2.788567e-01
	-4.628365e-01, -3.359137e-01
	-4.702414e-01, -3.387171e-01
	-5.000000e-01, -3.292781e-01
	-3.689519e-01, -2.388803e-01
	 2.109066e-02,  1.078450e-01
	 1.893367e-02,  1.592601e-01
	-1.804082e-01,  7.709692e-02
	-1.346635e-01,  2.808172e-02
	-1.197063e-01,  7.387365e-02
	-1.463889e-01,  9.917531e-02
	 3.758816e-01, -3.527105e-01
	-3.895704e-01, -1.349198e-01
	-4.158210e-01, -1.665446e-01
	 2.270917e-01,  2.018833e-01
	 2.455026e-01,  2.203725e-01
	-2.106340e-01,  8.626988e-02
	-2.177972e-01,  1.018888e-01
	-2.227239e-01, -5.000000e-01
	 3.367712e-01, -4.275515e-01
	 2.945829e-02,  1.062998e-01
	-4.246609e-01,  2.924646e-01
	-4.318931e-01,  3.369743e-01
	 1.117963e-01, -2.892686e-01
	-9.537826e-02,  2.296692e-01
	-1.441299e-01,  5.000000e-01
	-3.760014e-01,  3.028803e-01
	 3.193368e-01, -3.639506e-01
	-5.934052e-02, -3.103998e-01
	-1.123929e-01, -3.113540e-01
	-2.901013e-02, -3.819503e-01
	 2.742386e-02, -3.419491e-01
	 4.700132e-01,  1.131254e-01
	 1.210396e-01, -2.968629e-01
	-3.747349e-01,  3.529883e-01
	-5.629229e-02,  2.536895e-01
	 1.805912e-01,  3.224422e-01
	 1.997013e-01,  2.105952e-01
	-1.026001e-02, -2.703967e-01
	-8.444775e-03, -2.745469e-01
	-4.759252e-01,  2.214107e-02
	-3.517136e-01,  3.592870e-01
	-3.439935e-01,  3.748279e-01
	-5.000000e-01,  1.884959e-02
	 5.000000e-01, -5.000000e-01
	 1.097373e-01,  3.270887e-01
	-5.309922e-02,  2.704033e-01
	-4.530445e-01, -2.099372e-01
	-4.327235e-01, -2.222442e-01
	 4.693854e-01,  5.000000e-01
	 5.000000e-01,  5.000000e-01
	 1.201011e-01,  3.528980e-01
	-9.391422e-02, -3.759283e-01
	-1.246226e-01, -3.405284e-01
	-5.000000e-01,  8.194896e-02
	-5.000000e-01,  4.189748e-01
Mesh Facets: 1255
	12, 14
	44, 42
	53, 51
	5, 4
	67, 66
	19, 21
	77, 76
	24, 26
	53, 54
	85, 53
	90, 89
	107, 106
	129, 128
	143, 147
	160, 162
	170, 171
	182, 180
	183, 182
	14, 15
	14, 190
	83, 80
	202, 201
	195, 193
	181, 180
	180, 208
	212, 210
	133, 134
	41, 43
	224, 228
	241, 239
	103, 102
	235, 233
	94, 92
	259, 263
	189, 185
	126, 125
	132, 135
	44, 40
	306, 44
	296, 298
	97, 95
	60, 63
	318, 319
	100, 101
	333, 332
	34, 33
	120, 119
	2, 0
	175, 176
	161, 160
	74, 76
	76, 160
	262, 264
	335, 339
	27, 23
	355, 354
	232, 231
	38, 37
	105, 104
	84, 82
	301, 126
	130, 126
	89, 110
	89, 91
	386, 385
	394, 392
	156, 155
	395, 397
	373, 372
	292, 293
	276, 275
	75, 74
	161, 164
	161, 74
	170, 169
	427, 170
	431, 429
	233, 244
	233, 234
	412, 409
	440, 439
	377, 379
	447, 446
	372, 371
	372, 399
	478, 476
	480, 483
	255, 254
	472, 475
	329, 331
	290, 288
	307, 308
	39, 41
	41, 219
	487, 485
	389, 391
	59, 58
	297, 299
	245, 102
	102, 104
	367, 104
	462, 461
	358, 359
	106, 124
	106, 108
	510, 509
	280, 281
	466, 465
	88, 87
	63, 64
	315, 63
	396, 398
	69, 72
	409, 276
	276, 274
	438, 409
	470, 471
	505, 504
	151, 153
	122, 123
	138, 137
	501, 499
	47, 46
	140, 141
	117, 116
	321, 323
	560, 559
	566, 568
	506, 504
	361, 355
	119, 118
	119, 355
	504, 543
	96, 101
	433, 432
	101, 341
	562, 564
	403, 404
	235, 243
	235, 237
	163, 162
	162, 581
	380, 381
	278, 280
	459, 447
	520, 280
	447, 443
	346, 348
	573, 571
	401, 402
	327, 324
	386, 384
	386, 388
	349, 351
	597, 595
	592, 594
	602, 600
	393, 392
	392, 604
	420, 75
	79, 75
	584, 586
	30, 31
	80, 81
	80, 199
	528, 534
	298, 300
	527, 72
	312, 298
	72, 73
	154, 158
	426, 423
	261, 265
	538, 535
	621, 12
	13, 12
	577, 578
	174, 179
	240, 239
	239, 622
	623, 624
	613, 614
	52, 54
	522, 87
	87, 54
	416, 415
	450, 451
	344, 347
	554, 501
	501, 288
	288, 289
	629, 631
	273, 272
	65, 62
	511, 512
	273, 633
	274, 273
	69, 274
	70, 69
	541, 542
	340, 342
	565, 563
	615, 261
	482, 481
	261, 260
	203, 205
	206, 209
	146, 147
	147, 656
	86, 88
	64, 4
	4, 3
	88, 64
	636, 639
	547, 548
	436, 434
	272, 277
	272, 635
	414, 418
	144, 145
	248, 247
	157, 159
	588, 587
	286, 287
	227, 225
	217, 216
	79, 78
	79, 586
	18, 20
	586, 583
	336, 334
	121, 120
	120, 353
	51, 672
	52, 415
	52, 51
	413, 415
	192, 191
	321, 561
	322, 321
	337, 336
	537, 536
	336, 670
	251, 253
	9, 8
	218, 134
	134, 136
	220, 222
	681, 679
	682, 681
	658, 636
	62, 636
	62, 61
	656, 655
	656, 621
	621, 578
	403, 578
	403, 405
	232, 364
	228, 232
	226, 228
	91, 383
	92, 91
	258, 92
	155, 394
	155, 154
	611, 154
	689, 394
	196, 195
	201, 195
	201, 694
	422, 424
	382, 378
	658, 683
	658, 434
	432, 434
	432, 576
	698, 697
	144, 663
	142, 144
	626, 627
	166, 167
	45, 48
	695, 696
	600, 592
	600, 431
	593, 592
	431, 430
	290, 291
	290, 500
	610, 158
	158, 157
	157, 664
	551, 137
	139, 137
	389, 390
	507, 389
	514, 513
	706, 704
	166, 172
	699, 166
	479, 481
	259, 279
	481, 260
	260, 259
	653, 652
	494, 492
	225, 668
	225, 223
	202, 203
	208, 202
	209, 203
	209, 208
	32, 31
	31, 199
	199, 198
	32, 716
	32, 29
	728, 726
	619, 618
	371, 370
	469, 371
	253, 676
	254, 253
	254, 484
	284, 285
	73, 71
	313, 312
	312, 73
	257, 258
	229, 230
	493, 496
	258, 687
	341, 340
	433, 341
	437, 433
	340, 649
	734, 733
	612, 423
	423, 421
	545, 122
	107, 109
	122, 107
	692, 690
	531, 533
	552, 549
	5, 65
	5, 1
	65, 638
	583, 582
	583, 18
	18, 16
	593, 430
	430, 428
	591, 593
	438, 527
	527, 300
	245, 299
	245, 244
	300, 299
	244, 438
	25, 27
	620, 619
	729, 619
	339, 338
	27, 339
	67, 68
	171, 67
	171, 172
	708, 172
	25, 26
	25, 729
	729, 370
	370, 84
	84, 26
	277, 275
	660, 277
	275, 411
	744, 306
	306, 304
	609, 607
	149, 148
	568, 569
	568, 480
	479, 711
	480, 479
	59, 508
	59, 55
	650, 565
	565, 559
	326, 323
	559, 323
	112, 111
	36, 34
	34, 350
	740, 741
	526, 525
	1, 737
	177, 176
	176, 0
	530, 529
	0, 1
	665, 667
	363, 362
	437, 649
	435, 437
	648, 649
	11, 10
	307, 39
	307, 311
	305, 40
	40, 39
	214, 211
	724, 722
	127, 128
	629, 630
	128, 629
	93, 94
	256, 94
	693, 691
	644, 646
	503, 487
	735, 545
	487, 488
	546, 545
	585, 584
	584, 420
	420, 419
	49, 50
	449, 450
	628, 450
	651, 615
	623, 614
	679, 623
	614, 615
	679, 680
	556, 141
	141, 138
	138, 550
	534, 532
	534, 81
	22, 24
	24, 81
	701, 702
	173, 168
	542, 647
	542, 543
	543, 361
	361, 363
	759, 363
	706, 707
	174, 175
	174, 622
	622, 706
	356, 175
	3, 657
	3, 2
	356, 707
	356, 2
	705, 707
	36, 37
	36, 754
	365, 37
	523, 524
	750, 749
	468, 467
	308, 502
	686, 685
	308, 309
	772, 449
	449, 448
	48, 49
	49, 419
	164, 165
	164, 419
	700, 48
	318, 316
	785, 318
	112, 350
	350, 352
	446, 445
	446, 460
	113, 112
	734, 421
	439, 734
	377, 378
	377, 439
	421, 422
	422, 378
	186, 184
	667, 666
	757, 667
	226, 227
	226, 684
	678, 218
	217, 227
	218, 217
	186, 666
	187, 186
	666, 287
	287, 283
	251, 252
	251, 675
	550, 553
	550, 773
	347, 346
	347, 554
	585, 50
	346, 585
	50, 47
	47, 554
	495, 497
	458, 457
	213, 214
	194, 197
	762, 214
	522, 416
	416, 417
	97, 315
	97, 98
	315, 522
	111, 114
	753, 111
	399, 469
	399, 400
	730, 469
	625, 613
	265, 613
	265, 264
	357, 264
	784, 783
	792, 789
	313, 732
	314, 313
	521, 520
	442, 443
	443, 520
	57, 56
	555, 46
	45, 696
	46, 45
	424, 696
	424, 425
	467, 466
	467, 750
	521, 56
	466, 521
	55, 750
	55, 56
	60, 61
	60, 95
	576, 683
	96, 576
	95, 96
	683, 61
	397, 398
	397, 800
	468, 464
	468, 524
	398, 524
	494, 715
	798, 789
	789, 495
	495, 494
	742, 743
	722, 761
	722, 721
	145, 146
	146, 654
	248, 145
	248, 250
	670, 671
	539, 537
	537, 670
	302, 125
	269, 271
	125, 127
	127, 764
	512, 358
	358, 357
	316, 783
	316, 317
	357, 783
	642, 512
	698, 663
	672, 698
	414, 413
	414, 663
	413, 672
	477, 476
	476, 427
	774, 173
	427, 169
	169, 173
	728, 727
	632, 631
	631, 728
	270, 267
	22, 702
	23, 22
	360, 23
	140, 557
	139, 140
	139, 702
	6, 7
	148, 150
	148, 748
	284, 71
	284, 282
	70, 643
	71, 70
	13, 577
	13, 15
	577, 564
	564, 560
	191, 561
	15, 191
	561, 560
	723, 724
	807, 478
	478, 477
	477, 774
	774, 777
	724, 763
	503, 735
	735, 692
	646, 541
	693, 646
	505, 503
	505, 541
	692, 693
	580, 579
	266, 267
	267, 803
	436, 435
	659, 436
	9, 674
	9, 10
	435, 10
	741, 428
	428, 429
	526, 741
	396, 526
	395, 396
	429, 395
	246, 249
	98, 793
	98, 99
	689, 611
	733, 689
	733, 612
	611, 612
	573, 587
	574, 573
	156, 393
	159, 156
	393, 605
	159, 587
	659, 674
	659, 548
	675, 553
	675, 674
	553, 548
	400, 293
	400, 797
	344, 333
	344, 289
	330, 333
	289, 293
	425, 426
	426, 610
	499, 555
	500, 499
	425, 555
	610, 500
	645, 644
	496, 498
	257, 496
	644, 256
	256, 257
	513, 515
	513, 703
	303, 302
	268, 271
	366, 368
	271, 302
	590, 589
	768, 766
	773, 252
	556, 773
	486, 255
	558, 556
	252, 255
	598, 599
	572, 575
	718, 717
	591, 740
	589, 591
	740, 755
	589, 812
	748, 805
	606, 607
	326, 325
	752, 326
	748, 607
	714, 712
	808, 803
	803, 804
	187, 283
	283, 282
	282, 806
	187, 188
	547, 549
	549, 736
	637, 639
	639, 547
	539, 802
	788, 787
	540, 539
	582, 739
	582, 348
	345, 348
	216, 215
	216, 669
	519, 517
	743, 411
	743, 761
	458, 762
	458, 456
	762, 761
	411, 410
	200, 83
	373, 82
	373, 401
	401, 571
	571, 570
	83, 82
	20, 78
	20, 19
	66, 19
	66, 77
	77, 78
	407, 408
	100, 99
	343, 100
	809, 99
	136, 135
	136, 677
	301, 135
	301, 376
	796, 730
	618, 617
	730, 618
	330, 797
	797, 796
	330, 328
	796, 819
	810, 515
	515, 516
	765, 767
	163, 165
	163, 381
	700, 165
	695, 700
	381, 382
	695, 382
	376, 677
	677, 222
	221, 222
	374, 376
	538, 470
	538, 616
	491, 472
	470, 472
	456, 410
	454, 456
	412, 234
	412, 410
	234, 238
	814, 575
	575, 574
	605, 574
	605, 603
	616, 617
	616, 491
	491, 329
	329, 328
	328, 819
	819, 617
	237, 236
	237, 579
	808, 816
	579, 808
	455, 454
	238, 236
	454, 238
	236, 823
	665, 758
	665, 286
	732, 285
	792, 732
	286, 285
	791, 792
	221, 43
	43, 42
	42, 825
	822, 221
	747, 149
	149, 153
	544, 153
	821, 820
	310, 311
	304, 305
	746, 304
	794, 795
	305, 311
	349, 33
	349, 384
	35, 33
	383, 384
	383, 688
	753, 794
	753, 754
	310, 309
	309, 780
	754, 779
	310, 794
	697, 826
	826, 143
	697, 142
	143, 142
	453, 452
	475, 474
	475, 489
	638, 637
	638, 737
	530, 737
	533, 530
	637, 736
	736, 533
	473, 474
	295, 294
	448, 453
	453, 474
	781, 448
	35, 38
	38, 231
	230, 687
	230, 231
	688, 687
	688, 35
	635, 662
	635, 634
	771, 772
	772, 782
	317, 642
	317, 320
	641, 642
	269, 764
	764, 630
	632, 270
	632, 630
	269, 270
	441, 440
	831, 832
	832, 440
	801, 654
	654, 655
	405, 406
	655, 405
	354, 362
	353, 354
	787, 757
	787, 802
	362, 757
	671, 353
	671, 802
	519, 215
	510, 519
	367, 510
	369, 367
	131, 133
	215, 133
	332, 331
	331, 490
	818, 345
	332, 345
	109, 90
	109, 690
	93, 90
	93, 691
	691, 690
	597, 598
	604, 597
	603, 814
	603, 604
	814, 598
	567, 569
	463, 465
	569, 711
	711, 279
	279, 281
	281, 465
	85, 86
	704, 85
	657, 705
	86, 657
	704, 705
	669, 517
	517, 518
	798, 715
	715, 668
	668, 669
	799, 798
	710, 709
	738, 16
	16, 17
	115, 114
	746, 745
	746, 795
	114, 795
	830, 829
	609, 608
	813, 766
	609, 747
	766, 765
	821, 747
	765, 821
	760, 11
	6, 11
	6, 805
	815, 805
	767, 769
	811, 810
	810, 767
	189, 188
	188, 817
	828, 782
	294, 189
	782, 781
	294, 781
	338, 620
	338, 337
	536, 535
	536, 337
	620, 535
	540, 471
	540, 788
	295, 473
	295, 185
	473, 471
	788, 184
	184, 185
	835, 811
	507, 508
	507, 703
	703, 811
	751, 508
	240, 179
	242, 240
	720, 29
	28, 29
	179, 178
	374, 375
	374, 822
	825, 836
	822, 825
	404, 408
	404, 562
	342, 343
	342, 563
	563, 562
	408, 343
	130, 129
	130, 375
	836, 129
	375, 836
	105, 366
	105, 103
	266, 580
	580, 243
	243, 103
	366, 268
	268, 266
	402, 292
	402, 588
	664, 588
	292, 291
	291, 664
	759, 778
	790, 791
	758, 759
	758, 791
	17, 709
	709, 708
	68, 21
	708, 68
	17, 21
	219, 502
	219, 220
	220, 678
	685, 502
	685, 684
	678, 684
	769, 834
	769, 768
	812, 755
	768, 812
	755, 756
	531, 532
	531, 552
	551, 701
	552, 551
	701, 532
	660, 742
	660, 661
	742, 721
	777, 776
	777, 723
	723, 721
	194, 193
	194, 457
	193, 204
	455, 824
	457, 455
	599, 717
	599, 596
	716, 717
	716, 719
	824, 823
	824, 204
	205, 204
	653, 205
	712, 653
	823, 816
	816, 712
	113, 786
	115, 113
	641, 830
	641, 640
	115, 830
	831, 441
	581, 831
	380, 581
	441, 379
	380, 379
	525, 523
	756, 525
	834, 756
	835, 834
	523, 749
	749, 751
	751, 835
	516, 124
	820, 516
	123, 544
	124, 123
	544, 820
	731, 484
	488, 484
	546, 488
	151, 546
	152, 151
	131, 132
	132, 303
	303, 368
	368, 369
	131, 369
	359, 461
	262, 359
	278, 263
	278, 459
	459, 461
	262, 263
	241, 242
	595, 241
	719, 596
	596, 595
	720, 719
	242, 720
	483, 482
	483, 682
	680, 651
	682, 680
	482, 651
	780, 779
	780, 686
	365, 779
	686, 364
	364, 365
	718, 572
	718, 198
	570, 572
	570, 200
	198, 200
	181, 207
	183, 181
	837, 183
	444, 445
	445, 352
	352, 351
	351, 388
	388, 387
	775, 776
	661, 776
	771, 662
	770, 771
	661, 662
	643, 633
	806, 643
	634, 828
	633, 634
	817, 806
	828, 817
	177, 178
	177, 529
	528, 30
	529, 528
	28, 178
	28, 30
	786, 640
	786, 460
	640, 511
	462, 511
	460, 462
	314, 799
	296, 314
	297, 509
	297, 296
	518, 509
	518, 799
	451, 626
	452, 451
	710, 833
	699, 710
	452, 827
	699, 626
	784, 785
	784, 625
	624, 785
	625, 624
	110, 385
	110, 108
	390, 385
	514, 390
	108, 514
	627, 628
	627, 167
	168, 167
	775, 168
	770, 775
	628, 770
	418, 247
	418, 417
	246, 793
	793, 417
	247, 246
	58, 57
	391, 58
	444, 387
	442, 444
	391, 387
	57, 442
	714, 804
	714, 713
	727, 725
	804, 727
	490, 818
	490, 489
	833, 738
	827, 833
	739, 738
	739, 818
	489, 827
	464, 800
	800, 566
	567, 463
	567, 566
	463, 464
	196, 694
	196, 197
	694, 212
	212, 213
	197, 213
	486, 558
	486, 485
	118, 506
	118, 116
	116, 558
	506, 485
	650, 648
	650, 752
	760, 648
	760, 815
	752, 815
	325, 324
	324, 590
	325, 606
	590, 813
	608, 606
	813, 608
	807, 763
	210, 807
	210, 211
	763, 211
	360, 557
	360, 335
	335, 334
	117, 121
	557, 117
	121, 334
	229, 493
	229, 224
	492, 493
	492, 223
	224, 223
	652, 713
	713, 725
	837, 207
	726, 837
	207, 206
	206, 652
	725, 726
	673, 322
	327, 322
	601, 594
	327, 594
	407, 809
	407, 406
	809, 249
	250, 801
	249, 250
	801, 406
	601, 673
	602, 601
	192, 190
	192, 673
	190, 602
	829, 745
	829, 320
	744, 745
	319, 744
	320, 319
	645, 498
	645, 647
	778, 647
	790, 778
	498, 497
	497, 790
	7, 150
	7, 8
	731, 152
	731, 676
	150, 152
	676, 8
Facet Neighbors: 1255
	-3, 2
	-1, 7
	-2, 9
	0, 11
	-4, 12
	3, 12
	-4, 14
	4, 15
	9, 16
	-2, 16
	17, 20
	20, 23
	-1, 24
	-3, 27
	-4, 30
	-4, 31
	-4, 33
	-1, 33
	2, 35
	-3, 35
	15, 37
	-4, 38
	36, 38
	33, 39
	-4, 39
	-4, 40
	25, 41
	7, 42
	43, 44
	-2, 46
	19, 47
	45, 47
	17, 50
	51, 54
	34, 57
	24, 59
	25, 59
	7, 60
	-1, 60
	58, 62
	18, 63
	11, 63
	-1, 64
	18, 68
	66, 69
	6, 70
	22, 71
	0, 72
	32, 72
	30, 73
	14, 73
	-4, 73
	51, 74
	67, 75
	4, 75
	71, 76
	44, 77
	6, 77
	19, 78
	15, 79
	59, 80
	24, 80
	20, 82
	17, 82
	82, 83
	-2, 84
	29, 84
	-3, 85
	79, 86
	56, 86
	53, 88
	14, 90
	30, 90
	73, 90
	31, 92
	-4, 92
	-3, 93
	47, 95
	45, 95
	88, 95
	-2, 96
	81, 96
	97, 100
	79, 102
	86, 102
	-4, 104
	-3, 105
	49, 106
	103, 107
	66, 107
	56, 109
	61, 110
	7, 110
	42, 110
	106, 111
	83, 112
	10, 112
	58, 113
	47, 113
	19, 113
	78, 113
	100, 114
	74, 114
	23, 115
	20, 115
	113, 116
	54, 117
	101, 117
	16, 118
	11, 118
	63, 118
	85, 119
	13, 120
	88, 120
	53, 120
	95, 120
	103, 122
	111, 123
	28, 124
	23, 124
	26, 125
	109, 126
	8, 126
	26, 127
	22, 127
	65, 128
	128, 129
	-3, 130
	111, 131
	76, 131
	22, 131
	71, 131
	123, 131
	18, 133
	94, 133
	68, 133
	129, 134
	87, 134
	47, 135
	45, 135
	30, 136
	-4, 136
	81, 136
	54, 137
	100, 137
	117, 137
	97, 137
	69, 138
	132, 139
	86, 139
	65, 140
	82, 141
	83, 141
	70, 141
	-2, 142
	140, 143
	-3, 143
	84, 144
	-2, 144
	90, 145
	14, 145
	138, 145
	5, 146
	15, 146
	37, 146
	121, 146
	58, 148
	120, 148
	62, 148
	13, 148
	29, 149
	91, 149
	51, 150
	122, 151
	-3, 152
	2, 152
	134, 152
	32, 153
	46, 153
	-2, 153
	-1, 154
	150, 154
	9, 155
	118, 155
	16, 155
	89, 155
	98, 156
	69, 157
	126, 157
	109, 157
	56, 157
	-1, 158
	53, 159
	11, 160
	114, 161
	159, 162
	53, 162
	120, 162
	13, 162
	123, 163
	68, 164
	129, 164
	150, 165
	105, 165
	51, 165
	38, 166
	39, 166
	27, 167
	-3, 167
	16, 168
	11, 168
	0, 168
	118, 168
	160, 169
	125, 169
	94, 169
	53, 170
	159, 170
	89, 171
	27, 171
	48, 171
	29, 172
	139, 172
	55, 173
	43, 174
	41, 174
	14, 175
	145, 175
	3, 175
	138, 175
	67, 176
	22, 176
	71, 176
	-2, 177
	155, 177
	9, 177
	89, 177
	35, 178
	128, 178
	65, 178
	67, 179
	122, 179
	176, 179
	49, 180
	1, 180
	41, 181
	25, 181
	42, 181
	-1, 182
	-3, 182
	169, 183
	160, 183
	11, 183
	167, 184
	-3, 184
	152, 184
	134, 184
	87, 184
	77, 185
	44, 185
	43, 185
	82, 186
	17, 186
	50, 186
	84, 187
	29, 187
	149, 187
	-2, 187
	36, 189
	38, 189
	-4, 189
	91, 190
	81, 190
	183, 191
	169, 191
	94, 191
	133, 191
	-2, 192
	171, 192
	27, 192
	156, 193
	31, 193
	8, 194
	190, 194
	143, 195
	-3, 195
	140, 195
	93, 195
	56, 196
	109, 196
	149, 196
	29, 196
	172, 196
	125, 197
	26, 197
	83, 198
	112, 198
	115, 198
	-2, 199
	31, 200
	193, 200
	105, 201
	54, 201
	165, 201
	51, 201
	166, 202
	108, 203
	174, 203
	43, 203
	38, 204
	-4, 204
	166, 204
	39, 204
	5, 205
	146, 205
	37, 205
	205, 206
	5, 206
	-1, 208
	151, 209
	79, 209
	102, 209
	180, 210
	49, 210
	106, 210
	55, 211
	13, 211
	62, 211
	148, 211
	50, 212
	44, 212
	108, 212
	186, 212
	68, 213
	133, 213
	94, 213
	164, 213
	-2, 214
	149, 214
	91, 214
	124, 215
	20, 215
	23, 215
	188, 215
	121, 216
	125, 216
	11, 217
	0, 217
	160, 217
	138, 218
	175, 218
	3, 218
	195, 219
	93, 219
	140, 219
	120, 220
	148, 220
	113, 220
	47, 220
	58, 220
	95, 220
	4, 221
	151, 221
	209, 221
	67, 221
	75, 221
	12, 222
	-4, 222
	31, 222
	200, 222
	4, 223
	221, 223
	209, 223
	79, 223
	15, 223
	53, 224
	170, 224
	88, 224
	-1, 225
	60, 225
	147, 226
	28, 226
	130, 227
	-3, 227
	201, 227
	105, 227
	112, 228
	10, 228
	164, 229
	129, 229
	65, 229
	128, 229
	21, 230
	6, 230
	70, 230
	219, 231
	119, 231
	217, 232
	32, 232
	72, 232
	121, 232
	0, 232
	173, 233
	76, 233
	213, 234
	94, 234
	164, 234
	1, 234
	110, 235
	61, 235
	60, 235
	7, 235
	40, 236
	207, 236
	24, 237
	158, 237
	-1, 237
	17, 238
	50, 238
	188, 238
	163, 238
	111, 240
	215, 240
	106, 240
	124, 240
	138, 241
	145, 241
	90, 241
	8, 241
	98, 242
	156, 242
	165, 243
	154, 243
	-1, 243
	150, 243
	182, 243
	127, 244
	26, 244
	125, 244
	121, 245
	146, 245
	4, 245
	15, 245
	197, 245
	31, 246
	163, 247
	123, 247
	131, 247
	76, 247
	233, 247
	199, 248
	32, 248
	153, 248
	-2, 248
	72, 248
	168, 249
	0, 249
	248, 249
	72, 249
	199, 249
	6, 250
	230, 250
	77, 250
	119, 251
	228, 251
	101, 251
	110, 252
	185, 252
	61, 252
	242, 253
	98, 253
	8, 254
	241, 254
	30, 254
	90, 254
	194, 254
	64, 255
	-1, 255
	230, 256
	70, 256
	97, 256
	100, 256
	21, 256
	214, 257
	-2, 257
	81, 257
	96, 257
	91, 257
	190, 257
	34, 258
	173, 258
	233, 258
	43, 259
	185, 259
	181, 259
	174, 259
	41, 259
	258, 260
	34, 260
	173, 260
	55, 260
	49, 261
	180, 261
	125, 261
	244, 261
	69, 262
	157, 262
	241, 262
	138, 262
	8, 262
	126, 262
	108, 263
	99, 264
	40, 264
	36, 264
	236, 264
	155, 265
	89, 265
	63, 265
	18, 265
	118, 265
	21, 266
	230, 266
	102, 267
	86, 267
	209, 267
	154, 268
	150, 268
	51, 268
	74, 268
	255, 268
	263, 269
	211, 269
	62, 269
	117, 270
	97, 270
	137, 270
	10, 270
	126, 271
	194, 271
	8, 271
	190, 271
	91, 271
	101, 272
	251, 272
	270, 272
	117, 272
	228, 272
	10, 272
	11, 273
	63, 273
	191, 273
	133, 273
	18, 273
	183, 273
	85, 274
	-3, 274
	101, 274
	251, 274
	119, 274
	203, 275
	269, 275
	263, 275
	108, 275
	224, 276
	236, 276
	207, 276
	27, 277
	167, 277
	171, 277
	48, 277
	176, 278
	122, 278
	179, 278
	59, 279
	52, 279
	24, 279
	237, 279
	114, 280
	74, 280
	255, 280
	64, 280
	268, 280
	161, 280
	192, 281
	-2, 281
	89, 281
	171, 281
	177, 281
	104, 282
	-4, 282
	246, 282
	92, 282
	31, 282
	208, 283
	158, 283
	-1, 283
	52, 283
	245, 284
	4, 284
	75, 284
	127, 284
	26, 284
	197, 284
	1, 285
	28, 285
	226, 285
	211, 286
	55, 286
	162, 286
	13, 286
	152, 287
	2, 287
	134, 287
	129, 287
	178, 287
	35, 287
	128, 287
	207, 288
	-4, 288
	104, 288
	282, 288
	246, 288
	236, 288
	240, 289
	215, 289
	163, 289
	238, 289
	111, 289
	123, 289
	188, 289
	135, 290
	52, 290
	283, 290
	94, 291
	169, 291
	180, 291
	1, 291
	234, 291
	219, 292
	93, 292
	231, 292
	119, 292
	85, 292
	-3, 292
	48, 293
	265, 293
	18, 293
	187, 294
	-2, 294
	214, 294
	149, 294
	139, 295
	132, 295
	84, 295
	29, 295
	144, 295
	172, 295
	291, 296
	169, 296
	261, 296
	180, 296
	125, 296
	86, 297
	267, 297
	69, 297
	157, 297
	66, 297
	56, 297
	91, 298
	149, 298
	126, 298
	109, 298
	271, 298
	196, 298
	163, 299
	108, 299
	212, 299
	238, 299
	50, 299
	115, 300
	198, 300
	59, 301
	52, 301
	78, 301
	279, 301
	140, 302
	239, 302
	261, 303
	244, 303
	106, 303
	127, 303
	49, 303
	142, 304
	132, 304
	205, 304
	219, 305
	140, 305
	231, 305
	302, 305
	285, 306
	147, 306
	65, 306
	229, 306
	226, 306
	202, 307
	290, 307
	283, 307
	260, 308
	55, 308
	286, 308
	34, 308
	125, 309
	216, 309
	160, 309
	169, 309
	278, 310
	258, 310
	122, 310
	218, 311
	138, 311
	69, 311
	41, 312
	174, 312
	116, 312
	224, 313
	276, 313
	264, 313
	99, 313
	236, 313
	88, 313
	37, 314
	79, 314
	86, 314
	139, 314
	132, 314
	15, 314
	175, 315
	3, 315
	12, 315
	-4, 315
	14, 315
	87, 316
	18, 316
	68, 316
	293, 316
	25, 317
	181, 317
	59, 317
	80, 317
	267, 318
	151, 318
	209, 318
	297, 319
	267, 319
	66, 319
	318, 319
	300, 320
	115, 320
	239, 320
	30, 321
	136, 321
	254, 321
	194, 321
	81, 321
	190, 321
	317, 322
	181, 322
	42, 322
	80, 322
	122, 323
	151, 323
	107, 323
	103, 323
	313, 324
	99, 324
	95, 324
	88, 324
	45, 324
	304, 325
	132, 325
	295, 325
	144, 325
	151, 326
	323, 326
	107, 326
	66, 326
	319, 326
	318, 326
	45, 327
	135, 327
	307, 327
	290, 327
	99, 328
	45, 328
	324, 328
	327, 328
	233, 329
	173, 329
	211, 329
	269, 329
	55, 329
	263, 329
	42, 330
	7, 330
	-1, 330
	322, 330
	226, 331
	28, 331
	124, 331
	320, 331
	61, 332
	60, 332
	225, 332
	266, 332
	235, 332
	70, 333
	141, 333
	6, 333
	82, 333
	186, 333
	266, 334
	230, 334
	61, 334
	252, 334
	250, 334
	332, 334
	-2, 335
	-3, 335
	192, 335
	27, 335
	98, 336
	103, 336
	107, 336
	160, 337
	217, 337
	232, 337
	121, 337
	309, 337
	216, 337
	103, 338
	57, 338
	98, 338
	336, 338
	253, 338
	6, 339
	77, 339
	212, 339
	44, 339
	186, 339
	333, 339
	170, 340
	159, 340
	242, 340
	253, 340
	280, 341
	64, 341
	161, 341
	279, 342
	237, 342
	283, 342
	158, 342
	52, 342
	96, 343
	-4, 343
	-2, 343
	277, 344
	167, 344
	87, 344
	184, 344
	76, 345
	71, 345
	258, 345
	310, 345
	233, 345
	176, 345
	278, 345
	312, 346
	116, 346
	113, 346
	78, 346
	25, 346
	41, 346
	66, 347
	107, 347
	311, 347
	69, 347
	20, 348
	215, 348
	17, 348
	238, 348
	188, 348
	142, 349
	-2, 349
	325, 349
	144, 349
	304, 349
	130, 350
	101, 350
	227, 350
	201, 350
	54, 350
	117, 350
	16, 351
	-2, 351
	249, 351
	168, 351
	199, 351
	312, 352
	116, 352
	275, 352
	203, 352
	174, 352
	269, 352
	200, 353
	218, 353
	3, 353
	21, 354
	225, 354
	332, 354
	266, 354
	341, 354
	147, 355
	302, 355
	226, 355
	239, 355
	331, 355
	320, 355
	234, 356
	1, 356
	285, 356
	306, 356
	239, 357
	300, 357
	320, 357
	34, 358
	308, 358
	340, 358
	57, 358
	253, 358
	338, 358
	221, 359
	67, 359
	122, 359
	179, 359
	151, 359
	122, 360
	310, 360
	338, 360
	57, 360
	103, 360
	258, 360
	34, 360
	357, 361
	112, 361
	198, 361
	300, 361
	228, 361
	153, 362
	46, 362
	206, 362
	5, 362
	32, 362
	80, 363
	322, 363
	-1, 363
	330, 363
	87, 364
	134, 364
	68, 364
	164, 364
	129, 364
	316, 364
	24, 365
	80, 365
	-1, 365
	363, 365
	78, 366
	19, 366
	290, 366
	135, 366
	47, 366
	301, 366
	52, 366
	86, 367
	139, 367
	172, 367
	56, 367
	196, 367
	247, 368
	263, 368
	233, 368
	329, 368
	353, 369
	200, 369
	12, 369
	222, 369
	3, 369
	110, 370
	42, 370
	181, 370
	252, 370
	185, 370
	259, 370
	357, 371
	239, 371
	305, 371
	302, 371
	231, 371
	121, 372
	216, 372
	197, 372
	125, 372
	245, 372
	224, 373
	170, 373
	276, 373
	246, 373
	288, 373
	207, 373
	36, 374
	264, 374
	38, 374
	328, 374
	99, 374
	304, 375
	142, 375
	205, 375
	206, 375
	328, 376
	374, 376
	38, 376
	166, 376
	202, 376
	327, 376
	307, 376
	256, 377
	21, 377
	341, 377
	161, 377
	354, 377
	343, 378
	-4, 378
	136, 378
	96, 378
	81, 378
	119, 379
	231, 379
	371, 379
	357, 379
	251, 379
	228, 379
	361, 379
	115, 380
	320, 380
	124, 380
	23, 380
	331, 380
	210, 381
	106, 381
	240, 381
	124, 381
	28, 381
	25, 382
	59, 382
	301, 382
	78, 382
	346, 382
	114, 383
	74, 383
	54, 383
	137, 383
	100, 383
	51, 383
	46, 384
	-2, 384
	375, 384
	142, 384
	206, 384
	362, 384
	105, 385
	-3, 385
	243, 385
	182, 385
	165, 385
	334, 386
	252, 386
	250, 386
	185, 386
	77, 386
	304, 387
	205, 387
	132, 387
	314, 387
	37, 387
	39, 388
	33, 388
	-1, 388
	97, 389
	256, 389
	70, 389
	141, 389
	83, 389
	246, 390
	373, 390
	340, 390
	242, 390
	170, 390
	162, 391
	286, 391
	340, 391
	159, 391
	308, 391
	358, 391
	32, 392
	232, 392
	146, 392
	121, 392
	362, 392
	5, 392
	377, 393
	256, 393
	161, 393
	114, 393
	100, 393
	269, 394
	62, 394
	113, 394
	58, 394
	116, 394
	352, 394
	156, 395
	98, 395
	353, 395
	200, 395
	336, 395
	193, 395
	255, 396
	268, 396
	-1, 396
	154, 396
	82, 397
	20, 397
	83, 397
	198, 397
	115, 397
	156, 398
	193, 398
	31, 398
	246, 398
	390, 398
	242, 398
	171, 399
	89, 399
	293, 399
	265, 399
	48, 399
	10, 400
	112, 400
	389, 400
	97, 400
	83, 400
	270, 400
	307, 401
	202, 401
	208, 401
	283, 401
	347, 402
	107, 402
	353, 402
	395, 402
	218, 402
	311, 402
	336, 402
	274, 403
	-3, 403
	350, 403
	130, 403
	101, 403
	189, 404
	36, 404
	-4, 404
	40, 404
	264, 404
	303, 405
	106, 405
	131, 405
	22, 405
	127, 405
	111, 405
	164, 406
	229, 406
	234, 406
	356, 406
	306, 406
	65, 407
	140, 407
	306, 407
	302, 407
	147, 407
	355, 407
	288, 408
	-4, 408
	40, 408
	236, 408
	284, 409
	75, 409
	67, 409
	22, 409
	127, 409
	176, 409
	212, 410
	44, 410
	108, 410
	203, 410
	43, 410
	202, 411
	401, 411
	388, 411
	-1, 411
	39, 411
	166, 411
	208, 411
	178, 412
	65, 412
	143, 412
	140, 412
	316, 413
	87, 413
	293, 413
	277, 413
	48, 413
	344, 413
	412, 414
	143, 414
	35, 414
	178, 414
	-3, 414
	354, 415
	341, 415
	225, 415
	-1, 415
	64, 415
	299, 416
	163, 416
	247, 416
	368, 416
	108, 416
	263, 416
	285, 417
	1, 417
	381, 417
	210, 417
	28, 417
	180, 417
Mesh Regions: 418
	3, 47, 211, 347, 401, 456
	244, 407, 604, 637, 929, 1250
	0, 18, 175, 612
	5, 228, 351, 738, 916, 997
	7, 54, 361, 370, 441, 599
	162, 313, 317, 961, 1119
	45, 57, 393, 460, 818, 845
	1, 27, 37, 92, 411, 804
	122, 282, 428, 471, 509, 540
	2, 8, 182, 235
	96, 387, 537, 548, 1157
	3, 41, 109, 193, 210, 252, 346, 549
	4, 5, 366, 739, 995
	112, 169, 198, 326, 610
	6, 50, 71, 160, 226, 741
	7, 20, 59, 163, 374, 442, 736
	8, 9, 108, 184, 209, 903
	10, 32, 63, 262, 417, 889
	40, 43, 133, 519, 553, 647, 743
	30, 58, 99, 978
	10, 11, 62, 104, 341, 887, 1142
	392, 482, 521, 917, 1037
	46, 124, 130, 231, 1187, 1208
	11, 103, 119, 342, 1056
	12, 35, 61, 414, 576, 973
	26, 36, 246, 746, 881, 1063
	120, 123, 294, 437, 602
	13, 207, 219, 279, 567, 830
	118, 381, 605, 808, 1062, 1253
	66, 170, 221, 265, 291, 655
	14, 49, 72, 140, 473, 760
	15, 74, 281, 299, 368, 444, 593, 1148
	48, 177, 398, 451, 962, 1114
	16, 17, 23, 1096
	34, 489, 498, 711, 935, 952
	18, 19, 237, 616, 1235
	22, 268, 514, 1020, 1180
	20, 164, 315, 731, 1094
	21, 22, 205, 269, 309, 1022, 1031
	23, 24, 206, 312, 1095, 1220
	25, 412, 513, 1182, 1203
	26, 225, 245, 496, 722, 882
	27, 93, 247, 768, 803, 999
	28, 224, 260, 308, 492, 1215
	28, 56, 259, 330, 848, 1212
	31, 78, 139, 778, 789, 794
	29, 178, 959, 1074
	30, 31, 77, 98, 138, 358, 981
	220, 570, 645, 1156, 1231
	87, 243, 323, 501, 692
	32, 263, 329, 418, 679
	33, 52, 172, 204, 304, 528, 1073
	575, 597, 632, 683, 862, 983
	70, 114, 192, 196, 216, 375
	33, 106, 143, 302, 901, 1070
	223, 325, 500, 608, 709, 801
	69, 90, 190, 288, 668, 987
	34, 841, 938, 949
	39, 97, 166, 359, 1128
	35, 36, 60, 574, 682, 748, 1064
	37, 38, 379, 410, 812
	91, 409, 468, 811, 823
	39, 168, 327, 533, 1126
	40, 41, 110, 518, 550
	42, 476, 581, 856, 1242
	125, 150, 239, 390, 702, 1195, 1224
	44, 89, 667, 755, 786, 883
	53, 230, 240, 364, 942, 1207
	43, 135, 200, 333, 744, 969
	44, 147, 187, 505, 665, 721, 886
	45, 153, 394, 479, 816, 1100
	46, 55, 131, 232, 871
	47, 48, 399, 454, 458
	49, 50, 51, 73
	52, 102, 529, 579, 1069
	53, 54, 365, 600, 1206
	55, 129, 403, 448, 870
	56, 57, 258, 462, 846, 1089
	58, 100, 684, 880, 977, 1066
	59, 68, 83, 320, 373, 732
	60, 61, 749, 769, 963, 974
	81, 142, 272, 485, 764, 1045
	62, 63, 64, 151, 261, 819, 1141
	64, 95, 152, 295, 1102, 1143, 1161
	65, 66, 157, 264, 654
	67, 111, 555, 643
	68, 69, 84, 149, 524, 663, 733, 984
	137, 257, 742, 868, 967, 1228
	70, 79, 113, 377, 730, 777
	185, 218, 236, 517, 586, 1153
	71, 72, 73, 159, 427, 474
	171, 271, 339, 487, 542, 669
	74, 75, 592
	76, 287, 353, 640
	134, 215, 275, 335, 405, 634
	77, 78, 79, 115, 360, 776
	80, 81, 486, 863, 1044
	82, 146, 480, 535, 1098, 1160
	186, 429, 470, 831, 842, 1132
	512, 728, 775, 793, 1024
	82, 101, 144, 481, 1072, 1124
	107, 465, 543, 557, 898, 1178
	83, 84, 321, 523
	88, 116, 773, 832, 840, 950
	85, 589, 620
	86, 203, 301, 385, 1080
	87, 94, 324, 423, 690, 1059, 1185
	88, 89, 772, 785, 833, 884, 1168
	306, 331, 511, 563, 676, 1213, 1247
	90, 121, 189, 289, 672
	91, 92, 93, 408, 466, 998
	94, 117, 128, 421, 628, 1189
	95, 96, 296, 386, 954, 1158
	97, 98, 99, 100, 105, 357, 879, 1127
	101, 102, 194, 578, 1068, 1123
	103, 104, 297, 680, 758, 1053, 1145
	105, 724, 878, 909, 1129
	106, 107, 145, 534, 546, 902
	108, 109, 110, 183, 212, 520
	111, 396, 463, 559, 642, 1046
	112, 113, 114, 115, 167, 197, 355
	165, 344, 400, 439, 837, 1009, 1117
	116, 173, 241, 572, 718, 770, 943, 946
	117, 132, 199, 446, 629
	118, 119, 340, 424, 809, 1055, 1061
	120, 214, 293, 345, 438, 503, 662, 712, 1012
	121, 122, 188, 510, 538, 671
	123, 124, 436, 601, 691, 1188, 1209
	125, 126, 238, 391, 617
	126, 136, 201, 389, 614, 971
	127, 382, 897, 1177
	128, 129, 130, 131, 132, 447, 1186
	148, 653, 694, 735, 780, 1092
	133, 134, 135, 276, 334, 552
	136, 137, 176, 256, 613, 968
	138, 139, 631, 790, 980
	140, 141, 142, 761, 1043
	143, 144, 145, 146, 536, 1071
	147, 161, 229, 349, 425, 508, 720
	148, 149, 222, 652, 734, 985
	150, 155, 286, 354, 686, 697, 1196, 1226
	151, 152, 153, 817, 1101
	154, 693, 892, 1026, 1077
	155, 156, 284, 1225, 1234
	157, 158, 656, 782, 895
	159, 160, 161, 227, 426
	162, 163, 164, 165, 314, 440, 1116
	380, 701, 922, 1199
	166, 167, 168, 169, 328, 356
	170, 171, 266, 290, 338, 651, 670
	172, 181, 202, 434, 527
	173, 319, 362, 751, 771, 783, 945
	174, 175, 176, 255, 611
	177, 178, 179, 452, 958
	180, 181, 432, 526, 1140
	182, 183, 184, 185, 234, 516
	186, 280, 430, 1131, 1146
	187, 188, 189, 190, 506, 666
	191, 415, 595, 861
	192, 195, 217, 852, 1111
	193, 213, 251, 348, 714, 834
	194, 583, 857, 1039, 1122
	195, 196, 197, 198, 609, 1108
	199, 420, 445, 626, 675, 1244
	200, 201, 336, 388, 406, 970, 1190
	202, 203, 204, 303, 431, 1084
	205, 206, 305, 311, 1032, 1221
	207, 208, 253, 568, 867
	209, 210, 211, 212, 455, 906
	213, 214, 215, 250, 274, 635, 659, 715
	216, 217, 376, 851, 1015, 1107
	218, 219, 220, 278, 569, 587, 1152
	221, 222, 292, 657, 986
	223, 402, 490, 499, 798
	224, 225, 307, 495, 723, 912
	226, 227, 228, 229, 350, 737
	230, 231, 232, 242, 571, 875, 1210
	233, 234, 235, 236, 588
	237, 238, 239, 615, 1223, 1236
	240, 241, 242, 573, 944
	243, 244, 322, 502, 636, 661, 1254
	245, 246, 247, 494, 747, 767, 1000
	248, 249, 435, 1083
	250, 251, 252, 273, 554
	253, 254, 255, 256, 257, 869
	258, 259, 260, 467, 493, 1002, 1088
	261, 262, 263, 332, 820, 849
	264, 265, 266, 267, 648
	343, 419, 630, 891
	268, 269, 270, 1179
	271, 272, 283, 488, 541, 765
	273, 274, 275, 276, 551
	277, 278, 279, 584, 829
	280, 281, 300, 1136, 1147
	282, 283, 475, 539, 763
	284, 285, 286, 287, 352
	288, 289, 290, 291, 292, 674, 988
	293, 294, 443, 603, 1011
	295, 296, 297, 681, 955, 1144
	298, 450, 459, 907
	299, 300, 369, 914, 994, 1134
	301, 302, 303, 304, 384, 900
	305, 705, 1033, 1164, 1216
	306, 307, 308, 560, 911, 1214
	309, 310, 311, 312
	313, 314, 315, 316, 695, 1027, 1091
	316, 317, 960, 1028, 1078
	413, 566, 618, 1019
	318, 594, 1165, 1222
	319, 320, 321, 363, 372, 525, 752
	322, 323, 324, 1058, 1252
	325, 326, 327, 328, 532, 607, 799
	329, 330, 331, 332, 677, 847, 1211
	333, 334, 335, 336, 404
	337, 338, 339, 483, 650
	340, 341, 342, 343, 422, 625, 888
	344, 345, 713, 839, 1010
	346, 347, 348, 397, 835
	349, 350, 351, 719, 915, 1171
	352, 353, 354, 395, 639, 696
	355, 356, 357, 358, 359, 360
	361, 362, 363, 364, 365, 371, 941
	366, 367, 368, 369, 996
	370, 371, 372, 373, 374
	375, 376, 377, 564, 725, 1014
	378, 379, 813, 918, 1240
	380, 381, 606, 704, 807, 924
	382, 383, 384, 385, 899
	386, 387, 464, 547, 957, 1051
	388, 389, 390, 391, 703, 1191
	392, 393, 394, 461, 478, 522, 822
	395, 396, 641, 698, 1008, 1047
	397, 398, 399, 400, 401, 836, 1115
	402, 403, 449, 491, 797, 874, 991
	404, 405, 406, 407, 638, 928, 1192
	408, 409, 410, 411, 815
	412, 413, 515, 565, 623, 729, 1204
	414, 415, 416, 577, 859
	417, 418, 419, 420, 627, 678, 890
	687, 759, 925, 932, 1005
	421, 422, 423, 424, 624, 1060
	425, 426, 427, 428, 472, 507
	429, 430, 469, 853, 1106, 1151
	431, 432, 433, 434, 435, 1082
	436, 437, 438, 504, 689
	439, 440, 441, 442, 443, 598, 1013
	444, 591, 622, 1017, 1103, 1149
	445, 446, 447, 448, 449, 989, 1245
	450, 451, 452, 453, 454, 457
	455, 456, 457, 458, 459, 905
	460, 461, 462, 825, 1087
	463, 464, 465, 544, 558, 1050
	466, 467, 468, 824, 1001, 1086
	469, 470, 844, 854, 939
	471, 472, 473, 474, 475, 762
	476, 477, 530, 580, 1137
	478, 479, 480, 481, 482, 1036, 1099, 1121
	483, 484, 485, 486, 487, 488
	489, 490, 491, 497, 717, 872, 951
	492, 493, 494, 495, 496, 1003
	497, 498, 499, 500, 708
	501, 502, 503, 504, 660, 688
	505, 506, 507, 508, 509, 510
	511, 531, 562, 802, 990, 1248
	512, 513, 514, 515, 727, 1021, 1183
	516, 517, 518, 519, 520, 646, 1155
	521, 522, 814, 821, 920
	523, 524, 525, 664, 750, 754
	526, 527, 528, 529, 530, 582, 1138
	531, 532, 533, 561, 800, 913, 1125
	534, 535, 536, 537, 545, 1162
	538, 539, 540, 541, 542, 673
	543, 544, 545, 546, 547, 548
	549, 550, 551, 552, 553, 554
	555, 556, 557, 558, 559, 1174
	560, 561, 562, 563, 910
	564, 565, 566, 726, 1016
	567, 568, 569, 570, 866, 1230
	571, 572, 573, 716, 876
	574, 575, 576, 577, 685, 858
	578, 579, 580, 581, 582, 583, 855
	584, 585, 586, 587, 588
	589, 590, 591, 592, 593, 621
	594, 595, 596, 597, 633, 707, 860, 1166
	598, 599, 600, 601, 602, 603, 1205
	604, 605, 606, 700, 930, 1249
	607, 608, 609, 610, 710, 1109
	611, 612, 613, 614, 615, 616, 617
	618, 619, 620, 621, 622, 623, 1018, 1201
	624, 625, 626, 627, 628, 629, 630
	631, 632, 633, 706, 792, 979
	634, 635, 636, 637, 638, 658
	639, 640, 641, 642, 643, 644
	645, 646, 647, 745, 1154, 1229
	648, 649, 650, 651
	652, 653, 654, 655, 656, 657, 781
	658, 659, 660, 661, 662
	663, 664, 665, 666, 667, 668, 753
	669, 670, 671, 672, 673, 674
	675, 676, 677, 678, 679, 1243
	680, 681, 757, 933, 956
	682, 683, 684, 685, 982, 1065
	686, 687, 699, 923, 1007, 1198
	688, 689, 690, 691, 692, 1184
	693, 694, 695, 779, 896, 1025, 1090
	696, 697, 698, 699, 1006
	700, 701, 702, 703, 704, 931, 1194, 1197
	705, 706, 707, 791, 1035, 1163
	708, 709, 710, 711, 936, 1112
	712, 713, 714, 715, 838
	716, 717, 718, 873, 947
	719, 720, 721, 885, 1172
	722, 723, 724, 877, 908
	725, 726, 727, 728, 729, 730, 774
	731, 732, 733, 734, 735, 736, 1093
	737, 738, 739, 740, 741
	742, 743, 744, 745, 972, 1227
	746, 747, 748, 749, 766
	750, 751, 752, 756, 788
	753, 754, 755, 756, 787
	757, 758, 759, 810, 927, 934, 1054
	760, 761, 762, 763, 764, 765
	766, 767, 768, 769, 806, 964
	770, 771, 772, 773, 784
	774, 775, 776, 777, 778, 795
	779, 780, 781, 782, 894
	783, 784, 785, 786, 787, 788
	789, 790, 791, 792, 796, 1034
	793, 794, 795, 796, 1023, 1029
	797, 798, 799, 800, 801, 802, 992
	803, 804, 805, 806, 966
	807, 808, 809, 810, 926, 1057
	811, 812, 813, 814, 815, 826, 919
	816, 817, 818, 819, 820, 850
	821, 822, 823, 824, 825, 826, 1085
	827, 828, 829, 830
	831, 832, 833, 843, 1135, 1173
	834, 835, 836, 837, 838, 839
	840, 841, 842, 843, 844, 940, 948
	845, 846, 847, 848, 849, 850
	851, 852, 853, 854, 937, 1105, 1110
	855, 856, 857, 921, 1038, 1239
	858, 859, 860, 861, 862
	863, 864, 865, 1041
	866, 867, 868, 869, 1232
	870, 871, 872, 873, 874, 875, 876
	877, 878, 879, 880, 881, 882, 1067
	883, 884, 885, 886, 1167
	887, 888, 889, 890, 891
	892, 893, 894, 895, 896
	897, 898, 899, 900, 901, 902, 1176
	903, 904, 905, 906, 907
	908, 909, 910, 911, 912, 913, 1130
	914, 915, 916, 993, 1133, 1169
	917, 918, 919, 920, 921, 1040, 1238
	922, 923, 924, 925, 926, 927, 1200
	928, 929, 930, 931, 1193
	932, 933, 934, 953, 1004, 1049
	935, 936, 937, 938, 939, 940, 1113
	941, 942, 943, 944, 945
	946, 947, 948, 949, 950, 951, 952
	953, 954, 955, 956, 957, 1052
	958, 959, 960, 961, 962, 1079, 1118
	963, 964, 965, 966, 976
	967, 968, 969, 970, 971, 972
	973, 974, 975, 976
	977, 978, 979, 980, 981, 982, 983
	984, 985, 986, 987, 988
	989, 990, 991, 992, 1246
	993, 994, 995, 996, 997
	998, 999, 1000, 1001, 1002, 1003
	1004, 1005, 1006, 1007, 1008, 1048
	1009, 1010, 1011, 1012, 1013
	1014, 1015, 1016, 1017, 1018, 1019, 1104
	1020, 1021, 1022, 1023, 1024, 1030
	1025, 1026, 1027, 1028, 1076
	1029, 1030, 1031, 1032, 1033, 1034, 1035
	1036, 1037, 1038, 1039, 1040, 1120
	1041, 1042, 1043, 1044, 1045
	1046, 1047, 1048, 1049, 1050, 1051, 1052
	1053, 1054, 1055, 1056, 1057
	1058, 1059, 1060, 1061, 1062, 1251
	1063, 1064, 1065, 1066, 1067
	1068, 1069, 1070, 1071, 1072, 1073
	1074, 1075, 1076, 1077, 1078, 1079
	1080, 1081, 1082, 1083, 1084
	1085, 1086, 1087, 1088, 1089
	1090, 1091, 1092, 1093, 1094
	1095, 1096, 1097, 1218
	1098, 1099, 1100, 1101, 1102, 1159
	1103, 1104, 1105, 1106, 1107, 1150
	1108, 1109, 1110, 1111, 1112, 1113
	1114, 1115, 1116, 1117, 1118, 1119
	1120, 1121, 1122, 1123, 1124
	1125, 1126, 1127, 1128, 1129, 1130
	1131, 1132, 1133, 1134, 1135, 1136, 1170
	1137, 1138, 1139, 1140
	1141, 1142, 1143, 1144, 1145
	1146, 1147, 1148, 1149, 1150, 1151
	1152, 1153, 1154, 1155, 1156
	1157, 1158, 1159, 1160, 1161, 1162
	1163, 1164, 1165, 1166, 1217
	1167, 1168, 1169, 1170, 1171, 1172, 1173
	1174, 1175, 1176, 1177, 1178
	1179, 1180, 1181, 1182, 1183
	1184, 1185, 1186, 1187, 1188, 1189
	1190, 1191, 1192, 1193, 1194
	1195, 1196, 1197, 1198, 1199, 1200
	1201, 1202, 1203, 1204
	1205, 1206, 1207, 1208, 1209, 1210
	1211, 1212, 1213, 1214, 1215
	1216, 1217, 1218, 1219, 1220, 1221, 1222
	1223, 1224, 1225, 1226, 1233
	1227, 1228, 1229, 1230, 1231, 1232
	1233, 1234, 1235, 1236, 1237
	1238, 1239, 1240, 1241, 1242
	1243, 1244, 1245, 1246, 1247, 1248
	1249, 1250, 1251, 1252, 1253, 1254
Seed Numbers: 418
	0
	1
	2
	3
	4
	5
	6
	7
	8
	9
	10
	11
	12
	13
	14
	15
	16
	17
	18
	19
	20
	21
	22
	23
	24
	25
	26
	27
	28
	29
	30
	31
	32
	33
	34
	35
	36
	37
	38
	39
	40
	41
	42
	43
	44
	45
	46
	47
	48
	49
	50
	51
	52
	53
	54
	55
	56
	57
	58
	59
	60
	61
	62
	63
	64
	65
	66
	67
	68
	69
	70
	71
	72
	73
	74
	75
	76
	77
	78
	79
	80
	81
	82
	83
	84
	85
	86
	87
	88
	89
	90
	91
	92
	93
	94
	95
	96
	97
	98
	99
	100
	101
	102
	103
	104
	105
	106
	107
	108
	109
	110
	111
	112
	113
	114
	115
	116
	117
	118
	119
	120
	121
	122
	123
	124
	125
	126
	127
	128
	129
	130
	131
	132
	133
	134
	135
	136
	137
	138
	139
	140
	141
	142
	143
	144
	145
	146
	147
	148
	149
	150
	151
	152
	153
	154
	155
	156
	157
	158
	159
	160
	161
	162
	163
	164
	165
	166
	167
	168
	169
	170
	171
	172
	173
	174
	175
	176
	177
	178
	179
	180
	181
	182
	183
	184
	185
	186
	187
	188
	189
	190
	191
	192
	193
	194
	195
	196
	197
	198
	199
	200
	201
	202
	203
	204
	205
	206
	207
	208
	209
	210
	211
	212
	213
	214
	215
	216
	217
	218
	219
	220
	221
	222
	223
	224
	225
	226
	227
	228
	229
	230
	231
	232
	233
	234
	235
	236
	237
	238
	239
	240
	241
	242
	243
	244
	245
	246
	247
	248
	249
	250
	251
	252
	253
	254
	255
	256
	257
	258
	259
	260
	261
	262
	263
	264
	265
	266
	267
	268
	269
	270
	271
	272
	273
	274
	275
	276
	277
	278
	279
	280
	281
	282
	283
	284
	285
	286
	287
	288
	289
	290
	291
	292
	293
	294
	295
	296
	297
	298
	299
	300
	301
	302
	303
	304
	305
	306
	307
	308
	309
	310
	311
	312
	313
	314
	315
	316
	317
	318
	319
	320
	321
	322
	323
	324
	325
	326
	327
	328
	329
	330
	331
	332
	333
	334
	335
	336
	337
	338
	339
	340
	341
	342
	343
	344
	345
	346
	347
	348
	349
	350
	351
	352
	353
	354
	355
	356
	357
	358
	359
	360
	361
	362
	363
	364
	365
	366
	367
	368
	369
	370
	371
	372
	373
	374
	375
	376
	377
	378
	379
	380
	381
	382
	383
	384
	385
	386
	387
	388
	389
	390
	391
	392
	393
	394
	395
	396
	397
	398
	399
	400
	401
	402
	403
	404
	405
	406
	407
	408
	409
	410
	411
	412
	413
	414
	415
	416
	417
Phase Numbers: 418
	2
	2
	1
	3
	2
	3
	2
	2
	0
	2
	2
	1
	3
	2
	0
	2
	0
	0
	2
	3
	3
	3
	2
	2
	2
	3
	1
	2
	3
	3
	3
	3
	3
	3
	2
	3
	2
	3
	0
	2
	2
	2
	2
	2
	3
	3
	1
	2
	0
	2
	0
	2
	0
	2
	2
	3
	1
	3
	2
	3
	2
	1
	2
	3
	2
	2
	3
	3
	2
	2
	3
	2
	3
	3
	3
	2
	3
	2
	3
	2
	1
	2
	0
	0
	2
	3
	2
	3
	2
	2
	2
	2
	3
	2
	2
	2
	0
	0
	1
	3
	0
	0
	3
	3
	0
	2
	2
	3
	2
	3
	1
	2
	1
	3
	2
	2
	2
	3
	2
	3
	3
	3
	2
	3
	3
	3
	1
	3
	2
	2
	2
	3
	2
	1
	3
	2
	2
	0
	2
	2
	0
	2
	3
	2
	2
	2
	2
	2
	3
	3
	2
	3
	0
	3
	3
	0
	2
	3
	2
	0
	2
	3
	2
	3
	2
	2
	3
	3
	3
	0
	3
	2
	3
	3
	3
	3
	3
	2
	3
	3
	3
	0
	3
	2
	0
	1
	2
	1
	2
	2
	3
	2
	0
	2
	1
	2
	0
	3
	3
	3
	3
	1
	2
	3
	3
	2
	2
	0
	3
	3
	3
	2
	3
	3
	2
	1
	3
	3
	3
	3
	3
	2
	2
	2
	3
	3
	2
	0
	2
	3
	2
	0
	3
	3
	3
	1
	1
	2
	3
	0
	3
	2
	1
	1
	3
	0
	2
	1
	3
	1
	3
	2
	3
	3
	1
	2
	3
	2
	3
	3
	3
	0
	3
	1
	2
	3
	2
	2
	3
	2
	3
	0
	3
	3
	2
	1
	2
	3
	1
	3
	3
	2
	3
	3
	2
	3
	1
	2
	1
	3
	2
	2
	3
	2
	3
	1
	0
	2
	2
	3
	2
	3
	2
	3
	3
	3
	1
	2
	3
	2
	3
	2
	3
	3
	3
	2
	3
	2
	2
	3
	2
	3
	3
	2
	3
	2
	3
	2
	2
	3
	2
	0
	3
	3
	3
	2
	2
	3
	0
	3
	1
	3
	3
	2
	2
	2
	2
	1
	2
	2
	3
	2
	2
	3
	0
	3
	1
	3
	3
	3
	2
	1
	3
	0
	3
	3
	3
	1
	3
	2
	2
	2
	2
	2
	2
	3
	3
	3
	3
	0
	2
	2
	2
	3
	3
	0
	2
	2
	1
	2
	1
	2
	3
	3
	2
	2
	1
	2
	2
	3
	3
	3
	0
	3
	3
	3
	3
	2
	2
	2
	3
	3
	2
	3
	0
	2
	1
	2
Volumes: 418
	0.0028768504142114436
	0.0022025837043525695
	0.0016512455899726005
	0.0022482424337288143
	0.0023740767581420996
	0.0023498589362483113
	0.002011149746792755
	0.003157204776120554
	0.0023495491249823685
	0.0010932057923619329
	0.0021906430518726285
	0.0039010187199982533
	0.0017698574057688817
	0.002283141150288684
	0.0025316367009280212
	0.002878211419852147
	0.0024036825134021696
	0.0023327151997177453
	0.002721593798932757
	0.0019019634663673909
	0.0028351498970364316
	0.0020511387977285643
	0.002223670802468346
	0.002035958196770305
	0.00281809158598279
	0.001961225242805313
	0.002249150275315934
	0.002663422926410736
	0.0017506162773238856
	0.0020306603670919004
	0.002605984999880951
	0.0032725191205738744
	0.003174047917083676
	0.0010913632965170372
	0.0017110443426210302
	0.0012453693677572971
	0.002088842910347169
	0.002199396519002447
	0.00293120780815321
	0.0026064137625688975
	0.002778010085299987
	0.0018093603766619272
	0.0026236026074358716
	0.0019503074688772795
	0.0026041804710495707
	0.0028821545301204636
	0.0013072358886276115
	0.0028697681908898096
	0.0021813499804536713
	0.0014231949115120213
	0.001584413943981143
	0.002727018789164994
	0.002399689204564243
	0.0022160036772797542
	0.002892711037370377
	0.00246088227845575
	0.0030627524784173654
	0.002202845925875252
	0.001524575737281934
	0.002995910707716081
	0.0024810401924151284
	0.0020634706196880357
	0.001998830532384229
	0.0023023818602091834
	0.0012978931379325814
	0.003182087614480457
	0.0022836250885774493
	0.001773701758719093
	0.00237023630387136
	0.003007249494989161
	0.003047609347033819
	0.0023532932233172824
	0.0016934873068128406
	0.0025512975570809145
	0.0018656967299142664
	0.0025066471435008855
	0.001997151832299424
	0.002248180213050401
	0.0027754966771859207
	0.0024940807104078854
	0.0024055710451977765
	0.0019582516216638613
	0.003533918760532745
	0.003071304127607551
	0.0018600376365467235
	0.0011753634952805265
	0.003304970019830369
	0.00288700898034012
	0.00281618086146492
	0.0029896667243265347
	0.001784817747617851
	0.002494105840302956
	0.0009319508425177992
	0.000850493556656189
	0.0021652761136723535
	0.0032586148715811184
	0.0022411519134163693
	0.002107735097251278
	0.003550696698425272
	0.0015614821248104821
	0.001623494728232607
	0.002702878064208214
	0.001990957634960891
	0.0027590134806179493
	0.0010387342764796698
	0.0013304617255862421
	0.0030151159204623653
	0.0030533562812087426
	0.0029980030420684763
	0.0018750800828566537
	0.001781431791718002
	0.002681342360431553
	0.002610278381010085
	0.002928866313280953
	0.002257709324329631
	0.0023330381135341196
	0.002060900464178915
	0.002779975657732357
	0.003676555213372002
	0.0030051467849958663
	0.002953484896660751
	0.0029131935938795464
	0.003891396488319367
	0.002345590535826078
	0.0025599310316505156
	0.0037365210835627006
	0.0020494042202872783
	0.002958139159206282
	0.0023448365085527645
	0.0018088615877694478
	0.0011216193153228728
	0.002726283165415894
	0.0025352138687926695
	0.0020290012807371864
	0.0029024695469952247
	0.0018640310413775268
	0.0024022496609910375
	0.00239541614421619
	0.00269838776317494
	0.0021840861714888613
	0.004031613097347111
	0.002899082430349885
	0.0013536511155413
	0.0014614359848446406
	0.0009039104339998456
	0.0018526298513694348
	0.003541590696766161
	0.0019269584199814599
	0.0022531658161838576
	0.0029324889680039873
	0.0026444834479881986
	0.003482618731640611
	0.002228870545556811
	0.0021307225592916276
	0.0018430439023393226
	0.002738768618137886
	0.002186953297169298
	0.002920041815949256
	0.0018172942503757166
	0.001930066328273479
	0.0020720753760113987
	0.0017549175977335891
	0.002537225057176268
	0.0027452630789897075
	0.002683359392131889
	0.0022532713672382067
	0.002300908392904334
	0.001641271099713209
	0.0033788024046305836
	0.003457315864962566
	0.0023626704065522076
	0.00281708813642332
	0.0021378002577602633
	0.002528395887967987
	0.002124900818922573
	0.002677064346830204
	0.002748154521601347
	0.0017622532679356661
	0.002668767636437205
	0.0027546299437404822
	0.002144725481774843
	0.002457603734772815
	0.0005412019975863354
	0.002709463925329879
	0.0029516088042728286
	0.0024274450050276583
	0.003060573030955142
	0.001586905570295223
	0.0020564228906056583
	0.0013017244025734006
	0.0025400769314294818
	0.0019550174955609437
	0.0028833717745020814
	0.0026486935918648416
	0.0014602020970605417
	0.0018589932751001258
	0.0019144495362753363
	0.002446206412953499
	0.0024836706648404747
	0.0008549137447882741
	0.002843462980412402
	0.002791667132123633
	0.0024943561599832277
	0.002212611271082277
	0.0027434189771191175
	0.0024929394950794826
	0.002262567047143214
	0.0019828180213037633
	0.001172235305178771
	0.002643763701681101
	0.0015504127315740502
	0.0029275090624115607
	0.0032324142053718396
	0.001690189034106682
	0.0025690337088188375
	0.0026064481924442996
	0.0017331364856335574
	0.002364447231467298
	0.0026920701332373365
	0.0029065162020127534
	0.0025480521417782617
	0.003029024006283668
	0.002347468485613861
	0.0025946071244036598
	0.002671105646123532
	0.0022612094722525723
	0.0018756680472195118
	0.0015360983008684678
	0.003270406548835599
	0.002953572164081334
	0.0021486939347350295
	0.0031987487905556938
	0.003009423343309377
	0.003648881054998065
	0.002329812126189019
	0.0019593035434264114
	0.002303597719225006
	0.001264313619330321
	0.002411328156187239
	0.0021346573672754894
	0.002839484719245153
	0.002473737759297951
	0.002497480396558174
	0.0025866400535226462
	0.0019325780979714438
	0.003341250050962062
	0.002919747268708216
	0.0033941416351326746
	0.0019334395960230928
	0.0017005745646802516
	0.0023856916344246427
	0.002798458771850128
	0.001990267812425501
	0.0029212597003958323
	0.0028515448898783114
	0.0017947257931267412
	0.0026083315191438726
	0.002438972940841243
	0.003061221352932273
	0.0018430817562545866
	0.002515952737165663
	0.002141535852625687
	0.002817535858707988
	0.0029537894063416917
	0.002720708990066202
	0.002948560234546361
	0.0022147823045736014
	0.0022542154237850725
	0.0023867771733430913
	0.003100336460226833
	0.002329658485016792
	0.0024160347482648174
	0.002067228577727867
	0.0026570801651504936
	0.0027561528409611497
	0.0018624449387179072
	0.002731758347780157
	0.001860794102060445
	0.002517886736297017
	0.0019665122598784895
	0.0022928428879556103
	0.0027470616911562905
	0.0023281871248700824
	0.003734865151585082
	0.002614055398366722
	0.002450693462891124
	0.002097624689490934
	0.0018814565306587497
	0.0031331193782611383
	0.0026749778310700134
	0.0024037487245830414
	0.0026298436618260265
	0.0022446699679493
	0.0020183617968971565
	0.0014904344012584725
	0.0023117271590386737
	0.002031843145007468
	0.0030780316618918653
	0.0021434411663594235
	0.0018155734549665135
	0.0028734416485237343
	0.0028223142989505755
	0.003092423747327121
	0.002860388362039061
	0.00229714952534485
	0.0024913660189154105
	0.0030972839294626667
	0.0025734764840680754
	0.0026467392902897856
	0.002381559681729145
	0.0016672367587216314
	0.00239068900951365
	0.0016555744002388778
	0.0027486762526471712
	0.0029074462118838552
	0.0018061760921628815
	0.0028621888483663874
	0.0017832746606269998
	0.0017460676909143151
	0.001647276099448647
	0.0018846685725362694
	0.0020230612085112426
	0.0027128714891575083
	0.0023811594785118594
	0.0024740973324760595
	0.00258801198081648
	0.002467892832607825
	0.002639661638722733
	0.002794144688546184
	0.0035394870924593883
	0.0020362572779100627
	0.0019262689095364577
	0.002396954846994681
	0.002834965072108809
	0.0018151586395881289
	0.001332321486158898
	0.003444071756577533
	0.002167526626615251
	0.003688344211193915
	0.003293795380558258
	0.0028089635105153776
	0.0026467450728001806
	0.002039520512743211
	0.001011383649177835
	0.002291699365060798
	0.0027209523691234
	0.002513955528792637
	0.0023656511963850565
	0.001756855734427426
	0.0011395857084180866
	0.002504112463799304
	0.0015160921316484115
	0.002866861357400676
	0.0030083931322675396
	0.002475600909882029
	0.0026068897291903204
	0.0023910915460160567
	0.003181731665299819
	0.0029946767189093005
	0.0025228658245653114
	0.003066583002531483
	0.003381634962362065
	0.0029969160416008327
	0.0013220532012653476
	0.0030949584920289533
	0.001213282340136266
	0.0025214447557879863
	0.002189792676925972
	0.0038119890715456904
	0.0025792929768539336
	0.002312277879071585
	0.00223274344934177
	0.0029980524395035167
	0.0030200085187467324
	0.0020803441789541783
	0.0018504931590697046
	0.003336903343705425
	0.0021769178810979767
	0.0017198800792979675
	0.004094085394617386
	0.0022395730829132656
	0.0026943065062672578
	0.0019335915169670162
	0.0027481364519579537
	0.0017478776497000179
	0.0015510912996247444
	0.001643467203866534
	0.0025892770825049513
	0.0011048751798799928
	0.0027630165509712292
	0.0027615799255637083
	0.0024483771521648804
	0.003174365988413157
	0.0018133313521804684
	0.0025603856522104767
	0.0034726926743156236
	0.0007964899434919322
	0.002575285165110807
	0.0018300769279910542
	0.001856587919196782
	0.002026339673133295
	0.0019742950383512875
	0.0033964028278879567
	0.002042204027154208
	0.0016259772608328857
	0.002878142428673528
	0.0019198174168162622
	0.0034417019403818823
	0.0017114848777216763
	0.0025167389965978907
	0.002590469524092365
	0.0029195441854420485
	0.002814939518523791
	0.001999955741543758
	0.0009148363975137443
	0.0022724023128753885
	0.0028880126377546144
	0.002341693480943625
