Mesh Points: 846
	-1.576743e-01, -2.959305e-01
	-1.821831e-01, -2.509273e-01
	-1.601455e-01, -3.057841e-01
	-2.242562e-01, -2.727251e-01
	-2.211889e-01, -2.640351e-01
	-2.094364e-01, -3.160702e-01
	-1.868565e-01, -3.281171e-01
	-1.283792e-01, -3.622934e-01
	-1.101468e-01, -3.845680e-01
	-1.576947e-01, -3.677181e-01
	-1.609776e-01, -4.131270e-01
	-1.286647e-01, -4.174310e-01
	 3.968328e-01,  7.431948e-02
	 4.123221e-01,  3.872312e-02
	 3.801330e-01,  1.149648e-02
	 3.524753e-01,  3.945380e-02
	 3.614997e-01,  6.756382e-02
	 3.784009e-01,  1.163817e-02
	 3.887641e-01,  7.775409e-02
	 4.745585e-02, -1.021609e-01
	 2.165029e-02, -1.233995e-01
	 3.234382e-02, -6.585756e-02
	-2.990630e-03, -5.903191e-02
	-3.303988e-03, -1.086847e-01
	-4.115126e-01, -2.938705e-01
	-4.191521e-01, -3.198656e-01
	-4.168007e-01, -2.871899e-01
	-4.728211e-01, -2.733942e-01
	-4.768670e-01, -3.275570e-01
	-4.514991e-01, -3.385865e-01
	-4.677370e-01,  1.563683e-01
	-4.979935e-01,  1.782157e-01
	-4.409302e-01,  1.598417e-01
	-4.209506e-01,  1.983807e-01
	-4.626691e-01,  2.174951e-01
	-5.000000e-01, -3.364264e-01
	-5.000000e-01, -2.691676e-01
	-4.749199e-01, -2.703313e-01
	 1.154072e-01, -2.814127e-01
	 1.440855e-01, -2.804108e-01
	 8.811661e-02, -2.475472e-01
	 1.367963e-01, -2.287857e-01
	 1.513689e-01, -2.470106e-01
	 9.786173e-02, -2.279582e-01
	-1.775575e-01,  1.856163e-01
	-1.938456e-01,  2.042266e-01
	-2.041446e-01,  1.377583e-01
	-2.438109e-01,  1.852553e-01
	-2.300686e-01,  2.019577e-01
	-2.233154e-01,  1.381650e-01
	-1.227543e-01, -5.000000e-01
	-1.361630e-01, -4.718124e-01
	-1.773583e-01, -5.000000e-01
	-1.534309e-01, -4.720243e-01
	-4.038303e-01, -2.233361e-01
	-3.981695e-01, -2.231398e-01
	-4.336528e-01, -1.826446e-01
	-4.333148e-01, -1.706412e-01
	-3.847614e-01, -1.567254e-01
	-3.603047e-01, -1.828038e-01
	-3.638409e-01, -1.994528e-01
	 1.206509e-01, -1.329402e-01
	 9.610976e-02, -8.762425e-02
	 7.914023e-02, -1.537437e-01
	 6.773001e-02, -1.053133e-01
	 9.542516e-02, -8.739722e-02
	-3.319393e-01, -1.650175e-01
	-3.285500e-01, -1.456158e-01
	-3.802312e-01, -1.321049e-01
	-3.455760e-01, -1.228136e-01
	 5.000000e-01, -5.191569e-02
	 4.477958e-01, -6.886422e-02
	 5.000000e-01, -3.490717e-02
	 4.352320e-01, -2.261515e-02
	 4.518958e-01, -5.100193e-03
	 4.389899e-01, -6.463218e-02
	-3.925521e-01,  3.453161e-01
	-3.853713e-01,  3.471362e-01
	-4.361752e-01,  3.672272e-01
	-4.044899e-01,  4.108235e-01
	-3.969900e-01,  4.129566e-01
	-3.707112e-01,  4.009399e-01
	 1.139740e-02, -4.639759e-01
	-1.650489e-02, -4.886631e-01
	-4.605520e-02, -4.677049e-01
	 3.108874e-03, -4.312596e-01
	-3.421327e-02, -4.342524e-01
	-1.363058e-02, -4.242052e-01
	 6.836956e-02,  3.952464e-02
	 5.039304e-02,  4.055267e-02
	 2.239711e-02,  8.151404e-02
	 2.371368e-02,  1.062901e-01
	 3.359519e-02,  1.144545e-01
	 6.810891e-02,  1.087475e-01
	 9.418315e-02,  7.774050e-02
	 9.433463e-02,  7.659677e-02
	 3.970966e-01,  4.685860e-01
	 4.065727e-01,  4.688198e-01
	 3.821554e-01,  5.000000e-01
	 4.255592e-01,  5.000000e-01
	 7.830263e-02, -1.553809e-01
	 2.391405e-02, -1.446998e-01
	-5.783388e-02, -3.222376e-03
	-7.155017e-02, -2.309530e-02
	-6.749755e-02,  1.823695e-02
	-1.147625e-01, -6.255513e-03
	-1.015540e-01,  1.951680e-02
	-1.028582e-01, -2.825700e-02
	-2.581061e-01, -3.553876e-01
	-2.452019e-01, -3.271594e-01
	-3.087809e-01, -3.290587e-01
	-2.677001e-01, -2.937701e-01
	-2.657763e-01, -2.942441e-01
	-3.090945e-01, -3.188037e-01
	 1.399103e-01, -1.382720e-01
	 1.321651e-01, -7.521306e-02
	 1.576830e-01, -9.643551e-02
	 2.185189e-01,  5.000000e-01
	 2.056524e-01,  4.702344e-01
	 1.582687e-01,  5.000000e-01
	 1.584535e-01,  4.990627e-01
	 1.971943e-01,  4.689792e-01
	-1.825405e-01, -4.244563e-01
	-1.117267e-01, -4.434145e-01
	-1.377997e-02,  4.585974e-02
	-2.625731e-02,  1.153681e-01
	-4.951033e-02,  6.263910e-02
	-3.438498e-01,  4.183542e-01
	-2.915000e-01,  4.185218e-01
	-3.566824e-01,  4.030799e-01
	-3.325115e-01,  3.713477e-01
	-2.973472e-01,  3.716193e-01
	-2.875532e-01,  4.116986e-01
	-1.614814e-01, -1.842038e-01
	-1.889342e-01, -2.089937e-01
	-1.684084e-01, -1.626313e-01
	-2.146607e-01, -1.545885e-01
	-2.307582e-01, -1.748934e-01
	-2.322204e-01, -1.914484e-01
	 8.939878e-02, -5.000000e-01
	 7.114956e-02, -4.587040e-01
	 3.231800e-02, -5.000000e-01
	 3.099267e-02, -4.744430e-01
	 5.000000e-01, -5.000000e-01
	 5.000000e-01, -4.706339e-01
	 4.670233e-01, -5.000000e-01
	 4.739347e-01, -4.733005e-01
	 2.065187e-01,  3.873029e-01
	 1.640791e-01,  3.744167e-01
	 2.004206e-01,  4.129251e-01
	 1.754734e-01,  4.285079e-01
	 1.473542e-01,  4.039350e-01
	 1.491254e-01,  3.853567e-01
	 1.327971e-01,  4.572203e-01
	 1.366576e-01,  4.584705e-01
	 9.236286e-02,  4.919765e-01
	 9.217576e-02,  5.000000e-01
	 3.864428e-01, -2.352536e-01
	 4.218819e-01, -2.195950e-01
	 3.611220e-01, -2.074578e-01
	 4.175337e-01, -1.841098e-01
	 3.713442e-01, -1.711990e-01
	 3.695353e-01, -1.727969e-01
	 6.525739e-02, -2.576233e-01
	 6.736288e-02, -2.973197e-01
	 9.903771e-02, -3.056271e-01
	-3.075218e-01,  3.115429e-01
	-2.918221e-01,  3.276017e-01
	-2.915103e-01,  2.847627e-01
	-2.445096e-01,  3.212560e-01
	-2.603879e-01,  2.825880e-01
	-2.697255e-02, -2.606764e-01
	-6.087836e-02, -2.618607e-01
	-9.347171e-03, -2.346085e-01
	-1.489672e-02, -2.109842e-01
	-2.593674e-02, -2.014658e-01
	-6.390863e-02, -2.595339e-01
	-6.627106e-02, -2.150272e-01
	-4.276062e-02, -2.001094e-01
	 2.211376e-02, -3.101485e-01
	 3.697563e-03, -3.415761e-01
	 1.004947e-02, -2.867915e-01
	-1.437081e-02, -2.824413e-01
	-3.540397e-02, -3.064549e-01
	-2.679419e-02, -3.359108e-01
	 3.657454e-01, -5.150333e-02
	 3.547769e-01, -9.514382e-02
	 3.367049e-01, -2.377316e-02
	 3.045574e-01, -5.272982e-02
	 3.022775e-01, -6.623415e-02
	-2.626697e-02,  2.678563e-01
	-5.761129e-02,  2.794717e-01
	-3.178671e-02,  2.170659e-01
	-8.125581e-02,  2.359286e-01
	-4.185322e-02,  2.090431e-01
	-5.674693e-02,  2.106553e-01
	-1.011009e-01, -1.651790e-01
	-1.385194e-01, -1.945323e-01
	-1.547558e-01, -1.337556e-01
	-1.251276e-01, -1.264236e-01
	-1.110180e-01, -1.350762e-01
	-4.109255e-01,  3.122703e-01
	-4.495417e-01,  3.632851e-01
	-4.406703e-01,  3.076967e-01
	 8.321816e-02, -1.874470e-01
	 1.492728e-02, -1.581772e-01
	 2.489418e-02, -1.946234e-01
	 3.931036e-02, -2.030282e-01
	 2.087313e-01, -1.608144e-01
	 1.767980e-01, -1.978724e-01
	 2.096010e-01, -1.546197e-01
	 2.021371e-01, -1.461101e-01
	 1.433412e-01, -1.433638e-01
	 1.398150e-01, -1.765648e-01
	 1.532534e-01, -1.936704e-01
	 4.291666e-01,  2.448683e-01
	 4.535945e-01,  2.263123e-01
	 4.570201e-01,  1.899294e-01
	 3.932583e-01,  2.096774e-01
	 4.008767e-01,  2.300695e-01
	 4.298527e-01,  1.849976e-01
	 4.568663e-01,  1.896252e-01
	 1.740914e-01,  4.359209e-01
	 1.144704e-01,  4.262840e-01
	 1.372546e-01,  3.497077e-02
	 9.617264e-02,  2.383229e-03
	 1.325035e-01,  5.774922e-02
	 9.081325e-02,  4.724101e-03
	 3.378300e-01,  3.474950e-01
	 3.475647e-01,  3.740729e-01
	 3.235951e-01,  3.421869e-01
	 2.869977e-01,  3.772251e-01
	 3.255392e-01,  3.989776e-01
	 3.380930e-01,  3.936492e-01
	 2.893826e-01,  3.634256e-01
	 1.675887e-01,  2.029685e-02
	 1.897284e-01,  5.253781e-02
	 1.753934e-01,  7.732598e-02
	 1.556708e-01,  8.070320e-02
	-2.534824e-01, -3.144692e-02
	-2.456600e-01, -1.842290e-02
	-2.470350e-01, -6.668838e-02
	-2.048511e-01, -8.233396e-03
	-1.976849e-01, -6.405419e-02
	-1.939664e-01, -2.081832e-02
	-2.403849e-01, -7.060860e-02
	-4.049285e-01, -3.754082e-01
	-3.892258e-01, -3.587909e-01
	-3.973594e-01, -4.215503e-01
	-3.740959e-01, -4.316453e-01
	-3.480937e-01, -4.046503e-01
	-3.677001e-01, -3.571464e-01
	-7.016266e-02, -4.753270e-01
	-1.486554e-02, -5.000000e-01
	-7.775278e-02, -5.000000e-01
	-4.674429e-01,  2.346370e-01
	-4.416993e-01,  2.632471e-01
	-4.132350e-01,  2.017146e-01
	-4.236770e-01,  2.543640e-01
	 8.769625e-02, -1.911945e-01
	 4.819235e-01,  2.503561e-01
	 4.321975e-01,  2.662926e-01
	 4.680378e-01,  2.771181e-01
	 1.090265e-01, -3.791621e-01
	 1.059516e-01, -4.247772e-01
	 8.155770e-02, -3.592000e-01
	 7.742978e-02, -4.332781e-01
	 5.447700e-02, -4.110063e-01
	 7.305246e-02, -3.605020e-01
	 4.639544e-01,  7.145449e-02
	 4.416171e-01,  2.997307e-02
	 4.347795e-01,  1.024647e-01
	-4.720202e-01,  4.275717e-01
	-4.551973e-01,  4.391008e-01
	-5.000000e-01,  4.284757e-01
	-5.000000e-01,  5.000000e-01
	-4.587194e-01,  5.000000e-01
	-4.463457e-01,  4.609095e-01
	-3.014583e-01,  2.581482e-01
	-3.422886e-01,  2.768265e-01
	-3.342696e-01,  2.562345e-01
	-3.163011e-01,  3.115677e-01
	 1.776658e-01, -7.672175e-03
	 2.137984e-01, -2.922443e-03
	 2.106696e-01,  5.230555e-02
	 2.357611e-01,  2.294391e-02
	 2.356979e-01,  2.463979e-02
	 3.259026e-01, -3.928239e-01
	 2.919944e-01, -4.044359e-01
	 3.313862e-01, -3.802543e-01
	 3.160932e-01, -3.483968e-01
	 2.878716e-01, -3.525623e-01
	 2.731503e-01, -3.980267e-01
	-1.819941e-01, -2.505664e-01
	-2.503758e-01, -2.107248e-01
	-2.486668e-01, -2.309018e-01
	-1.621789e-02, -3.911765e-01
	 1.147086e-02, -3.677930e-01
	 4.099196e-02, -4.098547e-01
	 4.191308e-01, -4.949634e-01
	 4.497679e-01, -4.544895e-01
	 3.855885e-01, -4.612768e-01
	 4.482903e-01, -4.492490e-01
	 4.178505e-01, -4.321754e-01
	 5.337529e-02, -1.879671e-02
	 5.536043e-02, -4.783580e-02
	 2.497062e-02, -4.072677e-03
	-6.724372e-03, -3.983281e-02
	-6.746390e-03, -5.516331e-02
	 3.996968e-01,  1.433333e-01
	 3.787846e-01,  1.142212e-01
	 4.042106e-01,  1.436071e-01
	 4.373197e-01,  1.170170e-01
	-1.961417e-01,  2.804474e-01
	-2.166468e-01,  3.233106e-01
	-1.469728e-01,  3.058058e-01
	-1.989066e-01,  3.419731e-01
	-1.522841e-01,  3.304994e-01
	 3.775769e-01,  2.671883e-01
	 3.854896e-01,  2.856231e-01
	 4.153670e-01,  2.864506e-01
	-3.914586e-01,  1.990081e-01
	-3.717703e-01,  2.387205e-01
	-3.869883e-01,  2.650803e-01
	-2.156768e-01, -1.281523e-01
	-1.825721e-01, -1.082527e-01
	 5.000000e-01, -9.629475e-02
	 4.682208e-01, -1.172792e-01
	 4.534883e-01, -1.080708e-01
	-6.184801e-02, -1.644028e-01
	-4.235903e-02, -1.327233e-01
	-9.595903e-02, -1.685325e-01
	-5.952863e-02, -1.101002e-01
	-4.293892e-02, -1.255717e-01
	-2.235848e-01,  1.379439e-01
	-2.714301e-01,  1.342624e-01
	-2.663253e-01,  1.847525e-01
	-2.814525e-01,  1.709337e-01
	-1.833283e-01, -5.000000e-01
	-2.116464e-01, -4.731607e-01
	-2.112638e-01, -4.454275e-01
	-1.881275e-01, -4.242026e-01
	 1.681534e-01, -2.716328e-02
	 1.417788e-01, -3.493985e-02
	 1.090822e-01, -2.203170e-02
	 2.372720e-01, -5.590757e-02
	 2.527500e-01, -8.327782e-02
	 2.001185e-01, -1.044348e-01
	 1.834338e-01, -8.864265e-02
	 1.895117e-01, -5.956453e-02
	 2.996075e-01,  5.000000e-01
	 2.997505e-01,  4.800203e-01
	 2.492749e-01,  5.000000e-01
	 2.530870e-01,  4.717260e-01
	 2.859852e-01,  4.661443e-01
	-4.564212e-01, -6.681615e-02
	-4.588362e-01, -9.428905e-02
	-5.000000e-01, -9.390589e-02
	-5.000000e-01, -5.392807e-02
	-4.768172e-01, -4.650371e-02
	 2.496490e-01, -1.454106e-01
	 2.585785e-01, -8.671667e-02
	-1.090782e-01, -2.640109e-01
	-1.243669e-01, -2.301398e-01
	-1.235047e-01, -2.267019e-01
	-8.803014e-02, -2.077201e-01
	 6.913473e-02,  4.559588e-01
	 3.498572e-02,  4.744222e-01
	 3.850240e-02,  5.000000e-01
	-2.909191e-01, -8.554562e-02
	-3.113337e-01, -7.507536e-02
	-2.995164e-01, -2.211854e-02
	-3.152781e-01, -6.174716e-02
	-2.953652e-01,  1.019748e-01
	-3.323882e-01,  1.427897e-01
	-3.054513e-01,  1.722146e-01
	-3.290324e-01,  1.173898e-01
	-3.029144e-01,  1.012277e-01
	-1.799866e-01, -7.802752e-02
	-2.330239e-01, -1.160426e-01
	 4.042209e-01,  3.523156e-01
	 4.043447e-01,  3.531021e-01
	 4.300989e-01,  3.679402e-01
	 4.622507e-01,  3.593731e-01
	 4.717722e-01,  3.433805e-01
	 4.301018e-01,  3.117661e-01
	 4.667410e-01,  3.144856e-01
	 1.936016e-01, -5.000000e-01
	 1.840188e-01, -4.503051e-01
	 1.311803e-01, -5.000000e-01
	 1.818829e-01, -4.491760e-01
	 1.395724e-01, -4.727357e-01
	 5.000000e-01,  3.012421e-01
	 4.760399e-01,  3.011061e-01
	 5.000000e-01,  3.484289e-01
	 2.960199e-01,  1.461681e-01
	 3.253335e-01,  1.747848e-01
	 2.593142e-01,  1.761905e-01
	 2.901515e-01,  2.141205e-01
	 3.244147e-01,  1.868801e-01
	-4.155647e-01, -3.151143e-02
	-4.445734e-01, -3.928551e-03
	-3.771843e-01, -8.352229e-03
	-4.280617e-01,  3.126436e-02
	-4.122308e-01,  3.893648e-02
	-3.862168e-01,  2.394656e-02
	 5.000000e-01,  4.428783e-01
	 4.776893e-01,  4.387399e-01
	 5.000000e-01,  5.000000e-01
	 4.756418e-01,  5.000000e-01
	 4.613429e-01,  4.567817e-01
	 3.682334e-01,  3.128729e-01
	 3.684046e-01,  3.147047e-01
	 8.592115e-02, -5.725944e-02
	-3.578983e-01, -3.854422e-02
	-3.890961e-01, -7.451195e-02
	-3.608626e-01, -1.860186e-02
	-4.160788e-01, -4.667564e-02
	 5.000000e-01, -4.087113e-01
	 4.801185e-01, -4.079120e-01
	 2.197865e-01,  1.113704e-01
	 2.337965e-01,  1.207441e-01
	 2.287397e-01,  8.626255e-02
	 2.820878e-01,  1.087402e-01
	 2.622168e-01,  7.101288e-02
	 2.838918e-01,  9.865447e-02
	 4.481696e-01, -3.771444e-01
	 4.140545e-01, -4.153940e-01
	 1.150193e-03,  4.575534e-01
	-2.345741e-02,  5.000000e-01
	-2.084609e-02,  4.675249e-01
	 3.443467e-01, -2.711269e-01
	 3.410708e-01, -2.722032e-01
	 3.379018e-01, -2.176611e-01
	 3.004832e-01, -2.037982e-01
	 3.080213e-01, -2.024128e-01
	 2.876121e-01, -2.317304e-01
	 3.035700e-01, -2.631592e-01
	 7.162685e-03,  3.149737e-01
	-1.677824e-05,  3.248504e-01
	 5.779120e-02,  3.327676e-01
	 4.590875e-02,  3.641714e-01
	 1.381606e-03,  3.561752e-01
	 1.275261e-02,  3.669330e-01
	-2.852755e-01,  2.309593e-01
	-2.856487e-01,  2.310815e-01
	-2.430853e-01,  2.469589e-01
	-2.406899e-01,  2.513049e-01
	-4.180308e-01, -2.398776e-01
	-4.635869e-01, -2.428588e-01
	 1.193847e-01, -4.291938e-01
	 1.646192e-01, -4.149117e-01
	 1.632599e-01, -4.144356e-01
	 9.738443e-02,  1.483231e-01
	 1.370223e-01,  1.195792e-01
	 9.567036e-02,  1.563600e-01
	 1.350436e-01,  1.930473e-01
	 1.384600e-01,  1.195653e-01
	 1.671304e-01,  1.439658e-01
	 1.361620e-01,  1.927905e-01
	-3.507121e-02,  4.571935e-01
	-9.403608e-02,  5.000000e-01
	-9.760147e-02,  4.817710e-01
	-7.049171e-02,  4.569160e-01
	-1.515668e-01,  2.422653e-01
	-1.407938e-01,  2.089132e-01
	-1.827149e-01,  2.463148e-01
	-1.623392e-01,  1.840000e-01
	-9.825524e-02,  1.798801e-01
	-1.122001e-01,  2.041754e-01
	-8.819358e-02,  1.788240e-01
	-9.063959e-02,  2.352884e-01
	 2.344100e-01,  4.449526e-01
	 2.335715e-01,  4.510835e-01
	 3.782732e-01, -4.612351e-01
	 3.468454e-01, -4.936333e-01
	 4.197104e-01, -5.000000e-01
	 3.457344e-01, -5.000000e-01
	-1.987666e-01,  2.650949e-01
	 2.792483e-01,  2.344871e-01
	 2.900402e-01,  2.212520e-01
	 2.877624e-01,  2.911996e-01
	 3.090429e-01,  2.972010e-01
	 2.931078e-01,  2.955185e-01
	 3.183366e-01,  2.927683e-01
	 3.399843e-01,  2.519201e-01
	 3.375656e-01,  2.443378e-01
	-3.145936e-01, -4.570640e-01
	-3.016105e-01, -4.348746e-01
	-3.598980e-01, -4.612109e-01
	-3.085633e-01, -4.058769e-01
	-3.683303e-01, -4.545174e-01
	 4.721898e-01,  4.047227e-01
	 4.345742e-01,  4.058775e-01
	 4.318530e-01,  4.482795e-01
	 4.282152e-01,  4.123386e-01
	-8.181062e-02,  4.175680e-01
	-1.347258e-01,  4.614239e-01
	-1.232691e-01,  4.189761e-01
	-3.699902e-01,  1.769883e-01
	-4.009862e-01,  1.261962e-01
	-3.757147e-01,  9.519719e-02
	 4.323794e-01, -1.669851e-01
	 4.138599e-01, -1.324638e-01
	 3.743504e-01, -1.405126e-01
	-4.517837e-01, -1.450153e-01
	-4.433332e-01, -1.156071e-01
	-4.023056e-01, -1.039020e-01
	-4.511903e-01,  2.940422e-01
	-5.000000e-01,  3.543471e-01
	-4.531529e-01,  3.648044e-01
	-5.000000e-01,  2.971695e-01
	-4.339799e-01, -4.588916e-01
	-4.139136e-01, -4.900953e-01
	-4.245851e-01, -4.315509e-01
	-1.580360e-01,  3.026848e-02
	-1.374164e-01,  4.815333e-02
	-1.889240e-01,  3.410334e-02
	-1.472398e-01,  8.330726e-02
	-1.915012e-01,  7.948583e-02
	-1.932652e-01,  7.758203e-02
	 3.187099e-01, -4.534869e-01
	 3.543553e-01, -4.276687e-01
	 5.000000e-01,  2.949414e-02
	 4.500753e-01,  1.829811e-02
	 5.000000e-01,  7.923767e-02
	 3.157632e-01, -1.331291e-01
	 3.525954e-01, -1.134399e-01
	 3.104918e-01, -1.321380e-01
	 3.549934e-01, -9.560395e-02
	 2.796072e-01, -8.529652e-02
	 3.408778e-01,  4.598812e-01
	 3.392123e-01,  4.593894e-01
	 3.713588e-01,  4.476801e-01
	 3.167954e-01,  4.305999e-01
	 3.750207e-01,  4.214817e-01
	 6.017547e-02,  3.853592e-01
	 4.510649e-02,  4.137764e-01
	 1.149695e-02,  4.084224e-01
	 1.720036e-02,  4.155888e-01
	 1.966787e-01, -3.632044e-01
	 1.970121e-01, -3.883237e-01
	 2.389949e-01, -3.526948e-01
	 2.454777e-01, -4.163910e-01
	 2.617118e-01, -4.003421e-01
	 3.451253e-01, -2.712890e-01
	 3.787080e-01, -2.553526e-01
	 3.303068e-01, -1.697344e-01
	-3.190378e-01, -3.446486e-01
	-2.526574e-01, -3.812497e-01
	-3.032013e-01, -3.986978e-01
	-1.169445e-01,  1.605512e-01
	-1.500783e-01,  1.651570e-01
	-4.924273e-01,  5.009425e-03
	-4.705522e-01, -9.826955e-03
	-5.000000e-01,  4.670296e-03
	-3.982307e-01,  4.615060e-01
	-2.472744e-01, -4.377105e-01
	-2.625091e-01, -4.483178e-01
	-2.518422e-01, -3.817833e-01
	-1.072628e-01,  1.114955e-01
	-1.323084e-01,  1.056951e-01
	-1.615601e-01,  1.331621e-01
	 2.439152e-01,  2.915378e-01
	 2.356586e-01,  3.303920e-01
	 2.730951e-01,  3.340085e-01
	 1.302347e-02, -3.592472e-01
	-4.046634e-02, -3.758671e-01
	-3.981929e-02, -3.466928e-01
	 3.079898e-01, -4.512575e-01
	 2.801122e-01, -4.687339e-01
	 2.742100e-01, -5.000000e-01
	 5.000000e-01, -2.542926e-01
	 4.783148e-01, -2.537086e-01
	 5.000000e-01, -2.002132e-01
	 4.834965e-01, -2.016596e-01
	 4.732752e-01, -2.157257e-01
	-5.000000e-01,  2.445686e-01
	-5.000000e-01,  1.782916e-01
	-1.294491e-01,  3.642346e-01
	-1.955634e-01,  3.797080e-01
	-1.639159e-01,  3.935995e-01
	-1.432846e-01,  3.892192e-01
	 3.551302e-01,  2.115719e-01
	-3.658423e-01, -3.552639e-01
	-3.753235e-01, -2.885702e-01
	-3.608219e-01, -3.050434e-01
	 7.417308e-02,  2.936998e-01
	 5.825999e-02,  3.325239e-01
	 8.156157e-02,  2.896660e-01
	 1.082225e-01,  3.545278e-01
	 1.129241e-01,  3.467926e-01
	 1.083523e-01,  2.942104e-01
	-6.356102e-02, -8.067593e-02
	-1.248042e-01, -9.190343e-02
	-9.917542e-02, -6.978262e-02
	-1.262051e-01,  2.626904e-01
	-3.304403e-01, -3.919517e-03
	-3.016947e-01, -1.652143e-02
	-3.281630e-01,  4.558635e-02
	-3.256156e-01,  4.678656e-02
	-2.757470e-01,  2.459207e-02
	-3.544601e-01, -5.000000e-01
	-4.149209e-01, -5.000000e-01
	 5.000000e-01, -3.481842e-01
	 4.682204e-01, -3.431848e-01
	 5.000000e-01, -2.978635e-01
	 4.657147e-01, -3.170215e-01
	 4.869044e-01, -2.969319e-01
	 4.785810e-01,  3.977422e-01
	 5.000000e-01,  3.953979e-01
	-1.009797e-01,  3.540968e-01
	-7.781191e-02,  3.635618e-01
	-7.428876e-02,  4.094595e-01
	 2.721851e-01, -1.205501e-02
	 2.414833e-01, -3.610090e-02
	 2.731661e-01, -6.992373e-03
	 2.219626e-01,  3.412633e-01
	 2.224529e-01,  3.744071e-01
	 2.623247e-01,  3.934820e-01
	 1.437454e-01, -3.636383e-01
	 1.457384e-01, -3.588456e-01
	 1.864361e-01, -3.526162e-01
	-3.503108e-01,  5.020161e-02
	-3.759525e-01,  9.399495e-02
	-3.470675e-01,  3.334520e-01
	-2.898447e-01,  3.627833e-01
	 4.734585e-01, -2.596902e-01
	-4.101983e-01,  6.147264e-02
	-4.526395e-01,  9.073487e-02
	-4.532560e-01,  9.842407e-02
	-4.193051e-01,  1.286213e-01
	-1.002542e-01,  3.021495e-01
	-1.228668e-01,  2.898448e-01
	 3.734113e-02, -2.480368e-01
	-4.665628e-01, -4.598727e-01
	-4.793802e-01, -4.771985e-01
	-4.763791e-01, -4.252031e-01
	-5.000000e-01, -4.263511e-01
	-5.000000e-01, -4.753192e-01
	-3.880229e-02,  1.379089e-01
	-6.089140e-02,  1.402083e-01
	-1.053581e-01,  1.109003e-01
	-8.335005e-02,  7.473008e-02
	-4.994325e-02,  6.249447e-02
	-3.887340e-01, -7.855589e-02
	 2.083278e-01,  1.134562e-01
	 1.771255e-01,  1.436432e-01
	 1.992460e-01,  1.754548e-01
	 2.467514e-01,  1.758227e-01
	 2.493371e-01,  1.743389e-01
	-9.553470e-03, -1.631195e-01
	 2.422810e-01, -4.296250e-01
	 2.232262e-01, -4.463658e-01
	 2.655767e-01,  5.585910e-02
	 3.409189e-01,  1.217703e-01
	 3.385529e-01,  1.253719e-01
	 3.458808e-01,  1.557372e-01
	 3.778303e-01,  1.640013e-01
	-3.169129e-01, -3.099728e-01
	 2.219557e-01,  2.248516e-01
	 2.306689e-01,  2.429530e-01
	 1.694633e-01,  3.230616e-01
	 1.809801e-01,  3.193588e-01
	 1.643623e-01,  3.302505e-01
	-2.798178e-01, -1.321069e-01
	-3.428599e-01, -1.012672e-01
	-2.019326e-01,  2.273902e-02
	-2.527461e-01,  4.297628e-02
	-2.353863e-01,  8.071534e-02
	-2.510626e-01,  7.049810e-02
	 4.105177e-01, -7.333321e-02
	 3.920796e-01, -4.552378e-02
	 4.010450e-01, -2.539705e-02
	-2.514000e-01,  4.644803e-01
	-2.894605e-01,  4.335681e-01
	-3.112779e-01,  4.602556e-01
	-2.964160e-01,  5.000000e-01
	-2.729172e-01,  5.000000e-01
	 5.899399e-02, -3.507663e-01
	 4.912552e-02, -3.135531e-01
	 3.543934e-01, -4.271267e-01
	 3.853248e-01, -4.001916e-01
	 5.000000e-01,  2.452517e-01
	-6.758454e-02, -4.186848e-01
	-9.466317e-02, -4.462875e-01
	-3.701061e-01,  1.776704e-01
	-3.406614e-01,  2.429577e-01
	-3.231755e-01,  2.128779e-01
	-3.262735e-01,  2.018885e-01
	 3.066144e-01,  3.666232e-02
	 3.155858e-01,  7.524979e-02
	-2.154012e-01, -3.845560e-01
	-1.852672e-01, -3.465293e-01
	 3.136302e-01, -3.105309e-01
	 2.923755e-01, -3.075465e-01
	 2.802157e-01, -2.826704e-01
	-1.583975e-01, -6.991945e-02
	 2.088671e-02,  1.959490e-02
	-5.301717e-03,  3.024464e-02
	-1.450689e-01, -5.221927e-03
	-1.564318e-01, -2.102784e-02
	-5.000000e-01, -1.558577e-01
	-3.339269e-02,  3.715879e-01
	-5.657882e-02,  3.570485e-01
	-3.033633e-02,  4.019260e-01
	-4.118226e-02,  4.134903e-01
	 3.820387e-01,  2.041052e-01
	 2.286528e-01, -5.000000e-01
	-2.423553e-01,  4.612693e-01
	-2.250051e-01,  4.310832e-01
	-2.076115e-01,  4.887818e-01
	-1.711628e-01,  4.584076e-01
	-1.783455e-01,  4.454644e-01
	-3.415721e-01,  4.548333e-01
	-3.492187e-01,  4.645058e-01
	-3.932992e-01,  4.670090e-01
	-5.000000e-01, -5.000000e-01
	-4.709503e-01, -5.000000e-01
	-2.797016e-01, -1.321970e-01
	 1.075997e-01, -3.291075e-01
	-4.742803e-01,  1.154398e-01
	-4.461693e-01, -3.733058e-01
	-4.612644e-01, -3.921351e-01
	-5.000000e-01, -3.731223e-01
	 2.982143e-01,  1.337386e-01
	 5.000000e-01,  1.331281e-01
	 4.814377e-01,  1.400243e-01
	-4.609653e-01, -4.060035e-01
	 3.048426e-01,  1.659972e-02
	 3.368768e-01, -2.078757e-02
	 1.889634e-01,  2.084538e-01
	 1.663389e-01,  2.555321e-01
	 1.969941e-01,  2.759263e-01
	 1.749070e-01,  2.131633e-01
	 2.223103e-01,  2.669849e-01
	-1.141586e-01,  4.304284e-02
	-1.088625e-01, -4.070243e-02
	-1.459440e-01, -4.437255e-02
	-1.506139e-01,  4.665689e-01
	-2.075965e-01,  5.000000e-01
	-1.542993e-01,  5.000000e-01
	 7.261786e-02,  2.306219e-01
	 3.328692e-02,  2.477488e-01
	 3.742727e-02,  2.785685e-01
	 2.312884e-01, -3.094921e-01
	 2.311444e-01, -3.113053e-01
	 2.038041e-01, -2.692726e-01
	 1.685057e-01, -2.951332e-01
	 1.914489e-01, -3.267121e-01
	 3.442601e-02,  1.692009e-01
	 2.724657e-02,  1.724959e-01
	-2.523008e-02,  1.613265e-01
	 2.955917e-02, -2.510212e-01
	 3.081975e-01,  3.309534e-02
	-2.968558e-01, -5.000000e-01
	-2.645741e-01, -5.000000e-01
	-8.231364e-02, -3.806405e-01
	-7.546183e-02, -3.423201e-01
	-1.178674e-01, -3.303764e-01
	-8.798581e-02, -3.236444e-01
	-9.721807e-02, -3.209714e-01
	-3.404644e-01,  5.000000e-01
	 4.405194e-01, -2.621697e-01
	 4.203284e-01, -2.909256e-01
	 4.264473e-01, -2.225678e-01
	 2.051093e-01, -2.637382e-01
	 1.873089e-01, -2.380476e-01
	 1.560777e-01, -2.933074e-01
	-3.137444e-01, -2.566195e-01
	-3.641281e-01, -2.624204e-01
	-3.256877e-01, -2.438577e-01
	 2.700275e-01, -1.584209e-01
	 2.754648e-01, -1.861616e-01
	 5.000000e-01, -1.455513e-01
	 4.750048e-01, -1.442991e-01
	 3.806817e-01, -3.783823e-01
	 3.643658e-01, -3.685849e-01
	-2.451796e-01, -5.000000e-01
	 1.321496e-01, -3.351157e-01
	 7.137078e-02,  4.431311e-01
	 1.082906e-01,  3.563591e-01
	 4.612649e-01, -1.639869e-01
	 7.388906e-03,  3.084288e-01
	 5.626479e-02,  1.786482e-01
	 1.092985e-01,  2.261952e-01
	 7.434043e-02,  2.283197e-01
	-2.552930e-01,  3.677142e-01
	-2.399162e-01,  3.966555e-01
	-2.314183e-01,  4.005069e-01
	 3.749768e-01, -3.184147e-01
	 4.018331e-01, -3.186102e-01
	 4.203400e-01, -2.946803e-01
	 2.721242e-01, -3.346278e-01
	 2.461956e-01, -3.352819e-01
	 2.608535e-01, -2.771427e-01
	-2.844349e-01, -2.627746e-01
	 2.299384e-01, -2.075593e-01
	 2.383835e-01, -2.116684e-01
	 6.268830e-03,  2.173144e-01
	-4.749781e-01, -2.129447e-01
	-1.950326e-01,  1.309116e-01
	-5.379500e-02, -6.796867e-02
	-4.367565e-02,  3.262073e-01
	-3.595278e-01,  3.314840e-01
	-3.778004e-01,  2.860522e-01
	-3.786325e-01,  2.889075e-01
	 1.332990e-01,  2.659801e-01
	 1.268614e-01,  2.833152e-01
	-5.743480e-02, -2.985171e-01
	-5.000000e-01, -2.010870e-01
	 4.466474e-01, -3.673201e-01
	 4.149245e-01, -3.508583e-01
	 4.072458e-01, -8.017639e-02
	-4.735130e-01,  5.734115e-02
	-5.000000e-01,  6.459981e-02
	-5.000000e-01,  1.117889e-01
	-4.731769e-01,  5.645105e-02
	 9.037566e-02,  3.825502e-01
	-2.379298e-01,  3.251385e-01
	 3.888731e-01,  3.708416e-01
	 3.921351e-01,  4.076049e-01
	 5.000000e-01,  2.058601e-01
	 3.328527e-01,  8.267097e-02
	 2.618020e-01,  4.198875e-01
	 2.890946e-01,  4.395925e-01
	 1.909596e-01, -2.200836e-01
	-3.287152e-02, -6.001982e-03
	-1.871810e-02,  2.701902e-01
	-6.355763e-02,  2.904942e-01
	 2.210380e-02,  2.436797e-01
	-7.241047e-02, -3.881979e-01
	-1.141679e-01, -2.762961e-01
	-2.756784e-01, -1.450933e-01
	 4.225488e-01, -1.155336e-01
	-2.664214e-01,  2.708540e-02
	 3.481304e-01,  5.000000e-01
	-3.256644e-01, -2.397290e-01
	-3.956150e-01,  5.000000e-01
	 3.234226e-01, -3.339027e-01
	 2.485686e-01, -2.416960e-01
	 2.465648e-01, -2.471538e-01
	-2.956094e-01, -1.879139e-01
	-2.915923e-01, -1.979590e-01
	 1.067622e-01,  4.241433e-01
	 3.619491e-01, -3.329867e-01
Mesh Facets: 1267
	28, 27
	35, 36
	50, 52
	59, 58
	72, 70
	98, 99
	63, 64
	20, 19
	61, 62
	119, 117
	10, 11
	53, 51
	91, 90
	139, 141
	144, 143
	143, 145
	119, 120
	156, 119
	40, 38
	133, 135
	76, 78
	101, 100
	154, 153
	150, 151
	95, 88
	226, 224
	84, 83
	253, 254
	33, 34
	213, 214
	41, 43
	141, 142
	141, 253
	82, 83
	253, 83
	216, 215
	13, 12
	274, 275
	275, 276
	166, 168
	236, 235
	134, 138
	1, 4
	85, 87
	21, 22
	271, 12
	12, 18
	219, 215
	215, 261
	257, 258
	135, 136
	135, 198
	70, 326
	70, 71
	200, 196
	47, 49
	52, 53
	52, 338
	53, 122
	225, 224
	235, 282
	235, 224
	352, 350
	357, 358
	210, 211
	347, 346
	177, 176
	368, 156
	156, 155
	241, 239
	335, 337
	325, 324
	245, 243
	387, 389
	394, 392
	384, 386
	408, 406
	409, 408
	385, 380
	320, 319
	304, 305
	225, 344
	225, 227
	400, 402
	144, 146
	418, 144
	302, 300
	419, 302
	302, 303
	367, 368
	429, 368
	168, 278
	168, 170
	26, 27
	27, 37
	391, 390
	429, 430
	461, 429
	45, 44
	446, 444
	48, 47
	336, 47
	193, 195
	149, 150
	121, 118
	150, 222
	301, 299
	476, 477
	393, 386
	320, 385
	320, 261
	385, 386
	262, 261
	446, 447
	48, 446
	45, 48
	45, 466
	473, 118
	117, 118
	117, 352
	352, 353
	249, 250
	410, 407
	462, 463
	376, 374
	160, 161
	58, 68
	58, 57
	202, 203
	511, 509
	249, 491
	249, 248
	484, 485
	411, 319
	319, 318
	474, 475
	525, 523
	269, 270
	186, 189
	233, 232
	441, 443
	431, 433
	159, 157
	162, 161
	526, 527
	504, 161
	140, 142
	298, 85
	142, 82
	82, 85
	267, 266
	110, 108
	469, 468
	465, 467
	358, 555
	359, 358
	80, 79
	277, 273
	549, 550
	488, 490
	552, 551
	481, 483
	180, 184
	296, 297
	475, 477
	521, 475
	477, 571
	574, 572
	578, 577
	34, 31
	34, 255
	222, 154
	222, 121
	120, 121
	120, 154
	317, 316
	399, 398
	486, 480
	251, 247
	24, 25
	332, 200
	200, 199
	464, 465
	469, 465
	471, 469
	602, 603
	491, 489
	513, 491
	606, 604
	384, 394
	384, 383
	610, 394
	498, 496
	579, 582
	283, 285
	565, 564
	234, 231
	540, 541
	451, 452
	600, 599
	376, 377
	501, 376
	130, 131
	167, 166
	281, 166
	606, 608
	573, 572
	572, 606
	500, 501
	501, 624
	317, 579
	315, 317
	579, 611
	43, 40
	259, 43
	163, 40
	204, 207
	639, 638
	125, 126
	507, 506
	415, 417
	356, 355
	421, 420
	330, 329
	178, 175
	541, 451
	541, 543
	390, 451
	388, 390
	286, 284
	422, 424
	309, 310
	110, 548
	110, 113
	586, 584
	417, 355
	355, 359
	554, 359
	401, 400
	417, 400
	398, 397
	480, 398
	480, 479
	650, 649
	148, 147
	617, 618
	67, 69
	370, 369
	560, 551
	468, 470
	468, 551
	641, 642
	520, 517
	73, 75
	677, 678
	566, 180
	180, 179
	522, 474
	301, 474
	303, 301
	303, 427
	392, 683
	262, 393
	260, 262
	393, 392
	84, 252
	86, 84
	321, 322
	596, 464
	313, 315
	315, 633
	478, 466
	464, 466
	424, 425
	654, 424
	559, 549
	549, 108
	108, 109
	5, 6
	432, 437
	325, 378
	325, 198
	199, 198
	594, 199
	89, 90
	90, 124
	517, 667
	517, 515
	244, 242
	702, 357
	357, 356
	506, 505
	356, 506
	613, 612
	396, 399
	583, 399
	658, 657
	510, 509
	274, 272
	509, 274
	284, 422
	284, 236
	237, 236
	646, 420
	420, 422
	346, 345
	615, 614
	346, 361
	188, 189
	530, 189
	268, 267
	679, 566
	297, 566
	297, 298
	267, 298
	445, 278
	688, 687
	278, 280
	256, 255
	511, 508
	577, 511
	255, 577
	571, 570
	571, 708
	653, 652
	127, 129
	556, 80
	80, 81
	639, 636
	717, 639
	718, 717
	245, 379
	241, 245
	665, 369
	241, 369
	583, 707
	583, 486
	318, 219
	318, 485
	219, 218
	486, 485
	680, 679
	265, 268
	164, 165
	268, 679
	705, 706
	460, 430
	539, 538
	430, 428
	630, 631
	30, 32
	29, 28
	35, 28
	724, 35
	657, 656
	395, 396
	396, 657
	525, 269
	726, 525
	271, 312
	269, 271
	722, 723
	248, 514
	248, 246
	708, 653
	708, 387
	653, 388
	387, 388
	188, 187
	188, 614
	616, 614
	661, 660
	106, 105
	515, 700
	515, 516
	107, 105
	700, 105
	701, 700
	443, 442
	538, 443
	705, 538
	705, 703
	712, 711
	740, 741
	587, 589
	365, 364
	197, 196
	196, 331
	343, 344
	344, 413
	115, 62
	62, 65
	91, 92
	91, 125
	640, 125
	383, 609
	383, 382
	493, 492
	479, 661
	479, 481
	563, 481
	661, 735
	238, 226
	226, 95
	454, 457
	94, 95
	634, 163
	163, 164
	164, 680
	680, 179
	179, 181
	654, 690
	286, 654
	286, 285
	616, 285
	729, 616
	736, 106
	643, 644
	104, 106
	487, 488
	488, 558
	756, 755
	8, 7
	714, 715
	762, 677
	677, 676
	157, 158
	546, 157
	747, 748
	39, 42
	610, 609
	406, 610
	407, 406
	407, 492
	609, 492
	659, 586
	586, 585
	435, 434
	528, 526
	526, 547
	326, 774
	326, 327
	682, 681
	287, 289
	339, 338
	338, 778
	768, 748
	748, 749
	622, 621
	367, 428
	367, 366
	539, 428
	537, 539
	148, 664
	591, 590
	148, 152
	69, 68
	68, 507
	645, 507
	666, 69
	576, 575
	765, 158
	158, 160
	502, 160
	205, 101
	23, 20
	651, 330
	333, 330
	101, 20
	349, 345
	282, 283
	283, 615
	345, 615
	342, 282
	587, 588
	587, 744
	438, 440
	74, 73
	73, 673
	13, 270
	270, 524
	14, 13
	455, 456
	626, 131
	132, 131
	710, 713
	581, 580
	545, 546
	546, 764
	745, 746
	696, 695
	659, 769
	111, 113
	113, 659
	304, 306
	698, 89
	89, 88
	304, 227
	227, 88
	208, 210
	772, 773
	210, 360
	291, 292
	793, 794
	542, 544
	5, 109
	5, 3
	109, 112
	647, 646
	457, 458
	457, 238
	646, 237
	237, 238
	582, 581
	498, 582
	712, 739
	497, 498
	712, 713
	713, 581
	635, 637
	512, 514
	728, 514
	751, 752
	194, 192
	372, 370
	415, 414
	666, 645
	370, 666
	645, 415
	349, 348
	342, 349
	343, 342
	115, 343
	116, 115
	448, 449
	56, 54
	519, 520
	334, 49
	49, 46
	520, 669
	23, 333
	22, 23
	308, 22
	333, 332
	332, 593
	375, 374
	374, 499
	686, 689
	112, 111
	112, 3
	295, 4
	111, 796
	4, 3
	704, 703
	703, 442
	442, 439
	74, 524
	74, 72
	524, 523
	523, 72
	312, 727
	312, 311
	221, 220
	281, 625
	281, 279
	706, 460
	706, 613
	496, 463
	613, 496
	460, 463
	631, 500
	631, 32
	257, 33
	257, 321
	500, 499
	32, 33
	499, 686
	321, 686
	589, 592
	786, 785
	742, 589
	336, 337
	336, 444
	445, 444
	688, 445
	375, 689
	375, 337
	689, 688
	530, 528
	528, 772
	361, 530
	360, 361
	360, 772
	740, 711
	678, 740
	678, 674
	711, 709
	183, 184
	184, 568
	758, 760
	416, 402
	597, 599
	402, 405
	623, 599
	505, 57
	57, 56
	702, 505
	810, 702
	56, 800
	201, 76
	804, 806
	76, 77
	79, 273
	79, 78
	272, 273
	272, 510
	78, 202
	510, 202
	627, 573
	765, 763
	765, 576
	576, 573
	607, 605
	792, 791
	487, 489
	487, 755
	755, 602
	602, 489
	413, 65
	65, 64
	21, 305
	21, 19
	305, 413
	19, 64
	557, 558
	340, 339
	756, 558
	778, 756
	339, 778
	671, 672
	529, 186
	185, 186
	815, 816
	630, 629
	721, 630
	597, 598
	416, 597
	372, 414
	371, 372
	416, 414
	752, 640
	752, 194
	470, 195
	641, 470
	195, 194
	641, 640
	815, 814
	555, 815
	553, 555
	441, 536
	588, 440
	590, 588
	440, 441
	781, 590
	169, 167
	626, 167
	626, 787
	738, 737
	595, 594
	594, 697
	495, 493
	382, 381
	493, 382
	726, 727
	822, 726
	221, 217
	727, 221
	729, 730
	729, 754
	15, 17
	10, 122
	10, 9
	692, 693
	122, 341
	18, 16
	310, 18
	655, 310
	513, 603
	513, 512
	635, 512
	635, 636
	718, 636
	603, 718
	341, 340
	692, 341
	340, 557
	557, 559
	559, 692
	534, 232
	232, 231
	231, 619
	214, 209
	41, 42
	41, 214
	767, 42
	591, 592
	591, 664
	664, 662
	808, 592
	658, 707
	658, 309
	220, 311
	218, 220
	309, 311
	707, 218
	564, 563
	563, 735
	663, 617
	617, 564
	733, 735
	483, 482
	483, 565
	565, 234
	230, 234
	644, 126
	126, 124
	699, 124
	102, 104
	104, 644
	418, 419
	604, 418
	605, 811
	605, 604
	419, 426
	16, 15
	823, 16
	691, 690
	754, 690
	15, 754
	190, 191
	439, 438
	438, 783
	803, 439
	461, 462
	462, 497
	741, 739
	741, 461
	497, 739
	426, 427
	427, 682
	812, 811
	776, 682
	811, 426
	574, 575
	774, 574
	775, 774
	575, 782
	724, 723
	638, 724
	728, 723
	728, 637
	637, 638
	783, 828
	783, 744
	744, 743
	296, 87
	87, 86
	567, 296
	684, 86
	738, 697
	701, 738
	244, 701
	243, 378
	243, 244
	697, 378
	760, 809
	760, 761
	362, 176
	176, 172
	191, 193
	193, 471
	596, 633
	596, 471
	633, 632
	191, 829
	719, 379
	136, 324
	136, 137
	324, 379
	819, 787
	789, 580
	787, 788
	580, 316
	316, 314
	578, 31
	816, 578
	30, 721
	30, 31
	816, 721
	736, 516
	643, 736
	518, 516
	561, 560
	642, 643
	642, 560
	149, 147
	149, 472
	824, 619
	618, 147
	619, 618
	792, 607
	792, 764
	763, 627
	763, 764
	608, 607
	627, 608
	293, 134
	134, 133
	363, 364
	133, 197
	364, 197
	671, 75
	75, 71
	813, 671
	71, 328
	668, 667
	242, 667
	242, 240
	759, 761
	2, 0
	832, 761
	789, 788
	788, 132
	709, 674
	709, 710
	710, 789
	675, 674
	132, 128
	165, 38
	38, 39
	768, 779
	39, 768
	720, 165
	405, 623
	405, 404
	624, 623
	624, 628
	531, 533
	836, 98
	98, 96
	834, 328
	328, 327
	327, 775
	782, 502
	775, 782
	503, 502
	435, 547
	433, 435
	433, 159
	547, 162
	162, 159
	60, 55
	771, 770
	556, 716
	556, 277
	276, 277
	276, 838
	504, 527
	527, 529
	503, 834
	503, 504
	813, 834
	529, 813
	290, 291
	793, 695
	291, 793
	694, 695
	29, 25
	722, 29
	247, 246
	247, 25
	722, 246
	803, 829
	829, 632
	611, 612
	611, 632
	704, 803
	612, 704
	389, 391
	389, 139
	450, 391
	139, 140
	264, 266
	140, 266
	213, 259
	213, 212
	114, 61
	100, 63
	63, 61
	259, 204
	204, 100
	807, 808
	662, 808
	662, 663
	732, 733
	663, 733
	773, 798
	773, 434
	434, 436
	747, 766
	795, 745
	745, 747
	66, 67
	67, 665
	719, 833
	665, 719
	681, 522
	287, 681
	288, 287
	521, 569
	521, 522
	145, 146
	145, 476
	146, 300
	476, 299
	299, 300
	585, 24
	770, 585
	55, 54
	55, 770
	26, 448
	26, 24
	448, 54
	138, 294
	138, 137
	833, 137
	842, 833
	459, 456
	785, 807
	785, 456
	732, 734
	732, 807
	484, 482
	411, 484
	230, 482
	230, 228
	412, 411
	453, 454
	454, 94
	93, 94
	425, 691
	425, 423
	725, 656
	656, 655
	823, 691
	655, 823
	421, 423
	421, 650
	650, 397
	423, 725
	395, 725
	395, 397
	634, 753
	206, 207
	207, 634
	173, 174
	810, 800
	36, 810
	449, 37
	449, 800
	36, 37
	737, 107
	107, 103
	593, 802
	593, 595
	595, 737
	366, 780
	366, 155
	155, 153
	153, 223
	750, 751
	742, 786
	742, 743
	799, 751
	830, 743
	784, 786
	837, 60
	59, 60
	59, 66
	66, 842
	842, 843
	831, 684
	685, 684
	123, 11
	11, 8
	757, 8
	307, 308
	308, 802
	102, 827
	103, 102
	802, 103
	181, 753
	181, 182
	171, 173
	173, 753
	799, 830
	799, 192
	190, 828
	190, 192
	828, 830
	401, 554
	554, 553
	553, 817
	403, 401
	715, 762
	715, 716
	838, 716
	838, 762
	7, 9
	7, 759
	6, 2
	6, 693
	759, 2
	9, 693
	535, 233
	229, 233
	821, 820
	672, 185
	672, 673
	185, 187
	14, 673
	17, 14
	187, 730
	730, 17
	410, 494
	410, 409
	99, 97
	99, 409
	518, 519
	519, 801
	561, 518
	561, 562
	347, 211
	211, 212
	116, 348
	116, 114
	348, 347
	114, 212
	822, 217
	683, 822
	260, 683
	216, 260
	217, 216
	322, 323
	322, 687
	805, 279
	279, 280
	687, 280
	621, 620
	779, 621
	720, 779
	265, 720
	263, 265
	536, 818
	536, 537
	537, 780
	844, 780
	771, 769
	771, 837
	837, 843
	294, 295
	295, 796
	796, 769
	294, 843
	81, 129
	81, 77
	625, 804
	804, 77
	130, 129
	130, 625
	542, 540
	542, 794
	749, 746
	749, 622
	746, 794
	540, 622
	239, 240
	239, 371
	601, 598
	835, 240
	371, 598
	490, 550
	490, 250
	584, 251
	584, 548
	548, 550
	250, 251
	569, 288
	569, 570
	544, 292
	543, 544
	288, 292
	543, 652
	570, 652
	534, 825
	354, 351
	532, 534
	252, 254
	254, 50
	123, 685
	51, 123
	51, 50
	252, 685
	669, 670
	669, 334
	334, 335
	373, 335
	731, 660
	660, 649
	649, 648
	797, 208
	209, 208
	209, 826
	447, 478
	447, 170
	819, 169
	819, 314
	170, 169
	314, 313
	313, 478
	832, 362
	832, 0
	1, 293
	0, 1
	293, 363
	363, 362
	377, 373
	377, 600
	835, 601
	668, 835
	373, 670
	601, 600
	668, 670
	675, 128
	128, 127
	714, 676
	714, 127
	676, 675
	841, 795
	696, 795
	696, 437
	840, 436
	436, 437
	323, 258
	323, 805
	201, 806
	201, 203
	806, 805
	508, 203
	258, 256
	508, 256
	651, 205
	651, 175
	206, 174
	205, 206
	175, 174
	365, 331
	365, 177
	331, 329
	329, 178
	177, 178
	412, 380
	412, 228
	381, 380
	381, 820
	228, 229
	229, 820
	698, 306
	306, 307
	827, 699
	827, 307
	699, 698
	458, 647
	458, 459
	459, 734
	734, 731
	647, 648
	731, 648
	791, 812
	812, 776
	790, 791
	777, 776
	825, 824
	825, 354
	473, 353
	353, 354
	472, 473
	824, 472
	452, 450
	452, 620
	263, 620
	264, 450
	264, 263
	545, 790
	790, 845
	839, 694
	694, 432
	432, 431
	431, 545
	552, 562
	467, 552
	44, 467
	46, 44
	562, 801
	801, 46
	767, 826
	826, 797
	797, 798
	840, 841
	840, 798
	841, 766
	766, 767
	171, 182
	182, 183
	171, 172
	183, 809
	809, 172
	567, 831
	567, 568
	758, 757
	758, 568
	757, 831
	628, 404
	404, 403
	629, 628
	814, 629
	403, 817
	814, 817
	152, 781
	152, 151
	844, 223
	818, 844
	151, 223
	818, 781
	351, 532
	351, 350
	350, 836
	836, 531
	531, 532
	93, 453
	93, 92
	750, 784
	92, 750
	455, 453
	455, 784
	289, 290
	777, 289
	839, 290
	839, 845
	845, 777
	495, 494
	495, 821
	96, 533
	96, 97
	97, 494
	535, 533
	821, 535
Facet Neighbors: 1267
	4, 6
	-1, 6
	-3, 9
	10, 12
	-2, 13
	-4, 17
	11, 18
	3, 18
	11, 21
	-4, 22
	1, 23
	9, 23
	16, 24
	-3, 27
	-2, 28
	-3, 28
	22, 30
	-4, 30
	7, 32
	26, 38
	14, 39
	18, 40
	30, 43
	29, 43
	16, 44
	44, 46
	15, 49
	-3, 49
	5, 50
	41, 51
	7, 51
	27, 52
	-3, 52
	15, 52
	49, 52
	42, 53
	2, 55
	-1, 56
	-4, 56
	33, 57
	46, 58
	26, 60
	0, 60
	15, 61
	3, 63
	55, 64
	2, 64
	42, 66
	53, 66
	50, 67
	26, 68
	38, 68
	-2, 69
	13, 69
	38, 70
	8, 71
	9, 72
	-3, 72
	23, 72
	44, 73
	58, 73
	46, 73
	-4, 75
	-1, 76
	41, 77
	74, 77
	34, 78
	-4, 79
	30, 79
	47, 80
	71, 81
	68, 82
	47, 82
	-3, 84
	-2, 85
	83, 85
	-2, 88
	-4, 88
	83, 89
	66, 89
	63, 90
	73, 90
	44, 90
	87, 91
	28, 92
	-2, 92
	62, 92
	92, 94
	62, 94
	79, 95
	-4, 95
	57, 98
	33, 98
	4, 99
	6, 99
	84, 100
	95, 102
	-4, 102
	8, 103
	98, 104
	8, 104
	71, 104
	37, 105
	29, 106
	22, 106
	43, 106
	62, 107
	-3, 107
	85, 108
	89, 108
	66, 108
	83, 108
	53, 108
	98, 109
	104, 109
	8, 109
	103, 109
	106, 111
	22, 111
	-4, 111
	75, 111
	48, 112
	88, 113
	102, 114
	81, 115
	31, 116
	12, 117
	10, 117
	39, 118
	-1, 118
	112, 119
	48, 119
	110, 121
	89, 121
	66, 121
	107, 122
	-2, 123
	55, 123
	36, 124
	45, 125
	97, 126
	96, 128
	31, 128
	31, 129
	124, 129
	116, 129
	27, 130
	61, 130
	52, 130
	15, 130
	54, 130
	20, 131
	105, 132
	103, 132
	-1, 133
	76, 133
	14, 134
	56, 134
	131, 135
	112, 135
	132, 136
	110, 137
	35, 138
	61, 138
	107, 139
	122, 139
	-3, 139
	-2, 140
	-1, 141
	5, 141
	50, 141
	43, 142
	106, 142
	22, 142
	30, 142
	65, 143
	86, 144
	110, 144
	48, 145
	4, 145
	70, 147
	38, 147
	103, 148
	132, 148
	105, 148
	-3, 150
	112, 150
	119, 150
	-2, 151
	85, 152
	83, 152
	-2, 152
	114, 153
	143, 153
	58, 154
	137, 155
	45, 155
	127, 156
	100, 156
	149, 157
	81, 157
	115, 157
	25, 158
	33, 158
	57, 158
	151, 159
	140, 159
	-2, 159
	115, 160
	157, 160
	143, 161
	65, 161
	153, 161
	7, 162
	51, 162
	32, 162
	40, 162
	-1, 163
	24, 164
	117, 165
	91, 165
	76, 165
	93, 166
	70, 167
	34, 167
	156, 168
	127, 168
	100, 168
	84, 168
	58, 169
	93, 169
	64, 170
	131, 171
	20, 171
	145, 171
	165, 172
	76, 172
	133, 172
	87, 172
	91, 172
	86, 173
	144, 173
	110, 173
	166, 173
	29, 174
	155, 174
	12, 175
	80, 175
	136, 176
	105, 176
	132, 176
	164, 176
	120, 177
	13, 178
	-4, 179
	138, 180
	35, 180
	122, 181
	107, 181
	62, 181
	94, 181
	-2, 182
	108, 182
	53, 182
	85, 182
	49, 183
	15, 183
	67, 184
	148, 185
	65, 185
	161, 185
	109, 185
	103, 185
	93, 186
	169, 186
	135, 187
	131, 187
	20, 187
	0, 187
	96, 188
	82, 189
	68, 189
	38, 189
	147, 189
	16, 190
	24, 190
	177, 191
	120, 191
	47, 191
	-1, 192
	76, 192
	117, 192
	165, 192
	153, 193
	86, 194
	144, 194
	170, 194
	118, 195
	56, 195
	-1, 195
	169, 196
	58, 196
	46, 196
	166, 196
	93, 196
	74, 197
	154, 197
	77, 197
	36, 197
	124, 197
	54, 198
	180, 198
	138, 198
	61, 198
	130, 198
	98, 199
	184, 199
	57, 199
	50, 200
	118, 200
	-1, 200
	141, 200
	139, 201
	-3, 201
	168, 201
	25, 203
	134, 203
	14, 203
	163, 204
	-1, 204
	-3, 204
	82, 205
	47, 205
	175, 205
	80, 205
	194, 206
	144, 206
	66, 206
	121, 206
	42, 206
	110, 206
	180, 207
	54, 207
	32, 207
	198, 207
	193, 208
	102, 208
	126, 208
	95, 208
	160, 209
	5, 209
	4, 210
	6, 210
	-1, 210
	170, 211
	86, 211
	194, 211
	123, 212
	-2, 212
	64, 212
	55, 212
	210, 213
	119, 213
	48, 213
	201, 214
	-3, 214
	168, 214
	84, 214
	36, 215
	197, 215
	154, 215
	173, 216
	19, 217
	191, 217
	120, 217
	19, 218
	217, 218
	191, 218
	97, 219
	126, 219
	208, 219
	193, 219
	202, 220
	-4, 220
	146, 221
	78, 222
	38, 222
	70, 222
	73, 224
	90, 224
	21, 224
	11, 224
	16, 225
	24, 225
	164, 225
	152, 226
	83, 226
	113, 226
	173, 227
	110, 227
	137, 227
	216, 227
	46, 228
	44, 228
	101, 228
	16, 228
	162, 229
	32, 229
	207, 229
	180, 229
	35, 229
	186, 230
	169, 230
	58, 230
	154, 230
	215, 230
	217, 231
	164, 231
	19, 231
	112, 232
	135, 232
	-3, 232
	1, 233
	203, 234
	-4, 234
	179, 234
	31, 235
	128, 235
	223, 236
	7, 236
	152, 237
	-2, 237
	88, 237
	113, 237
	226, 237
	171, 238
	145, 238
	96, 239
	124, 239
	129, 239
	-2, 240
	69, 240
	181, 241
	59, 241
	72, 242
	-3, 242
	236, 243
	223, 243
	156, 243
	95, 244
	79, 244
	208, 244
	126, 244
	174, 245
	146, 245
	29, 245
	12, 246
	117, 246
	165, 246
	175, 246
	140, 247
	235, 247
	31, 247
	116, 247
	40, 248
	3, 248
	167, 248
	70, 248
	18, 248
	74, 249
	58, 249
	154, 249
	197, 249
	73, 249
	146, 250
	221, 250
	97, 250
	13, 251
	178, 251
	55, 251
	123, 251
	2, 251
	101, 252
	158, 253
	25, 253
	202, 254
	143, 254
	128, 255
	235, 255
	223, 256
	188, 256
	238, 257
	20, 257
	171, 257
	63, 258
	190, 258
	16, 258
	90, 258
	44, 258
	41, 259
	239, 259
	77, 259
	59, 260
	256, 260
	127, 260
	187, 261
	0, 261
	20, 261
	166, 262
	101, 262
	228, 262
	196, 262
	46, 262
	143, 263
	153, 263
	220, 263
	114, 263
	202, 263
	254, 263
	163, 264
	119, 264
	213, 264
	225, 265
	37, 265
	80, 266
	91, 266
	246, 266
	175, 266
	165, 266
	74, 267
	249, 267
	73, 267
	224, 267
	21, 267
	99, 268
	10, 268
	120, 269
	71, 269
	8, 269
	177, 269
	248, 270
	3, 270
	63, 270
	70, 270
	147, 270
	81, 271
	115, 271
	184, 271
	20, 272
	261, 272
	60, 272
	257, 272
	0, 272
	193, 273
	219, 273
	97, 273
	251, 274
	13, 274
	123, 274
	-2, 274
	212, 275
	64, 275
	42, 275
	158, 276
	57, 276
	208, 277
	193, 277
	114, 277
	153, 277
	102, 277
	160, 278
	209, 278
	50, 278
	67, 278
	115, 278
	5, 278
	271, 278
	184, 278
	146, 279
	252, 279
	221, 279
	71, 280
	104, 280
	98, 280
	199, 280
	271, 280
	81, 280
	184, 280
	124, 281
	239, 281
	197, 281
	77, 281
	259, 281
	220, 282
	-4, 282
	179, 282
	202, 282
	35, 283
	138, 283
	233, 283
	91, 284
	149, 284
	87, 284
	157, 284
	117, 285
	10, 285
	192, 285
	-1, 285
	268, 285
	39, 286
	276, 286
	14, 286
	134, 287
	14, 287
	56, 287
	195, 287
	39, 287
	118, 287
	159, 288
	235, 288
	247, 288
	140, 288
	151, 289
	255, 289
	112, 290
	232, 290
	-3, 290
	150, 290
	224, 291
	11, 291
	63, 291
	3, 291
	90, 291
	18, 291
	135, 292
	72, 292
	232, 292
	-3, 292
	242, 292
	178, 293
	124, 293
	36, 293
	-1, 294
	160, 294
	209, 294
	149, 295
	284, 295
	266, 295
	80, 295
	91, 295
	225, 296
	265, 296
	105, 296
	176, 296
	37, 296
	164, 296
	294, 297
	-1, 297
	133, 297
	126, 298
	250, 298
	146, 298
	97, 298
	245, 298
	33, 299
	158, 299
	253, 299
	218, 300
	147, 300
	189, 300
	113, 301
	83, 301
	226, 301
	212, 302
	-2, 302
	42, 302
	275, 302
	215, 303
	230, 303
	2, 303
	23, 304
	1, 304
	187, 304
	72, 304
	2, 305
	64, 305
	170, 305
	150, 306
	119, 306
	264, 306
	163, 306
	204, 306
	-3, 306
	72, 307
	304, 307
	292, 307
	135, 307
	187, 307
	125, 308
	45, 308
	155, 308
	41, 309
	7, 309
	51, 309
	236, 309
	146, 310
	245, 310
	174, 310
	279, 310
	194, 311
	170, 311
	275, 311
	42, 311
	64, 311
	206, 311
	137, 312
	227, 312
	174, 312
	155, 312
	216, 312
	110, 313
	137, 313
	155, 313
	45, 313
	164, 314
	24, 314
	190, 314
	19, 314
	231, 314
	92, 315
	-2, 315
	289, 315
	151, 315
	94, 315
	2, 316
	305, 316
	186, 316
	230, 316
	303, 316
	37, 317
	97, 317
	250, 317
	273, 317
	102, 318
	114, 318
	220, 318
	-4, 318
	263, 318
	94, 319
	181, 319
	289, 319
	241, 319
	315, 319
	140, 320
	-2, 320
	240, 320
	247, 320
	210, 321
	-1, 321
	213, 321
	264, 321
	163, 321
	317, 322
	250, 322
	221, 322
	61, 323
	15, 323
	138, 323
	183, 323
	300, 324
	218, 324
	191, 324
	82, 324
	47, 324
	189, 324
	283, 325
	233, 325
	78, 325
	34, 325
	37, 326
	105, 326
	185, 326
	148, 326
	161, 326
	317, 326
	205, 327
	68, 327
	26, 327
	82, 327
	299, 328
	254, 328
	253, 328
	143, 328
	65, 328
	141, 329
	-1, 329
	209, 329
	5, 329
	294, 329
	217, 330
	231, 330
	120, 330
	136, 330
	164, 330
	176, 330
	29, 331
	106, 331
	308, 331
	174, 331
	155, 331
	289, 332
	255, 332
	288, 332
	235, 332
	151, 332
	159, 332
	60, 333
	26, 333
	78, 333
	38, 333
	222, 333
	178, 334
	13, 334
	293, 334
	69, 334
	177, 335
	191, 335
	47, 335
	233, 336
	0, 336
	325, 336
	328, 337
	253, 337
	282, 337
	202, 337
	254, 337
	179, 337
	25, 337
	32, 338
	7, 338
	243, 338
	236, 338
	207, 338
	284, 339
	87, 339
	157, 339
	160, 339
	125, 340
	-4, 340
	17, 340
	334, 341
	69, 341
	240, 341
	247, 341
	320, 341
	116, 341
	239, 342
	96, 342
	128, 342
	129, 342
	31, 342
	10, 343
	238, 343
	203, 344
	134, 344
	56, 344
	-4, 344
	129, 345
	124, 345
	341, 345
	116, 345
	334, 345
	293, 345
	59, 346
	256, 346
	260, 346
	188, 346
	4, 347
	210, 347
	48, 347
	145, 347
	213, 347
	317, 348
	326, 348
	153, 348
	161, 348
	273, 348
	193, 348
	84, 349
	-3, 349
	100, 349
	27, 349
	54, 349
	130, 349
	51, 350
	41, 350
	21, 350
	18, 350
	11, 350
	162, 350
	40, 350
	279, 351
	310, 351
	174, 351
	216, 351
	312, 351
	259, 352
	239, 352
	96, 352
	236, 353
	256, 353
	223, 353
	12, 354
	175, 354
	327, 354
	205, 354
	181, 355
	241, 355
	59, 355
	139, 355
	122, 355
	28, 356
	-3, 356
	92, 356
	107, 356
	62, 356
	145, 357
	238, 357
	10, 357
	343, 357
	99, 357
	4, 357
	268, 357
	60, 358
	26, 358
	327, 358
	354, 358
	101, 359
	279, 359
	252, 359
	216, 359
	351, 359
	110, 360
	121, 360
	313, 360
	45, 360
	89, 360
	101, 361
	228, 361
	16, 361
	186, 362
	93, 362
	211, 362
	170, 362
	316, 362
	305, 362
	93, 363
	166, 363
	173, 363
	362, 363
	211, 363
	86, 363
	229, 364
	40, 364
	162, 364
	34, 364
	285, 365
	-1, 365
	99, 365
	268, 365
	6, 365
	218, 366
	19, 366
	270, 366
	147, 366
	300, 366
	244, 367
	79, 367
	30, 367
	43, 367
	225, 368
	279, 368
	221, 368
	265, 368
	322, 368
	252, 368
	343, 369
	10, 369
	12, 369
	354, 369
	358, 369
	323, 370
	183, 370
	23, 370
	1, 370
	233, 370
	63, 371
	270, 371
	314, 371
	19, 371
	366, 371
	229, 372
	35, 372
	34, 372
	364, 372
	368, 373
	265, 373
	317, 373
	37, 373
	322, 373
	172, 374
	133, 374
	297, 374
	87, 374
	234, 375
	203, 375
	344, 375
	-4, 375
	1, 376
	233, 376
	0, 376
	187, 376
	336, 376
	304, 376
	125, 377
	45, 377
	301, 377
	293, 378
	178, 378
	36, 378
	251, 378
	2, 378
	215, 378
	303, 378
	113, 379
	88, 379
	17, 379
	-4, 379
	120, 380
	269, 380
	330, 380
	136, 380
	77, 381
	41, 381
	267, 381
	21, 381
	74, 381
	350, 381
	302, 382
	-2, 382
	182, 382
	53, 382
	42, 382
	67, 383
	184, 383
	276, 383
	57, 383
	199, 383
	156, 384
	243, 384
	338, 384
	207, 384
	54, 384
	298, 385
	126, 385
	244, 385
	367, 385
	238, 386
	343, 386
	369, 386
	60, 386
	272, 386
	257, 386
	358, 386
	203, 387
	14, 387
	276, 387
	286, 387
	25, 387
	158, 387
	127, 388
	260, 388
	223, 388
	243, 388
	256, 388
	156, 388
	47, 389
	80, 389
	149, 389
	335, 389
	295, 389
	135, 390
	112, 390
	145, 390
	171, 390
	131, 390
	48, 390
	355, 391
	139, 391
	260, 391
	127, 391
	59, 391
	168, 391
	201, 391
	308, 392
	75, 392
	125, 392
	49, 393
	-3, 393
	370, 393
	23, 393
	9, 393
	183, 393
	177, 394
	269, 394
	71, 394
	81, 394
	216, 395
	173, 395
	166, 395
	259, 396
	41, 396
	309, 396
	109, 397
	98, 397
	299, 397
	328, 397
	33, 397
	65, 397
	185, 397
	325, 398
	336, 398
	60, 398
	0, 398
	333, 398
	78, 398
	81, 399
	157, 399
	389, 399
	335, 399
	394, 399
	149, 399
	177, 399
	337, 400
	25, 400
	234, 400
	203, 400
	179, 400
	353, 401
	256, 401
	188, 401
	352, 401
	96, 401
	67, 402
	383, 402
	286, 402
	39, 402
	276, 402
	118, 402
	50, 402
	200, 402
	248, 403
	167, 403
	364, 403
	40, 403
	34, 403
	222, 404
	78, 404
	70, 404
	167, 404
	34, 404
	89, 405
	360, 405
	83, 405
	301, 405
	45, 405
	377, 405
	258, 406
	63, 406
	314, 406
	371, 406
	190, 406
	262, 407
	101, 407
	359, 407
	216, 407
	166, 407
	395, 407
	289, 408
	319, 408
	255, 408
	241, 408
	308, 409
	392, 409
	111, 409
	75, 409
	106, 409
	331, 409
	100, 410
	156, 410
	384, 410
	349, 410
	54, 410
	255, 411
	408, 411
	346, 411
	188, 411
	96, 411
	128, 411
	136, 412
	132, 412
	103, 412
	8, 412
	380, 412
	269, 412
	309, 413
	396, 413
	259, 413
	401, 413
	352, 413
	353, 413
	236, 413
	372, 414
	35, 414
	34, 414
	283, 414
	325, 414
	323, 415
	138, 415
	233, 415
	283, 415
	370, 415
	339, 416
	87, 416
	160, 416
	294, 416
	374, 416
	297, 416
	245, 417
	29, 417
	367, 417
	385, 417
	43, 417
	298, 417
	392, 418
	75, 418
	-4, 418
	340, 418
	125, 418
	361, 419
	16, 419
	368, 419
	225, 419
	101, 419
	252, 419
	59, 420
	241, 420
	346, 420
	411, 420
	408, 420
	113, 421
	301, 421
	340, 421
	17, 421
	379, 421
	125, 421
	377, 421
Mesh Regions: 422
	42, 278, 506, 552, 829, 1020, 1133
	10, 422, 681, 994, 1018
	36, 46, 481, 679, 684, 734, 1031
	7, 44, 465, 541, 631
	0, 93, 179, 351, 877, 931
	28, 169, 350, 575, 797
	0, 1, 94, 352, 970
	18, 30, 213, 429, 702, 839
	55, 98, 100, 115, 538, 1212
	2, 11, 56, 1111
	3, 127, 535, 605, 861, 928, 987
	6, 8, 391, 629, 898
	3, 126, 246, 456, 912, 988
	4, 53, 253, 477, 557, 822
	20, 156, 327, 611, 613, 1075
	26, 33, 43, 149, 266, 766
	12, 24, 284, 392, 405, 496, 949, 1250
	5, 849, 1036, 1263
	6, 7, 21, 468, 633, 897
	372, 375, 418, 727, 972, 999
	151, 233, 277, 492, 507, 548
	8, 390, 533, 896, 1045
	9, 16, 104, 118, 173
	10, 11, 58, 680, 993, 1110
	12, 218, 285, 393, 725
	202, 325, 484, 837, 1078, 1144
	19, 41, 50, 787, 817, 934
	13, 31, 146, 891
	14, 15, 84, 921
	23, 103, 244, 455, 805, 1239
	16, 17, 22, 68, 174, 978
	125, 142, 143, 426, 462, 860
	18, 215, 343, 407, 838
	39, 92, 203, 664, 1127
	66, 224, 778, 965, 1003, 1165, 1170, 1224
	162, 256, 410, 597, 1002, 1223
	138, 308, 368, 641, 1029
	102, 523, 654, 739, 779, 1008
	19, 51, 54, 181, 282, 386, 819
	20, 128, 609, 616, 1156
	21, 216, 464, 900, 963, 1164
	29, 64, 499, 701, 895, 1043, 1121
	35, 47, 339, 562, 675, 712, 1052
	22, 23, 105, 171, 979, 1242
	24, 25, 59, 82, 403, 498
	139, 196, 699, 723, 945, 1025, 1175
	25, 40, 61, 302, 402, 512
	69, 72, 288, 332, 773, 827, 1086
	121, 131, 178, 363, 879, 1096
	26, 27, 34, 265, 1107
	28, 49, 170, 318, 572, 1159
	29, 30, 214, 703, 894
	31, 32, 33, 34, 148
	35, 48, 112, 263, 1051
	150, 310, 342, 892, 1062, 1202
	36, 45, 137, 360, 479
	37, 38, 157, 298, 614, 865
	39, 91, 204, 317, 564, 1056
	40, 60, 194, 229, 301, 413, 470
	443, 502, 873, 918, 1101, 1255
	41, 42, 550, 816, 933, 1070, 1132
	43, 147, 163, 313, 765
	86, 88, 106, 259, 925
	44, 80, 494, 542, 630, 996, 1178
	45, 46, 231, 359, 561, 685, 713
	175, 211, 269, 793, 1128
	47, 48, 79, 110, 134, 337
	49, 267, 573, 1053, 1153
	50, 51, 71, 281, 786
	52, 53, 441, 824, 851
	54, 180, 223, 387, 467, 543, 1168
	55, 70, 101, 537, 581, 1115
	56, 57, 58, 444, 635, 683, 693
	59, 60, 61, 81, 388, 473, 531
	65, 305, 469, 529, 1046
	62, 120, 1105, 1195, 1245
	63, 155, 221, 236, 290
	64, 65, 307, 501, 591, 1042
	66, 385, 777, 818, 1135, 1167
	67, 68, 89, 450, 977
	69, 247, 334, 524, 648, 1087
	70, 124, 200, 545, 586, 1116, 1136
	71, 72, 280, 331, 772, 788
	75, 78, 111, 190, 396, 671, 1173
	73, 95, 228, 367, 888
	74, 75, 108, 189, 264
	176, 240, 294, 355, 961
	83, 238, 602, 844, 1013, 1233
	76, 77, 122, 432, 1035
	78, 79, 109, 133, 946, 1171
	80, 81, 82, 389, 497, 632
	83, 220, 239, 525, 600, 649
	84, 85, 86, 87, 729, 923
	222, 230, 273, 304, 951, 956
	87, 88, 260, 733, 748
	89, 90, 96, 348, 449
	141, 279, 437, 857, 908, 1152, 1207
	140, 378, 476, 555, 662, 740
	91, 92, 99, 113, 315, 583, 1124
	93, 94, 534, 930, 968
	95, 198, 227, 890, 1198
	404, 482, 509, 937, 947, 1183, 1253
	96, 97, 123, 346, 569, 743
	98, 116, 153, 182, 272, 1211
	99, 100, 101, 114, 582
	102, 152, 184, 249, 652, 780
	103, 104, 105, 117, 172, 806, 1196
	106, 107, 135, 164, 258, 924
	108, 109, 110, 111, 112, 262
	113, 114, 115, 116, 271, 1123
	132, 161, 177, 242, 340, 399, 720, 942
	117, 118, 119, 120, 1194
	121, 130, 159, 186, 419, 624, 1092
	122, 397, 433, 670, 1034, 1260
	123, 192, 516, 567, 744
	124, 201, 208, 546, 574
	125, 145, 463, 855, 870
	126, 127, 219, 291, 457, 604
	128, 129, 297, 319, 617, 1158
	130, 131, 187, 362, 520, 688
	252, 287, 374, 536, 801, 1038
	132, 133, 134, 338, 943
	135, 165, 257, 920
	136, 137, 357, 480, 558
	138, 144, 309, 438, 588, 640, 868
	139, 698, 847, 1024, 1106, 1248, 1265
	140, 347, 379, 452, 659, 1064
	197, 226, 504, 1080, 1100
	141, 142, 427, 487, 858, 1208
	143, 144, 145, 439, 859, 867
	146, 147, 148, 149, 150, 314, 893
	151, 158, 232, 276, 1095
	152, 153, 160, 183, 250, 1210
	154, 155, 237, 658, 1011
	156, 157, 326, 612, 864
	158, 159, 275, 420, 634, 696, 1091
	160, 248, 802, 1041, 1209
	161, 195, 400, 715, 721
	162, 163, 255, 312, 598, 767, 1228
	164, 165, 166, 322, 919, 1098
	167, 206, 460, 621, 753
	168, 169, 170, 321, 794
	171, 172, 173, 174
	175, 193, 210, 486, 513, 792
	176, 177, 241, 295, 336
	178, 179, 234, 436, 880, 926, 1093
	384, 454, 474, 578, 661, 705
	180, 181, 283, 544, 668, 974
	182, 183, 184, 268, 782
	199, 601, 645, 1088, 1141
	185, 186, 187, 627, 687
	188, 205, 622, 732, 814
	189, 190, 191, 395, 430
	192, 193, 212, 293, 514, 568, 884
	194, 306, 370, 414, 471
	195, 196, 245, 700, 718, 722, 809
	197, 198, 225, 448, 1058, 1085, 1199
	199, 200, 201, 209, 603, 845, 1137
	202, 203, 204, 483, 563, 665, 1079
	205, 206, 207, 618, 815
	208, 209, 349, 570, 643, 846, 1234
	210, 211, 212, 270, 783, 885
	213, 214, 215, 216, 406, 899, 964
	217, 328, 519, 690, 761
	218, 251, 394, 417, 655, 724, 803
	219, 220, 221, 235, 292, 458, 528
	222, 243, 303, 508, 957, 1119, 1186
	223, 224, 466, 1162, 1169
	225, 226, 227, 228, 324, 366, 1102
	229, 230, 274, 300, 412
	231, 296, 354, 686, 710, 953
	232, 233, 234, 435, 493, 1094
	235, 236, 237, 238, 239, 1010
	240, 241, 242, 243, 371, 398, 958, 1118
	244, 245, 453, 707, 717, 808, 903
	246, 247, 333, 459, 527, 913
	248, 249, 250, 251, 653, 804
	252, 286, 539, 825, 1113, 1142
	253, 478, 639, 821, 1028
	254, 425, 595, 836, 1147
	255, 256, 311, 341, 409
	257, 258, 259, 260, 442, 749, 916
	261, 262, 263, 264, 1050
	265, 266, 768, 992, 1112
	267, 316, 547, 577, 587, 1054
	268, 269, 270, 271, 272, 781, 1129
	273, 274, 411, 736, 950
	275, 276, 277, 278, 505, 682, 697, 1021
	279, 490, 876, 1150, 1206
	280, 281, 282, 283, 669, 774
	284, 285, 495, 726, 1181
	286, 287, 288, 373, 377, 771, 826
	289, 290, 291, 292, 606
	293, 345, 381, 553, 566, 887
	294, 295, 296, 335, 356, 709
	297, 298, 299, 615
	300, 301, 302, 303, 304, 511
	305, 306, 307, 308, 309, 369, 472, 590
	310, 311, 312, 313, 314, 344
	315, 316, 317, 584, 1057
	318, 319, 320, 321, 1160
	322, 323, 324, 364, 1103
	382, 485, 517, 596, 834
	325, 326, 327, 423, 863, 1015, 1074, 1146
	328, 329, 330, 691
	331, 332, 333, 334, 785, 915
	335, 336, 337, 338, 339, 340, 714
	341, 342, 343, 344, 408, 842, 1061
	345, 346, 347, 348, 380, 451, 565
	349, 350, 571, 644, 796
	351, 352, 353, 361, 757, 878
	354, 355, 356, 952, 960
	357, 358, 359, 360, 560, 673
	361, 362, 363, 521, 759, 881
	364, 365, 366, 367
	368, 369, 370, 415, 677, 1032
	371, 401, 719, 904, 940, 1117, 1185
	372, 373, 374, 376, 416, 799
	375, 376, 377, 667, 770, 971
	378, 379, 380, 381, 554
	382, 383, 515, 593, 745
	384, 475, 580, 764, 982
	385, 386, 387, 820, 1166
	428, 447, 489, 911, 1082
	388, 389, 390, 391, 532, 628
	392, 393, 394, 522, 650, 980, 1252
	395, 396, 397, 434, 672
	398, 399, 400, 401, 716
	402, 403, 404, 405, 510, 948
	406, 407, 408, 409, 410, 962, 1001
	411, 412, 413, 414, 415, 678, 737
	416, 417, 418, 728, 800
	419, 420, 421, 625, 636
	422, 599, 776, 828, 995, 1019, 1229
	423, 424, 425, 1014, 1145
	426, 427, 461, 488, 619, 813
	428, 429, 446, 704, 841, 909, 1221
	430, 431, 432, 433, 434
	435, 436, 491, 862, 927, 1067
	437, 438, 439, 500, 589, 856, 907
	440, 441, 755, 852
	442, 443, 751, 917, 1191, 1256
	444, 445, 638
	446, 447, 448, 840, 1059, 1083
	449, 450, 451, 452, 976, 1065
	453, 454, 455, 663, 706, 1238
	456, 457, 458, 459, 526
	460, 461, 462, 463, 620, 756, 853
	464, 465, 466, 467, 468, 540, 1161
	469, 470, 471, 472, 473, 530
	474, 475, 476, 660, 741, 763
	477, 478, 479, 480, 481, 556, 1030
	482, 579, 939, 985, 1254
	483, 484, 666, 791, 832
	485, 486, 518, 790, 835
	487, 488, 623, 811, 1190, 1203
	489, 490, 503, 874, 910, 1084, 1149
	491, 492, 493, 551, 1072
	494, 495, 496, 497, 498, 1177
	499, 500, 501, 592, 906, 1120, 1217
	502, 503, 504, 875, 1081, 1099
	505, 506, 507, 549
	508, 509, 510, 511, 512, 1182
	513, 514, 515, 516, 517, 518, 747
	519, 520, 521, 689, 760
	522, 523, 651, 983, 1006
	524, 525, 526, 527, 528, 647
	529, 530, 531, 532, 533, 1044
	534, 535, 608, 932, 969
	536, 537, 538, 539, 1039, 1114, 1214
	540, 541, 542, 543, 544, 973, 997
	545, 546, 547, 576, 585
	548, 549, 550, 551, 552, 1071
	553, 554, 555, 742, 886
	556, 557, 558, 559
	560, 561, 562, 676, 711
	563, 564, 610, 1055, 1076, 1157
	565, 566, 567, 568, 569
	570, 571, 572, 573, 574, 575, 576, 577
	578, 579, 580, 708, 901, 938, 981
	581, 582, 583, 584, 585, 586, 587
	588, 589, 590, 591, 592
	593, 594, 595, 596, 833
	597, 598, 599, 775, 1225, 1230
	600, 601, 602, 603, 646, 843
	604, 605, 606, 607, 608, 966
	609, 610, 611, 1077, 1155
	612, 613, 614, 615, 616, 617
	618, 619, 620, 621, 812
	622, 623, 731, 750, 810, 1188
	624, 625, 626, 627
	628, 629, 630, 631, 632, 633
	634, 635, 636, 637, 638, 695
	639, 640, 641, 823, 872, 1027
	642, 643, 644, 656, 798, 1235
	645, 646, 647, 648, 649, 1090
	650, 651, 652, 653, 654, 655
	656, 657, 658, 1012, 1237
	659, 660, 661, 662, 663, 1063, 1243
	664, 665, 666, 789, 1125
	667, 668, 669, 769, 975
	670, 671, 672, 1026, 1174, 1261
	673, 674, 675, 676, 1048
	677, 678, 679, 738, 1033
	680, 681, 682, 683, 694, 1023
	684, 685, 686, 735, 955
	687, 688, 689, 690, 691, 692
	693, 694, 695, 696, 697
	698, 699, 700, 807, 1104, 1192
	701, 702, 703, 704, 1122, 1215
	705, 706, 707, 708, 902
	709, 710, 711, 712, 713, 714
	715, 716, 717, 718, 719, 905
	720, 721, 722, 723, 944
	724, 725, 726, 727, 728, 998, 1179
	729, 730, 731, 732, 733, 752
	734, 735, 736, 737, 738, 954
	739, 740, 741, 742, 762, 784, 882, 1007
	743, 744, 745, 746, 747
	748, 749, 750, 751, 752, 1189
	753, 754, 755, 756, 854
	757, 758, 759, 760, 761
	762, 763, 764, 984, 1009
	765, 766, 767, 768, 991, 1227
	769, 770, 771, 772, 773, 774
	775, 776, 777, 778, 830, 1130, 1226
	779, 780, 781, 782, 783, 784, 883
	785, 786, 787, 788, 914, 935
	789, 790, 791, 792, 793, 831, 1126
	794, 795, 796, 797, 798
	799, 800, 801, 802, 803, 804, 1040
	805, 806, 807, 808, 809, 1197
	810, 811, 812, 813, 814, 815
	816, 817, 818, 819, 820, 1134
	821, 822, 823, 824, 850, 871
	825, 826, 827, 1089, 1139
	828, 829, 830, 1022, 1131
	831, 832, 833, 834, 835, 836, 837, 1143
	838, 839, 840, 841, 842, 1060
	843, 844, 845, 846, 1232
	847, 848, 849, 1247, 1262
	850, 851, 852, 853, 854, 855, 869
	856, 857, 858, 859, 860
	861, 862, 929, 986, 1068
	863, 864, 865, 866, 1016
	867, 868, 869, 870, 871, 872
	873, 874, 875, 876, 1205, 1257
	877, 878, 879, 880, 881
	882, 883, 884, 885, 886, 887
	888, 889, 890, 891, 892, 893, 1201
	894, 895, 896, 897, 898, 899, 900, 1047
	901, 902, 903, 904, 905, 941
	906, 907, 908, 1151, 1219
	909, 910, 911, 1148, 1220
	912, 913, 914, 915, 936, 989
	916, 917, 918, 919, 920, 1097
	921, 922, 923, 924, 925
	926, 927, 928, 929, 930, 931, 932
	933, 934, 935, 936, 990, 1073
	937, 938, 939, 940, 941, 1184
	942, 943, 944, 945, 946, 1172
	947, 948, 949, 1249
	950, 951, 952, 953, 954, 955, 959
	956, 957, 958, 959, 960, 961
	962, 963, 964, 965, 1004, 1163
	966, 967, 968, 969, 970
	971, 972, 973, 974, 975, 1000
	976, 977, 978, 979, 1066, 1240
	980, 981, 982, 983, 984, 985, 1005, 1251
	986, 987, 988, 989, 990, 1069
	991, 992, 993, 994, 995, 1109, 1231
	996, 997, 998, 999, 1000, 1180
	1001, 1002, 1003, 1004, 1222
	1005, 1006, 1007, 1008, 1009
	1010, 1011, 1012, 1013, 1236
	1014, 1015, 1016, 1017
	1018, 1019, 1020, 1021, 1022, 1023
	1024, 1025, 1026, 1176, 1266
	1027, 1028, 1029, 1030, 1031, 1032, 1033
	1034, 1035, 1036, 1037, 1264
	1038, 1039, 1040, 1041, 1213
	1042, 1043, 1044, 1045, 1046, 1047
	1048, 1049, 1050, 1051, 1052
	1053, 1054, 1055, 1056, 1057, 1154
	1058, 1059, 1060, 1061, 1062, 1200
	1063, 1064, 1065, 1066, 1241
	1067, 1068, 1069, 1070, 1071, 1072, 1073
	1074, 1075, 1076, 1077, 1078, 1079
	1080, 1081, 1082, 1083, 1084, 1085
	1086, 1087, 1088, 1089, 1090, 1138
	1091, 1092, 1093, 1094, 1095, 1096
	1097, 1098, 1099, 1100, 1101, 1102, 1103
	1104, 1105, 1106, 1193, 1244
	1107, 1108, 1109, 1110, 1111, 1112
	1113, 1114, 1115, 1116, 1140
	1117, 1118, 1119, 1187
	1120, 1121, 1122, 1216
	1123, 1124, 1125, 1126, 1127, 1128, 1129
	1130, 1131, 1132, 1133, 1134, 1135
	1136, 1137, 1138, 1139, 1140, 1141, 1142
	1143, 1144, 1145, 1146, 1147
	1148, 1149, 1150, 1151, 1152, 1218
	1153, 1154, 1155, 1156, 1157, 1158, 1159, 1160
	1161, 1162, 1163, 1164, 1165
	1166, 1167, 1168, 1169, 1170
	1171, 1172, 1173, 1174, 1175, 1176
	1177, 1178, 1179, 1180, 1181
	1182, 1183, 1184, 1185, 1186, 1187
	1188, 1189, 1190, 1191, 1204, 1259
	1192, 1193, 1194, 1195, 1196, 1197
	1198, 1199, 1200, 1201, 1202
	1203, 1204, 1205, 1206, 1207, 1208, 1258
	1209, 1210, 1211, 1212, 1213, 1214
	1215, 1216, 1217, 1218, 1219, 1220, 1221
	1222, 1223, 1224, 1225, 1226
	1227, 1228, 1229, 1230, 1231
	1232, 1233, 1234, 1235, 1236, 1237
	1238, 1239, 1240, 1241, 1242, 1243
	1244, 1245, 1246, 1247, 1248
	1249, 1250, 1251, 1252, 1253, 1254
	1255, 1256, 1257, 1258, 1259
	1260, 1261, 1262, 1263, 1264, 1265, 1266
Seed Numbers: 422
	0
	1
	2
	3
	4
	5
	6
	7
	8
	9
	10
	11
	12
	13
	14
	15
	16
	17
	18
	19
	20
	21
	22
	23
	24
	25
	26
	27
	28
	29
	30
	31
	32
	33
	34
	35
	36
	37
	38
	39
	40
	41
	42
	43
	44
	45
	46
	47
	48
	49
	50
	51
	52
	53
	54
	55
	56
	57
	58
	59
	60
	61
	62
	63
	64
	65
	66
	67
	68
	69
	70
	71
	72
	73
	74
	75
	76
	77
	78
	79
	80
	81
	82
	83
	84
	85
	86
	87
	88
	89
	90
	91
	92
	93
	94
	95
	96
	97
	98
	99
	100
	101
	102
	103
	104
	105
	106
	107
	108
	109
	110
	111
	112
	113
	114
	115
	116
	117
	118
	119
	120
	121
	122
	123
	124
	125
	126
	127
	128
	129
	130
	131
	132
	133
	134
	135
	136
	137
	138
	139
	140
	141
	142
	143
	144
	145
	146
	147
	148
	149
	150
	151
	152
	153
	154
	155
	156
	157
	158
	159
	160
	161
	162
	163
	164
	165
	166
	167
	168
	169
	170
	171
	172
	173
	174
	175
	176
	177
	178
	179
	180
	181
	182
	183
	184
	185
	186
	187
	188
	189
	190
	191
	192
	193
	194
	195
	196
	197
	198
	199
	200
	201
	202
	203
	204
	205
	206
	207
	208
	209
	210
	211
	212
	213
	214
	215
	216
	217
	218
	219
	220
	221
	222
	223
	224
	225
	226
	227
	228
	229
	230
	231
	232
	233
	234
	235
	236
	237
	238
	239
	240
	241
	242
	243
	244
	245
	246
	247
	248
	249
	250
	251
	252
	253
	254
	255
	256
	257
	258
	259
	260
	261
	262
	263
	264
	265
	266
	267
	268
	269
	270
	271
	272
	273
	274
	275
	276
	277
	278
	279
	280
	281
	282
	283
	284
	285
	286
	287
	288
	289
	290
	291
	292
	293
	294
	295
	296
	297
	298
	299
	300
	301
	302
	303
	304
	305
	306
	307
	308
	309
	310
	311
	312
	313
	314
	315
	316
	317
	318
	319
	320
	321
	322
	323
	324
	325
	326
	327
	328
	329
	330
	331
	332
	333
	334
	335
	336
	337
	338
	339
	340
	341
	342
	343
	344
	345
	346
	347
	348
	349
	350
	351
	352
	353
	354
	355
	356
	357
	358
	359
	360
	361
	362
	363
	364
	365
	366
	367
	368
	369
	370
	371
	372
	373
	374
	375
	376
	377
	378
	379
	380
	381
	382
	383
	384
	385
	386
	387
	388
	389
	390
	391
	392
	393
	394
	395
	396
	397
	398
	399
	400
	401
	402
	403
	404
	405
	406
	407
	408
	409
	410
	411
	412
	413
	414
	415
	416
	417
	418
	419
	420
	421
Phase Numbers: 422
	2
	2
	1
	3
	2
	3
	2
	2
	0
	2
	2
	1
	3
	2
	0
	2
	0
	0
	2
	3
	3
	3
	2
	2
	2
	3
	1
	2
	3
	3
	3
	3
	3
	3
	2
	3
	2
	3
	0
	2
	2
	2
	2
	2
	3
	3
	1
	2
	0
	2
	0
	2
	0
	2
	2
	3
	1
	3
	2
	3
	2
	1
	2
	3
	2
	2
	3
	3
	2
	2
	3
	2
	3
	3
	3
	2
	3
	2
	3
	2
	1
	2
	0
	0
	2
	3
	2
	3
	2
	2
	2
	2
	3
	2
	2
	2
	0
	0
	1
	3
	0
	0
	3
	3
	0
	2
	2
	3
	2
	3
	1
	2
	1
	3
	2
	2
	2
	3
	2
	3
	3
	3
	2
	3
	3
	3
	1
	3
	2
	2
	2
	3
	2
	1
	3
	2
	2
	0
	2
	2
	0
	2
	3
	2
	2
	2
	2
	2
	3
	3
	2
	3
	0
	3
	3
	0
	2
	3
	2
	0
	2
	3
	2
	3
	2
	2
	3
	3
	3
	0
	3
	2
	3
	3
	3
	3
	3
	2
	3
	3
	3
	0
	3
	2
	0
	1
	2
	1
	2
	2
	3
	2
	0
	2
	1
	2
	0
	3
	3
	3
	3
	1
	2
	3
	3
	2
	2
	0
	3
	3
	3
	2
	3
	3
	2
	1
	3
	3
	3
	3
	3
	2
	2
	2
	3
	3
	2
	0
	2
	3
	2
	0
	3
	3
	3
	1
	1
	2
	3
	0
	3
	2
	1
	1
	3
	0
	2
	1
	3
	1
	3
	2
	3
	3
	1
	2
	3
	2
	3
	3
	3
	0
	3
	1
	2
	3
	2
	2
	3
	2
	3
	0
	3
	3
	2
	1
	2
	3
	1
	3
	3
	2
	3
	3
	2
	3
	1
	2
	1
	3
	2
	2
	3
	2
	3
	1
	0
	2
	2
	3
	2
	3
	2
	3
	3
	3
	1
	2
	3
	2
	3
	2
	3
	3
	3
	2
	3
	2
	2
	3
	2
	3
	3
	2
	3
	2
	3
	2
	2
	3
	2
	0
	3
	3
	3
	2
	2
	3
	0
	3
	1
	3
	3
	2
	2
	2
	2
	1
	2
	2
	3
	2
	2
	3
	0
	3
	1
	3
	3
	3
	2
	1
	3
	0
	3
	3
	3
	1
	3
	2
	2
	2
	2
	2
	2
	3
	3
	3
	3
	0
	2
	2
	2
	3
	3
	0
	2
	2
	1
	2
	1
	2
	3
	3
	2
	2
	1
	2
	2
	3
	3
	3
	0
	3
	3
	3
	3
	2
	2
	2
	3
	3
	2
	3
	0
	2
	1
	2
	3
	3
	2
	2
Volumes: 422
	0.0032774322422394566
	0.002053956361327612
	0.0024622895275324417
	0.0023038243653817217
	0.0029890037073693337
	0.0027854536541129086
	0.00155973010287833
	0.0025193085852541286
	0.002934142496968986
	0.0010085837415335027
	0.0030877894419493825
	0.001993234068280966
	0.002254850661429726
	0.0027111389473466357
	0.0025983376058151364
	0.002375649971845713
	0.0035730021744222067
	0.0008272592775351046
	0.0021019151600577745
	0.0019927916176505074
	0.002210861871720143
	0.002278202227616607
	0.0010676872324811024
	0.00263978466308726
	0.003241857044608708
	0.002555898776295684
	0.0026069092371123767
	0.0017021765657067828
	0.0008229500723825893
	0.002096200137901313
	0.0016532940219011437
	0.0026704252622673217
	0.0019463870239596816
	0.0019701875992789632
	0.0028026599322248944
	0.002350925171179916
	0.0025820352741516587
	0.0025899045421465213
	0.003068256008881851
	0.00218614712191561
	0.0028329100240561678
	0.0027649231364817997
	0.0025503811523188485
	0.0018467358774726635
	0.003008843771459229
	0.0021945902642908103
	0.0022281803791724714
	0.002908658242329575
	0.0028750250235303034
	0.0014342766210275353
	0.002156585242751273
	0.002426946473134415
	0.001271733448598458
	0.0016680712934106436
	0.0027948605449886737
	0.0028767122805524207
	0.0033360481804611307
	0.0018780292595339315
	0.0027763790851192743
	0.0022097440683084123
	0.003355618185935619
	0.002160863837202283
	0.0020863390559587723
	0.002641539455638616
	0.0024507496336890894
	0.0026643375950958694
	0.0020990119435689127
	0.0023088877013962023
	0.002223998116853418
	0.00240458029912386
	0.0025787616425637944
	0.0020913657850235544
	0.0027384756628754084
	0.0037120171340826067
	0.002265473799205762
	0.0014449720598212097
	0.0017481621045517598
	0.002984181517180067
	0.0025393446431626627
	0.0017476676246567444
	0.0030394682627969583
	0.003003921448160858
	0.0028265229037139584
	0.0026453260137757305
	0.0021118383396495724
	0.0013407325251694239
	0.00243365854218203
	0.0029487230268779906
	0.001865525695027308
	0.0024751110639030798
	0.0022190578621900468
	0.0023087790419690957
	0.0024217136120439093
	0.001998023103518913
	0.002605215182294676
	0.0020621950895089915
	0.002691907551836993
	0.0021544859689185455
	0.0021554269351590225
	0.002044701823967347
	0.002077667827027918
	0.002788470546752289
	0.002812777093366784
	0.0023267608558832035
	0.002238676555921681
	0.0018147768861028792
	0.0019893438817748994
	0.0017315151189599316
	0.0020391677615212915
	0.002740126672524177
	0.003042677941648567
	0.001606191738722931
	0.0031907021560492535
	0.002063304816385154
	0.002898262551301297
	0.003387958412507451
	0.002177955702826165
	0.0033075127487332354
	0.0035424162040139655
	0.002775921630045231
	0.002341859536563051
	0.0024336049037869626
	0.0019936303568113185
	0.0024515537888125678
	0.0028739426186980646
	0.0025114810197363357
	0.0019893417007149413
	0.0025548349336951587
	0.0019860775799438375
	0.0023973097011227803
	0.0032854304672935604
	0.002792772125254443
	0.002098730723490153
	0.0013245587565670694
	0.0020788900213896833
	0.0028884897528868776
	0.00221220660643485
	0.0018243467018941822
	0.002095628038002135
	0.0024584308843351795
	0.0012416700186485172
	0.001533177524328258
	0.0019933634102998247
	0.0031221735886331837
	0.0020542685794901518
	0.0029921348927555835
	0.002387897678114159
	0.0029857186753254905
	0.0021850331729676435
	0.0021339612615697092
	0.0017281264301968922
	0.001413506860369583
	0.0015663297388129804
	0.0034270788855991483
	0.0018069545452260496
	0.003159382813237601
	0.0021764950102377365
	0.0031322687364524534
	0.0025899401589221218
	0.0008820804377791156
	0.00301286275532044
	0.00283296614271947
	0.0031540790932970833
	0.0014244470543209615
	0.003811857614438496
	0.003221600482974473
	0.003107799175520796
	0.0020953844451808415
	0.003185436240670317
	0.001932159755785949
	0.0020444998499730403
	0.002115127929419751
	0.0025958349849138076
	0.00293138042971191
	0.0030543719744477275
	0.0031205173262655794
	0.002229201428194774
	0.002817671433418963
	0.0017572893543350782
	0.00242092981104827
	0.0018850599231534154
	0.002281071051229734
	0.0013880631692607887
	0.002054590251185212
	0.002804137393279961
	0.0032688878131562266
	0.0019810558503381226
	0.003580689756682933
	0.0017402785601017563
	0.002699594423118753
	0.002150098551811102
	0.0026400253890269537
	0.002854264903673783
	0.0021266140420525157
	0.002267822138386395
	0.002605935738486174
	0.0020339413931790076
	0.0032528163851789672
	0.0022948203294879746
	0.001585876996382852
	0.00286361121807478
	0.0028662899554961346
	0.002329058477600696
	0.0031939156216217895
	0.0005856443017844364
	0.0025332813473575616
	0.002557589098515384
	0.0024638833044850874
	0.0026971174971590216
	0.00214420290145621
	0.0025721382851692236
	0.0015366473885646374
	0.0032310756280843865
	0.002735584019957818
	0.0019330479142075836
	0.002357880800363818
	0.002992357870137817
	0.002187240012516122
	0.0015988520016380747
	0.0018536679807618155
	0.0016715748576722166
	0.0020248588554878585
	0.001788303686812422
	0.0019266846782952463
	0.0023627623327770316
	0.0036807835909931684
	0.001667319663856395
	0.0028431799914241285
	0.0019424132524072922
	0.002764429333785514
	0.002620895724278344
	0.0023605835453128794
	0.0025509994488380526
	0.002422973591679686
	0.001734521688930997
	0.0025748875161603103
	0.0023025943700313214
	0.0010955789190146908
	0.0029004485572752267
	0.0027124976625091087
	0.0011161032099365018
	0.00210652362419342
	0.0008300234535660669
	0.002586532128474677
	0.0028256819674289547
	0.001887002751757108
	0.0019635588483468986
	0.0028315880266644375
	0.0023796998364496997
	0.002980137230184996
	0.002134640963511834
	0.00322760987842044
	0.003540057299471859
	0.0018380181282786523
	0.0029460483698860764
	0.0028163092238730663
	0.0023285775310936544
	0.001970530333883283
	0.00266020283016059
	0.002874717733580855
	0.002071630533203424
	0.001761991610684589
	0.002802743553369347
	0.0029478301456485824
	0.0018536278495228482
	0.00266137885796704
	0.0027614167821583954
	0.002748766853040624
	0.002653199600418498
	0.0020954771639187623
	0.0031712806075920013
	0.0019380321863495518
	0.0021871042836507037
	0.0020043818844368315
	0.002143253516856145
	0.003338401320412343
	0.0021122371293349727
	0.0017449290601783862
	0.00337550725865774
	0.0030147140667206593
	0.0022951234632897785
	0.0027717555285113604
	0.0015857177099208024
	0.001961675631564298
	0.0028366005927145553
	0.0032451532625325436
	0.0016630767543246866
	0.0028404815470987163
	0.0018069830624870176
	0.003057264388708428
	0.002126582001351988
	0.0024395841479278486
	0.002560081043619371
	0.0016866900820464033
	0.0020682455989564563
	0.002204396412054546
	0.0028702315434406553
	0.001005826201593854
	0.002076703416645347
	0.0018415059576396902
	0.00196582967624445
	0.002046235793973352
	0.0019495401336639372
	0.0026088489602006195
	0.002849677064644953
	0.002117540288833894
	0.002137463760198244
	0.002840814723751266
	0.002729652209387438
	0.0019745208774949157
	0.002283339452105115
	0.0020964317276282365
	0.003031898712820084
	0.0020760712981847925
	0.002705046217275142
	0.002575728453576125
	0.0018730327034363857
	0.0028539097739032
	0.0017205550501923992
	0.002598443474356702
	0.0016402641423824999
	0.001522550661238846
	0.0020432294151709217
	0.0024551350930886607
	0.0022799005561987126
	0.002587274555730589
	0.003024600281594294
	0.0023413371408524974
	0.003228110555475554
	0.001607951155919355
	0.0028649379596347242
	0.0028196823764398853
	0.002465320575146232
	0.002734712831810219
	0.0016499800614453164
	0.002581485517831535
	0.0019197485975032285
	0.0029409948418683924
	0.002088174465329643
	0.002463718145480523
	0.002106208598905572
	0.0025871042319659757
	0.001946044608023351
	0.002364253468492259
	0.0022463984021236193
	0.002891770462062375
	0.0015760126801039904
	0.0022960406129161797
	0.003129085825359417
	0.00384295695690114
	0.0026635271943988505
	0.002852753206640156
	0.0020996469041431797
	0.0019421887646565343
	0.0018629762940842835
	0.0022165660226756635
	0.0015531243177982431
	0.0026665964828996762
	0.0026104285002669252
	0.0030526756214425536
	0.0017792756963325347
	0.002414704233850813
	0.0023427492209873446
	0.002768614396017754
	0.002133351892799057
	0.0018973307385946718
	0.0021208943448446592
	0.0024736761885195135
	0.0034087644018464887
	0.0030447485408304923
	0.002763655216005015
	0.0028112220806770618
	0.001806979470620767
	0.0019425156324401724
	0.0025759072307843783
	0.001702997003893199
	0.002809932260810158
	0.00185404005106138
	0.0023694204230567226
	0.0024607293592988325
	0.0025278345083529575
	0.002660827765049322
	0.002012760417834588
	0.001742573462798991
	0.0019247132736745524
	0.002374026451203157
	0.0031674655289839395
	0.0024413154993966095
	0.0020581192090459244
	0.0019056452428154486
	0.0027180548492396783
	0.0028643916236188414
	0.0016114573508175445
	0.0026544350790586057
	0.0030430909241035736
	0.0017977922782244076
	0.0016608674933194477
	0.0032122108911040196
	0.0028484430748523916
	0.0036722425201174747
	0.0018317624872576596
	0.0018585054293672094
	0.002962043497193159
	0.001668968357501955
	0.0018137743278469828
	0.002386008818385352
	0.002313504306206856
	0.002620294094377299
	0.002247747877991936
	0.00189057930301178
	0.0025204580544180644
	0.0023466957707167207
	0.0018954685422018515
	0.0022956704834813414
	0.0015414021524824658
	0.0014885516772143652
	0.002119885460542866
	0.002473801140997665
	0.0014096395940440386
	0.003163151474405756
	0.0017252147473951892
	0.002781834529398435
