Mesh Points: 838
	-2.785853e-01,  3.497408e-01
	-3.259607e-01,  3.631009e-01
	-2.538330e-01,  3.693076e-01
	-2.662678e-01,  4.107552e-01
	-2.678522e-01,  4.111898e-01
	-2.520218e-01,  3.830579e-01
	-3.130402e-01,  3.979415e-01
	-9.876816e-02,  4.513059e-01
	-1.143719e-01,  4.554040e-01
	-8.850900e-02,  4.228853e-01
	-1.491413e-01,  4.251932e-01
	-1.469308e-01,  4.073174e-01
	-1.231070e-01,  3.878826e-01
	-4.148476e-01, -3.160315e-01
	-4.232804e-01, -3.285116e-01
	-4.564467e-01, -3.298107e-01
	-4.709810e-01, -3.038444e-01
	-4.505120e-01, -2.653965e-01
	-4.389242e-01, -2.666440e-01
	-4.496468e-01, -2.649209e-01
	 9.979898e-02,  4.120104e-01
	 1.167560e-01,  3.804568e-01
	 1.210815e-01,  4.341211e-01
	 1.391834e-01,  4.334617e-01
	 1.511478e-01,  4.104788e-01
	 1.429199e-01,  3.871641e-01
	 3.781847e-01,  2.011730e-01
	 3.334815e-01,  2.118801e-01
	 3.688624e-01,  2.594009e-01
	 3.235081e-01,  2.307767e-01
	-3.659129e-01, -5.000000e-01
	-3.678772e-01, -4.879811e-01
	-4.245429e-01, -5.000000e-01
	-4.205657e-01, -4.752177e-01
	-3.818399e-01, -4.743783e-01
	 2.821142e-01,  3.325813e-01
	 2.840010e-01,  3.342993e-01
	 3.196953e-01,  3.415276e-01
	 3.307447e-01,  2.931313e-01
	 3.161026e-01,  2.891937e-01
	 3.412238e-01,  3.196679e-01
	 8.211419e-03,  2.782096e-01
	-1.185229e-02,  2.632659e-01
	-2.538204e-02,  2.679065e-01
	-2.144599e-02,  3.392057e-01
	-8.540483e-03,  3.417498e-01
	-4.965387e-02,  3.109823e-01
	 1.087640e-02,  3.183000e-01
	 4.580456e-01,  2.878991e-01
	 4.633407e-01,  2.475986e-01
	 5.000000e-01,  2.928154e-01
	 5.000000e-01,  2.491926e-01
	-2.548027e-01, -5.000000e-01
	-2.631764e-01, -4.677633e-01
	-3.048713e-01, -5.000000e-01
	-3.017430e-01, -4.808975e-01
	-3.815882e-01,  3.353975e-01
	-4.067194e-01,  3.229332e-01
	-3.805387e-01,  3.373043e-01
	-4.329062e-01,  3.268999e-01
	-4.356195e-01,  3.790681e-01
	-3.946398e-01,  3.831813e-01
	 4.437536e-01, -1.751821e-02
	 4.190768e-01, -4.830719e-02
	 3.725052e-01, -3.009601e-02
	 4.009777e-01,  1.869462e-02
	-2.909778e-01,  1.022053e-01
	-3.037598e-01,  1.240624e-01
	-2.569507e-01,  1.090685e-01
	-2.903839e-01,  1.460109e-01
	-2.592579e-01,  1.471276e-01
	-1.184881e-01, -1.372568e-01
	-1.082142e-01, -1.177901e-01
	-1.552044e-01, -1.472409e-01
	-1.732657e-01, -1.124162e-01
	-1.718524e-01, -1.059925e-01
	-1.337410e-01, -9.337347e-02
	-2.812757e-01,  2.124553e-01
	-3.099506e-01,  2.622728e-01
	-2.525678e-01,  2.261081e-01
	-3.064157e-01,  2.725328e-01
	-2.635851e-01,  2.768178e-01
	-2.412983e-01,  2.562872e-01
	-2.403697e-01,  2.523320e-01
	-2.459599e-01, -9.588858e-02
	-2.918192e-01, -1.156263e-01
	-2.427498e-01, -8.635335e-02
	-3.089686e-01, -6.815729e-02
	-2.837610e-01, -4.040945e-02
	-2.689272e-01, -4.271074e-02
	-3.006272e-01, -1.126436e-01
	-3.380567e-01, -1.253252e-01
	-3.478380e-01, -1.526880e-01
	-2.734849e-01, -1.684960e-01
	-2.749038e-01, -1.723324e-01
	-3.000225e-01, -1.808685e-01
	-4.510298e-02,  6.189394e-02
	-7.924363e-02,  6.658444e-02
	-2.845697e-02,  9.529317e-02
	-6.460874e-02,  1.153628e-01
	-5.631210e-02,  1.166396e-01
	-8.702824e-02,  8.187100e-02
	 1.296076e-01,  2.101323e-01
	 9.266013e-02,  2.027938e-01
	 7.005635e-02,  2.353598e-01
	 9.701898e-02,  2.555677e-01
	 1.304762e-01,  2.451877e-01
	 1.789847e-01,  6.275469e-02
	 1.835057e-01,  6.474194e-02
	 1.442099e-01,  8.840923e-02
	 1.686221e-01,  1.301608e-01
	 2.009394e-01,  1.095233e-01
	 1.437195e-01,  9.085843e-02
	 1.036861e-01, -1.538003e-01
	 1.090920e-01, -1.216012e-01
	 7.758300e-02, -1.630088e-01
	 7.877648e-02, -9.994496e-02
	 5.169928e-02, -1.137737e-01
	 5.391140e-02, -1.439525e-01
	 5.000000e-01, -2.057832e-01
	 4.780140e-01, -1.918655e-01
	 5.000000e-01, -1.500724e-01
	 4.776910e-01, -1.541302e-01
	-2.050706e-01, -1.678681e-01
	-2.107396e-01, -2.011817e-01
	-2.223077e-01, -1.413264e-01
	-2.597124e-01, -1.951734e-01
	 4.298088e-02,  2.709979e-01
	 7.381801e-02,  3.067332e-01
	 5.699054e-02,  3.216413e-01
	 7.350682e-02,  3.081767e-01
	-4.128160e-01,  5.000000e-01
	-4.125057e-01,  4.979411e-01
	-4.927689e-01,  5.000000e-01
	-4.714230e-01,  4.615187e-01
	-4.402264e-01,  4.576895e-01
	 7.202672e-02, -2.000423e-01
	 1.153990e-01, -2.097447e-01
	 1.310293e-01, -1.716120e-01
	 1.325431e-01, -1.817643e-01
	 2.378973e-01, -1.799258e-01
	 2.157378e-01, -2.074781e-01
	 1.860907e-01, -2.021783e-01
	 1.942003e-01, -1.572270e-01
	 2.249715e-01, -1.587831e-01
	 3.321822e-01,  1.294950e-01
	 3.354666e-01,  1.508387e-01
	 3.738859e-01,  1.656814e-01
	 3.993773e-01,  1.415089e-01
	 3.807083e-01,  9.966425e-02
	 3.573266e-01,  9.613957e-02
	-4.684264e-01,  9.099358e-02
	-4.654416e-01,  9.166682e-02
	-5.000000e-01,  1.084850e-01
	-5.000000e-01,  1.438355e-01
	-4.560921e-01,  1.373855e-01
	-2.208638e-01,  1.949458e-01
	-2.407554e-01,  1.626274e-01
	-2.871556e-01,  2.023833e-01
	-2.475257e-01,  1.610242e-01
	-6.923960e-02, -3.174419e-01
	-1.008764e-01, -2.876628e-01
	-6.966592e-02, -2.528602e-01
	-4.482467e-02, -2.599054e-01
	-5.176588e-02, -3.143342e-01
	 4.666089e-01, -4.290955e-03
	 4.548888e-01, -1.581117e-02
	 4.699939e-01,  2.545777e-02
	 4.522950e-01,  4.514703e-02
	 4.095154e-01,  4.210777e-02
	 3.995077e-01,  2.837033e-02
	-1.694582e-01,  3.293654e-01
	-1.566523e-01,  3.301539e-01
	-1.904681e-01,  3.563664e-01
	-1.900086e-01,  3.835761e-01
	-1.192249e-01,  3.768184e-01
	-3.142517e-02,  1.578742e-01
	-9.528132e-02,  1.656362e-01
	-8.326144e-02,  1.774676e-01
	-9.389563e-02,  1.356093e-01
	-4.159115e-01, -2.045532e-01
	-4.570926e-01, -2.037194e-01
	-4.108974e-01, -1.501193e-01
	-4.553265e-01, -1.732759e-01
	-4.109959e-01, -1.501032e-01
	-3.297744e-01,  1.252068e-01
	-3.521047e-01,  1.567913e-01
	-3.058873e-01,  1.879464e-01
	-3.780337e-02, -2.568039e-01
	 2.653095e-03, -2.789056e-01
	-1.501531e-02, -3.212622e-01
	-3.205834e-02, -3.249135e-01
	-1.073844e-01, -4.377709e-01
	-1.584063e-01, -4.185577e-01
	-9.966090e-02, -3.947293e-01
	-1.306650e-01, -3.831082e-01
	-2.221265e-01, -1.398078e-01
	-1.943995e-01, -6.606514e-02
	 3.623133e-01, -8.250680e-02
	 3.904338e-01, -9.975955e-02
	 3.541761e-01, -5.201858e-02
	 3.635362e-01, -3.320192e-02
	 4.220233e-01, -6.143173e-02
	-1.667049e-01,  2.171079e-01
	-1.929332e-01,  2.094456e-01
	-1.438292e-01,  2.035646e-01
	-1.823450e-01,  1.660857e-01
	-2.000320e-01,  1.993035e-01
	-1.480629e-01,  1.621977e-01
	-1.387967e-01,  1.712042e-01
	-4.154777e-01,  2.625542e-01
	-4.543598e-01,  2.751603e-01
	-4.154114e-01,  2.196016e-01
	-4.694071e-01,  2.417409e-01
	-4.405649e-01,  2.134741e-01
	-4.192059e-01,  2.148453e-01
	-1.756317e-01,  2.671047e-01
	-2.048240e-01,  2.426396e-01
	-2.128974e-01,  2.982917e-01
	-1.905203e-01,  2.989552e-01
	-8.565789e-03,  9.889743e-02
	-5.687197e-03,  1.038742e-01
	-1.969626e-02,  1.609532e-01
	 1.800934e-02, -2.728626e-01
	 2.217153e-02, -2.627482e-01
	 6.460883e-02, -2.508352e-01
	 5.370392e-02, -3.126269e-01
	 5.590343e-02, -3.126318e-01
	 8.740545e-02, -2.712240e-01
	 2.377710e-01,  2.870743e-02
	 2.009779e-01,  2.217759e-03
	 1.727377e-01,  4.181860e-02
	 2.268605e-01,  5.510222e-02
	 2.389720e-01,  3.584726e-02
	 5.000000e-01,  4.253530e-01
	 4.685905e-01,  4.294932e-01
	 5.000000e-01,  4.725707e-01
	 4.692720e-01,  4.599993e-01
	 4.651314e-01,  4.345295e-01
	-3.039819e-02, -3.718695e-02
	-4.796369e-02, -6.426151e-02
	-5.335958e-02, -4.632025e-03
	-1.058935e-01, -3.183804e-02
	-1.074182e-01, -4.128597e-02
	-8.516250e-02, -6.181515e-02
	-2.020768e-01,  1.342768e-01
	 3.055519e-01,  2.722697e-01
	 3.192962e-01,  2.325750e-01
	 2.912850e-01,  2.254801e-01
	 2.664116e-01,  2.455188e-01
	 2.644417e-01,  2.651355e-01
	-3.569723e-01,  2.964281e-01
	-3.949954e-01,  2.770536e-01
	-3.732965e-01,  2.716104e-01
	 4.433583e-01, -2.003033e-01
	 4.256312e-01, -1.630607e-01
	 4.610757e-01, -1.409762e-01
	 2.735379e-01,  5.038463e-02
	 2.783631e-01,  8.644339e-02
	 2.424388e-01,  8.859055e-02
	-9.274538e-02,  3.437215e-02
	-1.112157e-01,  2.749019e-02
	-1.105569e-01,  8.984980e-02
	-1.376913e-01,  6.134023e-02
	-1.376016e-01,  5.746538e-02
	 2.903844e-01,  1.148144e-01
	 2.848191e-01,  9.116228e-02
	 2.236340e-01,  1.155934e-01
	 2.344045e-01,  1.394558e-01
	 2.769032e-01,  1.359937e-01
	 3.532400e-01,  3.450044e-02
	 3.433197e-01, -6.972652e-03
	-2.201880e-01, -4.597317e-01
	-2.596304e-01, -4.616356e-01
	-2.116311e-01, -4.502862e-01
	-2.615996e-01, -4.041148e-01
	-2.493118e-01, -3.958084e-01
	-2.705086e-01, -4.255376e-01
	-2.176200e-01, -4.114060e-01
	 3.740077e-01, -2.886702e-01
	 3.912844e-01, -2.864352e-01
	 3.592478e-01, -3.021373e-01
	 4.139455e-01, -3.113858e-01
	 4.096335e-01, -3.393315e-01
	 3.757157e-01, -3.607173e-01
	 3.681420e-01, -3.599493e-01
	 3.582050e-01, -3.510858e-01
	-3.683259e-01,  4.614822e-01
	-3.423105e-01,  4.308921e-01
	-3.746138e-01,  4.619470e-01
	-3.980082e-01,  4.264287e-01
	-3.712523e-01,  4.005812e-01
	-3.827477e-01,  3.999216e-01
	-4.683835e-01, -1.172878e-01
	-4.538100e-01, -1.088641e-01
	-5.000000e-01, -1.087580e-01
	-5.000000e-01, -5.802440e-02
	-4.645937e-01, -5.877023e-02
	-4.516049e-01, -1.029638e-01
	-1.076021e-01, -2.875354e-01
	-1.352595e-01, -3.110634e-01
	-8.781858e-02, -3.490226e-01
	-1.238732e-01, -3.440545e-01
	 3.714769e-01,  3.272627e-01
	 3.349960e-01,  3.755149e-01
	 3.692943e-01,  3.735305e-01
	 5.000000e-01, -1.042562e-01
	 4.594013e-01, -1.122000e-01
	 4.619370e-01, -1.080244e-01
	-3.083401e-01, -1.172117e-02
	-3.385054e-01, -2.747127e-02
	-3.412191e-01, -6.143575e-02
	-5.000000e-01,  5.396578e-02
	-4.698724e-01,  2.868176e-02
	-5.000000e-01, -2.528149e-03
	-4.711886e-01,  5.382886e-03
	 4.636604e-01,  8.915753e-02
	 4.052271e-01,  7.787404e-02
	 4.511810e-01,  9.626758e-02
	 3.345849e-01,  5.493664e-02
	 3.017287e-01,  3.275414e-02
	 3.344749e-01,  6.081796e-02
	-1.910267e-01, -5.000000e-01
	-1.698969e-01, -4.630322e-01
	-2.075596e-01, -5.000000e-01
	-1.744829e-01, -4.512867e-01
	 1.234556e-02,  6.251233e-02
	 4.063032e-02,  1.188279e-01
	 5.991933e-02,  9.074112e-02
	 2.237829e-01,  1.652544e-01
	 1.641385e-01,  1.508557e-01
	 2.213090e-01,  1.664310e-01
	 4.425203e-01, -3.653862e-01
	 4.323425e-01, -3.944407e-01
	 4.008467e-01, -3.995499e-01
	 2.972887e-01, -5.532533e-02
	 2.948616e-01, -5.797245e-02
	 3.000087e-01, -9.148291e-02
	 3.338346e-01, -1.059542e-01
	-1.435724e-01, -1.871058e-01
	-1.013618e-01, -1.780716e-01
	-1.588106e-01, -1.572369e-01
	-6.443571e-02, -1.607700e-01
	-9.667472e-02, -1.803243e-01
	-7.581947e-02, -1.152216e-01
	-8.610736e-02, -1.114369e-01
	-2.663283e-01, -2.855864e-01
	-2.491632e-01, -2.547112e-01
	-2.911055e-01, -2.852266e-01
	-3.129973e-01, -2.482029e-01
	-3.080351e-01, -2.364341e-01
	-2.694561e-01, -2.334305e-01
	-4.591628e-02, -4.406929e-01
	-1.648549e-02, -4.423704e-01
	-1.263951e-03, -4.687486e-01
	-1.872779e-02, -5.000000e-01
	-5.820862e-02, -5.000000e-01
	-6.079220e-02, -4.919389e-01
	-5.000000e-01,  5.710364e-02
	 4.167371e-01,  4.311322e-01
	 4.483570e-01,  4.791978e-01
	 4.222842e-01,  4.734752e-01
	 3.643932e-01,  4.634333e-01
	 3.675304e-01,  4.344245e-01
	 3.453421e-01,  4.825432e-01
	 3.020462e-01,  4.406165e-01
	 3.262145e-01,  4.197067e-01
	 3.144615e-01,  4.749257e-01
	-1.174312e-01,  1.119244e-01
	-1.507566e-01,  1.235329e-01
	-5.000000e-01, -2.576498e-01
	-5.000000e-01, -2.981457e-01
	-1.962492e-01,  4.514146e-01
	-2.119479e-01,  4.362722e-01
	-2.165144e-01,  5.000000e-01
	-2.591139e-01,  4.829048e-01
	-2.489346e-01,  5.000000e-01
	-2.437586e-01,  4.352310e-01
	-4.541627e-01, -3.871823e-01
	-4.690245e-01, -4.182863e-01
	-4.744636e-01, -3.562279e-01
	-5.000000e-01, -3.580323e-01
	-5.000000e-01, -4.112159e-01
	-4.700448e-01, -4.187016e-01
	 2.025531e-01,  2.102141e-01
	 1.878858e-01,  2.134945e-01
	 1.506132e-01,  1.632283e-01
	 1.499694e-01,  1.889811e-01
	-8.200999e-02,  2.012858e-01
	-6.912890e-02,  2.173786e-01
	-1.178573e-01,  2.223955e-01
	-7.221036e-02,  2.524519e-01
	-1.173792e-01,  2.538739e-01
	 1.514054e-01, -5.000000e-01
	 1.500176e-01, -4.702996e-01
	 9.057188e-02, -5.000000e-01
	 1.296816e-01, -4.550243e-01
	 9.316026e-02, -4.623974e-01
	 8.989385e-02, -4.681952e-01
	 4.678731e-01, -4.189321e-01
	 4.832353e-01, -4.616052e-01
	 4.385898e-01, -4.786374e-01
	 4.480722e-01, -4.163401e-01
	 4.205470e-01, -4.571293e-01
	-3.174993e-01, -4.303763e-01
	-3.278367e-01, -4.412494e-01
	-3.141295e-01, -3.836517e-01
	-3.502118e-01, -3.754394e-01
	-3.767073e-01, -4.209503e-01
	-3.755751e-01, -4.225794e-01
	 4.391546e-01, -2.080135e-01
	 3.907450e-01, -1.830031e-01
	 4.212028e-01, -1.618838e-01
	 4.040777e-01, -2.107549e-01
	-3.638616e-01,  1.014359e-01
	-3.866807e-01,  5.984050e-02
	-3.861185e-01,  1.295133e-01
	-4.043136e-01,  1.300028e-01
	-4.156155e-01,  9.075053e-02
	 4.617001e-01,  3.906758e-01
	 4.296174e-01,  3.927381e-01
	 4.143838e-01,  4.286964e-01
	 3.333595e-01, -1.344775e-01
	 3.271522e-01, -1.405957e-01
	 2.759436e-01, -1.275498e-01
	 2.974697e-01, -5.424516e-03
	 2.968465e-01, -4.657311e-03
	-2.314675e-01, -4.384183e-03
	-2.379902e-01,  1.471071e-02
	-1.728547e-01, -2.032887e-04
	-2.001356e-01,  5.495613e-02
	-1.748605e-01,  3.490018e-02
	-1.713962e-01,  1.548266e-03
	-4.315922e-01,  4.308191e-01
	-4.491932e-01,  4.070249e-01
	-4.915893e-01,  4.269537e-01
	 2.265975e-01,  4.317476e-01
	 2.358839e-01,  4.535088e-01
	 2.511126e-01,  4.003630e-01
	 2.594234e-01,  4.611634e-01
	 2.884107e-01,  4.387710e-01
	 2.629010e-01,  4.020374e-01
	-8.775821e-02,  3.585303e-01
	-6.087823e-02,  3.712492e-01
	-5.259281e-02,  3.882957e-01
	-6.729071e-02,  4.191845e-01
	 2.926243e-01,  3.828471e-01
	 3.212157e-01,  3.911281e-01
	 2.429554e-01,  2.207653e-01
	 2.223181e-01,  2.246161e-01
	 2.171923e-01,  2.558534e-01
	 2.543560e-01,  2.752448e-01
	 4.017230e-01, -2.634240e-01
	 4.506161e-01, -2.503812e-01
	 4.595740e-01, -2.558517e-01
	 4.628177e-01, -2.947378e-01
	 4.545744e-01, -3.043518e-01
	 9.919746e-02,  4.635175e-01
	 1.172477e-01,  5.000000e-01
	 1.200785e-01,  5.000000e-01
	 1.548060e-01,  4.571597e-01
	 3.781504e-01, -4.822820e-01
	 4.001930e-01, -4.524222e-01
	 3.430112e-01, -4.795929e-01
	 3.838785e-01, -4.297592e-01
	 3.468408e-01, -4.242819e-01
	 3.291955e-01, -4.608633e-01
	-3.040993e-01,  4.543978e-01
	-3.327819e-01,  4.299101e-01
	-5.108920e-02,  1.118204e-02
	-2.780743e-02,  3.177192e-02
	 9.170020e-02,  2.915849e-01
	 1.354570e-01,  2.931107e-01
	 1.491228e-01,  3.279933e-01
	 1.491863e-01,  3.278198e-01
	 1.073110e-01,  3.492744e-01
	 2.363472e-01, -2.353482e-01
	 2.276689e-01, -2.540203e-01
	 1.857401e-01, -2.701976e-01
	 1.847674e-01, -2.029536e-01
	 1.772512e-01, -2.664393e-01
	 1.655666e-01, -2.473338e-01
	-1.598290e-01, -4.188729e-01
	-1.370499e-01, -3.600018e-01
	-1.841886e-01, -3.504425e-01
	-1.843772e-01, -3.995482e-01
	-3.843463e-02, -3.805980e-01
	-4.073955e-03, -3.885161e-01
	-1.952556e-03, -4.274557e-01
	-4.945826e-02, -3.862157e-01
	-4.803491e-02, -4.382197e-01
	 2.858798e-02, -4.705680e-01
	 2.913828e-02, -4.330952e-01
	 3.780852e-01,  4.261954e-01
	 3.720275e-01,  3.756091e-01
	 2.335634e-01,  3.652044e-01
	 2.129281e-01,  3.596021e-01
	 1.958905e-01,  3.692065e-01
	 1.884494e-01,  4.109058e-01
	 2.017973e-01,  4.279352e-01
	 6.323973e-02,  3.758790e-01
	 5.269234e-02,  3.681210e-01
	 6.943151e-02,  4.145059e-01
	 1.838720e-02,  4.289492e-01
	 2.701919e-02,  4.352663e-01
	 1.342739e-02,  3.735767e-01
	 5.272294e-02,  4.370479e-01
	 2.941099e-01,  1.709980e-01
	 2.771337e-01,  1.908551e-01
	 3.157463e-01,  1.701432e-01
	 5.781305e-02,  2.370702e-01
	 2.560930e-01,  1.931320e-01
	 9.584682e-02,  9.658127e-03
	 1.203837e-01,  2.226176e-02
	 6.099531e-02,  2.976668e-02
	 7.444578e-02,  7.844042e-02
	 1.132003e-01,  5.872901e-02
	 2.744346e-01,  5.000000e-01
	 2.925729e-01,  5.000000e-01
	-2.155676e-01, -3.197974e-01
	-1.970196e-01, -2.699965e-01
	-2.557970e-01, -3.087461e-01
	-2.189138e-01, -2.500960e-01
	-7.773650e-02, -3.782809e-01
	 1.754544e-01,  4.615339e-01
	 3.018780e-01, -1.896298e-01
	 3.132789e-01, -2.175111e-01
	 2.877899e-01, -2.533612e-01
	 2.745415e-01, -1.816793e-01
	 2.545418e-01, -2.311255e-01
	 2.678332e-01, -1.852699e-01
	-2.336055e-01,  9.024661e-02
	-2.697242e-01,  5.000531e-02
	-2.340166e-01,  9.290289e-02
	-2.994955e-01,  7.945325e-02
	 2.119936e-01, -5.000000e-01
	 1.876650e-01, -4.562031e-01
	-3.271375e-01, -4.533801e-01
	 3.460901e-01,  5.000000e-01
	 3.904440e-02, -4.237915e-01
	 7.942049e-02, -4.299415e-01
	 3.168725e-02, -3.827086e-01
	 6.776873e-02, -3.758665e-01
	 9.018827e-02, -4.015618e-01
	 2.747384e-01,  3.309955e-01
	 1.752731e-01,  2.595951e-01
	 1.872468e-01,  2.669312e-01
	 2.802775e-01, -4.412354e-01
	 2.447784e-01, -4.508657e-01
	 2.833915e-01, -4.079758e-01
	 2.505889e-01, -3.927673e-01
	 2.237860e-01, -4.282714e-01
	-2.060355e-01,  3.945419e-01
	-1.739353e-01,  4.494045e-01
	-3.989906e-01, -4.131353e-01
	-4.318932e-01, -4.432555e-01
	-4.317053e-01, -4.622781e-01
	 2.755536e-01, -1.277264e-01
	 2.473310e-01, -1.202433e-01
	-2.323224e-01, -7.790422e-03
	-1.931708e-01, -6.278551e-02
	-7.761194e-02,  4.644054e-01
	-4.809162e-02,  4.421019e-01
	 1.484157e-01,  2.623502e-01
	 1.977687e-01,  3.118961e-01
	 2.382830e-01, -4.270207e-02
	 2.130715e-01, -3.982356e-02
	 2.612859e-01, -3.915984e-03
	 1.972530e-01, -1.527725e-02
	 1.998841e-02, -3.764962e-01
	 1.795199e-02, -3.392113e-01
	-1.511919e-01, -3.081456e-01
	-1.868694e-01, -3.466435e-01
	 4.056568e-01,  5.000000e-01
	 4.061816e-01,  4.883283e-01
	-5.000000e-01,  2.940855e-01
	-4.596117e-01,  2.970959e-01
	-5.000000e-01,  3.555727e-01
	-4.516302e-01,  3.167094e-01
	-3.175569e-01, -2.154115e-01
	 5.000000e-01,  1.479247e-01
	 4.408686e-01,  1.574409e-01
	 5.000000e-01,  1.945844e-01
	 4.778894e-01,  1.992983e-01
	 4.415836e-01,  1.703290e-01
	-3.127189e-01, -3.828978e-01
	-4.146488e-01, -9.087445e-02
	-3.991081e-01, -1.049165e-01
	-4.106553e-01, -1.500155e-01
	 5.000000e-01,  3.437374e-02
	 5.000000e-01,  9.661839e-02
	-3.435048e-01,  1.030896e-01
	-3.543574e-01,  1.573228e-01
	-2.302529e-01,  3.120689e-01
	-2.292669e-01,  3.482636e-01
	-3.612595e-01, -9.408462e-02
	-3.589118e-01, -7.428515e-02
	-4.117726e-01, -6.019211e-02
	-3.900578e-01, -4.937909e-02
	-3.066455e-01,  8.311578e-03
	-2.678602e-01,  3.309162e-02
	-3.906389e-02, -1.683283e-01
	-3.549841e-02, -1.004089e-01
	-1.561813e-02, -1.096048e-01
	-1.243080e-02, -1.145362e-01
	-7.175997e-02,  2.530464e-01
	-7.987065e-02,  3.107049e-01
	-1.199377e-01,  2.990601e-01
	-8.382424e-02,  3.130263e-01
	-1.287341e-01,  2.660427e-01
	 7.688366e-03,  4.830521e-01
	 1.707283e-02,  5.000000e-01
	 5.265832e-02,  5.000000e-01
	 6.291299e-02,  4.537112e-01
	 1.962433e-01, -6.512191e-02
	 2.171162e-01, -1.065933e-01
	 2.390648e-01, -1.105806e-01
	 2.528263e-01, -5.657089e-02
	 4.115983e-01,  3.663457e-01
	 4.203656e-01,  3.417207e-01
	 3.824731e-01,  3.198440e-01
	-1.266998e-01, -5.399704e-02
	-1.731924e-01, -4.696695e-02
	-3.450344e-02,  4.436709e-01
	-2.403734e-02,  4.773930e-01
	-7.217505e-02,  5.000000e-01
	-4.036144e-02,  5.000000e-01
	 3.855802e-02, -1.464852e-02
	 3.944968e-02, -1.538437e-02
	 4.651092e-02,  2.353510e-02
	 8.757270e-02, -1.075886e-02
	-1.789628e-02,  4.286748e-01
	-2.961127e-02,  3.950888e-01
	 1.991823e-03,  3.661425e-01
	 3.030770e-02, -5.000000e-01
	 3.058825e-02, -4.726906e-01
	 1.007818e-01, -4.372143e-02
	 9.465190e-02, -6.035769e-02
	 8.581794e-02, -6.605018e-02
	 5.070954e-02, -5.735999e-02
	-1.372520e-02,  1.666771e-01
	 1.450812e-02,  1.624223e-01
	 4.136185e-02,  1.284138e-01
	 3.061311e-01, -3.505974e-01
	 2.512403e-01, -3.632982e-01
	 2.577357e-01, -3.103248e-01
	 3.005168e-01, -3.259813e-01
	 3.435637e-01, -4.181416e-01
	 3.048895e-01, -3.985381e-01
	 3.024215e-01, -4.653478e-01
	 9.744941e-02, -2.706908e-01
	 1.249862e-01, -2.397484e-01
	 1.251675e-01, -3.061579e-01
	 1.416767e-01, -3.090007e-01
	-3.417416e-01,  4.010319e-02
	-3.203271e-01,  7.371127e-02
	 5.153227e-03, -2.223094e-01
	-2.252187e-02, -2.298104e-01
	 1.802329e-02, -2.012426e-01
	-3.656291e-02, -1.727505e-01
	-4.430068e-02, -2.028612e-01
	 1.249733e-02, -1.867444e-01
	 2.516152e-01,  2.958004e-01
	-5.000000e-01,  5.000000e-01
	-5.000000e-01,  4.242339e-01
	 1.674322e-01, -1.320297e-01
	 1.471744e-01, -1.042665e-01
	-1.607357e-01,  2.595376e-01
	 3.895678e-01, -2.335355e-01
	-4.143950e-01, -3.825910e-01
	-8.444168e-02, -2.148114e-01
	-8.620519e-02, -2.211677e-01
	-1.539166e-01, -2.139743e-01
	-1.430932e-01, -2.412478e-01
	 4.681328e-01, -3.556369e-01
	-1.079608e-01, -4.586619e-01
	-1.063492e-01, -4.396946e-01
	-2.089806e-01, -2.046565e-01
	 1.323505e-01,  1.804298e-02
	 1.457112e-01, -3.147688e-02
	 1.508261e-01, -2.101847e-02
	 2.815721e-01, -5.000000e-01
	 2.430122e-01, -5.000000e-01
	-1.302578e-01, -4.802804e-01
	-1.308220e-01, -5.000000e-01
	-3.597847e-01, -2.035742e-01
	-3.581099e-01, -1.606603e-01
	 1.363177e-01, -3.795369e-01
	 1.332873e-01, -3.894519e-01
	 9.387772e-02, -3.397203e-01
	 8.265891e-02, -3.403373e-01
	-3.455171e-01,  2.185412e-01
	-3.654218e-01,  1.779918e-01
	-3.516546e-01,  2.348788e-01
	-3.587039e-01,  2.387725e-01
	-4.032321e-01,  1.852576e-01
	 2.155593e-02, -1.592600e-01
	-2.850986e-03, -1.186255e-01
	 5.000000e-01, -3.016538e-01
	 5.000000e-01, -2.380922e-01
	-4.799648e-01, -1.510115e-01
	-5.000000e-01, -1.559030e-01
	-1.377939e-02,  3.176303e-02
	 9.363186e-03,  4.863541e-02
	-3.042480e-01,  1.929174e-01
	 3.827782e-01, -5.000000e-01
	 3.410569e-01, -5.000000e-01
	-3.717563e-01, -2.153771e-01
	-4.044366e-01, -2.151461e-01
	 1.951782e-01, -4.261647e-01
	 1.447026e-01, -4.133396e-01
	 1.951891e-01, -3.809733e-01
	 1.558459e-01, -3.630041e-01
	-2.059993e-01, -3.393540e-01
	-2.453671e-01, -3.702947e-01
	-2.760483e-01, -3.381965e-01
	-4.473013e-01,  3.894621e-01
	-2.597622e-01,  3.050018e-01
	-2.787385e-01,  3.212890e-01
	-3.163188e-01,  2.992675e-01
	-3.164075e-01,  2.990593e-01
	 1.575512e-01, -7.415921e-02
	-1.690878e-01,  8.748458e-02
	-2.005162e-01,  5.915729e-02
	 7.603216e-02,  1.667342e-01
	 4.367496e-02,  1.817901e-01
	 3.691515e-02,  2.185783e-01
	-1.690570e-01,  1.119625e-01
	 2.007875e-01,  5.000000e-01
	 4.736659e-01, -5.204957e-02
	 5.000000e-01, -5.152663e-02
	 5.000000e-01, -1.433765e-02
	-4.192683e-01,  1.442444e-01
	-4.437998e-01,  1.463369e-01
	-4.560988e-01,  1.868453e-01
	-4.140186e-01, -2.527502e-01
	-3.683659e-01, -2.701265e-01
	-3.875227e-01, -3.074873e-01
	-4.726243e-01, -4.745214e-01
	-4.896887e-01, -4.601786e-01
	 2.003983e-01,  3.135460e-01
	 1.049667e-01,  3.609199e-01
	 1.217010e-02, -1.643838e-02
	 3.165851e-01, -2.972089e-01
	 3.066549e-01, -2.721763e-01
	 3.453242e-01, -2.513820e-01
	 1.476272e-01, -8.854199e-02
	-2.963190e-01, -3.392178e-01
	-3.173763e-01, -3.172667e-01
	-3.273416e-01, -3.162354e-01
	-3.610639e-01, -3.575458e-01
	-3.556733e-01, -3.350351e-01
	-3.298122e-01,  3.609092e-01
	-3.331458e-01,  3.610661e-01
	-4.486278e-01, -4.350227e-02
	-4.456854e-01, -1.701857e-02
	-5.000000e-01,  3.643334e-01
	-1.203923e-01,  1.467884e-03
	 2.026185e-01,  5.000000e-01
	 2.901673e-01, -2.626198e-01
	 3.495776e-01, -2.280491e-01
	 5.000000e-01, -3.653428e-01
	 1.981705e-01, -4.296106e-01
	 2.230325e-01, -3.648629e-01
	 2.446686e-01, -3.707944e-01
	-4.447274e-01,  4.694677e-02
	-4.504954e-01,  8.295447e-02
	-4.083370e-01, -3.669248e-01
	 2.523436e-01, -3.015901e-01
	 2.030675e-01, -3.127664e-01
	 1.995284e-01, -3.199553e-01
	 5.000000e-01,  3.774696e-01
	 4.727543e-01,  3.778800e-01
	 2.543997e-01, -2.925331e-01
	-1.478987e-02,  2.089028e-01
	-5.264968e-03,  2.226654e-01
	-4.116057e-01,  3.514686e-02
	-3.854425e-01,  5.270333e-02
	 3.783656e-01,  2.009886e-01
	 4.150079e-01,  2.085623e-01
	 3.714139e-01,  2.647625e-01
	 3.898737e-01,  2.747025e-01
	 4.271992e-01,  2.324159e-01
	 3.977662e-01,  2.728885e-01
	-2.003067e-01,  1.273293e-01
	 7.035284e-02,  8.672556e-02
	 3.964637e-01, -1.163543e-01
	 3.680286e-01, -1.407212e-01
	 4.570533e-01,  2.391476e-01
	 1.049351e-01,  1.173319e-01
	 1.061537e-01,  1.430801e-01
	 4.325301e-01,  1.471008e-01
	 3.068072e-01, -3.512550e-01
	-1.425260e-01,  5.000000e-01
	-5.000000e-01, -4.608996e-01
	-3.277809e-01,  5.000000e-01
	-3.277717e-01,  4.993658e-01
	-4.639037e-01, -2.099357e-01
	-5.000000e-01, -2.132726e-01
	-3.744255e-01, -1.391198e-02
	-3.620565e-01,  3.816172e-02
	 7.697891e-02,  1.637752e-01
	 4.464678e-01,  3.280337e-01
	 4.471551e-01,  2.978539e-01
	 4.373833e-01, -5.000000e-01
	 6.155896e-02, -2.077378e-01
	 1.008581e-02, -6.928151e-02
	-6.803317e-03, -3.611031e-02
	 5.000000e-01,  3.293400e-01
	 4.586795e-01,  3.363584e-01
	-3.628684e-01, -2.673391e-01
	-3.566174e-01, -2.688239e-01
	-3.019473e-01,  4.665465e-01
	 3.654174e-02, -7.097929e-02
	 4.459083e-02, -1.096664e-01
	-1.325770e-01,  5.000000e-01
	-1.723474e-01, -2.697626e-01
	 4.544675e-01, -7.708246e-02
	-5.000000e-01,  2.374496e-01
	 4.529203e-01,  5.000000e-01
	 3.703521e-01, -1.796156e-01
	 3.990142e-01, -1.178985e-01
	 5.000000e-01, -4.672661e-01
	 5.000000e-01, -3.945546e-01
	 3.524171e-01, -2.260638e-01
	 3.277745e-01, -1.681735e-01
	 3.630504e-01, -1.837919e-01
	-3.849812e-01, -1.968568e-02
	-4.177059e-01, -3.288953e-03
	-5.000000e-01,  1.837338e-01
	-4.735233e-01, -5.000000e-01
	 5.000000e-01,  5.000000e-01
	 1.638742e-01,  3.626479e-01
	 1.620482e-01, -3.342796e-01
	-5.000000e-01, -5.000000e-01
	-1.436007e-01, -2.433219e-01
	 1.771145e-01, -1.347183e-01
	 5.000000e-01, -5.000000e-01
Mesh Facets: 1255
	30, 32
	50, 51
	52, 54
	85, 90
	121, 119
	93, 94
	47, 41
	133, 131
	115, 113
	153, 154
	79, 77
	62, 65
	11, 12
	100, 99
	69, 67
	164, 163
	75, 74
	86, 84
	63, 64
	83, 82
	176, 100
	100, 98
	107, 108
	236, 234
	207, 206
	157, 156
	56, 57
	120, 122
	232, 233
	101, 97
	258, 259
	64, 201
	65, 64
	170, 65
	295, 296
	161, 160
	40, 37
	121, 122
	306, 121
	122, 256
	88, 87
	314, 312
	168, 169
	257, 258
	258, 266
	322, 324
	274, 272
	220, 221
	268, 267
	111, 110
	284, 283
	200, 198
	73, 71
	340, 71
	71, 72
	355, 356
	358, 153
	153, 151
	238, 237
	177, 179
	208, 209
	85, 84
	93, 85
	125, 93
	196, 84
	17, 16
	371, 370
	376, 374
	382, 381
	331, 330
	393, 395
	341, 73
	74, 73
	125, 196
	125, 123
	196, 74
	254, 255
	359, 238
	238, 235
	337, 338
	270, 271
	320, 319
	134, 135
	175, 12
	12, 9
	37, 304
	37, 36
	249, 250
	282, 280
	458, 459
	23, 22
	4, 6
	97, 96
	97, 260
	128, 130
	142, 141
	193, 195
	353, 352
	354, 353
	353, 488
	304, 447
	366, 363
	305, 304
	438, 436
	248, 247
	29, 27
	104, 105
	128, 471
	127, 128
	331, 384
	329, 331
	449, 448
	440, 439
	517, 518
	365, 367
	347, 346
	194, 195
	302, 301
	195, 483
	499, 498
	460, 23
	24, 23
	66, 68
	535, 393
	393, 394
	405, 404
	277, 273
	55, 53
	518, 538
	518, 367
	367, 364
	36, 35
	446, 36
	438, 495
	438, 441
	449, 384
	449, 450
	385, 384
	174, 11
	373, 372
	10, 11
	34, 33
	408, 409
	528, 530
	140, 144
	86, 89
	197, 86
	9, 7
	445, 9
	472, 474
	545, 546
	230, 229
	487, 486
	191, 190
	302, 483
	300, 302
	483, 484
	538, 573
	364, 538
	362, 364
	575, 577
	95, 94
	126, 94
	351, 350
	582, 580
	277, 275
	277, 404
	404, 406
	294, 298
	184, 182
	167, 168
	590, 589
	168, 316
	185, 186
	416, 414
	219, 218
	173, 171
	586, 587
	559, 89
	88, 309
	427, 428
	89, 88
	342, 344
	391, 392
	611, 612
	504, 506
	489, 486
	160, 164
	160, 301
	164, 191
	191, 486
	523, 301
	566, 565
	305, 494
	303, 305
	76, 75
	197, 560
	197, 75
	625, 626
	561, 562
	514, 512
	445, 562
	445, 444
	562, 623
	5, 3
	377, 373
	373, 552
	47, 45
	501, 505
	129, 47
	395, 398
	395, 634
	628, 630
	221, 222
	221, 327
	465, 466
	549, 547
	481, 480
	600, 599
	532, 534
	246, 250
	39, 35
	451, 250
	544, 35
	54, 55
	54, 30
	537, 55
	30, 31
	134, 435
	134, 133
	664, 663
	663, 133
	113, 138
	113, 114
	205, 203
	609, 392
	392, 390
	169, 170
	317, 169
	319, 321
	270, 319
	149, 150
	170, 270
	413, 410
	453, 452
	379, 378
	555, 554
	340, 343
	340, 339
	90, 91
	90, 87
	596, 595
	87, 311
	283, 332
	283, 282
	282, 456
	352, 357
	490, 352
	123, 124
	123, 341
	341, 339
	339, 672
	512, 513
	630, 512
	636, 630
	681, 682
	548, 547
	547, 649
	357, 356
	357, 675
	356, 684
	200, 335
	425, 271
	271, 201
	200, 201
	95, 579
	92, 95
	543, 542
	215, 212
	368, 179
	179, 99
	99, 101
	101, 262
	661, 659
	601, 604
	699, 698
	455, 454
	293, 295
	701, 295
	470, 96
	98, 220
	98, 96
	220, 326
	624, 626
	626, 611
	611, 610
	458, 457
	612, 458
	612, 613
	70, 69
	187, 69
	159, 158
	705, 706
	463, 461
	685, 686
	182, 588
	182, 180
	172, 175
	175, 442
	608, 607
	347, 522
	347, 351
	351, 126
	126, 124
	124, 677
	485, 482
	278, 274
	325, 274
	688, 687
	521, 519
	290, 292
	434, 433
	61, 60
	334, 284
	285, 284
	465, 647
	464, 465
	80, 81
	680, 679
	568, 566
	566, 614
	264, 263
	430, 431
	104, 510
	104, 103
	542, 541
	542, 690
	227, 226
	569, 570
	262, 263
	368, 262
	369, 368
	263, 722
	184, 294
	184, 183
	293, 294
	700, 293
	524, 460
	460, 459
	459, 728
	166, 165
	731, 730
	695, 215
	215, 214
	493, 363
	363, 362
	362, 574
	361, 359
	421, 359
	18, 13
	402, 403
	334, 333
	464, 334
	462, 464
	177, 209
	209, 205
	205, 390
	390, 388
	178, 177
	556, 555
	383, 379
	379, 555
	544, 662
	495, 544
	495, 496
	501, 500
	129, 501
	130, 129
	475, 130
	702, 703
	629, 627
	281, 279
	721, 679
	636, 679
	637, 636
	585, 406
	406, 407
	490, 676
	490, 489
	523, 489
	194, 192
	194, 523
	6, 1
	468, 6
	291, 288
	297, 296
	314, 315
	296, 314
	59, 60
	577, 756
	716, 60
	578, 577
	621, 622
	242, 243
	429, 432
	499, 524
	499, 436
	524, 728
	728, 758
	436, 437
	527, 526
	745, 744
	608, 606
	608, 442
	443, 442
	44, 46
	698, 761
	455, 456
	455, 698
	674, 456
	593, 594
	0, 2
	717, 718
	659, 601
	659, 660
	343, 342
	343, 670
	601, 342
	694, 212
	210, 212
	252, 253
	567, 229
	233, 257
	233, 229
	320, 426
	257, 320
	493, 421
	493, 494
	494, 618
	421, 420
	242, 757
	241, 242
	261, 260
	260, 469
	551, 550
	709, 711
	313, 312
	358, 151
	151, 152
	312, 358
	276, 275
	747, 585
	714, 715
	585, 275
	751, 750
	13, 737
	14, 13
	764, 763
	645, 644
	457, 22
	457, 613
	22, 20
	613, 506
	502, 506
	588, 686
	588, 587
	587, 595
	595, 91
	91, 92
	686, 92
	234, 771
	235, 234
	235, 419
	477, 478
	768, 769
	641, 640
	726, 725
	765, 766
	415, 418
	78, 77
	693, 691
	158, 704
	158, 77
	26, 28
	692, 695
	732, 695
	416, 592
	416, 417
	437, 439
	437, 758
	758, 517
	517, 439
	756, 716
	756, 664
	664, 435
	435, 434
	434, 716
	616, 617
	336, 337
	557, 558
	424, 337
	722, 723
	722, 727
	531, 533
	219, 171
	171, 172
	172, 607
	609, 667
	609, 607
	219, 216
	150, 321
	145, 150
	266, 321
	266, 265
	682, 548
	682, 535
	536, 535
	548, 551
	551, 762
	251, 56
	56, 58
	753, 752
	719, 720
	385, 387
	385, 545
	545, 563
	102, 106
	514, 629
	629, 703
	328, 326
	703, 326
	514, 515
	80, 720
	80, 78
	720, 251
	253, 694
	253, 251
	78, 693
	693, 694
	463, 706
	466, 463
	649, 466
	681, 649
	706, 681
	198, 199
	338, 198
	422, 338
	584, 583
	779, 782
	110, 112
	330, 386
	330, 110
	316, 590
	316, 318
	580, 581
	580, 590
	680, 678
	680, 568
	231, 230
	568, 230
	644, 643
	648, 549
	549, 550
	550, 764
	644, 764
	374, 793
	374, 372
	553, 372
	382, 383
	794, 382
	383, 739
	131, 795
	132, 131
	287, 289
	17, 370
	17, 19
	370, 798
	622, 560
	622, 429
	427, 559
	427, 429
	560, 559
	447, 446
	447, 366
	440, 365
	440, 441
	365, 366
	441, 446
	727, 784
	206, 208
	245, 206
	369, 727
	369, 208
	309, 599
	309, 310
	654, 599
	785, 328
	790, 789
	642, 327
	328, 327
	619, 620
	783, 781
	401, 403
	462, 403
	461, 462
	705, 461
	804, 705
	602, 344
	244, 240
	344, 345
	115, 136
	115, 118
	696, 661
	658, 661
	780, 781
	38, 40
	303, 620
	40, 303
	620, 781
	603, 602
	240, 239
	602, 240
	50, 48
	808, 50
	803, 802
	737, 736
	749, 751
	737, 751
	468, 288
	288, 287
	287, 796
	467, 468
	638, 639
	117, 116
	625, 561
	815, 625
	7, 8
	561, 7
	586, 597
	586, 298
	297, 754
	298, 297
	433, 135
	433, 290
	289, 290
	135, 132
	132, 289
	504, 503
	610, 504
	624, 610
	624, 623
	623, 631
	145, 265
	146, 145
	509, 507
	269, 265
	15, 16
	371, 16
	381, 371
	380, 381
	647, 648
	285, 647
	286, 285
	648, 792
	520, 519
	571, 572
	519, 713
	397, 398
	398, 635
	491, 492
	539, 540
	248, 508
	249, 248
	249, 448
	511, 448
	718, 719
	718, 0
	752, 1
	719, 752
	1, 0
	533, 68
	68, 70
	70, 159
	159, 157
	784, 245
	784, 533
	245, 157
	655, 654
	414, 415
	414, 591
	777, 415
	654, 800
	222, 176
	640, 222
	178, 388
	388, 389
	774, 640
	176, 178
	53, 273
	52, 53
	324, 272
	324, 52
	272, 273
	704, 187
	704, 691
	691, 692
	186, 592
	186, 187
	592, 692
	731, 165
	589, 731
	167, 589
	165, 167
	218, 593
	218, 82
	717, 593
	81, 717
	82, 81
	306, 308
	730, 306
	729, 730
	211, 213
	575, 576
	818, 575
	409, 405
	34, 409
	405, 537
	31, 34
	537, 31
	811, 810
	707, 685
	579, 350
	685, 579
	349, 350
	360, 361
	573, 574
	573, 819
	361, 574
	762, 536
	709, 762
	710, 709
	536, 394
	394, 396
	591, 655
	591, 185
	534, 655
	534, 66
	185, 67
	67, 66
	174, 173
	173, 594
	5, 2
	5, 552
	594, 2
	552, 174
	411, 412
	787, 786
	628, 639
	639, 813
	742, 627
	807, 806
	627, 628
	823, 822
	400, 399
	376, 375
	795, 376
	795, 796
	812, 796
	127, 510
	510, 726
	41, 42
	41, 127
	726, 775
	760, 526
	526, 525
	112, 109
	789, 785
	789, 112
	785, 515
	516, 515
	261, 757
	261, 264
	432, 431
	431, 264
	757, 432
	729, 817
	62, 166
	62, 63
	729, 166
	63, 202
	291, 753
	291, 292
	61, 292
	58, 61
	58, 753
	539, 492
	541, 539
	487, 569
	569, 541
	488, 487
	492, 488
	689, 690
	227, 228
	227, 690
	652, 650
	183, 181
	700, 183
	701, 700
	798, 701
	797, 798
	597, 754
	597, 598
	754, 755
	311, 596
	311, 310
	598, 827
	310, 799
	596, 598
	799, 827
	800, 799
	800, 777
	827, 828
	776, 777
	618, 420
	420, 419
	619, 618
	419, 772
	809, 802
	802, 619
	699, 454
	119, 699
	254, 120
	120, 119
	410, 254
	453, 410
	454, 453
	481, 651
	137, 139
	479, 481
	815, 8
	793, 815
	553, 793
	10, 8
	10, 553
	732, 417
	732, 733
	152, 155
	418, 766
	418, 417
	766, 152
	43, 46
	606, 46
	605, 606
	280, 279
	279, 745
	760, 824
	760, 745
	452, 668
	452, 280
	733, 155
	155, 154
	154, 829
	734, 733
	232, 259
	232, 108
	267, 111
	267, 259
	108, 111
	803, 48
	48, 49
	783, 803
	783, 782
	788, 782
	824, 668
	824, 826
	413, 668
	820, 411
	411, 413
	801, 642
	642, 641
	641, 725
	725, 724
	617, 565
	617, 336
	335, 336
	335, 425
	426, 425
	567, 426
	565, 567
	670, 660
	671, 670
	660, 657
	162, 163
	188, 163
	450, 546
	451, 450
	564, 546
	740, 662
	451, 662
	484, 485
	572, 484
	713, 572
	276, 714
	278, 276
	485, 278
	714, 713
	286, 792
	281, 286
	646, 643
	743, 281
	643, 792
	814, 813
	806, 813
	603, 604
	603, 806
	697, 604
	32, 33
	32, 830
	738, 556
	556, 33
	823, 399
	761, 823
	674, 761
	333, 332
	333, 402
	399, 402
	332, 674
	225, 224
	805, 658
	656, 658
	236, 237
	831, 236
	819, 360
	819, 831
	237, 360
	473, 475
	741, 475
	21, 25
	318, 791
	318, 317
	148, 149
	317, 149
	763, 711
	770, 763
	711, 712
	584, 779
	584, 581
	147, 148
	778, 779
	791, 148
	581, 791
	794, 739
	834, 794
	738, 830
	830, 834
	739, 738
	790, 386
	790, 801
	801, 724
	102, 387
	102, 103
	387, 386
	724, 103
	571, 300
	571, 816
	300, 299
	4, 467
	4, 3
	467, 812
	812, 375
	377, 3
	375, 377
	21, 741
	741, 500
	500, 502
	502, 20
	20, 21
	749, 748
	749, 811
	348, 349
	349, 811
	735, 18
	18, 19
	797, 181
	19, 797
	181, 180
	180, 708
	29, 247
	28, 29
	39, 38
	39, 246
	780, 28
	246, 247
	780, 38
	808, 809
	771, 808
	772, 771
	809, 772
	723, 430
	430, 428
	532, 531
	532, 600
	428, 600
	531, 723
	396, 710
	396, 397
	688, 543
	688, 710
	397, 540
	543, 540
	530, 140
	530, 529
	141, 140
	476, 141
	769, 770
	478, 769
	480, 478
	653, 480
	833, 770
	252, 210
	57, 252
	57, 59
	59, 578
	210, 211
	211, 576
	578, 576
	107, 231
	231, 678
	516, 109
	516, 513
	109, 107
	513, 678
	786, 199
	199, 202
	817, 202
	817, 308
	821, 786
	307, 308
	142, 479
	143, 142
	139, 138
	138, 665
	479, 139
	345, 72
	72, 76
	243, 244
	244, 345
	76, 621
	621, 243
	835, 816
	672, 673
	816, 520
	520, 522
	522, 677
	677, 672
	117, 118
	117, 814
	696, 697
	697, 814
	118, 696
	828, 755
	776, 828
	313, 765
	313, 315
	755, 315
	776, 765
	207, 156
	207, 204
	79, 83
	79, 156
	83, 217
	43, 605
	43, 42
	775, 774
	774, 389
	605, 391
	391, 389
	42, 775
	820, 826
	787, 820
	422, 423
	422, 787
	825, 826
	189, 190
	570, 190
	226, 570
	223, 226
	255, 412
	256, 255
	821, 307
	412, 821
	256, 307
	825, 525
	423, 825
	557, 424
	528, 557
	423, 424
	525, 528
	822, 837
	837, 804
	400, 822
	401, 400
	804, 401
	673, 835
	673, 671
	671, 162
	162, 161
	835, 299
	161, 299
	832, 25
	24, 25
	24, 498
	498, 497
	740, 564
	740, 496
	832, 497
	832, 473
	497, 496
	474, 473
	564, 474
	228, 225
	228, 650
	651, 650
	137, 651
	225, 805
	805, 136
	136, 137
	323, 322
	683, 684
	684, 322
	203, 667
	203, 204
	217, 216
	204, 217
	667, 216
	734, 214
	734, 829
	818, 213
	829, 818
	214, 213
	444, 632
	443, 444
	44, 443
	633, 45
	44, 45
	521, 715
	521, 346
	748, 348
	348, 346
	747, 748
	715, 747
	634, 635
	634, 355
	354, 355
	354, 491
	491, 635
	476, 529
	477, 476
	477, 773
	527, 759
	527, 529
	833, 712
	833, 653
	652, 653
	689, 652
	689, 687
	712, 687
	505, 633
	505, 503
	503, 631
	632, 633
	632, 631
	563, 106
	106, 105
	471, 472
	105, 471
	472, 563
	743, 646
	646, 645
	759, 744
	759, 773
	744, 743
	773, 768
	645, 768
	810, 707
	810, 736
	707, 708
	708, 735
	736, 735
	669, 378
	15, 14
	14, 767
	378, 380
	380, 15
	582, 583
	51, 582
	788, 49
	49, 51
	583, 788
	144, 558
	144, 143
	615, 616
	616, 558
	143, 836
	742, 807
	742, 702
	241, 469
	469, 470
	807, 239
	470, 702
	241, 239
	615, 836
	614, 615
	665, 666
	614, 721
	836, 665
	746, 721
	666, 114
	746, 666
	637, 746
	116, 638
	114, 116
	637, 638
	408, 554
	554, 669
	767, 669
	767, 750
	407, 408
	750, 407
	189, 223
	189, 188
	224, 656
	224, 223
	656, 657
	657, 188
	192, 676
	192, 193
	193, 482
	323, 325
	683, 323
	675, 683
	675, 676
	325, 482
	778, 147
	778, 26
	509, 27
	27, 26
	147, 146
	146, 509
	269, 268
	269, 507
	329, 511
	511, 508
	507, 508
	268, 329
Facet Neighbors: 1255
	-3, 5
	-2, 8
	-3, 9
	15, 16
	-2, 21
	16, 22
	7, 23
	-4, 24
	20, 25
	-1, 28
	14, 29
	11, 31
	1, 32
	17, 33
	12, 35
	30, 36
	13, 38
	15, 38
	11, 39
	14, 42
	33, 43
	17, 43
	19, 45
	-2, 46
	40, 48
	29, 48
	10, 50
	21, 51
	45, 52
	17, 53
	52, 54
	39, 55
	11, 55
	31, 55
	-1, 59
	30, 60
	6, 61
	21, 62
	-2, 62
	51, 62
	15, 63
	-1, 64
	31, 65
	52, 66
	54, 66
	-3, 67
	56, 67
	43, 68
	54, 69
	19, 69
	57, 70
	39, 71
	13, 72
	72, 73
	13, 73
	-3, 75
	-1, 76
	28, 76
	46, 77
	33, 79
	40, 79
	15, 80
	16, 80
	22, 80
	38, 80
	2, 81
	-1, 81
	-4, 82
	-1, 83
	69, 84
	-3, 86
	72, 88
	13, 88
	80, 88
	22, 88
	38, 88
	51, 90
	77, 92
	46, 92
	71, 93
	55, 94
	66, 94
	24, 96
	32, 98
	1, 98
	61, 99
	6, 99
	49, 100
	57, 101
	-4, 102
	3, 102
	0, 104
	17, 105
	53, 105
	23, 106
	26, 107
	37, 108
	75, 109
	75, 110
	109, 110
	99, 111
	78, 111
	61, 111
	97, 112
	49, 114
	4, 114
	18, 115
	106, 115
	23, 115
	84, 116
	69, 116
	100, 116
	97, 118
	-4, 118
	78, 118
	74, 119
	37, 120
	60, 120
	108, 120
	112, 121
	102, 121
	3, 121
	12, 123
	-3, 124
	86, 124
	89, 125
	56, 125
	9, 125
	-4, 126
	118, 126
	78, 126
	6, 128
	99, 128
	112, 128
	97, 128
	116, 129
	100, 129
	84, 129
	32, 131
	82, 131
	1, 131
	5, 132
	89, 132
	122, 133
	26, 133
	15, 134
	38, 134
	1, 135
	98, 135
	106, 136
	129, 136
	45, 137
	109, 138
	36, 138
	120, 139
	60, 139
	108, 139
	-4, 140
	126, 140
	78, 140
	-1, 141
	16, 142
	22, 142
	74, 142
	-2, 143
	56, 144
	125, 144
	89, 144
	59, 145
	34, 145
	31, 146
	-2, 146
	65, 146
	35, 147
	91, 147
	42, 148
	32, 148
	145, 149
	134, 150
	63, 150
	95, 150
	15, 150
	73, 151
	85, 152
	-4, 153
	113, 153
	109, 154
	30, 154
	60, 154
	36, 154
	138, 154
	120, 154
	137, 155
	111, 156
	61, 156
	13, 157
	134, 157
	38, 157
	-4, 158
	135, 158
	117, 159
	135, 160
	98, 160
	158, 160
	0, 161
	82, 161
	131, 161
	7, 162
	113, 162
	23, 162
	86, 163
	-3, 163
	159, 164
	43, 165
	68, 165
	103, 167
	130, 167
	107, 168
	150, 169
	123, 169
	49, 171
	6, 171
	100, 171
	128, 171
	9, 172
	-3, 172
	125, 172
	5, 172
	96, 173
	24, 173
	-1, 173
	-4, 173
	25, 174
	20, 174
	40, 175
	152, 175
	85, 175
	31, 176
	65, 176
	66, 176
	94, 176
	27, 176
	55, 176
	90, 177
	101, 177
	83, 178
	132, 178
	73, 179
	72, 179
	16, 180
	15, 180
	149, 180
	63, 180
	70, 181
	57, 181
	101, 181
	75, 182
	109, 182
	22, 183
	88, 183
	72, 183
	179, 183
	117, 184
	159, 184
	164, 184
	-3, 185
	130, 185
	167, 185
	75, 186
	182, 186
	-3, 186
	71, 187
	94, 187
	55, 187
	39, 187
	142, 188
	16, 188
	127, 189
	41, 190
	79, 191
	33, 191
	17, 191
	53, 191
	170, 192
	151, 192
	-2, 193
	101, 193
	59, 194
	-1, 194
	105, 195
	43, 195
	17, 195
	68, 195
	158, 196
	-4, 196
	153, 196
	102, 197
	-4, 197
	153, 197
	12, 198
	35, 198
	29, 198
	-3, 199
	103, 199
	188, 200
	145, 200
	34, 200
	32, 201
	98, 201
	152, 201
	119, 202
	74, 202
	142, 202
	22, 202
	183, 202
	108, 203
	56, 203
	67, 203
	189, 204
	119, 205
	58, 206
	96, 206
	10, 206
	70, 207
	57, 207
	167, 207
	103, 207
	14, 208
	184, 209
	137, 209
	155, 209
	53, 210
	95, 210
	115, 211
	18, 211
	127, 212
	189, 212
	44, 212
	138, 212
	53, 213
	191, 213
	79, 213
	210, 213
	145, 214
	34, 214
	59, 214
	194, 214
	121, 215
	102, 215
	-4, 215
	31, 216
	-2, 216
	190, 217
	41, 217
	111, 218
	78, 218
	140, 218
	77, 218
	92, 218
	2, 219
	87, 220
	70, 220
	207, 220
	103, 220
	79, 221
	40, 221
	175, 221
	85, 221
	33, 221
	132, 222
	83, 222
	178, 222
	171, 223
	128, 223
	112, 223
	113, 224
	162, 224
	23, 224
	106, 224
	195, 225
	159, 225
	57, 226
	209, 227
	184, 227
	164, 227
	144, 228
	89, 228
	182, 229
	109, 229
	154, 229
	37, 229
	120, 229
	0, 230
	104, 230
	58, 230
	59, 231
	64, 231
	-1, 231
	10, 232
	-1, 232
	206, 232
	141, 232
	157, 233
	47, 233
	95, 233
	121, 234
	112, 234
	215, 234
	-4, 234
	97, 234
	122, 235
	226, 235
	152, 236
	201, 236
	98, 236
	7, 236
	-2, 237
	101, 237
	193, 237
	181, 237
	148, 238
	0, 238
	208, 238
	192, 239
	170, 239
	73, 239
	179, 239
	151, 239
	190, 240
	41, 240
	50, 240
	137, 241
	52, 241
	45, 241
	94, 241
	66, 241
	218, 242
	111, 242
	156, 242
	92, 242
	233, 243
	47, 243
	53, 243
	105, 243
	130, 244
	204, 244
	64, 245
	76, 245
	28, 245
	-1, 245
	56, 246
	228, 246
	205, 246
	144, 246
	228, 247
	219, 247
	2, 247
	244, 248
	166, 248
	102, 249
	197, 249
	3, 249
	153, 249
	113, 249
	200, 250
	145, 250
	149, 250
	180, 250
	16, 250
	188, 250
	-2, 251
	46, 251
	92, 251
	107, 252
	248, 252
	165, 253
	211, 253
	245, 254
	91, 254
	14, 255
	190, 255
	198, 255
	29, 255
	4, 256
	190, 257
	217, 257
	147, 257
	91, 257
	97, 258
	234, 258
	-4, 258
	118, 258
	232, 259
	-1, 259
	173, 259
	96, 259
	206, 259
	155, 260
	71, 260
	133, 260
	93, 260
	210, 261
	213, 261
	123, 261
	148, 262
	32, 262
	201, 262
	175, 262
	152, 262
	42, 262
	176, 263
	27, 263
	66, 263
	54, 263
	185, 264
	-3, 264
	124, 264
	130, 264
	244, 264
	50, 265
	10, 265
	230, 265
	208, 265
	84, 266
	129, 266
	136, 266
	18, 266
	159, 267
	225, 267
	68, 267
	195, 267
	117, 267
	208, 268
	14, 268
	265, 268
	240, 268
	50, 268
	255, 268
	190, 268
	199, 269
	103, 269
	167, 269
	185, 269
	-3, 269
	39, 270
	71, 270
	93, 270
	143, 271
	256, 271
	19, 272
	84, 272
	69, 272
	146, 273
	65, 273
	143, 273
	-2, 273
	184, 274
	209, 274
	45, 274
	137, 274
	166, 275
	167, 275
	130, 275
	244, 275
	248, 275
	-4, 276
	82, 276
	131, 276
	83, 277
	-1, 277
	222, 277
	-4, 278
	24, 278
	58, 278
	81, 279
	2, 279
	-1, 279
	157, 280
	233, 280
	150, 280
	95, 280
	134, 280
	99, 281
	111, 281
	118, 281
	97, 281
	78, 281
	128, 281
	261, 282
	40, 282
	48, 282
	213, 282
	79, 282
	150, 283
	63, 283
	169, 283
	267, 284
	272, 284
	165, 284
	68, 284
	156, 285
	256, 285
	87, 286
	220, 286
	103, 286
	199, 286
	-3, 286
	151, 287
	47, 287
	73, 287
	25, 288
	20, 288
	192, 288
	170, 288
	256, 289
	6, 289
	156, 289
	61, 289
	285, 289
	151, 290
	47, 290
	287, 290
	8, 291
	-2, 291
	285, 291
	219, 292
	228, 292
	247, 292
	230, 293
	58, 293
	278, 293
	104, 293
	164, 294
	20, 294
	158, 295
	-4, 295
	1, 295
	135, 295
	149, 296
	145, 296
	231, 296
	59, 296
	96, 297
	206, 297
	58, 297
	24, 297
	278, 297
	113, 298
	153, 298
	196, 298
	158, 298
	160, 298
	263, 299
	27, 299
	114, 299
	54, 299
	2, 300
	81, 300
	-1, 300
	83, 300
	167, 301
	207, 301
	57, 301
	275, 301
	119, 302
	139, 302
	205, 302
	86, 303
	163, 303
	110, 303
	127, 303
	114, 304
	49, 304
	100, 304
	116, 304
	208, 305
	238, 305
	230, 305
	265, 305
	0, 305
	123, 306
	12, 306
	198, 306
	29, 306
	282, 306
	261, 306
	48, 306
	169, 307
	91, 307
	147, 307
	254, 307
	283, 307
	43, 308
	165, 308
	221, 308
	85, 308
	253, 308
	33, 308
	125, 309
	9, 309
	67, 309
	-3, 309
	56, 309
	198, 310
	255, 310
	190, 310
	147, 310
	35, 310
	257, 310
	216, 311
	-2, 311
	146, 311
	31, 311
	148, 312
	42, 312
	238, 312
	208, 312
	14, 312
	62, 313
	-2, 313
	216, 313
	41, 314
	141, 314
	-1, 314
	89, 315
	132, 315
	125, 315
	5, 315
	172, 315
	292, 316
	200, 316
	142, 316
	188, 316
	74, 316
	77, 317
	140, 317
	-4, 317
	218, 317
	264, 318
	244, 318
	204, 318
	124, 318
	86, 318
	307, 319
	147, 319
	169, 319
	123, 319
	35, 319
	12, 319
	32, 320
	148, 320
	0, 320
	161, 320
	238, 320
	131, 320
	90, 321
	270, 321
	164, 322
	294, 322
	225, 322
	290, 322
	159, 322
	-2, 323
	87, 323
	82, 324
	-4, 324
	278, 324
	293, 324
	115, 325
	211, 325
	7, 325
	23, 325
	253, 325
	235, 326
	122, 326
	19, 327
	284, 327
	272, 327
	267, 327
	117, 327
	243, 328
	53, 328
	95, 328
	210, 328
	233, 328
	313, 329
	31, 329
	11, 329
	216, 329
	39, 329
	230, 330
	58, 330
	206, 330
	10, 330
	265, 330
	303, 331
	127, 331
	138, 331
	212, 331
	109, 331
	110, 331
	189, 332
	44, 332
	212, 332
	168, 332
	34, 333
	214, 333
	194, 333
	-1, 333
	279, 333
	296, 334
	149, 334
	231, 334
	180, 335
	63, 335
	334, 335
	283, 335
	149, 335
	335, 336
	283, 336
	307, 336
	334, 336
	254, 336
	242, 337
	92, 337
	156, 337
	251, 337
	291, 337
	285, 337
	193, 338
	-2, 338
	51, 338
	21, 338
	90, 338
	177, 338
	101, 338
	168, 339
	25, 339
	107, 339
	295, 340
	-4, 340
	276, 340
	1, 340
	131, 340
	257, 341
	217, 341
	28, 341
	254, 341
	91, 341
	245, 341
	7, 342
	236, 342
	152, 342
	57, 343
	226, 343
	326, 343
	235, 343
	177, 343
	101, 343
	341, 344
	28, 344
	-1, 344
	217, 344
	52, 345
	45, 345
	69, 345
	54, 345
	19, 345
	291, 346
	8, 346
	285, 346
	256, 346
	271, 346
	343, 347
	326, 347
	177, 347
	321, 347
	90, 347
	284, 348
	165, 348
	253, 348
	211, 348
	155, 349
	260, 349
	71, 349
	187, 349
	94, 349
	241, 349
	137, 349
	239, 350
	179, 350
	170, 350
	30, 350
	36, 350
	129, 351
	100, 351
	136, 351
	223, 351
	171, 351
	108, 352
	139, 352
	302, 352
	246, 352
	56, 352
	203, 352
	205, 352
	301, 353
	57, 353
	166, 353
	226, 353
	275, 353
	294, 354
	322, 354
	151, 354
	290, 354
	192, 354
	5, 355
	-3, 355
	222, 355
	132, 355
	323, 356
	-2, 356
	237, 356
	70, 356
	220, 356
	87, 356
	181, 356
	44, 357
	288, 357
	170, 357
	46, 358
	-2, 358
	317, 358
	-4, 358
	77, 358
	106, 359
	224, 359
	3, 359
	273, 360
	65, 360
	27, 360
	176, 360
	244, 361
	248, 361
	204, 361
	271, 362
	143, 362
	27, 362
	256, 362
	360, 362
	273, 362
	277, 363
	-1, 363
	355, 363
	-3, 363
	222, 363
	272, 364
	284, 364
	348, 364
	266, 364
	18, 364
	84, 364
	211, 364
	139, 365
	302, 365
	60, 365
	104, 366
	0, 366
	293, 366
	324, 366
	161, 366
	82, 366
	359, 367
	224, 367
	113, 367
	249, 367
	3, 367
	228, 368
	292, 368
	74, 368
	316, 368
	219, 369
	2, 369
	333, 369
	279, 369
	34, 369
	200, 369
	114, 370
	4, 370
	6, 370
	171, 370
	256, 370
	49, 370
	289, 370
	291, 371
	-2, 371
	251, 371
	337, 371
	210, 372
	95, 372
	123, 372
	169, 372
	150, 372
	261, 372
	318, 373
	86, 373
	189, 373
	204, 373
	303, 373
	127, 373
	133, 374
	122, 374
	26, 374
	107, 374
	248, 375
	252, 375
	107, 375
	168, 375
	361, 375
	240, 376
	50, 376
	10, 376
	232, 376
	41, 376
	314, 376
	141, 376
	45, 377
	274, 377
	327, 377
	117, 377
	19, 377
	184, 377
	270, 378
	39, 378
	329, 378
	313, 378
	321, 378
	62, 378
	107, 379
	26, 379
	25, 379
	174, 379
	339, 379
	73, 380
	13, 380
	47, 380
	287, 380
	157, 380
	233, 380
	365, 381
	179, 381
	302, 381
	119, 381
	202, 381
	183, 381
	20, 382
	294, 382
	192, 382
	354, 382
	288, 382
	334, 383
	336, 383
	245, 383
	64, 383
	231, 383
	254, 383
	48, 384
	40, 384
	14, 384
	29, 384
	42, 384
	342, 385
	7, 385
	253, 385
	308, 385
	152, 385
	85, 385
	325, 385
	347, 386
	321, 386
	93, 386
	270, 386
	326, 386
	36, 387
	138, 387
	212, 387
	44, 387
	90, 388
	51, 388
	378, 388
	321, 388
	62, 388
	326, 389
	386, 389
	260, 389
	133, 389
	93, 389
	122, 389
	-2, 390
	-3, 390
	323, 390
	87, 390
	286, 390
	381, 391
	179, 391
	350, 391
	30, 391
	365, 391
	60, 391
	359, 392
	3, 392
	121, 392
	112, 392
	351, 393
	223, 393
	392, 393
	359, 393
	112, 393
	106, 393
	136, 393
	44, 394
	332, 394
	168, 394
	339, 394
	357, 394
	288, 394
	25, 394
	67, 395
	186, 395
	-3, 395
	175, 396
	40, 396
	42, 396
	384, 396
	262, 396
	217, 397
	344, 397
	314, 397
	-1, 397
	41, 397
	160, 398
	98, 398
	236, 398
	162, 398
	7, 398
	205, 399
	119, 399
	368, 399
	74, 399
	228, 399
	246, 399
	163, 400
	-3, 400
	75, 400
	110, 400
	303, 400
	374, 401
	107, 401
	252, 401
	235, 401
	122, 401
	361, 402
	375, 402
	168, 402
	332, 402
	189, 402
	204, 402
	162, 403
	113, 403
	298, 403
	398, 403
	160, 403
	266, 404
	18, 404
	106, 404
	115, 404
	136, 404
	353, 405
	166, 405
	235, 405
	401, 405
	226, 405
	252, 405
	248, 405
	316, 406
	292, 406
	200, 406
	369, 406
	219, 406
	178, 407
	2, 407
	247, 407
	83, 407
	300, 407
	143, 408
	-2, 408
	346, 408
	8, 408
	271, 408
	133, 409
	26, 409
	155, 409
	260, 409
	379, 409
	322, 410
	225, 410
	243, 410
	105, 410
	290, 410
	195, 410
	47, 410
	409, 411
	155, 411
	174, 411
	209, 411
	379, 411
	227, 411
	174, 412
	411, 412
	227, 412
	294, 412
	20, 412
	164, 412
	132, 413
	178, 413
	407, 413
	247, 413
	89, 413
	228, 413
	387, 414
	36, 414
	357, 414
	44, 414
	170, 414
	350, 414
	229, 415
	37, 415
	108, 415
	67, 415
	395, 415
	186, 415
	182, 415
	203, 415
	362, 416
	256, 416
	114, 416
	4, 416
	27, 416
	299, 416
	54, 417
	299, 417
	116, 417
	304, 417
	114, 417
	69, 417
Mesh Regions: 418
	91, 204, 392, 421, 679, 751, 967
	12, 84, 140, 147, 636, 842
	65, 359, 456, 575, 656, 982, 1190
	90, 121, 461, 937, 976, 1110
	105, 483, 988, 1246
	0, 141, 227, 727, 916
	36, 86, 131, 221, 615, 989
	6, 207, 415, 770, 850, 1072, 1144
	1, 622, 869, 1197
	2, 127, 224, 699
	26, 322, 398, 520, 793, 1021
	11, 18, 32, 787
	14, 122, 299, 681, 748
	16, 52, 54, 72, 195, 1044
	10, 19, 327, 479, 533, 717, 1068
	3, 17, 40, 61, 145, 181, 250
	3, 5, 62, 161, 249, 276, 468
	13, 21, 29, 92, 281, 291
	106, 334, 526, 960, 1173
	22, 49, 549, 775, 867, 1030
	8, 233, 611, 633, 1055, 1221
	4, 27, 37, 832
	5, 63, 74, 162, 258, 313
	6, 94, 108, 209, 377, 771
	7, 82, 229, 572, 645
	8, 232, 610, 837, 1040, 1126
	95, 144, 1012, 1039, 1200
	241, 511, 653, 940, 947, 1247
	9, 57, 448, 846, 860
	10, 25, 301, 482, 683, 1069
	15, 35, 187, 892, 1106
	11, 33, 42, 170, 237, 350, 712, 786
	12, 83, 138, 176, 307, 505, 749
	13, 20, 59, 280, 368, 697
	169, 306, 344, 805, 985
	14, 173, 300, 707, 747
	15, 153, 189, 893, 1083, 1230
	96, 116, 390, 1236
	16, 17, 64, 75, 146, 197
	18, 31, 51, 274, 544, 789, 1033
	24, 60, 234, 365, 589, 1067, 1131
	278, 353, 429, 721, 1023, 1139
	19, 175, 509, 714, 1070, 1132
	20, 21, 47, 213, 290, 692
	337, 802, 927, 1086, 1120, 1232
	22, 28, 151, 433, 558, 864, 1026
	23, 58, 78, 471, 930
	403, 441, 608, 620, 1045, 1210
	24, 25, 590, 686, 1066
	87, 104, 220, 672, 992
	26, 430, 519, 536, 1020
	27, 39, 76, 831, 1088
	28, 30, 43, 432, 863
	29, 93, 282, 331, 339, 442, 781
	30, 44, 48, 513, 655, 866, 1249
	31, 32, 33, 80, 242, 273
	46, 126, 165, 316, 450, 702, 903
	50, 88, 254, 324, 381, 662, 853, 907
	320, 394, 573, 629, 644, 791
	34, 168, 287, 345, 395, 641
	35, 117, 155, 188, 965, 1108
	36, 85, 102, 194, 617
	37, 38, 39, 718, 1037, 1091
	40, 179, 252, 594, 814
	41, 396, 446, 1063
	42, 172, 238, 553, 939
	43, 44, 81, 239, 435, 512
	45, 46, 317, 700, 1127, 1238
	47, 214, 292, 529, 599
	48, 49, 69, 110, 551, 865, 1254
	50, 253, 323, 361, 923
	51, 79, 271, 498, 545, 884
	52, 53, 71, 248, 260
	53, 54, 182, 247, 425, 609, 1043
	115, 163, 311, 733, 979, 1148
	55, 97, 98, 256, 268, 1153
	56, 57, 447
	58, 77, 357, 734, 934
	101, 114, 130, 159, 355, 586
	59, 60, 279, 341, 364, 592
	61, 62, 63, 64, 73
	65, 66, 574, 657
	67, 139, 205, 566, 764, 971
	68, 245, 370, 568, 659, 1192
	69, 109, 137, 523, 550, 961
	183, 236, 367, 695, 1076
	70, 124, 210, 667, 742, 1005
	360, 602, 763, 925, 1101
	71, 72, 73, 74, 75, 259
	125, 142, 167, 386, 724, 1227
	76, 243, 755, 833, 877, 1087
	174, 478, 487, 688, 848
	77, 78, 358, 439, 472, 824
	79, 500, 546, 1080, 1096
	80, 81, 240, 272, 434, 886
	180, 332, 404, 580, 782, 999
	82, 228, 321, 495, 642
	103, 112, 134, 409, 488, 585
	83, 84, 148, 202, 308, 414, 1141
	85, 86, 100, 132, 582
	87, 111, 136, 222, 673, 895
	88, 244, 255, 286, 417, 835, 858
	89, 90, 120, 296, 348, 459
	215, 303, 326, 363, 540, 604
	91, 393, 631, 966
	92, 93, 289, 443, 1207
	94, 107, 149, 378, 935, 1118, 1174
	95, 217, 473, 838, 1013, 1016, 1038, 1157
	96, 118, 156, 315, 899, 1237
	97, 99, 152, 186, 257, 388, 799
	98, 99, 669, 800, 1154
	100, 101, 102, 193, 354, 437, 583
	103, 119, 133, 374, 406, 1112, 1117
	185, 208, 375, 463, 647, 974, 1168
	104, 105, 654, 671, 987, 1245, 1253
	106, 107, 108, 333, 768, 1175
	109, 110, 111, 135, 674, 1251
	200, 262, 531, 779, 1029
	112, 113, 114, 129, 491, 584
	115, 310, 319, 664, 1052, 1146
	116, 117, 118, 154, 191, 391
	119, 120, 121, 347, 405, 1111
	143, 410, 774, 1011, 1097, 1160
	122, 219, 503, 680, 746, 1000
	123, 124, 516, 741
	125, 126, 127, 166, 226, 698, 726
	128, 129, 130, 158
	277, 335, 670, 796, 1009
	131, 132, 133, 134, 223, 373, 587
	135, 136, 137, 150, 524, 894
	216, 266, 444, 517, 562
	138, 139, 140, 206, 567, 754, 843
	141, 142, 246, 369, 725, 919, 1223
	143, 144, 499, 1010, 1095, 1199
	145, 146, 178, 196, 581
	147, 148, 199, 201, 637
	149, 150, 525, 896, 1119, 1176
	151, 192, 329, 431, 559, 888
	152, 153, 190, 338, 797, 1084
	154, 155, 156, 665, 900, 963
	157, 158, 159, 356, 735
	160, 401, 722, 1025
	161, 162, 163, 275, 312, 731
	164, 547, 554, 946, 1194
	165, 166, 167, 385, 453
	168, 169, 177, 305, 343, 465, 639
	170, 171, 172, 552, 711
	173, 174, 486, 689, 706, 744
	175, 176, 420, 504, 713, 750
	177, 251, 466, 638, 811, 817
	178, 179, 180, 181, 218, 579, 593, 1002
	182, 284, 427, 607, 619, 913
	183, 235, 309, 412, 508, 852, 1075
	184, 185, 295, 298, 462, 648
	186, 187, 188, 189, 190, 191, 389
	192, 330, 497, 882, 1201, 1212
	193, 194, 438, 600, 616, 825
	195, 196, 197, 402, 577, 1047
	198, 199, 203, 293, 634, 650
	200, 212, 263, 380, 527, 761
	201, 202, 203, 651, 1140, 1171
	204, 205, 206, 752, 970
	207, 208, 209, 376, 1143, 1167
	210, 211, 668, 1151
	212, 264, 384, 632, 757, 1222
	213, 214, 475, 598, 693, 879
	458, 560, 908, 1178
	215, 216, 267, 325, 541, 561, 660
	217, 804, 836, 1017, 1122, 1163
	218, 219, 595, 687, 745, 1001
	283, 424, 613, 891, 929, 1233
	220, 221, 222, 223, 372, 898, 990
	224, 225, 226, 227, 728
	228, 229, 230, 231, 494
	232, 233, 1041, 1213, 1217
	234, 235, 236, 366, 507, 1130
	237, 238, 239, 240, 241, 242, 510, 941
	243, 244, 834, 857, 875
	245, 246, 371, 1189, 1224
	247, 248, 261, 426, 890, 1050, 1104
	249, 250, 251, 252, 467, 813
	253, 254, 255, 419, 926
	256, 257, 269, 387, 1241
	258, 259, 260, 261, 314, 1054
	262, 263, 264, 328, 383, 556, 1031
	265, 266, 267, 514, 542
	268, 269, 270, 1128, 1240
	271, 272, 273, 274, 885
	275, 276, 304, 469, 732
	277, 318, 336, 801, 1006, 1165
	278, 352, 428, 480, 484, 538, 705
	279, 280, 281, 282, 340
	283, 284, 423, 612, 915, 1057
	285, 286, 418, 829
	287, 288, 346, 807
	289, 290, 291, 292, 379, 530, 1209
	293, 294, 295, 649
	296, 297, 298, 460
	299, 300, 301, 481, 682, 703
	302, 303, 539, 605
	304, 305, 306, 464, 730, 986, 1186
	307, 308, 309, 413, 506
	310, 311, 312, 313, 314, 1053
	315, 316, 317, 904, 1242
	318, 445, 740, 944, 1007, 1166
	319, 452, 666, 905, 1145
	320, 321, 322, 400, 496, 643, 792
	323, 324, 325, 326, 362, 661
	327, 422, 522, 532, 675, 716
	328, 329, 330, 382, 557, 1214
	331, 332, 342, 501, 783, 998
	333, 334, 476, 769, 881, 962
	335, 336, 337, 338, 798, 803, 1085
	339, 340, 341, 342, 502, 591
	343, 344, 345, 346, 806
	347, 348, 349, 407
	350, 351, 709, 720, 788
	352, 353, 485, 845, 862, 1135
	354, 355, 356, 357, 358, 436, 737
	359, 455, 625, 981, 1188
	360, 361, 362, 363, 603, 924
	364, 365, 366, 367, 368, 694
	369, 370, 371, 570, 918, 955
	372, 373, 374, 897, 1114
	375, 376, 377, 378, 936, 973
	379, 380, 528, 759, 1205
	381, 411, 854, 909, 1181
	382, 383, 384, 1216, 1219
	385, 386, 451, 454, 626, 977, 1149, 1228
	387, 388, 389, 390, 391, 1235
	392, 393, 394, 521, 628, 677, 790
	395, 396, 397, 640, 812, 1064
	398, 399, 400, 401, 492, 1022
	402, 403, 404, 440, 578, 784, 1048
	405, 406, 407, 408, 409, 489
	410, 411, 773, 856, 1159, 1179
	412, 413, 414, 415, 851, 1142
	416, 417, 418, 419, 922
	420, 421, 422, 676, 715, 753
	423, 424, 425, 426, 427, 889
	428, 429, 430, 535, 1019
	431, 432, 433, 434, 435, 887
	436, 437, 438, 439, 823
	440, 441, 442, 443, 780, 1206
	444, 445, 457, 518, 563, 739, 942
	446, 447, 448, 449, 477, 849, 1062
	450, 451, 452, 453, 902, 1150
	454, 455, 456, 627, 1191, 1226
	457, 458, 474, 564, 943, 1014, 1183
	459, 460, 461, 462, 463, 975
	464, 465, 466, 467, 468, 469
	470, 471, 472, 826, 996
	473, 474, 1015, 1158, 1182
	475, 476, 696, 772, 880, 1073
	477, 478, 690, 822, 847, 1065
	479, 480, 481, 482, 537, 704
	483, 548, 601, 614, 871, 948, 991, 1244
	484, 485, 486, 487, 708, 844
	488, 489, 490, 491
	492, 493, 494, 495, 496
	497, 498, 499, 500, 883, 1094, 1202
	501, 502, 503, 588, 685, 1003
	504, 505, 506, 507, 508, 509, 1134
	510, 511, 512, 513, 652
	514, 515, 516, 517, 518, 738
	519, 520, 521, 522, 534, 678, 794
	523, 524, 525, 526, 959, 1172
	527, 528, 529, 530, 531, 596, 778
	532, 533, 534, 535, 536, 537, 538
	539, 540, 541, 542, 543
	544, 545, 546, 756, 1032, 1081
	547, 548, 872, 945, 1198
	549, 550, 551, 597, 777, 956
	552, 553, 554, 555, 938, 950
	556, 557, 558, 559, 1027
	560, 561, 562, 563, 564, 663, 910
	565, 566, 567, 841
	568, 569, 570, 951
	571, 572, 573, 630, 646, 766
	574, 575, 576, 809, 984
	577, 578, 579, 580, 581
	582, 583, 584, 585, 586, 587
	588, 589, 590, 591, 592, 684
	593, 594, 595, 691, 816, 819
	596, 597, 598, 599, 776, 878, 957
	600, 601, 618, 624, 828, 870
	602, 603, 604, 605, 606, 1102
	607, 608, 609, 621, 1046
	610, 611, 612, 613, 928, 1059, 1125
	614, 615, 616, 617, 618, 993
	619, 620, 621, 760, 914, 1208
	622, 623, 624, 827, 868, 994
	625, 626, 627, 729, 978, 1185
	628, 629, 630, 631, 767, 968
	632, 633, 758, 911, 1056, 1220
	634, 635, 636, 637, 839
	638, 639, 640, 641, 810
	642, 643, 644, 645, 646
	647, 648, 649, 650, 651, 1169
	652, 653, 654, 655, 1248, 1250
	656, 657, 658, 659, 1193
	660, 661, 662, 663, 906
	664, 665, 666, 901, 964, 1051
	667, 668, 669, 670, 795, 1008, 1155
	671, 672, 673, 674, 1252
	675, 676, 677, 678, 679
	680, 681, 682, 683, 684, 685, 686
	687, 688, 689, 690, 691, 743, 820
	692, 693, 694, 695, 696, 697, 1074
	698, 699, 700, 701, 702
	703, 704, 705, 706, 707, 708
	709, 710, 711, 712
	713, 714, 715, 716, 717
	718, 719, 720, 785, 1035
	721, 722, 723, 1024, 1137
	724, 725, 726, 727, 728
	729, 730, 731, 732, 733, 980, 1184
	734, 735, 736, 737, 932
	738, 739, 740, 741, 742, 1004
	743, 744, 745, 746, 747, 748
	749, 750, 751, 752, 753, 754
	755, 756, 876, 1036, 1079, 1090
	757, 758, 759, 760, 761, 912, 1204
	762, 763, 920, 1100
	764, 765, 766, 767, 969
	768, 769, 770, 771, 772, 1077
	773, 774, 855, 874, 1082, 1092
	775, 776, 777, 778, 779, 1028
	780, 781, 782, 783, 784
	785, 786, 787, 788, 789, 1034
	790, 791, 792, 793, 794
	795, 796, 797, 798, 799, 800
	801, 802, 803, 804, 1121, 1164
	805, 806, 807, 808, 809, 983
	810, 811, 812, 815, 821, 1060
	813, 814, 815, 816, 817, 818
	818, 819, 820, 821, 822, 1061
	823, 824, 825, 826, 827, 828, 997
	829, 830, 831, 832, 833, 834, 835
	836, 837, 838, 1042, 1123
	839, 840, 841, 842, 843
	844, 845, 846, 847, 848, 849, 859
	850, 851, 852, 1071
	853, 854, 855, 856, 857, 858, 873
	859, 860, 861, 862, 1136
	863, 864, 865, 866, 867
	868, 869, 870, 871, 872, 1196
	873, 874, 875, 876, 877, 1078
	878, 879, 880, 881, 958
	882, 883, 884, 885, 886, 887, 888
	889, 890, 891, 892, 893, 1105, 1234
	894, 895, 896, 897, 898, 1113
	899, 900, 901, 902, 903, 904, 905
	906, 907, 908, 909, 910, 1177
	911, 912, 913, 914, 915, 1058
	916, 917, 918, 919, 953
	920, 921, 922, 923, 924, 925, 926
	927, 928, 929, 1124, 1231
	930, 931, 932, 933, 934
	935, 936, 937, 972, 1109, 1116
	938, 939, 940, 941, 949
	942, 943, 944, 1018, 1161
	945, 946, 947, 948, 949, 950, 1243
	951, 952, 953, 954, 955
	956, 957, 958, 959, 960, 961, 962
	963, 964, 965, 1049, 1107
	966, 967, 968, 969, 970, 971
	972, 973, 974, 975, 976
	977, 978, 979, 980, 1147
	981, 982, 983, 984, 985, 986, 1187
	987, 988, 989, 990, 991, 992, 993
	994, 995, 996, 997
	998, 999, 1000, 1001, 1002, 1003
	1004, 1005, 1006, 1007, 1008, 1009
	1010, 1011, 1012, 1013, 1156
	1014, 1015, 1016, 1017, 1018, 1162
	1019, 1020, 1021, 1022, 1023, 1024, 1025
	1026, 1027, 1028, 1029, 1030, 1031
	1032, 1033, 1034, 1035, 1036, 1037, 1089
	1038, 1039, 1040, 1041, 1042, 1203, 1215
	1043, 1044, 1045, 1046, 1047, 1048
	1049, 1050, 1051, 1052, 1053, 1054, 1103
	1055, 1056, 1057, 1058, 1059
	1060, 1061, 1062, 1063, 1064, 1065
	1066, 1067, 1068, 1069, 1070, 1133
	1071, 1072, 1073, 1074, 1075, 1076, 1077
	1078, 1079, 1080, 1081, 1082, 1093
	1083, 1084, 1085, 1086, 1229
	1087, 1088, 1089, 1090, 1091
	1092, 1093, 1094, 1095, 1096, 1097
	1098, 1099, 1100, 1101, 1102
	1103, 1104, 1105, 1106, 1107, 1108
	1109, 1110, 1111, 1112, 1115
	1113, 1114, 1115, 1116, 1117, 1118, 1119
	1120, 1121, 1122, 1123, 1124, 1125, 1126
	1127, 1128, 1129, 1239
	1130, 1131, 1132, 1133, 1134
	1135, 1136, 1137, 1138, 1139
	1140, 1141, 1142, 1143, 1144, 1170
	1145, 1146, 1147, 1148, 1149, 1150
	1151, 1152, 1153, 1154, 1155
	1156, 1157, 1158, 1159, 1160, 1180
	1161, 1162, 1163, 1164, 1165, 1166
	1167, 1168, 1169, 1170, 1171
	1172, 1173, 1174, 1175, 1176
	1177, 1178, 1179, 1180, 1181, 1182, 1183
	1184, 1185, 1186, 1187, 1188
	1189, 1190, 1191, 1192, 1193, 1225
	1194, 1195, 1196, 1197, 1198
	1199, 1200, 1201, 1202, 1203, 1211
	1204, 1205, 1206, 1207, 1208, 1209, 1210
	1211, 1212, 1213, 1214, 1215, 1216, 1218
	1217, 1218, 1219, 1220, 1221, 1222
	1223, 1224, 1225, 1226, 1227, 1228
	1229, 1230, 1231, 1232, 1233, 1234
	1235, 1236, 1237, 1238, 1239, 1240, 1241, 1242
	1243, 1244, 1245, 1246, 1247, 1248
	1249, 1250, 1251, 1252, 1253, 1254
Seed Numbers: 418
	0
	1
	2
	3
	4
	5
	6
	7
	8
	9
	10
	11
	12
	13
	14
	15
	16
	17
	18
	19
	20
	21
	22
	23
	24
	25
	26
	27
	28
	29
	30
	31
	32
	33
	34
	35
	36
	37
	38
	39
	40
	41
	42
	43
	44
	45
	46
	47
	48
	49
	50
	51
	52
	53
	54
	55
	56
	57
	58
	59
	60
	61
	62
	63
	64
	65
	66
	67
	68
	69
	70
	71
	72
	73
	74
	75
	76
	77
	78
	79
	80
	81
	82
	83
	84
	85
	86
	87
	88
	89
	90
	91
	92
	93
	94
	95
	96
	97
	98
	99
	100
	101
	102
	103
	104
	105
	106
	107
	108
	109
	110
	111
	112
	113
	114
	115
	116
	117
	118
	119
	120
	121
	122
	123
	124
	125
	126
	127
	128
	129
	130
	131
	132
	133
	134
	135
	136
	137
	138
	139
	140
	141
	142
	143
	144
	145
	146
	147
	148
	149
	150
	151
	152
	153
	154
	155
	156
	157
	158
	159
	160
	161
	162
	163
	164
	165
	166
	167
	168
	169
	170
	171
	172
	173
	174
	175
	176
	177
	178
	179
	180
	181
	182
	183
	184
	185
	186
	187
	188
	189
	190
	191
	192
	193
	194
	195
	196
	197
	198
	199
	200
	201
	202
	203
	204
	205
	206
	207
	208
	209
	210
	211
	212
	213
	214
	215
	216
	217
	218
	219
	220
	221
	222
	223
	224
	225
	226
	227
	228
	229
	230
	231
	232
	233
	234
	235
	236
	237
	238
	239
	240
	241
	242
	243
	244
	245
	246
	247
	248
	249
	250
	251
	252
	253
	254
	255
	256
	257
	258
	259
	260
	261
	262
	263
	264
	265
	266
	267
	268
	269
	270
	271
	272
	273
	274
	275
	276
	277
	278
	279
	280
	281
	282
	283
	284
	285
	286
	287
	288
	289
	290
	291
	292
	293
	294
	295
	296
	297
	298
	299
	300
	301
	302
	303
	304
	305
	306
	307
	308
	309
	310
	311
	312
	313
	314
	315
	316
	317
	318
	319
	320
	321
	322
	323
	324
	325
	326
	327
	328
	329
	330
	331
	332
	333
	334
	335
	336
	337
	338
	339
	340
	341
	342
	343
	344
	345
	346
	347
	348
	349
	350
	351
	352
	353
	354
	355
	356
	357
	358
	359
	360
	361
	362
	363
	364
	365
	366
	367
	368
	369
	370
	371
	372
	373
	374
	375
	376
	377
	378
	379
	380
	381
	382
	383
	384
	385
	386
	387
	388
	389
	390
	391
	392
	393
	394
	395
	396
	397
	398
	399
	400
	401
	402
	403
	404
	405
	406
	407
	408
	409
	410
	411
	412
	413
	414
	415
	416
	417
Phase Numbers: 418
	2
	2
	1
	3
	2
	3
	2
	2
	0
	2
	2
	1
	3
	2
	0
	2
	0
	0
	2
	3
	3
	3
	2
	2
	2
	3
	1
	2
	3
	3
	3
	3
	3
	3
	2
	3
	2
	3
	0
	2
	2
	2
	2
	2
	3
	3
	1
	2
	0
	2
	0
	2
	0
	2
	2
	3
	1
	3
	2
	3
	2
	1
	2
	3
	2
	2
	3
	3
	2
	2
	3
	2
	3
	3
	3
	2
	3
	2
	3
	2
	1
	2
	0
	0
	2
	3
	2
	3
	2
	2
	2
	2
	3
	2
	2
	2
	0
	0
	1
	3
	0
	0
	3
	3
	0
	2
	2
	3
	2
	3
	1
	2
	1
	3
	2
	2
	2
	3
	2
	3
	3
	3
	2
	3
	3
	3
	1
	3
	2
	2
	2
	3
	2
	1
	3
	2
	2
	0
	2
	2
	0
	2
	3
	2
	2
	2
	2
	2
	3
	3
	2
	3
	0
	3
	3
	0
	2
	3
	2
	0
	2
	3
	2
	3
	2
	2
	3
	3
	3
	0
	3
	2
	3
	3
	3
	3
	3
	2
	3
	3
	3
	0
	3
	2
	0
	1
	2
	1
	2
	2
	3
	2
	0
	2
	1
	2
	0
	3
	3
	3
	3
	1
	2
	3
	3
	2
	2
	0
	3
	3
	3
	2
	3
	3
	2
	1
	3
	3
	3
	3
	3
	2
	2
	2
	3
	3
	2
	0
	2
	3
	2
	0
	3
	3
	3
	1
	1
	2
	3
	0
	3
	2
	1
	1
	3
	0
	2
	1
	3
	1
	3
	2
	3
	3
	1
	2
	3
	2
	3
	3
	3
	0
	3
	1
	2
	3
	2
	2
	3
	2
	3
	0
	3
	3
	2
	1
	2
	3
	1
	3
	3
	2
	3
	3
	2
	3
	1
	2
	1
	3
	2
	2
	3
	2
	3
	1
	0
	2
	2
	3
	2
	3
	2
	3
	3
	3
	1
	2
	3
	2
	3
	2
	3
	3
	3
	2
	3
	2
	2
	3
	2
	3
	3
	2
	3
	2
	3
	2
	2
	3
	2
	0
	3
	3
	3
	2
	2
	3
	0
	3
	1
	3
	3
	2
	2
	2
	2
	1
	2
	2
	3
	2
	2
	3
	0
	3
	1
	3
	3
	3
	2
	1
	3
	0
	3
	3
	3
	1
	3
	2
	2
	2
	2
	2
	2
	3
	3
	3
	3
	0
	2
	2
	2
	3
	3
	0
	2
	2
	1
	2
	1
	2
	3
	3
	2
	2
	1
	2
	2
	3
	3
	3
	0
	3
	3
	3
	3
	2
	2
	2
	3
	3
	2
	3
	0
	2
	1
	2
Volumes: 418
	0.0030375412572226108
	0.00244923563806947
	0.0023199623370718774
	0.0018625915103427557
	0.0018228411631524537
	0.0012998364839625766
	0.0017674026542066523
	0.003126798095076682
	0.0016579974200628222
	0.0011548399177852082
	0.0026065977653784355
	0.002500711059285581
	0.0016233027774757108
	0.0022293229138335116
	0.002866964058480722
	0.003227707285585314
	0.0032292761977089704
	0.0020457992536057727
	0.002217294245479677
	0.0021453911140430107
	0.0025458443634013964
	0.0010340013976977713
	0.002708317372508922
	0.0023912056022201223
	0.0022855792042223767
	0.002382896101788586
	0.001856536037439546
	0.0030788900124366953
	0.001681419763425637
	0.0023364091335326066
	0.0022806269054569976
	0.0030516250202788113
	0.003505126181274197
	0.0024913325319681446
	0.0017802559984689864
	0.0023580700386656005
	0.0024639970725295404
	0.0018829594747985599
	0.003208047977845568
	0.002985964407563829
	0.0023961734651637857
	0.002395508318358745
	0.0022980037794365473
	0.00196574768195101
	0.0023705544115227746
	0.0025340391649470917
	0.0012604323855597253
	0.0028894272799032724
	0.0021888678492859815
	0.0017398095704472868
	0.0019425850647475525
	0.002120401147548254
	0.0018920128203986585
	0.0022702431118459838
	0.002706945070593629
	0.002477841364683847
	0.002907694987640131
	0.0030945160394228316
	0.0019639847955374313
	0.0023368534350324257
	0.002631179583527995
	0.002192791636818592
	0.0017375974853556973
	0.002105652627878943
	0.0011814424975797521
	0.0022714041385926602
	0.002070670218732487
	0.001764821278371167
	0.0021374720716676905
	0.0026673291279105905
	0.002463491414565592
	0.0026693564123064454
	0.0018587000010707707
	0.0024576546565891915
	0.002328781112629238
	0.0026150071955979397
	0.0008111459472105141
	0.0019515656838052242
	0.0028454243349870113
	0.002630827997735423
	0.00289929893488662
	0.0016182133331384331
	0.002974591273797966
	0.0021767515917332798
	0.0029625647680020764
	0.0019824636013709533
	0.0023904241924829787
	0.0023764517554696633
	0.0022012158710777966
	0.0027279042474842603
	0.0016352642991033734
	0.0021597795105755785
	0.0018032693278082867
	0.0018017557694182719
	0.0024942157684823885
	0.002617086491162182
	0.00208029977362474
	0.0022656918303193023
	0.0028846244233424762
	0.0018916767195795282
	0.0018010553478618988
	0.003160238967088287
	0.0020997998878379606
	0.0028765817325659224
	0.0019165326013484351
	0.002235885495699206
	0.002792036661841731
	0.0031659520797288404
	0.0025729385008487152
	0.0025272886875251817
	0.0015049811899027204
	0.0026329397172179083
	0.0031513044725234524
	0.003113198799787158
	0.0023947594942753175
	0.002434220754896412
	0.0018795647702925717
	0.0025979678620856703
	0.002230995732646356
	0.0032765659552399214
	0.0021050611744188566
	0.0021908019467197703
	0.002661090632790818
	0.002261901652707917
	0.001895640096224142
	0.0026760603880150793
	0.00093764273950762
	0.0022786470994721844
	0.0026102942325427554
	0.001823144753194502
	0.002247878025614306
	0.0030542395810168777
	0.002643948433541295
	0.0024240276974743344
	0.0031473067631767465
	0.0013808563234194147
	0.0029964533880078655
	0.002848358061104364
	0.0030462187278544016
	0.001974608851954743
	0.0015129128694513585
	0.0018711276755361307
	0.0026010332319981655
	0.002153129688915708
	0.0017777118915377529
	0.001730049674813002
	0.00261625639984239
	0.0018383210843751724
	0.0026027615222417814
	0.002152228487621852
	0.0037342885786422445
	0.0027206039350330764
	0.002556194994142245
	0.0026702116984567556
	0.0029416288041854617
	0.0026803601801934467
	0.0019507542008291526
	0.002735053802592567
	0.002287831168928529
	0.0017553548775900364
	0.0017685556494325904
	0.0023050542633673366
	0.0028379282175048513
	0.0017675145163871132
	0.0024643873020072328
	0.00242602336348302
	0.0018952277175310237
	0.003082194626943432
	0.0033954138743404506
	0.0031659897613627525
	0.0023496864876437233
	0.002744586563740713
	0.0019872778116906843
	0.0013396492427327198
	0.002537019331845284
	0.0023271645873266045
	0.0038685577667399427
	0.0023862878625064464
	0.0026635707407942095
	0.002962525391728462
	0.002756925670769339
	0.0024360432390894316
	0.0021037137636023147
	0.0027677731113672274
	0.0027841064219761933
	0.002631619230198038
	0.001861725430605181
	0.0027562969144170396
	0.0024317560115972967
	0.002516374755445361
	0.0028724645636692696
	0.001663369561285247
	0.0025373601570842933
	0.0019964930848473603
	0.0010547867814486283
	0.0025755650090819775
	0.0008914957568984572
	0.0020682551144867696
	0.0019328936110452552
	0.0007307824554823911
	0.003167778121733906
	0.0035175569436938147
	0.0026961950394091827
	0.002177241223066814
	0.0027230530847236678
	0.0024901738948052378
	0.002556519026739451
	0.002387881609645857
	0.0018969812364807198
	0.0027903161376572052
	0.0017679784272696063
	0.0025409705010879615
	0.003111985660053697
	0.0023872710341857856
	0.0024174707485033952
	0.0020705255572325866
	0.0015720916151766053
	0.0026239990872959458
	0.002643473201669251
	0.002662553738142885
	0.0025575951741175075
	0.0025545063399908027
	0.0020020328826410466
	0.0031773407789337242
	0.0023324854683020022
	0.0024467878876355004
	0.0021039361158049544
	0.002117656132699401
	0.0029731210889292698
	0.0029668107770944533
	0.0022788537802882584
	0.002865857758331753
	0.0030241347630543106
	0.0031711569580832634
	0.002468066955284161
	0.002076861537474121
	0.0026988092445214915
	0.002405152014872838
	0.0023918691875174118
	0.0021532550082557526
	0.0021902081879988447
	0.002493343581055945
	0.0026820583491200365
	0.0028236713495158926
	0.002664669907165185
	0.002094358135626627
	0.002885616518919356
	0.0027183744855426425
	0.0027003077462392595
	0.0023333642731715562
	0.0033480057068954643
	0.0017128949232682144
	0.0025031385469959193
	0.0028488721744450787
	0.002394345873789312
	0.002693375500832873
	0.0028704819772512402
	0.0023975751119761374
	0.0020690543249849043
	0.0021496772803818462
	0.003196304845492049
	0.0026339889668286548
	0.003358923673955324
	0.0029489579938057533
	0.0031124541402836018
	0.002678377974399689
	0.0030492007842545105
	0.002620746136132616
	0.002864711789979047
	0.0017404299898038111
	0.002470470310540298
	0.00255039391684829
	0.0029326073869173877
	0.0034960300390587413
	0.0027249766057247937
	0.0025391140358124423
	0.002393438879441208
	0.0009509009713973487
	0.0017948957914559116
	0.0021485570770384873
	0.002346236553219228
	0.0023603052671025103
	0.0020803651048967907
	0.0031317901800782776
	0.0031360653627989683
	0.0030351887356777634
	0.002165731180205085
	0.002060012829526707
	0.0030119140361980737
	0.0024307235877539237
	0.0027672345722103368
	0.0022237549743420707
	0.0022079852262307633
	0.0025733472560719533
	0.0019235395610780089
	0.002122151565815972
	0.002122093563723047
	0.0028091746165885075
	0.002398966836111381
	0.0022398626566295307
	0.0019605195193848663
	0.0030531905063117975
	0.0031543928437609875
	0.0025048122515879006
	0.0016219682407711856
	0.00211407517501985
	0.002553146247920544
	0.002824978956933195
	0.00317588260565279
	0.0017951968538547811
	0.0019492540821767538
	0.001244494471919526
	0.001697464887416393
	0.0021279907401577187
	0.002222223575594744
	0.002152653557713077
	0.002794384489883352
	0.0009750301084440526
	0.002512404557141539
	0.0018377911662110337
	0.002142855832742282
	0.0022641182968701685
	0.0023228870820229818
	0.0014822135456521658
	0.0016097463714158978
	0.003080307988552951
	0.0023904235331132823
	0.0023322861066205104
	0.0025686136857221006
	0.0020133713753659284
	0.0021405564036818727
	0.0018756560142645486
	0.0027422857399821204
	0.0023102646817717873
	0.002526749961275762
	0.0021512166776873785
	0.002712143612567284
	0.0027258959586176513
	0.0028534085220407205
	0.002958780372575292
	0.0024298718488595314
	0.0028475672457094984
	0.0020514738687461105
	0.0023612627554442265
	0.002265623483103622
	0.0022761757794668384
	0.002695948129300133
	0.0019323663714387658
	0.0017064101260776576
	0.0025805470105058773
	0.0023421281712963996
	0.0025581798872084402
	0.0033653733294624765
	0.002734832718604933
	0.002007896831324379
	0.0016033566565968925
	0.0031255577931293974
	0.0026974949168984638
	0.00162437592413798
	0.002182719972415443
	0.0031271050907254183
	0.002547708646784338
	0.003273028667855841
	0.0009525934553566568
	0.003435413559536343
	0.002393746502764518
	0.0025142735728074413
	0.0019731434141668615
	0.0025193014110203686
	0.002721186514394485
	0.002339995370665571
	0.0015629014793271303
	0.002916428612250765
	0.003300111288976516
	0.0018155119661460257
	0.0023685039663321164
	0.003018007456237283
	0.0028421851978248733
	0.0026927097750545437
	0.0027265094191892014
	0.0027260261262570585
	0.0036018883201779373
	0.0018019467638812443
	0.0026681003964409812
	0.0021710928233789725
	0.0030269381576898567
	0.0016344424825165825
	0.0025513014723576926
	0.0020522490976426317
	0.00253996819600731
	0.0019430627381935427
	0.002728410442850228
	0.0019318600232560304
	0.002418346134254844
	0.0032236403401773315
	0.0015085156580160707
	0.0016584253105891083
	0.0026509187342099987
	0.0020475778176515156
	0.0022133313401014156
	0.0012315598367696684
	0.002198574697929886
	0.0029403829803104774
	0.00213560759365487
	0.0020067105227933872
	0.002492654917838498
	0.001991052283667744
	0.0028289930886054707
	0.001713947844072574
	0.002311725822026709
	0.0029952709277966593
	0.0031736138962445465
	0.0026158184046424144
	0.002600820755388383
	0.002085898994786603
	0.0027130054518424273
	0.002589951619443415
	0.002788340360405008
