Mesh Points: 846
	 3.087863e-01,  3.716740e-03
	 3.251519e-01,  1.287267e-02
	 2.684678e-01,  4.093528e-02
	 2.798747e-01,  7.433337e-02
	 3.001843e-01,  8.407564e-02
	 3.212317e-01,  6.495721e-02
	-5.000000e-01,  3.491471e-01
	-4.813093e-01,  3.497545e-01
	-5.000000e-01,  2.924185e-01
	-4.614075e-01,  3.019176e-01
	-4.632986e-01,  2.953429e-01
	-2.570464e-01, -2.872599e-01
	-2.654197e-01, -2.540550e-01
	-2.921476e-01, -2.968256e-01
	-3.023331e-01, -2.570298e-01
	-2.842416e-01, -2.473157e-01
	-3.069577e-01, -2.818249e-01
	 4.002742e-01,  3.874394e-01
	 3.929438e-01,  4.282659e-01
	 4.463497e-01,  4.312018e-01
	 4.356922e-01,  3.792572e-01
	 4.611121e-01,  3.953142e-01
	 4.618386e-01,  3.980535e-01
	 2.559382e-01, -3.766059e-01
	 2.764293e-01, -4.004051e-01
	 2.642584e-01, -4.358640e-01
	 2.355454e-01, -3.758515e-01
	 2.243313e-01, -4.171287e-01
	 2.341354e-01, -4.304190e-01
	 1.334767e-01,  4.504743e-01
	 1.714874e-01,  4.301008e-01
	 1.723207e-01,  5.000000e-01
	 1.888869e-01,  5.000000e-01
	 1.987272e-01,  4.463037e-01
	 1.312029e-01,  4.502685e-01
	 1.111864e-01,  4.020516e-01
	 1.128575e-01,  4.631110e-01
	 6.740879e-02,  4.141660e-01
	 6.547590e-02,  4.187030e-01
	 8.707608e-02,  4.572823e-01
	-4.405267e-01,  6.665998e-02
	-4.174400e-01,  6.301386e-02
	-4.658324e-01,  4.423693e-02
	-4.633703e-01,  1.009001e-02
	-4.230913e-01,  9.109055e-04
	-4.384488e-01, -7.025216e-03
	-4.037973e-01,  4.207536e-02
	-2.477299e-01, -2.934553e-01
	-2.542369e-01, -3.332130e-01
	-2.055030e-01, -2.839556e-01
	-1.994635e-01, -2.894713e-01
	-1.996886e-01, -3.298025e-01
	-2.329354e-01, -3.553962e-01
	-2.264174e-01, -3.547901e-01
	-9.995485e-02, -3.037296e-01
	-1.112717e-01, -3.141143e-01
	-1.122402e-01, -2.673293e-01
	-1.393447e-01, -2.595928e-01
	-1.582202e-01, -2.898545e-01
	-1.462994e-01, -3.093334e-01
	-3.273530e-01,  3.655949e-01
	-3.365701e-01,  3.888577e-01
	-2.981222e-01,  4.298648e-01
	-2.756793e-01,  4.206208e-01
	-2.678640e-01,  3.812993e-01
	-3.002510e-01,  3.576059e-01
	 2.540175e-01, -1.699542e-01
	 2.843578e-01, -1.638474e-01
	 2.342285e-01, -1.398660e-01
	 2.583448e-01, -1.063569e-01
	 2.678755e-01, -1.109884e-01
	 2.855878e-01, -1.611303e-01
	-4.708882e-01, -2.195627e-01
	-4.880851e-01, -1.723056e-01
	-4.829453e-01, -2.351309e-01
	-5.000000e-01, -1.713165e-01
	-5.000000e-01, -2.390538e-01
	 4.735317e-01, -1.591359e-01
	 5.000000e-01, -1.488351e-01
	 4.406921e-01, -1.319279e-01
	 4.406772e-01, -1.295995e-01
	 4.680058e-01, -1.016982e-01
	 5.000000e-01, -1.167243e-01
	 2.823381e-01,  3.357732e-01
	 3.023834e-01,  3.631806e-01
	 2.357496e-01,  3.509366e-01
	 2.445340e-01,  3.930865e-01
	 2.722983e-01,  4.004577e-01
	 2.950179e-01,  3.847054e-01
	-4.361667e-01,  4.269119e-01
	-4.471624e-01,  4.454719e-01
	-4.471266e-01,  4.489915e-01
	-4.134408e-01,  4.890886e-01
	-3.875614e-01,  4.672675e-01
	-3.985200e-01,  4.266189e-01
	-3.895795e-01,  4.348311e-01
	 5.000000e-01, -4.435379e-02
	 4.645760e-01, -8.481603e-02
	-3.932994e-01, -3.058086e-01
	-4.292382e-01, -3.065019e-01
	-4.400699e-01, -2.761359e-01
	-4.167762e-01, -2.560622e-01
	-3.839583e-01, -2.637876e-01
	-3.249476e-01,  4.955742e-02
	-3.164541e-01,  1.064976e-01
	-3.539122e-01,  5.682359e-02
	-3.652815e-01,  9.486756e-02
	-3.196512e-01,  1.091659e-01
	 5.000000e-01,  4.224711e-01
	 5.000000e-01,  4.368138e-01
	 4.600232e-01,  4.620772e-01
	 4.608122e-01,  4.624182e-01
	 7.242475e-02, -3.444117e-01
	 9.435257e-02, -3.387334e-01
	 1.245224e-01, -3.575686e-01
	 1.240254e-01, -3.899172e-01
	 1.112594e-01, -4.027963e-01
	 7.615312e-02, -3.886853e-01
	 2.501897e-01,  4.615956e-01
	 2.731315e-01,  4.603022e-01
	 2.248805e-01,  5.000000e-01
	 2.815871e-01,  5.000000e-01
	 2.204253e-02, -4.689769e-02
	-1.321004e-02, -7.115408e-02
	-4.247029e-02, -5.062615e-02
	-1.816601e-02, -1.125542e-02
	 1.641167e-02, -2.933000e-02
	-4.466523e-02, -3.953343e-02
	 4.620668e-01,  1.989264e-01
	 4.725862e-01,  1.698476e-01
	 4.460600e-01,  1.411014e-01
	 4.135617e-01,  1.975911e-01
	 4.502880e-01,  2.056827e-01
	 4.280931e-01,  1.481847e-01
	 4.401006e-01,  1.407957e-01
	 1.973460e-01, -4.628871e-01
	 2.139227e-01, -4.619940e-01
	 1.717595e-01, -5.000000e-01
	 2.480743e-01, -4.939984e-01
	 2.474954e-01, -5.000000e-01
	-1.810102e-02,  1.562247e-01
	-1.681510e-02,  1.369188e-01
	 7.850424e-03,  1.861664e-01
	 2.568318e-02,  1.830714e-01
	 4.510790e-02,  1.582703e-01
	 2.549619e-02,  1.166762e-01
	-6.585554e-02,  1.868498e-01
	-6.191759e-02,  1.895379e-01
	-1.032480e-01,  1.883771e-01
	-1.262294e-01,  2.248914e-01
	-8.512368e-02,  2.430983e-01
	-5.927695e-02,  1.965673e-01
	 1.263806e-01,  1.781396e-01
	 1.192856e-01,  1.620128e-01
	 9.726312e-02,  2.130432e-01
	 7.853637e-02,  2.086193e-01
	 8.750991e-02,  2.142908e-01
	 7.345164e-02,  1.609697e-01
	-6.877715e-02, -3.411089e-01
	-4.295391e-02, -3.588691e-01
	-6.688894e-02, -3.158276e-01
	-2.005684e-02, -3.342086e-01
	-3.096866e-02, -3.108722e-01
	 7.400001e-02,  3.515017e-01
	 5.056761e-02,  3.705711e-01
	 1.047359e-01,  3.578227e-01
	 1.210616e-01,  3.808075e-01
	 6.777908e-02,  6.141758e-02
	 6.324074e-02,  4.431741e-02
	 2.675131e-02,  9.637084e-02
	 5.299737e-03,  7.005863e-02
	 1.285318e-02,  3.757047e-02
	 3.624265e-02,  2.773060e-02
	 5.000000e-01, -3.379644e-02
	 4.461322e-01, -3.921526e-02
	 5.000000e-01, -9.441740e-03
	 4.603798e-01,  2.003621e-02
	 4.303366e-01, -1.490863e-02
	 1.299942e-01, -4.490079e-01
	 1.117216e-01, -4.390098e-01
	 1.758580e-01, -4.232377e-01
	 1.781326e-01, -4.157925e-01
	 1.736306e-01, -4.024211e-01
	 5.000000e-01,  5.038327e-02
	 4.752326e-01,  5.233366e-02
	 5.000000e-01,  1.076002e-01
	 4.793425e-01,  1.036730e-01
	 4.653902e-01,  7.684315e-02
	 1.900129e-01, -1.450814e-01
	 1.822214e-01, -1.332889e-01
	 1.924827e-01, -1.008664e-01
	 2.410690e-01, -8.313591e-02
	 2.481086e-01, -8.500842e-02
	 4.303520e-03,  3.526181e-01
	-3.024618e-02,  3.685918e-01
	 2.823278e-03,  3.275774e-01
	-6.430876e-02,  3.515656e-01
	-7.367000e-02,  3.247793e-01
	-5.286685e-02,  3.065163e-01
	 3.920735e-02, -4.742864e-01
	 2.198764e-02, -5.000000e-01
	 3.124205e-02, -4.355627e-01
	-1.447426e-02, -4.321188e-01
	 1.085170e-03, -5.000000e-01
	-2.902769e-02, -4.543814e-01
	 2.439459e-01,  2.561907e-01
	 2.067968e-01,  2.616559e-01
	 2.529212e-01,  2.957493e-01
	 2.207575e-01,  3.229392e-01
	 2.010423e-01,  2.996820e-01
	-3.583446e-01, -1.295606e-01
	-4.043860e-01, -1.304458e-01
	-3.517243e-01, -1.049991e-01
	-4.169673e-01, -1.196019e-01
	-4.177797e-01, -8.941478e-02
	-3.667706e-01, -8.074878e-02
	-4.135634e-01, -8.414286e-02
	-4.386506e-01, -3.252380e-01
	-4.830663e-01, -2.957642e-01
	-4.732877e-01, -3.227253e-01
	-4.547439e-01, -2.735534e-01
	-1.800062e-01,  1.511088e-01
	-2.133890e-01,  1.350930e-01
	-2.409471e-01,  1.576859e-01
	-1.927658e-01,  1.879061e-01
	-2.308894e-01,  2.028500e-01
	-1.550399e-01,  4.074593e-01
	-1.744520e-01,  3.992362e-01
	-1.492746e-01,  4.397771e-01
	-2.015683e-01,  4.502401e-01
	-2.157339e-01,  4.275280e-01
	-1.674630e-01,  4.580812e-01
	-3.442603e-01,  3.931782e-01
	-3.567025e-01,  4.307662e-01
	-3.430866e-01,  4.493003e-01
	-3.035178e-01,  4.417832e-01
	 1.572698e-01, -5.832621e-02
	 1.343656e-01, -8.107487e-02
	 1.408487e-01, -2.374267e-02
	 9.052041e-02, -2.935469e-02
	 1.008555e-01, -8.489650e-02
	 3.775137e-01, -4.616326e-01
	 4.011892e-01, -4.597043e-01
	 3.589131e-01, -4.827977e-01
	 4.159971e-01, -4.717892e-01
	 4.157298e-01, -5.000000e-01
	 3.604957e-01, -5.000000e-01
	 1.291129e-01, -2.520354e-01
	 1.113911e-01, -2.031964e-01
	 1.011463e-01, -2.644573e-01
	 1.055737e-01, -2.027333e-01
	 7.479927e-02, -2.353974e-01
	 7.482615e-02, -2.360771e-01
	-1.715190e-01,  2.884901e-01
	-1.919391e-01,  3.179812e-01
	-1.752509e-01,  2.842970e-01
	-2.427327e-01,  3.135736e-01
	-2.405977e-01,  2.780633e-01
	-2.309498e-01,  2.707412e-01
	-1.968057e-01,  4.216088e-02
	-2.086938e-01,  6.961227e-02
	-1.565776e-01,  3.640591e-02
	-2.011433e-01,  8.815448e-02
	-1.670313e-01,  9.687613e-02
	-1.487681e-01,  8.520799e-02
	-1.394282e-01,  5.472310e-02
	 1.308796e-01,  2.357697e-01
	 1.367347e-01,  2.673779e-01
	 1.010511e-01,  2.819643e-01
	 7.798220e-02,  2.576630e-01
	 4.540211e-01, -3.150257e-01
	 4.568177e-01, -2.892751e-01
	 4.651764e-01, -3.304361e-01
	 5.000000e-01, -2.816411e-01
	 5.000000e-01, -3.355527e-01
	-4.098750e-02, -1.896277e-01
	-4.681601e-02, -1.576656e-01
	-1.975932e-02, -2.038512e-01
	-8.001411e-03, -1.464454e-01
	 1.956844e-02, -1.726930e-01
	 1.971760e-02, -1.756336e-01
	-9.642298e-02,  7.321909e-03
	-1.225200e-01, -1.106453e-02
	-1.026994e-01,  5.093174e-02
	-1.046582e-01,  5.306418e-02
	-1.523767e-01,  7.449682e-03
	 5.000000e-01, -4.409820e-01
	 4.610414e-01, -4.591795e-01
	 5.000000e-01, -4.198584e-01
	 4.638022e-01, -4.003052e-01
	 4.492509e-01, -4.235140e-01
	 4.607473e-01, -4.590096e-01
	-4.081861e-01,  2.889330e-01
	-4.282462e-01,  2.770524e-01
	-4.076250e-01,  3.156588e-01
	-4.211360e-01,  3.257274e-01
	-4.629001e-01,  2.945694e-01
	 7.211663e-02,  1.597143e-01
	 7.815521e-02,  1.194957e-01
	 1.312418e-01,  1.205443e-01
	 1.052006e-01,  9.998317e-02
	-5.000000e-01, -3.376226e-03
	-5.000000e-01, -4.964896e-02
	-4.716426e-01, -6.118335e-02
	-4.384966e-01, -2.928112e-02
	 1.586217e-01, -2.600921e-01
	 1.630903e-01, -2.924483e-01
	 9.408850e-02, -2.846590e-01
	 1.073631e-01, -3.066207e-01
	 1.534420e-01, -3.075009e-01
	 2.763086e-01, -2.450820e-01
	 2.305675e-01, -2.558990e-01
	 2.842966e-01, -2.314983e-01
	 2.249688e-01, -2.016285e-01
	 2.384602e-01, -1.967286e-01
	 2.237588e-01, -2.490801e-01
	 2.841139e-01, -2.287392e-01
	 9.458700e-02, -9.130801e-02
	 8.113712e-02, -9.299352e-02
	 1.083131e-01, -1.381231e-01
	 4.787978e-02, -1.263372e-01
	 4.919246e-02, -1.382366e-01
	 8.175496e-02, -1.588914e-01
	-2.919216e-01, -1.969340e-01
	-2.809809e-01, -1.593524e-01
	-2.564140e-01, -1.496122e-01
	-2.225430e-01, -1.732116e-01
	-2.345502e-01, -2.102647e-01
	-2.893731e-01, -1.997134e-01
	 1.695399e-01, -1.967267e-01
	 1.858116e-01, -1.846783e-01
	 1.345231e-01, -1.906320e-01
	 1.253284e-01, -1.430239e-01
	 1.525496e-01, -1.270199e-01
	 3.673710e-01, -9.975802e-02
	 3.805026e-01, -5.672887e-02
	 3.270775e-01, -9.108256e-02
	 3.536321e-01, -4.305330e-02
	 3.204462e-01, -5.742697e-02
	 3.308574e-02,  4.682183e-01
	 2.898058e-02,  5.000000e-01
	 6.353254e-02,  4.763983e-01
	 7.124909e-02,  5.000000e-01
	-1.911693e-01, -3.829844e-01
	-1.935583e-01, -4.114873e-01
	-2.575242e-01, -3.909822e-01
	-2.310243e-01, -4.190371e-01
	-2.677175e-01,  1.524256e-01
	-2.707421e-01,  1.019120e-01
	-2.773913e-01,  1.607214e-01
	-3.267612e-01,  1.564009e-01
	-3.255963e-01,  1.582154e-01
	 1.695352e-01, -2.471864e-01
	 2.259496e-01, -3.051354e-01
	-3.486684e-01, -1.480906e-01
	-4.028567e-01, -1.784936e-01
	-3.516538e-01, -1.599607e-01
	 3.003784e-01,  8.468449e-02
	 2.900214e-01,  1.255956e-01
	 2.430321e-01,  9.222812e-02
	 2.418154e-01,  1.171864e-01
	 2.599806e-01,  1.336220e-01
	-2.787730e-01, -4.035600e-01
	-3.213733e-01, -4.018650e-01
	-2.695240e-01, -3.934716e-01
	-3.044610e-01, -3.464228e-01
	-3.222349e-01, -3.503670e-01
	-2.760666e-01,  4.511500e-03
	-2.406423e-01,  2.114591e-02
	-2.987869e-01,  4.176230e-02
	-2.612518e-01,  6.934662e-02
	-2.567831e-01,  6.644808e-02
	 4.485328e-01,  2.576543e-01
	 3.911887e-01,  2.085651e-01
	 3.970816e-01,  2.506561e-01
	-2.103819e-01,  5.000000e-01
	-1.611375e-01,  5.000000e-01
	 1.712868e-01,  1.363909e-01
	 1.794617e-01,  1.663278e-01
	 1.363999e-01,  1.199022e-01
	 1.596842e-01,  1.918813e-01
	 6.942234e-02,  3.146524e-01
	 3.136164e-02,  2.971585e-01
	 2.007533e-02,  3.664947e-01
	 1.977572e-02,  3.013403e-01
	 1.622553e-01,  2.005754e-01
	 1.464619e-01, -5.000000e-01
	 8.407207e-02, -5.000000e-01
	 9.445192e-02, -4.477528e-01
	 7.853506e-02, -4.829986e-01
	-7.839290e-02,  3.917930e-04
	-7.031507e-02, -2.790256e-02
	-8.948455e-02, -4.214789e-02
	-1.212684e-01, -2.905274e-02
	 1.680891e-01,  3.765247e-01
	 1.753081e-01,  3.895228e-01
	 4.760163e-01, -5.000000e-01
	-4.742257e-01,  4.825977e-01
	-5.000000e-01,  4.732219e-01
	-5.000000e-01,  4.333536e-01
	-5.184535e-02, -1.103594e-01
	-7.880293e-02, -9.320457e-02
	-1.179732e-02, -9.986780e-02
	-8.008546e-02, -9.016656e-02
	-1.267753e-01,  3.383897e-01
	-9.770680e-02,  3.204813e-01
	-1.297604e-01,  3.451217e-01
	-1.167898e-01,  3.898613e-01
	-1.039814e-01,  3.965440e-01
	-9.227770e-02,  3.947655e-01
	-6.358658e-02, -4.661585e-01
	-6.609810e-02, -5.000000e-01
	-1.372492e-01, -5.000000e-01
	-1.211801e-01, -4.618885e-01
	-9.026334e-02, -4.487421e-01
	 3.480255e-01,  1.121870e-01
	 3.449574e-01,  1.422569e-01
	 3.043934e-01,  1.493583e-01
	 3.291785e-01,  1.550955e-01
	-2.929980e-01, -3.349125e-01
	 3.949691e-01, -3.172104e-01
	 3.679187e-01, -3.316340e-01
	 3.953359e-01, -2.792370e-01
	 3.598454e-01, -2.773490e-01
	 3.844284e-01, -2.725647e-01
	 3.542852e-01, -3.267354e-01
	-1.710609e-01, -1.730437e-01
	-2.011505e-01, -1.655869e-01
	-2.075140e-01, -1.142083e-01
	-1.918563e-01, -9.718450e-02
	-1.480189e-01, -1.259115e-01
	-1.450187e-01, -1.357687e-01
	-1.845289e-01, -9.700067e-02
	 2.847096e-01,  4.491004e-01
	 3.366558e-01,  5.000000e-01
	 3.406072e-01,  4.808609e-01
	 3.174900e-01,  4.487440e-01
	 5.000000e-01,  1.656272e-01
	 5.000000e-01,  2.302481e-01
	 2.131314e-01, -2.183135e-02
	 1.935857e-01,  6.375293e-03
	 2.506707e-01, -1.344835e-02
	 2.205159e-01,  4.009670e-02
	 2.496629e-01,  2.960902e-02
	 2.520677e-01, -1.125813e-02
	 4.116964e-01, -1.073103e-02
	 3.985544e-01, -1.850454e-02
	 4.093837e-01,  2.071013e-02
	 3.746056e-01,  3.877575e-02
	 3.512810e-01,  1.029171e-02
	 3.616583e-01, -6.489580e-03
	-3.006237e-03,  2.077666e-01
	-3.101073e-02,  2.144191e-01
	-2.426942e-01, -3.378418e-02
	-2.167442e-01, -2.189729e-03
	-2.736643e-01, -2.712561e-02
	-2.212911e-01,  1.346509e-02
	-2.813356e-01, -1.071485e-02
	-3.771618e-01, -9.404574e-03
	-3.797489e-01,  3.579436e-02
	-3.674806e-01,  5.222743e-04
	-1.469999e-01, -5.789787e-02
	-1.508522e-01, -5.792103e-02
	-1.846030e-01, -2.534710e-02
	-1.845556e-01, -2.563672e-02
	 3.903805e-01,  5.000000e-01
	 3.825764e-01,  4.691338e-01
	 3.076219e-01,  2.931935e-01
	 2.860950e-01,  3.092862e-01
	 3.314802e-01,  3.560478e-01
	 3.437642e-01,  3.105396e-01
	 3.463091e-01,  3.155857e-01
	 1.425797e-01,  2.702776e-01
	 1.580379e-01,  3.079902e-01
	 9.664966e-02,  2.955625e-01
	 1.198655e-01,  3.257709e-01
	 1.550732e-01,  3.168561e-01
	-4.518606e-01,  3.807808e-01
	-5.000000e-01,  4.067305e-01
	 3.753487e-01,  1.514227e-01
	 3.889694e-01,  1.406908e-01
	 3.633970e-01,  1.017831e-01
	 3.868823e-01,  1.107039e-01
	-3.849597e-01, -3.176935e-01
	-3.470404e-01, -3.210658e-01
	-3.336212e-01, -3.458317e-01
	-3.846997e-01, -3.721035e-01
	-3.946348e-01, -3.533659e-01
	 2.166103e-01,  1.685119e-01
	 2.150751e-01,  1.671055e-01
	 2.138431e-01,  2.057761e-01
	 1.888142e-01,  2.202624e-01
	 1.088332e-01,  5.000000e-01
	 4.230130e-01, -1.552520e-01
	 4.329070e-01, -1.921735e-01
	 4.611899e-01, -1.931988e-01
	 2.430352e-02, -1.053333e-01
	 4.244350e-02, -7.212132e-02
	 4.561632e-02, -2.918462e-01
	 4.511674e-02, -2.679629e-01
	-5.000000e-01, -4.108823e-01
	-4.845089e-01, -4.054958e-01
	-5.000000e-01, -4.622045e-01
	-4.434993e-01, -4.225552e-01
	-4.389683e-01, -4.420293e-01
	-4.503544e-01, -4.603655e-01
	 2.209259e-01,  4.379916e-01
	 2.277692e-01,  4.058727e-01
	 3.002402e-01, -1.968511e-01
	-3.921410e-01,  1.157995e-01
	-4.091085e-01,  1.237233e-01
	-3.671500e-01,  1.510285e-01
	-3.980807e-01,  1.945738e-01
	-3.948445e-01,  1.939865e-01
	-4.007853e-01,  1.934292e-01
	-4.233499e-01,  1.575519e-01
	-2.430462e-01, -4.553073e-01
	-2.767819e-01, -4.518983e-01
	-5.000000e-01,  5.747276e-02
	-5.000000e-01,  1.087254e-01
	-4.762623e-01,  1.166021e-01
	-4.545271e-01,  1.045720e-01
	 4.395983e-01,  3.413897e-01
	 4.215780e-01,  3.198873e-01
	 3.841978e-01,  3.694294e-01
	 3.881700e-01,  3.311533e-01
	 4.065462e-01,  3.185216e-01
	 4.594005e-01,  2.668269e-01
	 4.606607e-01,  2.836816e-01
	 3.877858e-01,  2.624674e-01
	-4.154484e-01, -1.914435e-01
	-4.104107e-01, -1.895558e-01
	-4.298066e-01, -2.127197e-01
	-3.689134e-01, -2.568328e-01
	-3.712072e-01, -2.182297e-01
	 4.184129e-01,  7.349437e-02
	 4.281635e-01,  3.471697e-02
	 3.748481e-01,  5.136291e-02
	 3.173386e-01, -4.409866e-01
	 3.275454e-01, -4.234057e-01
	 3.254416e-01, -4.707560e-01
	 3.600177e-01, -4.208094e-01
	 7.176497e-03,  4.163052e-01
	-4.005416e-02,  4.136181e-01
	-9.853522e-03,  4.244999e-01
	-2.692886e-01,  2.082031e-01
	-2.812225e-01,  2.177660e-01
	-3.292820e-01,  1.906286e-01
	-8.231786e-02,  2.527744e-01
	-4.830808e-02,  2.724628e-01
	-1.118593e-01,  2.805631e-01
	 1.672269e-01, -6.017361e-02
	-2.360829e-01, -5.000000e-01
	-2.281596e-01, -4.720735e-01
	-2.803987e-01, -5.000000e-01
	-2.818829e-01, -4.556221e-01
	-5.020803e-02,  4.179417e-01
	-6.415198e-02,  4.595127e-01
	-1.112040e-01,  4.511133e-01
	-1.086115e-01,  4.552147e-01
	 1.241084e-01,  2.965344e-02
	 9.432470e-02,  1.947703e-02
	 1.261705e-01,  5.631354e-02
	 1.030279e-01,  8.552752e-02
	-2.148957e-01, -6.446138e-02
	-5.000000e-01,  2.433358e-01
	-4.732409e-01,  2.494358e-01
	-5.000000e-01,  2.049585e-01
	-4.530070e-01,  2.113489e-01
	-4.512214e-01,  2.298291e-01
	-4.335182e-01, -5.000000e-01
	-5.000000e-01, -5.000000e-01
	 3.344609e-01,  1.864658e-01
	 3.012630e-01,  2.055107e-01
	 3.583343e-01,  2.024239e-01
	 3.317582e-01,  2.392027e-01
	 3.056556e-01,  2.262551e-01
	-4.665457e-01, -7.602361e-02
	-4.123375e-01, -5.348782e-02
	-3.810756e-01,  3.891643e-01
	-3.960661e-01,  3.674460e-01
	-4.236291e-01,  3.615714e-01
	-4.516953e-01,  3.799080e-01
	 1.893399e-01, -3.622412e-01
	 1.550210e-01, -3.373783e-01
	-1.451143e-01, -3.675262e-01
	-1.049823e-01, -3.528473e-01
	-1.334059e-01, -3.991621e-01
	-8.990084e-02, -4.039281e-01
	-9.231003e-02, -4.072075e-01
	-1.009499e-01, -3.551969e-01
	 3.082462e-01, -4.847089e-01
	 3.088624e-01, -5.000000e-01
	 1.917181e-01,  2.500242e-01
	 4.595477e-01, -3.773758e-01
	 4.192611e-01, -3.314626e-01
	 4.140564e-01, -3.683414e-01
	 8.130610e-02, -1.752697e-01
	 3.854801e-02, -1.914219e-01
	 4.942723e-01,  3.575329e-01
	 4.718197e-01,  3.360133e-01
	-3.946114e-01, -3.917223e-01
	-3.869869e-01, -3.836624e-01
	-3.901185e-01, -4.494317e-01
	-3.891162e-01, -4.505505e-01
	-3.369851e-01, -4.316036e-01
	-3.353936e-01, -4.158314e-01
	 2.485771e-01,  2.508297e-01
	 2.826948e-01,  2.520267e-01
	 3.073813e-01,  2.841825e-01
	-2.702937e-01,  1.015056e-01
	-2.177375e-01,  1.209451e-01
	 3.413544e-01, -1.536597e-01
	 3.273060e-01, -1.451850e-01
	 3.705839e-01, -1.480067e-01
	 3.204093e-01, -9.965447e-02
	 3.762924e-01, -1.100050e-01
	-2.276093e-01, -2.301201e-01
	 3.937725e-01, -2.139974e-01
	 4.081544e-01, -2.131834e-01
	 3.844404e-01, -2.084496e-01
	 3.772449e-01, -1.546768e-01
	 4.422391e-01, -2.710172e-01
	 4.260584e-01,  4.788759e-01
	 4.228000e-01,  5.000000e-01
	 4.844203e-01,  5.000000e-01
	-4.593222e-01, -1.430933e-01
	-4.609598e-01, -1.516688e-01
	-1.331978e-01,  2.726557e-01
	-1.641302e-01,  2.891545e-01
	 3.607590e-01,  6.724299e-02
	-2.085776e-01, -2.425916e-01
	-2.909221e-01,  2.543856e-01
	-2.331128e-01,  2.065219e-01
	-2.188768e-01,  2.362918e-01
	-4.866052e-01, -3.414174e-01
	-5.000000e-01, -2.914418e-01
	-5.000000e-01, -3.423027e-01
	-3.241644e-01, -4.722068e-02
	-3.617103e-01, -5.835346e-02
	-3.227643e-01, -1.506199e-02
	-3.795347e-01, -3.918794e-02
	-3.373406e-01,  1.126303e-03
	-4.464436e-01,  2.023152e-01
	-4.236999e-01,  2.470445e-01
	-4.091506e-01,  2.418955e-01
	-1.631474e-01, -3.476616e-01
	 4.119286e-01,  9.839358e-02
	 2.720799e-01, -4.668493e-01
	 2.732929e-01, -4.490784e-01
	 2.053258e-01, -4.204966e-02
	-1.101965e-01,  1.241385e-01
	-1.153246e-01,  1.227830e-01
	-1.200120e-01,  1.707702e-01
	-1.472516e-01,  1.761060e-01
	-1.749749e-01,  1.497615e-01
	-1.662046e-01,  1.381804e-01
	 3.919202e-01,  4.294400e-01
	 3.901482e-01,  4.594295e-01
	-4.670509e-01,  1.553213e-01
	-5.000000e-01,  1.791021e-01
	-3.203264e-01,  4.398361e-02
	-1.415911e-02, -2.410567e-01
	 4.254610e-02, -2.153508e-01
	 2.092734e-02, -2.405535e-01
	 3.364055e-01,  4.202373e-01
	 3.537482e-01, -2.130985e-01
	 3.293897e-01, -1.924606e-01
	 5.000000e-01, -3.663278e-01
	 4.618680e-01, -3.800921e-01
	-3.518597e-01,  4.793677e-01
	-4.143022e-01,  5.000000e-01
	-3.421591e-01,  5.000000e-01
	 3.399570e-01, -2.664304e-01
	 3.339250e-01, -2.487175e-01
	 4.192970e-01,  7.526151e-02
	 3.093861e-01, -3.899762e-01
	 4.104014e-01, -3.704177e-01
	 4.005569e-01, -4.094730e-01
	 4.114388e-01, -4.229368e-01
	-1.033462e-01, -1.461835e-01
	-4.837517e-02, -1.562990e-01
	-9.666877e-02, -1.555850e-01
	 3.780183e-01,  2.013065e-01
	 3.347549e-01,  2.492303e-01
	 3.688014e-01,  2.674612e-01
	 3.334884e-01,  4.095931e-01
	 3.492486e-01,  3.727852e-01
	-1.592212e-01, -3.600977e-01
	-1.308375e-01,  2.261951e-01
	 4.431497e-01, -2.600905e-01
	-4.694931e-01,  5.000000e-01
	-2.985228e-03, -1.072378e-01
	-1.033606e-01, -2.022466e-01
	-1.174440e-01, -2.057770e-01
	-1.672897e-01, -1.815900e-01
	 1.640610e-01,  6.642513e-02
	 1.762486e-01,  5.275231e-02
	 1.670132e-01,  8.828247e-02
	 1.956230e-01,  1.034098e-01
	 2.207715e-01,  8.078080e-02
	 2.132365e-01,  5.435694e-02
	-1.642517e-01,  2.173181e-01
	-1.534893e-01,  2.154382e-01
	 5.000000e-01,  3.570514e-01
	-3.885606e-01, -4.635673e-01
	-4.237756e-01, -5.000000e-01
	-3.878008e-01,  1.055314e-01
	 2.139415e-01, -3.548323e-01
	 2.305639e-01, -3.123292e-01
	 2.930666e-01, -3.006402e-01
	 3.433095e-01, -3.310720e-01
	 3.284476e-01, -3.649287e-01
	 2.757590e-01, -3.162107e-01
	 2.825326e-01, -3.494706e-01
	 3.144126e-01, -3.723868e-01
	-3.381925e-01, -2.902328e-01
	-3.261967e-01, -2.402840e-01
	-3.660542e-01, -2.575928e-01
	 7.053087e-02, -3.436537e-01
	 4.243778e-02, -2.966313e-01
	 7.964506e-02, -2.447539e-02
	 4.027213e-02,  2.706915e-03
	 8.343727e-02, -2.435383e-02
	 3.672966e-02, -5.499393e-02
	-1.602556e-01, -4.317307e-01
	-1.742606e-01, -4.331832e-01
	-3.105248e-01,  2.654339e-01
	-3.191590e-01,  2.852916e-01
	-3.488589e-01,  2.298753e-01
	-3.797649e-01,  2.672985e-01
	-3.802165e-01,  2.626548e-01
	-3.426173e-01,  2.977520e-01
	-2.162860e-01,  4.273571e-01
	-2.436079e-01,  4.354873e-01
	-2.346249e-01,  3.694046e-01
	-2.360734e-01,  3.686012e-01
	 4.215907e-02, -4.263308e-01
	-3.509333e-01,  2.122220e-01
	-2.293762e-01, -6.156571e-02
	 3.691787e-01, -4.098952e-01
	 3.807705e-01, -3.636003e-01
	 3.640843e-01, -3.795021e-01
	-4.533490e-01,  1.641052e-01
	-3.578175e-01, -5.000000e-01
	 3.085232e-01,  3.247314e-03
	 3.129323e-01, -5.141218e-02
	 2.673757e-01, -5.707811e-02
	-2.857625e-02,  2.603811e-01
	 5.060500e-02,  2.115882e-01
	 3.107480e-02,  2.377352e-01
	 4.584808e-02,  2.616056e-01
	-2.483046e-01, -1.189689e-01
	 4.594752e-01,  2.352717e-02
	-1.833747e-01,  2.379571e-01
	 2.444591e-01,  2.177255e-01
	-3.367215e-01, -5.000000e-01
	-3.186176e-01, -4.566753e-01
	-4.591266e-01, -3.703958e-01
	-4.571485e-01, -3.701675e-01
	-4.348233e-01, -3.387533e-01
	 5.000000e-01, -2.219303e-01
	 4.838629e-01, -2.187902e-01
	-3.361870e-01, -1.953906e-01
	-1.917177e-01, -4.686285e-01
	-1.705721e-01, -5.000000e-01
	 2.207865e-01,  3.381557e-01
	 2.936132e-01, -2.986079e-01
	-2.498598e-02,  4.830081e-01
	-2.695403e-03,  4.623011e-01
	-5.977933e-02,  4.669204e-01
	-4.281395e-01, -3.976446e-01
	-2.249644e-02,  5.000000e-01
	-7.352081e-02,  5.000000e-01
	-1.269553e-02,  2.624164e-01
	-1.228313e-01,  5.000000e-01
	-5.357873e-02,  4.285176e-02
	-3.915639e-02,  7.962097e-02
	-9.157009e-02,  8.657185e-02
	-4.402729e-02,  8.860545e-02
	-5.000000e-01, -1.106863e-01
	-4.845293e-01, -1.097880e-01
	-3.175482e-01, -9.664989e-02
	-3.095657e-01, -5.928504e-02
	 3.998214e-03, -3.396431e-01
	-1.716773e-02, -2.793979e-01
	 3.211208e-02, -2.992576e-01
	 5.000000e-01,  2.414072e-01
	 5.000000e-01,  3.029718e-01
	 4.758463e-01,  2.998563e-01
	-8.087431e-02, -3.030257e-01
	 1.752150e-01,  3.587359e-01
	-6.413514e-02, -2.572094e-01
	-2.484423e-02, -2.575079e-01
	 2.703362e-01,  1.844640e-01
	-4.698231e-02,  2.672093e-02
	 5.000000e-01,  5.000000e-01
	 2.687280e-01,  1.844183e-01
	 2.557555e-01,  1.713103e-01
	-2.175002e-02,  1.426462e-02
	 1.920011e-02, -3.685294e-01
	-2.395943e-02, -4.013262e-01
	 2.408143e-02, -3.699441e-01
	 4.764302e-02, -4.042606e-01
	 1.969020e-01,  1.178673e-01
	 2.149165e-01,  1.297376e-01
	-8.756904e-02, -2.124988e-01
	-3.027643e-01, -1.089725e-01
	-2.637001e-01, -9.423198e-02
	-2.633355e-01, -9.081258e-02
	-2.910432e-01, -5.737719e-02
	 3.898598e-01, -5.296710e-02
	 2.797154e-02,  1.117627e-01
	-3.903393e-02,  1.189760e-01
	-1.769403e-01, -2.271958e-01
	-1.437895e-01, -2.453882e-01
	-3.667835e-01,  3.313924e-01
	-3.555133e-01,  3.286465e-01
	-3.217978e-01, -2.028080e-01
	-2.244843e-01,  5.000000e-01
	-2.538548e-01,  4.742765e-01
	-2.758403e-01,  4.825109e-01
	-2.763942e-01,  5.000000e-01
	-7.785276e-02, -2.474633e-01
	 3.872000e-02,  4.341866e-01
	 3.107490e-02,  4.653868e-01
	 1.482931e-02,  2.353674e-01
	 4.380869e-01, -6.681176e-02
	 4.213085e-01, -7.295087e-02
	-7.726948e-02,  1.397390e-01
	 4.101306e-01, -1.026967e-01
	-5.000000e-01,  5.000000e-01
	 5.000000e-01, -5.000000e-01
	-1.097996e-01,  1.240141e-01
	-1.822236e-01,  3.586951e-01
	-2.480871e-01,  3.209775e-01
	-1.844457e-01,  3.624909e-01
	-2.984846e-01,  4.678568e-01
	 1.502161e-01,  4.575748e-03
	 1.694519e-01,  1.229376e-02
	-3.336251e-01,  5.000000e-01
	-2.833300e-01,  3.265401e-01
	-3.979445e-02, -3.903346e-01
	-3.046380e-01, -1.398465e-01
	-1.236449e-01, -8.553914e-02
	-8.339053e-02, -8.774945e-02
Mesh Facets: 1267
	8, 6
	31, 32
	76, 75
	82, 78
	82, 81
	96, 82
	109, 108
	19, 22
	120, 121
	139, 137
	37, 35
	175, 173
	116, 115
	185, 183
	68, 69
	200, 203
	100, 99
	61, 62
	245, 246
	154, 156
	273, 274
	261, 265
	288, 286
	10, 9
	157, 153
	43, 45
	302, 301
	249, 247
	189, 188
	340, 342
	52, 53
	104, 107
	315, 311
	305, 306
	210, 211
	3, 4
	132, 131
	229, 231
	375, 376
	152, 153
	299, 153
	193, 195
	164, 163
	154, 152
	154, 266
	380, 152
	386, 387
	179, 178
	282, 281
	166, 35
	35, 34
	29, 30
	396, 245
	287, 291
	245, 244
	91, 90
	399, 398
	124, 123
	196, 197
	411, 412
	357, 358
	364, 365
	48, 52
	345, 52
	119, 121
	121, 434
	438, 437
	129, 128
	140, 142
	147, 151
	368, 367
	44, 46
	285, 282
	282, 393
	434, 435
	434, 465
	84, 83
	267, 268
	90, 89
	399, 90
	478, 399
	416, 415
	378, 380
	380, 385
	31, 29
	492, 31
	29, 34
	34, 36
	79, 77
	352, 305
	331, 329
	305, 247
	247, 248
	320, 318
	307, 249
	249, 252
	502, 500
	30, 33
	395, 30
	316, 314
	66, 67
	345, 346
	364, 345
	362, 364
	42, 40
	518, 519
	17, 20
	526, 523
	372, 374
	102, 101
	447, 448
	243, 241
	383, 193
	193, 194
	349, 351
	197, 198
	197, 405
	190, 189
	189, 333
	237, 236
	552, 554
	517, 516
	409, 408
	168, 167
	462, 464
	429, 432
	567, 565
	502, 505
	570, 571
	571, 502
	216, 214
	303, 304
	89, 94
	89, 477
	182, 115
	114, 115
	101, 100
	101, 532
	74, 72
	100, 220
	540, 243
	243, 246
	246, 592
	472, 473
	206, 209
	270, 272
	321, 322
	280, 279
	20, 21
	20, 522
	205, 207
	468, 467
	408, 407
	228, 226
	558, 408
	262, 260
	371, 370
	315, 352
	315, 313
	329, 330
	352, 329
	336, 334
	12, 15
	328, 327
	493, 494
	270, 595
	270, 271
	422, 420
	110, 111
	624, 625
	213, 211
	211, 355
	531, 530
	405, 550
	404, 405
	357, 4
	357, 415
	415, 481
	5, 4
	49, 47
	11, 12
	12, 617
	257, 258
	545, 546
	219, 218
	637, 636
	458, 460
	512, 514
	568, 569
	51, 50
	59, 58
	204, 203
	203, 411
	411, 410
	482, 480
	133, 134
	366, 363
	485, 486
	602, 606
	138, 136
	25, 28
	191, 190
	190, 551
	623, 110
	110, 19
	19, 18
	519, 660
	520, 519
	370, 610
	370, 369
	104, 348
	104, 103
	277, 280
	598, 280
	436, 435
	435, 466
	658, 657
	620, 621
	612, 614
	288, 289
	668, 288
	93, 92
	671, 672
	620, 618
	620, 666
	424, 423
	482, 481
	482, 647
	481, 630
	537, 535
	539, 538
	649, 25
	25, 24
	289, 669
	289, 290
	594, 596
	401, 400
	374, 373
	374, 529
	574, 575
	84, 88
	84, 469
	585, 586
	59, 55
	646, 59
	150, 149
	628, 550
	550, 548
	622, 422
	618, 619
	424, 618
	422, 424
	507, 506
	119, 433
	87, 86
	119, 118
	92, 91
	91, 397
	691, 671
	92, 671
	178, 180
	135, 137
	386, 178
	137, 386
	279, 278
	320, 321
	320, 496
	321, 279
	48, 419
	13, 11
	11, 47
	47, 48
	680, 682
	426, 431
	499, 252
	252, 251
	664, 663
	224, 221
	654, 655
	131, 133
	131, 373
	683, 373
	480, 479
	133, 480
	21, 22
	599, 21
	22, 108
	108, 704
	505, 504
	603, 604
	706, 570
	570, 505
	459, 46
	46, 41
	106, 105
	309, 306
	583, 584
	306, 353
	347, 349
	545, 633
	545, 349
	225, 223
	16, 14
	591, 540
	648, 649
	649, 538
	538, 540
	307, 308
	307, 498
	113, 112
	172, 168
	168, 561
	318, 497
	721, 723
	239, 240
	317, 318
	343, 344
	688, 585
	587, 585
	63, 64
	389, 388
	199, 201
	546, 547
	727, 729
	632, 546
	138, 648
	138, 139
	591, 592
	592, 139
	648, 591
	518, 42
	301, 518
	42, 43
	43, 301
	464, 564
	464, 463
	453, 454
	678, 677
	692, 278
	278, 276
	400, 681
	400, 402
	515, 510
	520, 659
	521, 520
	744, 706
	705, 706
	685, 529
	470, 471
	526, 525
	526, 529
	441, 444
	151, 452
	151, 150
	150, 548
	548, 549
	668, 669
	274, 668
	272, 274
	594, 272
	669, 594
	331, 248
	332, 331
	322, 319
	597, 322
	250, 248
	155, 156
	269, 156
	326, 325
	428, 427
	445, 447
	447, 536
	177, 176
	702, 224
	634, 633
	224, 225
	225, 633
	490, 491
	205, 607
	206, 205
	593, 206
	554, 555
	554, 756
	219, 217
	635, 219
	78, 761
	78, 77
	495, 77
	444, 443
	444, 745
	2, 0
	534, 531
	531, 355
	355, 356
	413, 412
	726, 725
	412, 765
	241, 541
	241, 242
	678, 740
	678, 679
	27, 26
	182, 583
	181, 182
	583, 708
	207, 208
	207, 468
	85, 83
	468, 83
	576, 575
	609, 608
	684, 575
	517, 555
	362, 517
	606, 363
	363, 362
	605, 606
	555, 757
	673, 674
	310, 312
	136, 28
	136, 135
	181, 180
	181, 27
	27, 28
	135, 180
	544, 543
	556, 557
	759, 760
	602, 486
	602, 601
	487, 486
	389, 387
	387, 200
	199, 389
	199, 200
	269, 751
	268, 269
	382, 381
	474, 268
	773, 772
	770, 768
	195, 384
	195, 198
	198, 549
	748, 549
	559, 558
	376, 231
	376, 775
	228, 231
	558, 228
	283, 284
	303, 577
	303, 302
	780, 302
	215, 212
	639, 638
	627, 626
	780, 781
	75, 780
	73, 75
	619, 494
	494, 495
	690, 619
	495, 762
	161, 162
	541, 539
	539, 676
	715, 712
	742, 740
	740, 541
	788, 787
	527, 528
	55, 54
	55, 586
	160, 158
	590, 586
	476, 475
	165, 166
	166, 394
	707, 41
	509, 510
	41, 40
	40, 521
	521, 510
	162, 160
	162, 785
	790, 160
	215, 639
	215, 216
	641, 639
	216, 578
	417, 418
	573, 572
	530, 532
	532, 72
	627, 530
	73, 627
	73, 72
	390, 281
	283, 776
	281, 283
	741, 742
	421, 425
	742, 712
	712, 711
	525, 471
	471, 469
	469, 687
	524, 525
	109, 111
	796, 109
	625, 111
	625, 796
	417, 358
	794, 417
	361, 358
	423, 425
	425, 711
	673, 423
	767, 673
	710, 711
	171, 170
	776, 777
	795, 776
	589, 587
	587, 725
	413, 725
	414, 413
	737, 201
	201, 202
	359, 360
	699, 700
	681, 276
	682, 681
	693, 682
	276, 275
	782, 783
	788, 789
	704, 788
	599, 704
	599, 600
	698, 699
	379, 377
	699, 804
	459, 105
	105, 103
	460, 642
	460, 459
	103, 661
	756, 757
	756, 744
	604, 605
	604, 705
	605, 757
	744, 705
	562, 563
	300, 299
	698, 696
	379, 698
	299, 379
	450, 446
	335, 337
	145, 141
	170, 169
	170, 777
	777, 779
	695, 694
	667, 666
	666, 674
	312, 316
	674, 312
	508, 316
	730, 732
	294, 292
	6, 7
	6, 478
	478, 477
	477, 582
	717, 718
	534, 533
	534, 763
	126, 125
	171, 799
	171, 172
	172, 722
	641, 578
	458, 641
	45, 304
	45, 44
	44, 458
	578, 304
	822, 819
	214, 577
	214, 213
	626, 781
	781, 577
	213, 626
	803, 802
	719, 112
	112, 117
	144, 143
	297, 157
	157, 155
	749, 155
	800, 802
	720, 719
	719, 802
	784, 786
	566, 569
	296, 293
	569, 644
	56, 57
	815, 694
	694, 693
	693, 806
	544, 769
	542, 544
	433, 436
	87, 433
	436, 665
	88, 87
	686, 88
	143, 749
	143, 142
	142, 451
	749, 750
	811, 446
	445, 177
	446, 445
	174, 177
	579, 94
	94, 95
	233, 232
	67, 508
	67, 71
	667, 508
	612, 667
	613, 612
	113, 308
	308, 309
	584, 114
	114, 113
	584, 309
	813, 141
	146, 147
	147, 140
	141, 140
	715, 676
	715, 714
	24, 23
	676, 24
	9, 295
	9, 7
	582, 581
	582, 7
	388, 737
	388, 179
	116, 179
	116, 117
	737, 803
	803, 117
	273, 271
	761, 273
	762, 761
	690, 762
	690, 622
	622, 271
	194, 196
	194, 543
	409, 196
	409, 556
	556, 543
	824, 825
	339, 341
	39, 38
	805, 804
	378, 489
	378, 377
	804, 377
	106, 707
	106, 107
	707, 509
	509, 511
	350, 107
	291, 290
	291, 244
	290, 679
	242, 679
	244, 242
	263, 262
	262, 611
	221, 655
	222, 221
	656, 655
	616, 334
	811, 828
	334, 335
	335, 811
	663, 251
	663, 598
	598, 597
	250, 597
	250, 251
	536, 753
	536, 535
	184, 187
	535, 675
	333, 332
	237, 333
	237, 240
	319, 332
	319, 317
	317, 240
	691, 397
	831, 691
	398, 831
	398, 397
	15, 14
	328, 15
	818, 717
	323, 328
	14, 717
	286, 832
	832, 396
	287, 286
	287, 396
	234, 233
	93, 670
	93, 95
	95, 233
	651, 653
	148, 146
	146, 829
	487, 483
	487, 760
	217, 99
	217, 760
	98, 99
	506, 118
	506, 33
	32, 33
	32, 120
	120, 118
	185, 186
	437, 185
	129, 437
	129, 130
	687, 524
	687, 686
	686, 665
	665, 657
	657, 18
	17, 524
	18, 17
	739, 564
	809, 808
	752, 428
	564, 429
	429, 428
	254, 256
	736, 735
	37, 164
	38, 37
	542, 824
	542, 383
	824, 38
	164, 383
	499, 498
	664, 499
	785, 793
	664, 662
	786, 785
	786, 720
	498, 720
	62, 235
	821, 820
	63, 734
	63, 62
	402, 692
	402, 123
	123, 122
	724, 497
	496, 692
	497, 496
	733, 734
	820, 819
	819, 375
	375, 229
	734, 820
	229, 230
	834, 836
	226, 407
	227, 226
	407, 406
	2, 443
	3, 2
	701, 700
	359, 3
	700, 359
	443, 442
	485, 366
	485, 484
	716, 16
	16, 13
	419, 365
	419, 13
	366, 365
	297, 298
	144, 297
	144, 145
	812, 145
	773, 770
	775, 773
	775, 559
	557, 559
	770, 557
	96, 97
	173, 96
	174, 827
	174, 173
	130, 186
	186, 187
	647, 134
	675, 647
	134, 130
	187, 675
	560, 562
	562, 696
	697, 696
	821, 837
	821, 822
	840, 822
	750, 826
	750, 751
	384, 382
	774, 384
	751, 382
	336, 615
	338, 336
	192, 69
	746, 747
	70, 69
	348, 610
	348, 347
	347, 223
	610, 611
	223, 222
	611, 222
	438, 128
	787, 438
	372, 527
	527, 787
	128, 132
	132, 372
	728, 732
	60, 65
	732, 817
	159, 158
	158, 590
	588, 590
	837, 840
	837, 235
	670, 672
	670, 234
	672, 840
	234, 235
	65, 841
	65, 64
	64, 736
	736, 835
	729, 731
	729, 738
	513, 512
	645, 512
	794, 797
	573, 794
	755, 607
	576, 573
	608, 576
	607, 608
	528, 523
	528, 789
	522, 523
	522, 600
	600, 789
	838, 839
	236, 238
	236, 551
	440, 439
	650, 551
	826, 774
	826, 451
	748, 774
	748, 452
	452, 451
	210, 212
	210, 354
	782, 807
	782, 212
	294, 816
	294, 295
	581, 580
	295, 581
	167, 169
	167, 563
	169, 812
	298, 300
	298, 812
	563, 300
	432, 430
	432, 462
	462, 461
	449, 448
	1, 5
	5, 630
	537, 448
	630, 537
	220, 74
	220, 218
	76, 74
	636, 76
	636, 218
	404, 406
	404, 629
	834, 406
	834, 254
	253, 254
	701, 442
	442, 440
	697, 701
	839, 697
	839, 440
	361, 360
	798, 361
	489, 488
	489, 805
	360, 805
	204, 202
	204, 410
	588, 842
	589, 588
	414, 589
	202, 801
	410, 414
	491, 385
	385, 266
	266, 267
	472, 593
	472, 267
	593, 491
	479, 683
	479, 416
	574, 683
	574, 572
	418, 416
	418, 572
	463, 454
	285, 463
	259, 261
	454, 456
	261, 285
	684, 685
	684, 609
	685, 470
	609, 467
	467, 470
	735, 836
	735, 733
	733, 230
	227, 836
	230, 227
	767, 710
	310, 767
	311, 310
	709, 353
	311, 353
	710, 713
	615, 613
	70, 615
	70, 71
	613, 71
	739, 809
	739, 453
	809, 810
	453, 455
	79, 493
	493, 621
	830, 616
	80, 79
	614, 616
	621, 614
	457, 455
	455, 810
	638, 783
	638, 640
	783, 810
	238, 838
	238, 239
	560, 838
	561, 560
	723, 561
	239, 723
	680, 431
	401, 680
	403, 401
	430, 431
	430, 844
	726, 764
	516, 346
	516, 553
	344, 726
	344, 346
	277, 662
	275, 277
	793, 792
	823, 806
	806, 275
	662, 793
	754, 634
	634, 258
	255, 258
	426, 695
	427, 426
	327, 326
	327, 617
	695, 814
	631, 617
	427, 326
	391, 390
	795, 390
	795, 799
	799, 125
	127, 125
	66, 314
	66, 68
	188, 68
	188, 330
	314, 313
	330, 313
	533, 718
	718, 716
	484, 483
	716, 484
	98, 483
	98, 102
	102, 533
	747, 192
	441, 747
	650, 439
	191, 650
	441, 439
	192, 191
	124, 403
	127, 124
	392, 391
	391, 127
	403, 845
	474, 475
	474, 381
	381, 163
	163, 165
	165, 475
	338, 746
	338, 337
	745, 0
	746, 745
	449, 450
	1, 449
	0, 1
	450, 337
	394, 395
	395, 507
	507, 86
	86, 85
	85, 766
	791, 394
	339, 825
	340, 339
	768, 772
	768, 769
	772, 340
	825, 769
	765, 764
	765, 552
	553, 552
	553, 764
	644, 293
	645, 644
	292, 730
	293, 292
	731, 645
	730, 731
	703, 702
	754, 255
	702, 754
	253, 629
	255, 253
	628, 689
	628, 629
	209, 208
	209, 473
	791, 766
	791, 476
	766, 208
	473, 476
	514, 643
	514, 515
	743, 515
	743, 659
	659, 660
	567, 568
	660, 567
	643, 743
	643, 568
	323, 818
	323, 324
	843, 354
	818, 763
	763, 356
	356, 354
	343, 53
	343, 688
	51, 646
	51, 53
	688, 646
	624, 623
	465, 624
	465, 466
	658, 466
	623, 658
	845, 844
	845, 392
	393, 461
	393, 392
	844, 461
	779, 813
	779, 778
	833, 829
	829, 813
	635, 758
	637, 635
	500, 637
	501, 500
	148, 653
	149, 148
	703, 689
	689, 149
	654, 703
	653, 654
	175, 176
	183, 175
	184, 183
	753, 176
	753, 184
	801, 800
	801, 842
	784, 161
	784, 800
	159, 842
	159, 161
	503, 501
	758, 501
	758, 759
	771, 759
	722, 721
	722, 126
	721, 724
	122, 126
	122, 724
	601, 603
	603, 504
	503, 771
	504, 503
	771, 601
	741, 677
	741, 421
	421, 420
	595, 596
	420, 595
	677, 596
	10, 296
	8, 10
	565, 8
	566, 565
	566, 296
	61, 60
	60, 817
	232, 61
	816, 817
	816, 580
	232, 579
	580, 579
	36, 39
	492, 36
	342, 341
	342, 492
	39, 341
	257, 632
	257, 256
	728, 841
	728, 727
	835, 256
	727, 632
	841, 835
	23, 714
	23, 26
	709, 713
	708, 709
	713, 714
	26, 708
	56, 54
	56, 823
	823, 792
	790, 54
	790, 792
	80, 81
	80, 830
	97, 827
	97, 81
	830, 828
	828, 827
	755, 797
	797, 798
	490, 755
	490, 488
	798, 488
	264, 263
	652, 656
	263, 656
	456, 368
	368, 371
	371, 260
	260, 259
	259, 456
	50, 49
	50, 58
	631, 814
	631, 49
	815, 57
	814, 815
	57, 58
	264, 652
	264, 265
	833, 778
	778, 284
	284, 265
	652, 651
	651, 833
	325, 752
	325, 324
	807, 843
	807, 808
	808, 752
	324, 843
	350, 351
	350, 511
	738, 513
	738, 547
	511, 513
	547, 351
	457, 640
	367, 457
	369, 367
	369, 661
	642, 640
	642, 661
Facet Neighbors: 1267
	-1, 1
	-4, 5
	-1, 12
	-2, 13
	13, 16
	-2, 16
	-2, 19
	3, 19
	-4, 21
	-3, 24
	6, 29
	-2, 31
	20, 32
	-2, 33
	11, 34
	-3, 36
	17, 39
	10, 42
	-3, 44
	27, 48
	-2, 49
	47, 51
	-2, 52
	1, 53
	27, 54
	7, 55
	-1, 55
	45, 56
	34, 60
	-4, 62
	8, 63
	18, 64
	57, 65
	56, 65
	38, 66
	0, 67
	23, 70
	41, 71
	-4, 71
	27, 72
	54, 72
	35, 73
	29, 73
	27, 74
	48, 74
	72, 74
	-3, 75
	32, 75
	51, 76
	29, 77
	6, 77
	5, 77
	-3, 78
	52, 78
	44, 78
	15, 79
	-1, 79
	22, 80
	35, 81
	-3, 82
	67, 83
	68, 84
	8, 84
	63, 84
	21, 87
	-4, 87
	-2, 88
	23, 88
	25, 91
	26, 91
	69, 92
	7, 93
	51, 94
	76, 94
	87, 95
	-4, 95
	14, 96
	48, 97
	15, 98
	79, 98
	-1, 98
	83, 99
	72, 101
	74, 101
	5, 102
	-4, 102
	77, 102
	6, 102
	13, 103
	65, 104
	60, 104
	56, 104
	45, 104
	58, 105
	56, 106
	45, 106
	-1, 107
	5, 108
	77, 108
	57, 109
	11, 109
	63, 111
	84, 111
	68, 111
	7, 112
	-1, 112
	3, 113
	113, 114
	70, 114
	17, 115
	90, 116
	44, 117
	73, 118
	35, 118
	64, 119
	35, 120
	81, 120
	34, 121
	60, 121
	43, 121
	-3, 122
	111, 122
	81, 123
	30, 124
	94, 125
	86, 125
	-1, 126
	107, 127
	-3, 127
	-1, 127
	38, 129
	55, 129
	15, 130
	98, 130
	32, 131
	20, 131
	17, 132
	115, 132
	12, 132
	39, 132
	117, 134
	44, 134
	-3, 134
	97, 135
	37, 135
	49, 136
	58, 137
	50, 137
	3, 138
	113, 138
	37, 140
	96, 140
	81, 141
	41, 141
	123, 141
	47, 142
	69, 142
	65, 143
	57, 143
	60, 143
	104, 143
	61, 144
	2, 145
	59, 145
	103, 146
	136, 147
	49, 147
	85, 147
	19, 148
	-4, 148
	38, 149
	66, 149
	115, 149
	120, 150
	81, 150
	67, 151
	83, 151
	99, 151
	0, 151
	8, 152
	2, 152
	145, 152
	46, 153
	119, 153
	39, 154
	-1, 154
	93, 155
	110, 156
	126, 156
	8, 157
	9, 157
	36, 158
	-3, 158
	82, 158
	99, 159
	23, 159
	68, 160
	100, 160
	139, 160
	24, 161
	4, 161
	34, 162
	121, 162
	148, 164
	19, 164
	3, 164
	-1, 165
	112, 165
	142, 166
	69, 166
	64, 166
	18, 166
	50, 167
	137, 167
	87, 168
	95, 168
	164, 168
	146, 169
	144, 169
	52, 170
	-2, 170
	15, 171
	-4, 171
	146, 172
	169, 172
	85, 172
	99, 173
	159, 173
	151, 173
	116, 173
	117, 174
	161, 174
	4, 174
	170, 175
	52, 175
	136, 175
	80, 176
	70, 177
	114, 177
	128, 177
	14, 178
	96, 178
	133, 179
	9, 179
	157, 179
	26, 180
	150, 180
	120, 180
	147, 181
	146, 181
	172, 181
	85, 181
	108, 182
	87, 182
	14, 182
	21, 182
	15, 183
	79, 183
	-4, 183
	171, 183
	32, 184
	24, 184
	75, 184
	-3, 184
	50, 185
	58, 185
	105, 185
	137, 185
	84, 186
	2, 186
	152, 186
	8, 186
	176, 187
	86, 187
	106, 188
	45, 188
	167, 188
	40, 190
	163, 190
	23, 191
	70, 191
	177, 191
	99, 191
	159, 191
	3, 192
	138, 192
	19, 192
	-2, 192
	107, 193
	139, 193
	-3, 193
	127, 193
	93, 194
	7, 194
	18, 194
	56, 195
	131, 195
	65, 195
	64, 196
	153, 196
	119, 196
	40, 196
	2, 198
	134, 199
	161, 199
	174, 199
	117, 199
	56, 200
	106, 200
	20, 200
	30, 201
	124, 201
	105, 202
	201, 202
	43, 202
	58, 202
	63, 203
	179, 203
	133, 203
	10, 205
	75, 206
	36, 206
	119, 207
	204, 207
	153, 207
	161, 208
	24, 208
	134, 208
	-3, 208
	199, 208
	112, 209
	-1, 209
	7, 209
	55, 209
	125, 210
	94, 210
	92, 210
	175, 211
	185, 212
	50, 212
	176, 212
	80, 212
	110, 213
	165, 213
	112, 213
	-3, 214
	193, 214
	177, 215
	96, 215
	113, 215
	114, 215
	89, 216
	91, 217
	26, 217
	180, 217
	120, 217
	170, 218
	-2, 218
	49, 218
	136, 218
	175, 218
	104, 219
	60, 219
	58, 219
	137, 219
	45, 219
	27, 220
	48, 220
	59, 221
	86, 221
	90, 222
	116, 222
	31, 222
	190, 223
	153, 223
	40, 223
	196, 223
	101, 224
	140, 224
	37, 224
	135, 224
	122, 225
	-3, 225
	39, 226
	154, 226
	-2, 227
	13, 227
	103, 227
	89, 228
	216, 228
	0, 228
	115, 229
	149, 229
	66, 229
	82, 230
	203, 230
	-3, 230
	117, 231
	44, 231
	211, 231
	175, 231
	4, 232
	131, 232
	32, 232
	195, 232
	37, 233
	140, 233
	14, 233
	96, 233
	128, 234
	140, 234
	177, 234
	122, 235
	111, 235
	160, 235
	68, 235
	139, 235
	225, 235
	172, 236
	57, 236
	161, 237
	24, 237
	32, 237
	232, 237
	4, 237
	184, 237
	118, 238
	123, 238
	226, 239
	160, 239
	139, 239
	100, 239
	75, 240
	-3, 240
	206, 240
	36, 240
	220, 241
	48, 241
	73, 241
	97, 241
	-4, 242
	238, 242
	73, 243
	35, 243
	120, 243
	217, 243
	123, 244
	71, 244
	-4, 244
	41, 244
	141, 244
	51, 245
	129, 246
	55, 246
	-1, 246
	38, 247
	155, 247
	149, 248
	246, 248
	-1, 248
	12, 248
	146, 249
	103, 249
	181, 249
	227, 249
	28, 250
	117, 251
	174, 251
	197, 251
	211, 251
	231, 251
	-2, 252
	114, 252
	9, 253
	179, 253
	28, 253
	133, 253
	97, 254
	29, 254
	77, 254
	194, 255
	110, 255
	7, 255
	112, 255
	213, 255
	28, 256
	250, 256
	253, 256
	247, 257
	38, 257
	155, 257
	129, 257
	83, 258
	128, 258
	115, 259
	132, 259
	149, 259
	248, 259
	12, 259
	76, 260
	245, 260
	51, 260
	211, 261
	85, 261
	251, 261
	197, 261
	215, 262
	96, 262
	178, 262
	113, 262
	19, 263
	-2, 263
	148, 263
	-4, 263
	83, 264
	258, 264
	67, 264
	85, 265
	261, 265
	172, 265
	236, 265
	197, 265
	30, 266
	245, 266
	260, 266
	133, 267
	203, 267
	230, 267
	82, 267
	206, 268
	36, 268
	67, 269
	189, 269
	212, 270
	176, 270
	187, 270
	50, 270
	247, 271
	252, 272
	-2, 272
	192, 272
	138, 272
	189, 273
	72, 273
	269, 273
	194, 274
	18, 274
	155, 274
	93, 274
	166, 274
	225, 275
	-3, 275
	139, 275
	193, 275
	235, 275
	214, 275
	124, 276
	54, 276
	189, 276
	273, 276
	72, 276
	90, 277
	61, 277
	25, 278
	30, 278
	266, 278
	245, 278
	187, 279
	169, 280
	172, 280
	57, 280
	236, 280
	109, 280
	204, 281
	53, 281
	1, 282
	-1, 282
	98, 282
	130, 282
	198, 283
	115, 283
	229, 283
	22, 284
	266, 284
	30, 284
	201, 284
	257, 285
	155, 285
	55, 285
	7, 285
	93, 285
	129, 285
	-4, 286
	129, 287
	38, 287
	248, 287
	246, 287
	149, 287
	268, 288
	200, 288
	20, 288
	25, 289
	54, 289
	27, 289
	220, 289
	268, 290
	200, 290
	288, 290
	250, 290
	126, 291
	53, 291
	156, 291
	9, 292
	279, 292
	187, 292
	270, 292
	238, 293
	118, 293
	87, 294
	182, 294
	168, 294
	14, 294
	178, 294
	289, 295
	25, 295
	91, 295
	220, 295
	277, 296
	222, 296
	90, 296
	31, 296
	130, 297
	15, 297
	42, 297
	109, 298
	11, 298
	280, 298
	169, 298
	144, 298
	200, 299
	56, 299
	131, 299
	20, 299
	195, 299
	278, 300
	26, 300
	91, 300
	25, 300
	251, 301
	197, 301
	4, 301
	174, 301
	53, 302
	1, 302
	130, 302
	282, 302
	206, 303
	75, 303
	32, 303
	20, 303
	268, 303
	288, 303
	49, 304
	-2, 304
	227, 304
	249, 304
	181, 304
	147, 304
	35, 305
	118, 305
	81, 305
	123, 305
	238, 305
	293, 306
	62, 306
	6, 306
	269, 307
	101, 307
	72, 307
	273, 307
	194, 308
	18, 308
	255, 308
	110, 308
	64, 308
	52, 309
	78, 309
	175, 309
	231, 309
	44, 309
	47, 310
	142, 310
	190, 310
	40, 310
	163, 310
	144, 311
	296, 311
	61, 311
	277, 311
	188, 312
	167, 312
	137, 312
	219, 312
	45, 312
	222, 313
	116, 313
	33, 313
	173, 313
	60, 314
	121, 314
	43, 314
	219, 314
	58, 314
	202, 314
	183, 315
	-4, 315
	-1, 315
	79, 315
	2, 316
	145, 316
	283, 316
	59, 316
	198, 316
	-2, 317
	-3, 317
	52, 317
	78, 317
	42, 318
	171, 318
	15, 318
	297, 318
	163, 319
	26, 319
	300, 319
	100, 320
	239, 320
	39, 320
	226, 320
	17, 320
	182, 321
	108, 321
	5, 321
	-4, 321
	21, 321
	33, 322
	-2, 322
	88, 322
	23, 322
	262, 323
	178, 323
	294, 323
	168, 323
	164, 323
	113, 323
	3, 323
	210, 324
	271, 324
	221, 324
	125, 324
	86, 324
	46, 325
	205, 325
	29, 326
	6, 326
	293, 326
	118, 326
	306, 326
	73, 326
	106, 327
	188, 327
	256, 327
	167, 327
	250, 327
	290, 327
	200, 327
	42, 328
	286, 328
	205, 328
	10, 328
	212, 329
	80, 329
	22, 329
	202, 329
	185, 329
	105, 329
	205, 330
	286, 330
	-4, 330
	71, 330
	328, 330
	41, 330
	325, 331
	141, 331
	41, 331
	81, 331
	228, 332
	0, 332
	189, 332
	67, 332
	269, 332
	89, 332
	160, 333
	100, 333
	198, 333
	2, 333
	84, 333
	186, 333
	68, 333
	54, 334
	289, 334
	25, 334
	278, 334
	242, 335
	-4, 335
	244, 335
	123, 335
	238, 335
	16, 336
	-2, 336
	296, 336
	31, 336
	322, 337
	33, 337
	159, 337
	173, 337
	23, 337
	313, 337
	124, 338
	276, 338
	189, 338
	328, 339
	286, 339
	-4, 339
	295, 340
	220, 340
	73, 340
	243, 340
	241, 340
	144, 341
	61, 341
	34, 341
	216, 341
	11, 341
	166, 342
	64, 342
	196, 342
	142, 342
	40, 342
	310, 342
	88, 343
	-2, 343
	114, 343
	252, 343
	23, 343
	70, 343
	204, 344
	10, 344
	281, 344
	28, 345
	253, 345
	133, 345
	339, 346
	328, 346
	171, 346
	318, 346
	-4, 346
	42, 346
	344, 347
	10, 347
	205, 347
	325, 347
	204, 348
	207, 348
	110, 348
	156, 348
	264, 349
	258, 349
	224, 349
	128, 349
	234, 349
	140, 349
	114, 350
	252, 350
	113, 350
	138, 350
	272, 350
	338, 351
	43, 351
	121, 351
	89, 351
	162, 351
	340, 352
	295, 352
	243, 352
	217, 352
	91, 352
	38, 353
	66, 353
	271, 353
	247, 353
	281, 354
	53, 354
	130, 354
	302, 354
	30, 355
	124, 355
	278, 355
	54, 355
	334, 355
	276, 355
	86, 356
	125, 356
	94, 356
	90, 357
	0, 357
	151, 357
	116, 357
	173, 357
	132, 358
	39, 358
	12, 358
	-1, 358
	154, 358
	81, 359
	150, 359
	331, 359
	325, 359
	46, 359
	332, 360
	89, 360
	189, 360
	338, 360
	351, 360
	67, 361
	264, 361
	101, 361
	307, 361
	269, 361
	36, 362
	158, 362
	345, 362
	133, 362
	267, 362
	268, 362
	82, 362
	101, 363
	74, 363
	48, 363
	135, 363
	97, 363
	224, 363
	191, 364
	99, 364
	177, 364
	128, 364
	83, 364
	258, 364
	210, 365
	94, 365
	47, 365
	92, 365
	51, 365
	177, 366
	234, 366
	215, 366
	140, 366
	96, 366
	325, 367
	205, 367
	330, 367
	331, 367
	41, 367
	265, 368
	236, 368
	57, 368
	195, 368
	65, 368
	197, 368
	144, 369
	341, 369
	11, 369
	298, 369
	324, 370
	210, 370
	271, 370
	92, 370
	103, 371
	146, 371
	311, 371
	13, 371
	144, 371
	169, 371
	92, 372
	370, 372
	247, 372
	155, 372
	271, 372
	351, 373
	43, 373
	338, 373
	124, 373
	201, 373
	202, 373
	187, 374
	176, 374
	80, 374
	86, 374
	356, 374
	230, 375
	111, 375
	122, 375
	203, 375
	63, 375
	167, 376
	50, 376
	256, 376
	292, 376
	270, 376
	327, 376
	223, 377
	153, 377
	46, 377
	187, 378
	86, 378
	59, 378
	145, 378
	279, 378
	152, 378
	221, 378
	76, 379
	260, 379
	266, 379
	284, 379
	22, 379
	109, 380
	11, 380
	34, 380
	60, 380
	57, 380
	143, 380
	283, 381
	198, 381
	100, 381
	333, 381
	320, 381
	17, 381
	115, 381
	341, 382
	216, 382
	351, 382
	162, 382
	89, 382
	34, 382
	80, 383
	22, 383
	76, 383
	379, 383
	374, 383
	97, 384
	241, 384
	73, 384
	29, 384
	254, 384
	341, 385
	61, 385
	228, 385
	216, 385
	90, 385
	357, 385
	0, 385
	277, 385
	77, 386
	108, 386
	182, 386
	14, 386
	233, 386
	254, 386
	306, 387
	62, 387
	242, 387
	238, 387
	-4, 387
	293, 387
	230, 388
	-3, 388
	122, 388
	375, 388
	291, 389
	156, 389
	281, 389
	53, 389
	348, 389
	204, 389
	190, 390
	377, 390
	223, 390
	359, 390
	46, 390
	180, 390
	150, 390
	37, 391
	135, 391
	386, 391
	254, 391
	233, 391
	97, 391
	156, 392
	110, 392
	213, 392
	213, 393
	165, 393
	126, 393
	-1, 393
	392, 393
	156, 393
	316, 394
	59, 394
	353, 394
	283, 394
	229, 394
	66, 394
	63, 395
	203, 395
	157, 395
	8, 395
	179, 395
	148, 396
	-4, 396
	95, 396
	168, 396
	164, 396
	374, 397
	383, 397
	94, 397
	76, 397
	356, 397
	278, 398
	245, 398
	319, 398
	300, 398
	226, 399
	154, 399
	-1, 399
	107, 399
	319, 400
	26, 400
	390, 400
	180, 400
	190, 400
	163, 400
	31, 401
	-2, 401
	33, 401
	222, 401
	313, 401
	268, 402
	362, 402
	250, 402
	290, 402
	345, 402
	28, 402
	107, 403
	399, 403
	226, 403
	239, 403
	201, 404
	284, 404
	202, 404
	22, 404
	329, 404
	139, 405
	193, 405
	403, 405
	107, 405
	239, 405
	211, 406
	261, 406
	85, 406
	136, 406
	147, 406
	175, 406
	53, 407
	1, 407
	-1, 407
	126, 407
	291, 407
	10, 408
	344, 408
	42, 408
	281, 408
	354, 408
	297, 408
	130, 408
	6, 409
	102, 409
	62, 409
	-4, 409
	306, 409
	153, 410
	46, 410
	344, 410
	204, 410
	325, 410
	207, 410
	347, 410
	301, 411
	4, 411
	368, 411
	195, 411
	197, 411
	232, 411
	9, 412
	292, 412
	376, 412
	253, 412
	256, 412
	13, 413
	371, 413
	336, 413
	16, 413
	311, 413
	296, 413
	349, 414
	264, 414
	224, 414
	101, 414
	361, 414
	47, 415
	163, 415
	310, 415
	92, 416
	69, 416
	142, 416
	47, 416
	365, 416
	8, 417
	157, 417
	378, 417
	152, 417
	292, 417
	279, 417
	9, 417
	415, 418
	47, 418
	398, 418
	245, 418
	51, 418
	163, 418
	319, 418
	221, 419
	59, 419
	353, 419
	271, 419
	324, 419
	394, 419
	64, 420
	308, 420
	348, 420
	207, 420
	110, 420
	119, 420
	372, 421
	92, 421
	69, 421
	166, 421
	155, 421
	274, 421
Mesh Regions: 422
	35, 178, 390, 796, 914, 1069
	0, 23, 575, 653, 1182
	162, 180, 269, 302, 718, 804
	7, 106, 148, 205, 284, 754
	200, 232, 401, 424, 650, 1206
	1, 51, 84, 97, 741
	10, 50, 87, 675, 763, 1193
	25, 71, 104, 293, 332, 482, 589
	30, 62, 179, 189, 271, 1124, 1235
	190, 243, 473, 612, 1211, 1241
	17, 319, 778, 856, 868, 1186
	14, 100, 635, 842, 980, 1035
	2, 138, 460, 498, 920
	3, 4, 88, 386, 989, 1216
	76, 240, 254, 407, 621, 1074
	55, 78, 132, 221, 256, 632, 729
	4, 5, 817, 1219
	16, 109, 136, 738, 1045
	31, 211, 294, 546, 681
	6, 7, 168, 204, 286, 510
	12, 135, 309, 600, 642, 659
	8, 64, 255, 743
	57, 582, 781, 1033, 1054, 1168
	36, 67, 195, 279, 747, 825, 853
	9, 199, 261, 326, 421
	68, 563, 601, 624, 647, 810
	69, 245, 353, 645, 732, 1145
	19, 24, 39, 43, 366, 603
	465, 475, 485, 858, 1160
	10, 42, 49, 478, 762, 1061
	123, 310, 522, 564, 584, 904
	11, 372, 630, 820, 1150
	12, 47, 134, 260, 403, 422, 658
	13, 706, 744, 822, 1152
	14, 28, 117, 201, 840, 1036, 1052
	41, 58, 113, 115, 443, 668
	15, 191, 321, 435, 530, 938
	144, 150, 379, 405, 1100
	34, 130, 170, 455, 489, 594, 896
	16, 139, 184, 383, 736, 919
	277, 301, 375, 693, 847
	37, 153, 449, 790, 793, 971
	17, 633, 727, 775, 866, 1188
	119, 314, 710, 887, 998
	18, 54, 111, 141, 398, 689
	27, 92, 95, 275, 365, 703
	182, 760, 927, 1021, 1097, 1199
	21, 155, 690, 959, 1227, 1233, 1243
	19, 44, 77, 367, 437, 947
	20, 145, 166, 358, 662
	147, 212, 264, 339, 536, 1014
	21, 48, 72, 451, 501, 961, 1246
	22, 53, 219, 234, 685, 725
	23, 574, 610, 652, 901, 1090, 1181
	24, 40, 557, 602, 808, 907
	25, 26, 131, 333, 453, 588
	27, 33, 91, 94, 295, 307, 640
	32, 99, 158, 419, 570, 974, 1038
	93, 146, 265, 315, 363, 712
	163, 368, 721, 1024, 1116, 1250
	28, 90, 118, 159, 362, 708, 1037
	161, 562, 697, 839, 1064
	29, 674, 1078, 1195
	30, 63, 101, 316, 1012, 1121
	31, 114, 210, 298, 684, 844, 1255
	32, 33, 89, 157, 297, 976
	34, 171, 393, 897, 1120
	35, 60, 175, 516, 531, 798, 933
	61, 103, 196, 415, 807
	70, 156, 209, 1231, 1263
	36, 108, 237, 280, 854
	37, 38, 447, 788
	39, 40, 45, 82, 543, 560, 678
	41, 42, 112, 438, 442, 767, 835, 1060
	43, 44, 45, 83, 946
	46, 47, 262, 320, 432, 657
	48, 73, 499, 1029, 1055, 1134
	49, 50, 51, 86, 98, 479, 1071
	52, 53, 54, 686, 726
	55, 56, 79, 257, 717
	57, 236, 341, 780, 1005, 1053
	58, 116, 122, 152, 174, 670, 794, 923
	59, 193, 394, 528, 944
	60, 81, 176, 492, 514, 955
	61, 62, 63, 102, 268, 805
	167, 225, 251, 503, 517, 1177
	125, 273, 369, 759, 910, 1006, 1023
	64, 65, 74, 214, 253, 618
	66, 67, 746, 849
	351, 388, 800, 889, 929, 1051
	110, 370, 561, 629, 913, 1067
	68, 69, 352, 625, 646, 895
	70, 336, 960, 985, 992, 1230, 1262
	71, 186, 292, 548, 590
	72, 73, 124, 335, 912, 958, 1133
	74, 75, 215, 1128
	76, 151, 241, 348, 408, 507, 966
	77, 143, 439, 477, 949, 1058, 1105
	78, 79, 80, 133, 577
	81, 177, 194, 226, 282, 952
	197, 431, 734, 802, 1042
	82, 83, 377, 677, 935, 945, 1225
	84, 85, 86, 87, 1194
	88, 164, 387, 462, 986
	89, 90, 91, 92, 160, 361
	93, 266, 312, 784
	94, 95, 274, 308, 768
	96, 127, 288, 1143, 1161, 1173
	97, 98, 252, 740, 1072
	99, 100, 572, 634, 1034
	187, 342, 481, 683, 873, 1107, 1259
	101, 102, 103, 121, 413, 1009
	104, 105, 207, 330, 344, 483
	106, 107, 149, 349, 509, 753, 883
	107, 108, 238, 350, 472, 851, 881
	109, 137, 172, 391, 494, 580, 1046
	110, 229, 371, 705, 916
	111, 140, 230, 306, 397, 466
	112, 113, 426, 617, 669, 765
	114, 183, 300, 322, 1260
	115, 116, 173, 247, 355, 444
	117, 118, 119, 202, 709, 888
	120, 121, 381, 412, 1010, 1085
	122, 154, 427, 446, 671, 815
	123, 311, 556, 827, 905, 1000
	124, 125, 334, 758, 911
	126, 188, 609, 1111, 1184
	127, 128, 129, 291
	239, 409, 493, 878, 954
	130, 131, 452, 491, 591, 593
	132, 133, 578, 631, 654, 902, 1192
	134, 135, 296, 402, 641
	136, 137, 138, 139, 495, 918
	242, 318, 476, 525, 860, 941
	140, 141, 142, 303, 327
	143, 144, 380, 948, 1101
	145, 165, 235, 359, 1178
	146, 147, 213, 267, 364, 701
	148, 149, 285, 541, 884
	198, 289, 416, 430, 552, 1170
	150, 151, 378, 406, 410, 880, 965
	152, 153, 154, 450, 792
	155, 156, 208, 691, 846, 1232
	157, 158, 159, 160, 1039
	161, 218, 638, 695, 838, 978, 990
	162, 163, 181, 719, 1025
	164, 217, 223, 249, 461, 987
	165, 166, 167, 248, 667, 1179
	168, 169, 203, 512, 1126
	170, 171, 172, 392, 457, 496, 597
	173, 174, 246, 924, 1099
	175, 176, 177, 178, 228, 915
	179, 180, 181, 270, 1027, 1238
	182, 183, 299, 324, 374, 1020, 1198
	184, 185, 384, 922, 1141
	186, 456, 490, 547, 587, 995, 1265
	187, 188, 611, 874, 1088, 1106, 1114
	189, 190, 244, 1123, 1236
	191, 192, 193, 939
	194, 195, 227, 283, 823
	196, 197, 198, 414, 429, 801
	199, 200, 231, 304, 325, 420
	201, 202, 890, 1050
	278, 694, 731, 1149, 1228, 1247
	203, 204, 205, 216, 752, 1130
	206, 207, 343, 1110
	208, 209, 210, 211, 549, 843, 1264
	212, 213, 276, 700, 771, 1013
	214, 215, 216, 620, 751, 1129
	217, 218, 224, 568, 637, 991
	219, 220, 233, 356
	221, 222, 259, 728, 863
	223, 224, 225, 250, 418, 519, 569
	226, 227, 228, 229, 707, 824, 917
	230, 231, 232, 305, 467, 651
	233, 234, 235, 337, 360, 400, 687, 1180
	236, 272, 340, 534, 1004
	237, 238, 239, 281, 347, 411, 953, 962
	240, 241, 508, 622, 749
	242, 243, 244, 317, 474, 1125
	245, 246, 247, 354, 1098, 1147
	248, 249, 250, 251, 463, 666
	252, 253, 254, 255, 619, 739, 1073
	256, 257, 258, 259, 714
	260, 261, 262, 263, 425
	264, 265, 266, 267, 338, 783
	268, 269, 270, 271, 806
	272, 273, 535, 567, 614, 1003, 1022
	274, 275, 276, 699, 769
	532, 542, 558, 797, 829, 930
	277, 278, 373, 692, 1093, 1148
	279, 280, 281, 282, 283, 951
	284, 285, 286, 287, 540
	288, 289, 290, 291, 346, 553, 1171
	292, 293, 294, 480, 545, 680
	295, 296, 297, 404, 643, 975, 1208
	298, 299, 300, 301, 376, 845
	468, 505, 521, 649, 977, 1209
	302, 579, 722, 803, 1041
	303, 304, 305, 306, 329
	307, 308, 309, 599, 606, 639, 774
	310, 311, 313, 585, 1001, 1165
	312, 313, 314, 315, 713, 782, 1002, 1167
	316, 317, 318, 395, 526, 1011, 1122
	323, 573, 855, 871, 1092, 1201
	319, 761, 777, 785, 869, 968
	320, 321, 434, 529, 656
	322, 323, 324, 872, 1203, 1258
	325, 326, 327, 328, 329
	330, 331, 332, 333
	334, 335, 336, 755, 957, 983
	337, 399, 469, 502, 1175
	338, 339, 340, 341, 533, 779
	342, 343, 344, 484, 1108, 1109
	345, 346, 555
	347, 348, 349, 350, 506, 964
	351, 389, 841, 1048, 1066
	352, 353, 354, 355, 445, 894
	356, 357, 358, 359, 360
	361, 362, 363, 364, 365, 702, 711
	366, 367, 436, 604, 626, 834
	368, 369, 757, 1028, 1249
	370, 371, 372, 628, 704, 1153
	373, 374, 375, 376, 1019, 1095
	377, 378, 379, 380, 877, 950, 1224
	381, 382, 417, 550
	383, 384, 428, 737, 1140, 1163
	385, 386, 387, 464, 664
	388, 389, 390, 795, 1065
	391, 392, 393, 581, 1119
	394, 395, 396, 527, 1008, 1083
	397, 398, 399, 400, 470, 688
	401, 402, 403, 404, 423, 1210
	405, 406, 407, 408, 1075, 1104
	409, 410, 411, 879, 963
	412, 413, 414, 415, 416, 417, 554
	418, 419, 520, 571, 973
	420, 421, 422, 423, 424, 425
	426, 427, 441, 616, 672, 816, 1080
	428, 429, 430, 431, 735, 1164, 1174
	432, 433, 434, 435
	436, 437, 438, 439, 837, 1059
	440, 441, 812, 1079
	442, 443, 444, 445, 836, 893
	446, 447, 448, 449, 450, 814
	451, 500, 523, 566, 1137, 1245
	452, 453, 454, 458, 596
	455, 456, 488, 537, 899, 994
	457, 458, 459, 460, 497, 595
	461, 462, 463, 464, 665
	465, 486, 608, 772, 1157
	466, 467, 468, 469, 470, 504, 648
	471, 472, 538, 852, 882
	473, 474, 475, 476, 487, 859, 1214
	477, 478, 479, 1062, 1076, 1103
	480, 481, 482, 483, 484, 682
	485, 486, 487, 770, 1015, 1215
	488, 489, 490, 491, 586
	492, 493, 515, 876, 956
	494, 495, 496, 497, 498
	499, 500, 501, 524, 1030
	502, 503, 504, 505, 518, 1176
	506, 507, 508, 509, 748
	510, 511, 512, 513
	514, 515, 516, 875, 934, 1223
	517, 518, 519, 520, 521, 972
	522, 523, 524, 565, 583, 1031
	525, 526, 527, 528, 942
	529, 530, 598, 605, 660, 943, 1155
	531, 532, 544, 676, 799, 937
	533, 534, 535, 536, 615, 1017
	537, 756, 898, 984, 996, 1252
	538, 539, 540, 541, 885
	542, 543, 544, 559, 679
	545, 546, 547, 548, 549, 1266
	550, 551, 552, 553, 554, 555
	556, 557, 558, 559, 560, 828, 909
	561, 562, 627, 698, 1070
	563, 564, 565, 566, 644, 811, 906, 1136
	567, 613, 1026, 1240
	568, 569, 570, 571, 572, 636
	573, 574, 857, 900, 1089, 1189
	575, 576, 577, 578, 655
	579, 580, 581, 720, 1040, 1118
	582, 583, 584, 585, 1032, 1166
	586, 587, 588, 589, 590, 591
	592, 776, 786, 831
	593, 594, 595, 596, 597
	598, 599, 600, 607, 661
	601, 602, 603, 604, 623, 809
	605, 606, 607, 608, 773, 1158
	609, 610, 611, 1087, 1185
	612, 613, 614, 615, 1016, 1212, 1239
	616, 617, 673, 764, 1082
	618, 619, 620, 621, 622, 750
	623, 624, 625, 626, 833, 892
	627, 628, 629, 630, 696, 819, 1221
	631, 632, 633, 730, 1191
	634, 635, 636, 637, 638, 981
	639, 640, 641, 642, 643
	644, 645, 646, 647, 733, 1139
	648, 649, 650, 651, 1205
	652, 653, 654, 655, 903
	656, 657, 658, 659, 660, 661
	662, 663, 664, 665, 666, 667
	668, 669, 670, 671, 672
	673, 674, 675, 766, 1077, 1197
	676, 677, 678, 679, 936
	680, 681, 682, 683, 684, 1256
	685, 686, 687, 688, 689
	690, 691, 692, 693, 694, 848, 1229
	695, 696, 697, 698, 988, 1220
	699, 700, 701, 702, 703
	704, 705, 706, 707, 826, 1154
	708, 709, 710, 711, 712, 713
	714, 715, 716, 717
	718, 719, 720, 721, 722, 1115
	723, 724, 725, 726
	727, 728, 729, 730, 864
	731, 732, 733, 1138, 1144, 1248
	734, 735, 736, 737, 738, 1044
	739, 740, 741, 742, 743
	744, 745, 746, 747, 821
	748, 749, 750, 751, 752, 753, 754
	755, 756, 757, 758, 759, 982, 1253
	760, 761, 791, 870, 926, 967, 1202
	762, 763, 764, 765, 766, 767
	768, 769, 770, 771, 772, 773, 774, 1018
	775, 776, 777, 778, 789, 830, 862
	779, 780, 781, 782, 783, 784, 1169
	785, 786, 787, 788, 789, 790, 969
	791, 792, 793, 794, 925, 970
	795, 796, 797, 798, 799, 800, 928
	801, 802, 803, 804, 805, 806, 807, 1043
	808, 809, 810, 811, 908
	812, 813, 814, 815, 816
	817, 818, 819, 820, 1218
	821, 822, 823, 824, 825, 826
	827, 828, 829, 886, 931, 999
	830, 831, 832, 861
	833, 834, 835, 836, 837, 891
	838, 839, 840, 841, 842, 979, 1047, 1063
	843, 844, 845, 846, 847, 848
	849, 850, 851, 852, 853, 854
	855, 856, 857, 867, 1187, 1200
	858, 859, 860, 940, 1159
	861, 862, 863, 864, 865, 866
	867, 868, 869, 870, 1204
	871, 872, 873, 874, 1091, 1257
	875, 876, 877, 878, 879, 880, 1222
	881, 882, 883, 884, 885
	886, 887, 888, 889, 890, 932, 997, 1049
	891, 892, 893, 894, 895
	896, 897, 898, 899, 1117, 1251
	900, 901, 902, 903, 1190
	904, 905, 906, 907, 908, 909
	910, 911, 912, 1007, 1135
	913, 914, 915, 916, 917, 1068
	918, 919, 920, 921, 922
	923, 924, 925, 926, 927, 1096
	928, 929, 930, 931, 932
	933, 934, 935, 936, 937, 1226
	938, 939, 940, 941, 942, 943, 944, 1156
	945, 946, 947, 948, 949, 950
	951, 952, 953, 954, 955, 956
	957, 958, 959, 960, 961, 1234
	962, 963, 964, 965, 966
	967, 968, 969, 970, 971
	972, 973, 974, 975, 976, 977, 1207
	978, 979, 980, 981
	982, 983, 984, 985, 993
	986, 987, 988, 989, 990, 991, 1217
	992, 993, 994, 995, 996, 1261
	997, 998, 999, 1000, 1001, 1002
	1003, 1004, 1005, 1006, 1007, 1057, 1131
	1008, 1009, 1010, 1011, 1012, 1086
	1013, 1014, 1015, 1016, 1017, 1018, 1213
	1019, 1020, 1021, 1094
	1022, 1023, 1024, 1025, 1026, 1027, 1028, 1237
	1029, 1030, 1031, 1032, 1033, 1056
	1034, 1035, 1036, 1037, 1038, 1039
	1040, 1041, 1042, 1043, 1044, 1045, 1046
	1047, 1048, 1049, 1050, 1051, 1052
	1053, 1054, 1055, 1056, 1057, 1132
	1058, 1059, 1060, 1061, 1062
	1063, 1064, 1065, 1066, 1067, 1068, 1069, 1070
	1071, 1072, 1073, 1074, 1075, 1076, 1102
	1077, 1078, 1079, 1080, 1081, 1082
	1083, 1084, 1085, 1086
	1087, 1088, 1089, 1090, 1091, 1092
	1093, 1094, 1095, 1096, 1097, 1098, 1099, 1146
	1100, 1101, 1102, 1103, 1104, 1105
	1106, 1107, 1108, 1113
	1109, 1110, 1111, 1112, 1113, 1114
	1115, 1116, 1117, 1118, 1119, 1120, 1254
	1121, 1122, 1123, 1124, 1125
	1126, 1127, 1128, 1129, 1130
	1131, 1132, 1133, 1134, 1135
	1136, 1137, 1138, 1139, 1244
	1140, 1141, 1142, 1143, 1162
	1144, 1145, 1146, 1147, 1148, 1149
	1150, 1151, 1152, 1153, 1154
	1155, 1156, 1157, 1158, 1159, 1160
	1161, 1162, 1163, 1164, 1172
	1165, 1166, 1167, 1168, 1169
	1170, 1171, 1172, 1173, 1174
	1175, 1176, 1177, 1178, 1179, 1180
	1181, 1182, 1183, 1184, 1185
	1186, 1187, 1188, 1189, 1190, 1191, 1192
	1193, 1194, 1195, 1196, 1197
	1198, 1199, 1200, 1201, 1202, 1203, 1204
	1205, 1206, 1207, 1208, 1209, 1210
	1211, 1212, 1213, 1214, 1215
	1216, 1217, 1218, 1219, 1220, 1221
	1222, 1223, 1224, 1225, 1226
	1227, 1228, 1229, 1242
	1230, 1231, 1232, 1233, 1234
	1235, 1236, 1237, 1238, 1239, 1240, 1241
	1242, 1243, 1244, 1245, 1246, 1247, 1248
	1249, 1250, 1251, 1252, 1253, 1254
	1255, 1256, 1257, 1258, 1259, 1260
	1261, 1262, 1263, 1264, 1265, 1266
Seed Numbers: 422
	0
	1
	2
	3
	4
	5
	6
	7
	8
	9
	10
	11
	12
	13
	14
	15
	16
	17
	18
	19
	20
	21
	22
	23
	24
	25
	26
	27
	28
	29
	30
	31
	32
	33
	34
	35
	36
	37
	38
	39
	40
	41
	42
	43
	44
	45
	46
	47
	48
	49
	50
	51
	52
	53
	54
	55
	56
	57
	58
	59
	60
	61
	62
	63
	64
	65
	66
	67
	68
	69
	70
	71
	72
	73
	74
	75
	76
	77
	78
	79
	80
	81
	82
	83
	84
	85
	86
	87
	88
	89
	90
	91
	92
	93
	94
	95
	96
	97
	98
	99
	100
	101
	102
	103
	104
	105
	106
	107
	108
	109
	110
	111
	112
	113
	114
	115
	116
	117
	118
	119
	120
	121
	122
	123
	124
	125
	126
	127
	128
	129
	130
	131
	132
	133
	134
	135
	136
	137
	138
	139
	140
	141
	142
	143
	144
	145
	146
	147
	148
	149
	150
	151
	152
	153
	154
	155
	156
	157
	158
	159
	160
	161
	162
	163
	164
	165
	166
	167
	168
	169
	170
	171
	172
	173
	174
	175
	176
	177
	178
	179
	180
	181
	182
	183
	184
	185
	186
	187
	188
	189
	190
	191
	192
	193
	194
	195
	196
	197
	198
	199
	200
	201
	202
	203
	204
	205
	206
	207
	208
	209
	210
	211
	212
	213
	214
	215
	216
	217
	218
	219
	220
	221
	222
	223
	224
	225
	226
	227
	228
	229
	230
	231
	232
	233
	234
	235
	236
	237
	238
	239
	240
	241
	242
	243
	244
	245
	246
	247
	248
	249
	250
	251
	252
	253
	254
	255
	256
	257
	258
	259
	260
	261
	262
	263
	264
	265
	266
	267
	268
	269
	270
	271
	272
	273
	274
	275
	276
	277
	278
	279
	280
	281
	282
	283
	284
	285
	286
	287
	288
	289
	290
	291
	292
	293
	294
	295
	296
	297
	298
	299
	300
	301
	302
	303
	304
	305
	306
	307
	308
	309
	310
	311
	312
	313
	314
	315
	316
	317
	318
	319
	320
	321
	322
	323
	324
	325
	326
	327
	328
	329
	330
	331
	332
	333
	334
	335
	336
	337
	338
	339
	340
	341
	342
	343
	344
	345
	346
	347
	348
	349
	350
	351
	352
	353
	354
	355
	356
	357
	358
	359
	360
	361
	362
	363
	364
	365
	366
	367
	368
	369
	370
	371
	372
	373
	374
	375
	376
	377
	378
	379
	380
	381
	382
	383
	384
	385
	386
	387
	388
	389
	390
	391
	392
	393
	394
	395
	396
	397
	398
	399
	400
	401
	402
	403
	404
	405
	406
	407
	408
	409
	410
	411
	412
	413
	414
	415
	416
	417
	418
	419
	420
	421
Phase Numbers: 422
	2
	2
	1
	3
	2
	3
	2
	2
	0
	2
	2
	1
	3
	2
	0
	2
	0
	0
	2
	3
	3
	3
	2
	2
	2
	3
	1
	2
	3
	3
	3
	3
	3
	3
	2
	3
	2
	3
	0
	2
	2
	2
	2
	2
	3
	3
	1
	2
	0
	2
	0
	2
	0
	2
	2
	3
	1
	3
	2
	3
	2
	1
	2
	3
	2
	2
	3
	3
	2
	2
	3
	2
	3
	3
	3
	2
	3
	2
	3
	2
	1
	2
	0
	0
	2
	3
	2
	3
	2
	2
	2
	2
	3
	2
	2
	2
	0
	0
	1
	3
	0
	0
	3
	3
	0
	2
	2
	3
	2
	3
	1
	2
	1
	3
	2
	2
	2
	3
	2
	3
	3
	3
	2
	3
	3
	3
	1
	3
	2
	2
	2
	3
	2
	1
	3
	2
	2
	0
	2
	2
	0
	2
	3
	2
	2
	2
	2
	2
	3
	3
	2
	3
	0
	3
	3
	0
	2
	3
	2
	0
	2
	3
	2
	3
	2
	2
	3
	3
	3
	0
	3
	2
	3
	3
	3
	3
	3
	2
	3
	3
	3
	0
	3
	2
	0
	1
	2
	1
	2
	2
	3
	2
	0
	2
	1
	2
	0
	3
	3
	3
	3
	1
	2
	3
	3
	2
	2
	0
	3
	3
	3
	2
	3
	3
	2
	1
	3
	3
	3
	3
	3
	2
	2
	2
	3
	3
	2
	0
	2
	3
	2
	0
	3
	3
	3
	1
	1
	2
	3
	0
	3
	2
	1
	1
	3
	0
	2
	1
	3
	1
	3
	2
	3
	3
	1
	2
	3
	2
	3
	3
	3
	0
	3
	1
	2
	3
	2
	2
	3
	2
	3
	0
	3
	3
	2
	1
	2
	3
	1
	3
	3
	2
	3
	3
	2
	3
	1
	2
	1
	3
	2
	2
	3
	2
	3
	1
	0
	2
	2
	3
	2
	3
	2
	3
	3
	3
	1
	2
	3
	2
	3
	2
	3
	3
	3
	2
	3
	2
	2
	3
	2
	3
	3
	2
	3
	2
	3
	2
	2
	3
	2
	0
	3
	3
	3
	2
	2
	3
	0
	3
	1
	3
	3
	2
	2
	2
	2
	1
	2
	2
	3
	2
	2
	3
	0
	3
	1
	3
	3
	3
	2
	1
	3
	0
	3
	3
	3
	1
	3
	2
	2
	2
	2
	2
	2
	3
	3
	3
	3
	0
	2
	2
	2
	3
	3
	0
	2
	2
	1
	2
	1
	2
	3
	3
	2
	2
	1
	2
	2
	3
	3
	3
	0
	3
	3
	3
	3
	2
	2
	2
	3
	3
	2
	3
	0
	2
	1
	2
	3
	3
	2
	2
Volumes: 422
	0.0029510704270105624
	0.0016656304362166318
	0.0017431397841754508
	0.0026723451531574537
	0.002211777342034684
	0.002726987343441807
	0.0025022175548914814
	0.0031440736768762424
	0.0029059637056755385
	0.0021520349040647702
	0.0031738966329961913
	0.0019145538374335746
	0.0013681108507044727
	0.0022022448061600093
	0.0029558125889326053
	0.0025672605386591776
	0.0015261220147956061
	0.0020900425857782443
	0.0019341219243462584
	0.002012989372895918
	0.0025116589108200712
	0.0015497297575307533
	0.0023722006267618595
	0.0025165372706475063
	0.0018471333567976127
	0.0028007369902374075
	0.002285531323292891
	0.002007723018416825
	0.0015772393232945194
	0.002949286960685872
	0.0026392668838046925
	0.0026808513299982316
	0.0027104755945953894
	0.001533775144175193
	0.0031103890071178886
	0.003163441268156657
	0.003301255921213066
	0.0023764136015733527
	0.002798656942604307
	0.0019680922540145102
	0.0026131179900821134
	0.002534332685372626
	0.0021006064336823917
	0.0029577117583098893
	0.0019378455135644634
	0.0018595766457376113
	0.002426294901491039
	0.0030415951086184
	0.0026765549058155435
	0.002024494271293832
	0.0023517167343985604
	0.0029506352385473885
	0.0019045766015904
	0.0016672442119361798
	0.002622632899757854
	0.0032327452187453937
	0.003017045587557484
	0.0023662897287267744
	0.00249414979757806
	0.0028344120290339806
	0.0034898888546426817
	0.0023568219269056267
	0.0009994196749914116
	0.0027465800291968452
	0.0029481993590943995
	0.003369891318127709
	0.002032146253975883
	0.0024398125976397254
	0.0020484259032476247
	0.0021154474654021755
	0.002887445009374613
	0.0019152277479761834
	0.002893185210928292
	0.003906021183995424
	0.002027906492470635
	0.0029247936886516316
	0.0017376257592445657
	0.0034174801456194736
	0.0018698274810226958
	0.0017068806056470247
	0.002520543936202405
	0.0033534665851547526
	0.0027803052469531258
	0.0027059435571929018
	0.0026198462734316717
	0.0019250112004080505
	0.0031777364594258693
	0.002806847084739831
	0.0016020196213615088
	0.0024941675509709015
	0.002251655031526069
	0.002350405844251267
	0.0023537164517183776
	0.0018118354781105346
	0.002383614960084696
	0.0012075952879041841
	0.0030454462011687937
	0.0023383242629254498
	0.0027206672888017897
	0.0016596938135100265
	0.002107784311266369
	0.0022053136477045137
	0.0019435057959350064
	0.002024908685142144
	0.003021981991545197
	0.0015741839614646118
	0.0019754100804178975
	0.00277711656806687
	0.0022096206699728435
	0.002363188894363865
	0.0025217323501517063
	0.00228466825986123
	0.0031359174200625423
	0.0029516244982813926
	0.0033841982420741486
	0.003101371431833006
	0.001703324934494127
	0.0025980989263723487
	0.002898319005701025
	0.002530673377937367
	0.003084945535279056
	0.0027352894613337526
	0.002198068801077268
	0.0028396589232029938
	0.0026592647812653126
	0.002407291090111348
	0.0016940002960681914
	0.0022556757283017747
	0.0017430117359333096
	0.00225194654919714
	0.003333593651840803
	0.002869914685752493
	0.002729526279878357
	0.0019582815319898967
	0.0011691157818310984
	0.0025097533575412743
	0.0022965909991952086
	0.0019532858179993344
	0.0022201916278865247
	0.0024285923744043502
	0.0025571045964983014
	0.0021767045005368552
	0.0026375420127691084
	0.003059918009061769
	0.0026722014611073896
	0.002252339172626713
	0.0025551102281126323
	0.0028618756761873664
	0.001510577374491024
	0.0025438022849733366
	0.002452483896155501
	0.0019469939332176084
	0.0027014057259684998
	0.0036206652213587806
	0.0010057400873576137
	0.0027174786594192316
	0.0020120000973068257
	0.0023244498878013053
	0.0021023778415978616
	0.0016604697488763896
	0.0028689902187755533
	0.0023486418396996434
	0.002319032276783271
	0.0021540853953485022
	0.002543048937689009
	0.001582699961241199
	0.003019318488465685
	0.002863323206244634
	0.003179782100303234
	0.0026146096243700513
	0.0013675406596838301
	0.0016221167844849137
	0.002976031912560311
	0.0023554720208097788
	0.0025120954122289183
	0.002741739536891238
	0.0023943640986800294
	0.003048719494287598
	0.0017507509483212845
	0.00242578676480483
	0.0018379750491872749
	0.002529281414000505
	0.0031294798230037985
	0.0019239645378963683
	0.003258468200918434
	0.002563518095210584
	0.001762721552421528
	0.0034900195046730816
	0.0014343092430622894
	0.002070312636980296
	0.001890425860697224
	0.0025853470355404456
	0.0014156323635047163
	0.002305567661715667
	0.002766864890033259
	0.003779031830129749
	0.0019726006941312942
	0.0028993588420434197
	0.0019558110688867683
	0.0015707687000806189
	0.0025015056344572
	0.0024504255097199186
	0.0027708646898224774
	0.0029216358065342497
	0.00261504654184777
	0.0026216802742557673
	0.002296026027213336
	0.003162197529671106
	0.0013523664981726776
	0.0016815046291625592
	0.0020036914421365207
	0.001630135170779157
	0.0021235624306989876
	0.0026803061597057594
	0.0012015175530536502
	0.0025867857271888554
	0.002710730689334307
	0.0028158375663394587
	0.0015219226741083355
	0.0023774539248209363
	0.0021262152447816696
	0.002356082397362077
	0.0016024192576611287
	0.002242562593050357
	0.0025540361247762184
	0.002035970741832382
	0.0015108745013266442
	0.0019765325083294137
	0.0017665850568505926
	0.002432725052164811
	0.003243529368071021
	0.001960226048773911
	0.002808473424410289
	0.002387848218245039
	0.0016217395198419298
	0.002815001871566503
	0.002423859239668699
	0.001856415894938842
	0.0029176964448180773
	0.00276514747138503
	0.0011084019543384906
	0.0026065336912432847
	0.0011195090956676187
	0.0031063717659388862
	0.002676254184605926
	0.0021993233395672255
	0.0014551026035769965
	0.002354262223503419
	0.0017897667423323294
	0.002892507771944288
	0.0022741002279969445
	0.0025316660734180075
	0.0017408016134333806
	0.0017341262653062222
	0.0031689674202711932
	0.0025034845205219062
	0.00279463009297673
	0.0017361394446212667
	0.002177120090897217
	0.002948703912074866
	0.001854653814160901
	0.0017269654716723618
	0.002320094065826364
	0.0015308204185325298
	0.0017749339667445328
	0.0024946561376519524
	0.002973369609440561
	0.002936410790036046
	0.003231980973215792
	0.0015784350372206064
	0.0026554380942566515
	0.0017668845903291834
	0.0012719602812577627
	0.001656819928432499
	0.0023218748728078926
	0.0031216788387230937
	0.002684699482707597
	0.0015046167582807722
	0.0033599382361079342
	0.0021495510803806296
	0.002490422778164742
	0.002741772190419748
	0.001682436628406267
	0.0020694823963145464
	0.0027357341031618134
	0.0024173724877376563
	0.0008576240858819986
	0.0029608503275996745
	0.0018329362191590055
	0.0020232021586429278
	0.0027069928475114144
	0.002069812098894322
	0.0027888848210378143
	0.0017035204966613935
	0.002798341522944621
	0.0018338696884507768
	0.002409745923766322
	0.0016893464690323336
	0.001920645418440448
	0.002244754381886316
	0.0025795792009090748
	0.001739942707794918
	0.0029432962598916436
	0.0028427446805710695
	0.0028647054741258613
	0.0024506328507657876
	0.0020007165499172147
	0.001664476293556984
	0.003094805209536552
	0.00212412437280634
	0.002365390039348967
	0.0019954334053780935
	0.0023976682344594834
	0.0021698471745600434
	0.0024168330768973368
	0.0006105382851451824
	0.001897693247477221
	0.0016391409530125381
	0.0016615853074865956
	0.002375325774233035
	0.0018486875126113762
	0.002531678584507145
	0.002466926262147205
	0.0030048492916810877
	0.0026562066297899185
	0.002815520595725208
	0.002734621798279841
	0.0029277335449455853
	0.0026047565393300044
	0.0023510116634727395
	0.002644760854733631
	0.002854760908669551
	0.0028226958213627474
	0.0028808576838838503
	0.0017478505238928733
	0.0021475675492695157
	0.001903096967723489
	0.0028779598474746163
	0.0023100735061956017
	0.0011218642730445225
	0.0022852207950698174
	0.0034426928071172444
	0.002121874797904377
	0.0022374659534365577
	0.003525050777301708
	0.002670202531974432
	0.002030314913221855
	0.0025447451337010777
	0.00259997566674735
	0.002878741349134946
	0.0019265981540335852
	0.0036071037425490296
	0.0017165400734432906
	0.0021732363779289215
	0.0018759469382056417
	0.0028694240534983756
	0.0021395158914789218
	0.0024099295741785137
	0.001817662331089714
	0.002722458144342292
	0.0016946771311205384
	0.0019775628557766973
	0.004339876236400728
	0.002711047294597324
	0.00223828072141699
	0.0030587072120000698
	0.0021188879818962517
	0.002437855073119865
	0.003672648654578119
	0.002422158816003361
	0.002327917756756736
	0.002754024160117509
	0.0018694490609772558
	0.0027680532779441403
	0.0027286938571813683
	0.0029508137089268574
	0.00368343543662129
	0.0018570421503686341
	0.003741066767432931
	0.0025971926810069877
	0.0030450533004520134
	0.002471148893651401
	0.00269732210372466
	0.0017025578463623515
	0.002077176607713401
	0.0028401953404659603
	0.0034036328234577284
	0.0018109154644967206
	0.0015227844206106224
	0.0014140060143202644
	0.002918215870139957
	0.002543350978984272
	0.0015150618368808858
	0.002176296330965382
	0.00319544438017671
	0.0019563597535665425
	0.0012233259215985225
	0.0025167989222051046
	0.0026341019332327556
	0.0018112948084788238
	0.0018340394721796706
	0.0016401199201325353
	0.0026425553054841757
	0.0015619307700547591
	0.0019219263644339154
	0.0023109152568069917
	0.0018590003639354544
	0.0014975860715673527
	0.0028296963080692173
	0.0016415937745294074
	0.003831195354307795
	0.003217048229252241
	0.0016727198973312545
	0.0022261753690254564
	0.001886341228222864
	0.0015953778884561514
	0.002213097477750953
	0.003286328793879176
	0.002638636717876763
	0.002579970753884523
	0.0027534268929347693
	0.002484754720396265
