Mesh Points: 838
	-2.225886e-01, -4.496569e-01
	-2.310311e-01, -4.560207e-01
	-2.096524e-01, -4.066391e-01
	-2.577550e-01, -3.984977e-01
	-2.349348e-01, -3.827053e-01
	-2.622107e-01, -4.471101e-01
	-1.412906e-02,  4.626617e-01
	-3.192628e-03,  4.597803e-01
	-3.910621e-02,  5.000000e-01
	 3.374612e-02,  5.000000e-01
	-4.245546e-01,  1.455109e-01
	-4.651043e-01,  1.431843e-01
	-4.812311e-01,  1.710218e-01
	-4.549387e-01,  1.960314e-01
	-4.359248e-01,  1.927084e-01
	-3.672663e-01, -2.441145e-01
	-3.528895e-01, -2.221679e-01
	-3.959472e-01, -2.466561e-01
	-3.843742e-01, -1.940341e-01
	-3.534813e-01, -2.184332e-01
	-4.172825e-01, -2.051162e-01
	-4.179584e-01, -2.222041e-01
	-1.720975e-02, -4.719550e-01
	-1.677230e-02, -5.000000e-01
	-5.779682e-02, -5.000000e-01
	-5.603322e-02, -4.829966e-01
	-1.601893e-01, -1.247649e-01
	-2.071650e-01, -1.221033e-01
	-1.704444e-01, -1.698097e-01
	-2.149607e-01, -1.307473e-01
	-2.064639e-01, -1.653262e-01
	 3.105317e-01, -4.476827e-01
	 3.172848e-01, -4.165742e-01
	 2.696381e-01, -4.372387e-01
	 2.878972e-01, -3.948824e-01
	 2.858220e-01, -3.956013e-01
	 4.436267e-01,  1.304892e-01
	 4.732917e-01,  1.249352e-01
	 4.347860e-01,  1.498022e-01
	 4.476290e-01,  1.776685e-01
	 5.000000e-01,  1.542875e-01
	 5.000000e-01,  1.676518e-01
	 3.153330e-01,  1.101215e-02
	 2.685183e-01, -7.783515e-04
	 3.176575e-01,  1.864500e-02
	 2.669523e-01,  8.641915e-05
	 2.678963e-01,  5.157709e-02
	 2.956610e-01,  5.648752e-02
	 2.634265e-01,  4.655058e-02
	-5.000000e-01, -2.627229e-01
	-4.646715e-01, -3.026926e-01
	-5.000000e-01, -3.181391e-01
	-4.649470e-01, -3.088056e-01
	 9.335979e-02,  4.418159e-01
	 5.202321e-02,  4.435087e-01
	 4.501025e-02,  5.000000e-01
	 7.778146e-02,  5.000000e-01
	 1.030015e-01,  4.726609e-01
	-3.437176e-01,  1.515085e-01
	-3.430350e-01,  1.360290e-01
	-3.159309e-01,  1.753134e-01
	-2.852080e-01,  1.504426e-01
	-2.869547e-01,  1.126489e-01
	-3.099554e-01,  1.045129e-01
	-2.417483e-01,  1.319660e-01
	-2.636202e-01,  1.026944e-01
	-2.542700e-01,  1.606148e-01
	-2.228304e-01, -1.871038e-01
	-2.494167e-01, -1.346542e-01
	-2.665408e-01, -1.656510e-01
	-2.431433e-01, -1.885434e-01
	-2.678223e-01, -1.564834e-01
	 2.254011e-01,  4.659440e-02
	 2.055911e-01,  7.204095e-02
	 2.084254e-01,  9.143885e-02
	 2.371873e-01,  1.067689e-01
	 2.548318e-01,  9.796529e-02
	-2.988462e-03, -2.162696e-01
	-4.050397e-02, -1.778097e-01
	 3.399654e-02, -1.885821e-01
	-2.797820e-02, -1.562333e-01
	 3.596454e-02, -1.754021e-01
	-1.564663e-02, -1.498615e-01
	-3.390300e-01,  4.596492e-01
	-3.562175e-01,  4.168388e-01
	-3.452631e-01,  4.693538e-01
	-3.999637e-01,  4.643801e-01
	-3.774058e-01,  4.802885e-01
	-3.564478e-01,  4.167022e-01
	-3.987639e-01,  4.336097e-01
	 9.749968e-02,  3.298787e-01
	 9.256715e-02,  3.448411e-01
	 1.356562e-01,  3.239162e-01
	 1.139342e-01,  3.821506e-01
	 1.337388e-01,  3.844351e-01
	 1.596702e-01,  3.548692e-01
	 1.569742e-01,  3.411212e-01
	-3.468810e-01, -1.129949e-01
	-3.727792e-01, -1.386082e-01
	-3.505388e-01, -7.287295e-02
	-3.624632e-01, -6.700139e-02
	-3.999934e-01, -9.316588e-02
	-4.010817e-01, -1.008494e-01
	-4.771526e-01,  3.571535e-02
	-4.690795e-01,  4.944055e-02
	-5.000000e-01,  3.597015e-02
	-5.000000e-01,  7.875707e-02
	-4.832327e-01,  7.874268e-02
	-1.089780e-01,  4.567346e-01
	-1.269168e-01,  4.398757e-01
	-1.620819e-01,  4.435088e-01
	-1.784578e-01,  5.000000e-01
	-1.128541e-01,  5.000000e-01
	 4.081262e-01,  4.839095e-02
	 3.647536e-01,  8.779787e-02
	 4.374259e-01,  6.737917e-02
	 4.397352e-01,  7.513975e-02
	 4.261558e-01,  1.001174e-01
	 3.652954e-01,  9.073959e-02
	 4.008408e-01,  1.080118e-01
	 3.732772e-01, -3.723674e-03
	 3.514383e-01, -2.748025e-02
	 4.182924e-01, -1.682847e-02
	 3.733784e-01, -6.807289e-02
	 3.941195e-01, -6.393676e-02
	 4.152973e-01, -4.280816e-02
	 4.009267e-02,  3.053459e-01
	 1.071541e-02,  2.895439e-01
	 2.735987e-02,  3.534735e-01
	-2.003957e-02,  3.094782e-01
	-2.590040e-02,  3.290132e-01
	 2.624151e-02,  3.536333e-01
	 3.532721e-01, -2.279123e-01
	 3.519144e-01, -2.240396e-01
	 3.280848e-01, -2.664857e-01
	 3.124696e-01, -2.027953e-01
	 2.892641e-01, -2.489855e-01
	 2.939190e-01, -2.571805e-01
	 3.436167e-01,  3.564345e-01
	 3.812383e-01,  3.487810e-01
	 3.189380e-01,  3.334521e-01
	 3.253750e-01,  3.184225e-01
	 3.629672e-01,  3.001317e-01
	 3.805247e-01,  3.178394e-01
	 4.230029e-01, -5.000000e-01
	 4.198115e-01, -4.766586e-01
	 3.689290e-01, -5.000000e-01
	 3.683524e-01, -4.761874e-01
	-4.633905e-01, -8.724187e-02
	-4.549168e-01, -1.267728e-01
	-5.000000e-01, -1.377667e-01
	-5.000000e-01, -7.645434e-02
	-1.725336e-01, -4.288830e-01
	-1.810912e-01, -4.461439e-01
	-1.875537e-01, -4.045367e-01
	-4.113966e-01,  3.874472e-01
	-4.380964e-01,  3.739743e-01
	-4.139936e-01,  4.182507e-01
	-4.642930e-01,  4.286642e-01
	-4.674138e-01,  4.007102e-01
	-1.193927e-01, -2.519464e-01
	-1.260072e-01, -2.731211e-01
	-6.915095e-02, -2.459726e-01
	-6.669331e-02, -2.672081e-01
	-9.721963e-02, -2.960947e-01
	-2.954361e-01, -9.294191e-02
	-3.333444e-01, -6.911986e-02
	-2.703388e-01, -8.327446e-02
	-3.092948e-01, -2.882878e-02
	-2.695443e-01, -4.503533e-02
	-2.623855e-01, -7.189668e-02
	 1.780125e-01,  4.685043e-01
	 1.580165e-01,  4.623530e-01
	 1.234640e-01,  4.837191e-01
	 1.257740e-01,  5.000000e-01
	 1.804685e-01,  5.000000e-01
	 2.477969e-01, -2.966985e-01
	 2.433297e-01, -3.012291e-01
	 2.374061e-01, -2.477447e-01
	 1.884399e-01, -2.662945e-01
	 2.191435e-01, -2.434317e-01
	 1.950978e-01, -3.038741e-01
	-3.742271e-01, -3.002959e-01
	-3.536765e-01, -2.781992e-01
	-3.583208e-01, -3.324677e-01
	-3.289562e-01, -2.848739e-01
	-3.328719e-01, -3.249055e-01
	-3.495973e-01, -3.346335e-01
	-1.180536e-01,  4.109695e-01
	-1.416689e-01,  3.786819e-01
	-1.852490e-01,  4.253284e-01
	-1.831952e-01,  3.919788e-01
	 1.045058e-01, -5.684410e-02
	 1.039512e-01, -4.663271e-02
	 1.259527e-01, -1.596886e-02
	 1.653180e-01, -2.399200e-02
	 1.746049e-01, -3.501072e-02
	 1.725438e-01, -6.586431e-02
	 1.654225e-01, -7.244925e-02
	 1.215496e-01, -7.866600e-02
	-2.971523e-01,  2.012300e-01
	-3.154858e-01,  1.796135e-01
	-3.107100e-01,  2.399843e-01
	-3.181169e-01,  2.420067e-01
	-3.510730e-01,  2.144717e-01
	-3.511550e-01,  2.177252e-01
	-3.159571e-01, -2.393236e-01
	-2.885874e-01, -2.261698e-01
	-3.195178e-01, -2.792020e-01
	-2.715055e-01, -2.326659e-01
	-2.716282e-01, -2.874858e-01
	-2.738443e-01, -2.901483e-01
	-1.496897e-01,  1.489274e-01
	-1.567250e-01,  1.364614e-01
	-1.581285e-01,  1.714930e-01
	-1.840764e-01,  1.827687e-01
	-2.082868e-01,  1.626338e-01
	-2.054568e-01,  1.333140e-01
	-1.948848e-01,  1.239295e-01
	 4.678074e-01,  8.021622e-04
	 4.277827e-01, -6.056216e-03
	 4.688474e-01,  2.850983e-02
	 4.050480e-01,  3.634988e-02
	 4.018350e-01,  1.479668e-01
	 4.471157e-01, -1.747536e-01
	 4.223615e-01, -1.967554e-01
	 3.852431e-01, -1.793360e-01
	 3.954629e-01, -1.341586e-01
	 4.284727e-01, -1.251772e-01
	 3.792131e-01, -1.641652e-01
	 5.291844e-02, -1.406055e-01
	 7.978423e-02, -1.220957e-01
	 2.767270e-02, -1.165239e-01
	 5.139814e-02, -8.210245e-02
	 3.890661e-02, -8.710137e-02
	 8.055583e-02, -1.183218e-01
	-2.097213e-01,  2.959990e-02
	-1.650112e-01,  1.583715e-02
	-1.631482e-01,  8.725963e-03
	-2.016822e-01, -2.943174e-02
	-1.762879e-01, -2.107663e-02
	-2.216991e-01, -1.283200e-02
	 4.743003e-01, -4.624565e-01
	 4.854919e-01, -4.398206e-01
	 4.223826e-01, -4.714662e-01
	 4.180504e-01, -4.373346e-01
	 4.356043e-01, -4.081258e-01
	 4.583176e-01, -4.059393e-01
	 2.931049e-01,  1.103193e-01
	 2.932232e-01,  1.102587e-01
	 3.045988e-01,  6.672949e-02
	 4.134629e-01,  4.404050e-01
	 4.235819e-01,  3.990665e-01
	 3.923734e-01,  4.487363e-01
	 3.606191e-01,  4.120756e-01
	 3.900122e-01,  3.871575e-01
	 7.899153e-02,  2.481568e-02
	 7.369670e-02,  2.017579e-02
	 7.877305e-02,  5.706754e-02
	 2.889174e-02,  7.328652e-02
	 5.838933e-02,  8.346332e-02
	 1.877495e-02,  4.790658e-02
	 3.103438e-02,  2.466845e-02
	-1.543389e-01,  3.804075e-02
	-1.701481e-01,  7.398569e-02
	-1.230624e-01,  5.039577e-02
	-1.332960e-01,  9.219580e-02
	-1.327918e-01,  9.203569e-02
	 1.313472e-01,  2.259166e-01
	 1.141454e-01,  2.303176e-01
	 1.619661e-01,  2.432686e-01
	 1.141766e-01,  2.712777e-01
	 1.454738e-01,  2.839176e-01
	 1.605898e-01,  2.767051e-01
	 1.101740e-01,  2.350145e-01
	 2.030641e-01,  4.030700e-01
	 1.911998e-01,  4.135752e-01
	 1.880893e-01,  4.613333e-01
	 2.322026e-01,  4.668275e-01
	 2.439953e-01,  4.574304e-01
	 2.220321e-01,  4.096577e-01
	-4.097000e-01,  1.580591e-02
	-4.147967e-01,  4.594363e-02
	-4.000363e-01,  1.166013e-02
	-3.696345e-01,  7.826729e-02
	-3.664103e-01,  7.634476e-02
	-3.554260e-01,  2.808196e-02
	 4.814838e-01, -3.723858e-01
	 4.217983e-01, -3.482392e-01
	 4.115546e-01, -3.796091e-01
	 4.653626e-01, -3.459915e-01
	-4.670655e-01,  6.158909e-03
	-4.886616e-01, -2.318246e-02
	-5.000000e-01, -2.687008e-02
	-3.410963e-01,  3.372933e-01
	-3.657494e-01,  3.203139e-01
	-3.916652e-01,  3.379614e-01
	-3.897991e-01,  3.761214e-01
	-3.661566e-01,  3.831064e-01
	-3.365455e-01,  3.553832e-01
	 7.994914e-02,  2.979813e-01
	 6.632433e-02,  2.924873e-01
	 4.937252e-02,  3.671134e-01
	 1.481709e-01,  1.725487e-01
	 1.350017e-01,  1.606685e-01
	 9.486383e-02,  1.954965e-01
	 1.167388e-01,  1.610092e-01
	-4.369579e-01, -4.590204e-02
	-4.316802e-01, -1.354120e-03
	 3.043208e-01,  2.038177e-01
	 3.379097e-01,  2.219512e-01
	 2.785364e-01,  2.400573e-01
	 3.015050e-01,  2.712001e-01
	 3.053635e-01,  2.720805e-01
	 3.355045e-01,  2.577104e-01
	 3.430755e-01,  2.389244e-01
	-2.035950e-01,  4.316884e-01
	-2.432057e-01,  4.151957e-01
	-2.214072e-01,  4.720893e-01
	-2.621745e-01,  4.596428e-01
	-2.643564e-01,  4.409984e-01
	-2.489297e-01,  2.041525e-01
	-2.445757e-01,  1.806831e-01
	-1.349033e-02,  8.935946e-02
	-3.286197e-03,  9.312897e-02
	-4.775753e-02,  1.161198e-01
	-1.326937e-02,  1.551571e-01
	 1.157220e-02,  1.380762e-01
	-4.922806e-02,  1.290298e-01
	-3.228519e-01,  7.998462e-02
	-3.760908e-01,  9.676216e-02
	 2.181712e-01, -1.041652e-02
	 1.689167e-01,  2.209415e-02
	 1.705383e-01,  2.311313e-02
	 2.077477e-01,  1.225618e-02
	-4.661892e-02,  2.623570e-01
	-7.880402e-02,  2.344744e-01
	-1.155459e-01,  2.505383e-01
	-9.068808e-02,  2.941943e-01
	 4.797844e-02, -1.651904e-01
	 6.378844e-02, -2.289366e-01
	 9.742067e-02, -1.870702e-01
	 9.844714e-02, -1.907951e-01
	-1.372088e-01,  2.103066e-01
	-1.892806e-01,  2.217582e-01
	 5.000000e-01, -1.299067e-01
	 4.548994e-01, -1.009962e-01
	 5.000000e-01, -7.266824e-02
	 4.645562e-01, -7.310960e-02
	-2.203152e-01, -5.000000e-01
	-2.888981e-01, -5.000000e-01
	-2.640310e-01, -4.478070e-01
	-4.342801e-01, -5.575794e-02
	-4.448888e-01, -1.335484e-01
	 5.000000e-01,  2.264304e-01
	 4.438321e-01,  2.212471e-01
	 4.548462e-01,  2.301130e-01
	 4.376066e-01,  1.986835e-01
	 1.342815e-02,  2.470964e-03
	-2.315325e-02,  4.092282e-02
	 2.583093e-03,  2.544552e-03
	 2.657028e-01,  4.560086e-01
	 2.292755e-01,  5.000000e-01
	 2.872078e-01,  5.000000e-01
	-1.994689e-01,  3.206235e-01
	-1.676654e-01,  2.819120e-01
	-2.282075e-01,  3.186611e-01
	-2.330535e-01,  3.138573e-01
	-1.888270e-01,  2.594289e-01
	-1.678385e-01,  2.787673e-01
	-2.218797e-01,  2.710440e-01
	 3.426590e-01,  1.280086e-01
	 3.446380e-01,  1.472524e-01
	 3.930978e-01,  1.559923e-01
	 3.560856e-01,  1.558461e-01
	 1.228085e-01, -2.745503e-01
	 1.154478e-01, -2.550730e-01
	 8.192101e-02, -2.928544e-01
	 6.275270e-02, -2.408999e-01
	 5.694225e-02, -2.486653e-01
	-1.144879e-01, -5.000000e-01
	-1.145753e-01, -4.986827e-01
	-1.797974e-01, -5.000000e-01
	-1.366585e-01, -4.712017e-01
	-1.611714e-01, -4.732501e-01
	 2.184897e-01, -1.768887e-01
	 2.008226e-01, -1.985673e-01
	 1.852968e-01, -1.305279e-01
	 1.504208e-01, -1.467997e-01
	 1.785682e-01, -1.295516e-01
	 1.606146e-01, -1.987358e-01
	-4.664985e-01,  4.326486e-01
	-5.000000e-01,  4.452245e-01
	-5.000000e-01,  3.708354e-01
	 3.317672e-03, -7.058977e-02
	 4.695095e-03, -4.728904e-02
	 3.509602e-02, -2.855169e-02
	 4.472189e-02, -3.019361e-02
	 5.793119e-02, -6.995077e-02
	 3.314263e-01, -4.680777e-01
	 3.201839e-01, -4.633909e-01
	 3.536294e-01, -4.634024e-01
	 3.667532e-01, -4.305203e-01
	 3.613638e-01, -4.153649e-01
	 3.460956e-01, -4.063481e-01
	 9.347270e-02,  1.113411e-01
	 9.185080e-02,  1.445552e-01
	 5.907785e-02,  8.599498e-02
	 3.317839e-02,  1.396524e-01
	 5.443297e-02,  1.585070e-01
	 3.359637e-01,  4.099632e-01
	 3.328040e-01,  4.035376e-01
	 3.842334e-01,  3.513645e-01
	 1.126135e-01, -1.517535e-01
	 1.366642e-01, -1.428193e-01
	 1.177818e-01, -8.965076e-02
	-1.200791e-01, -1.997533e-01
	-6.999058e-02, -2.172734e-01
	-6.684635e-02, -2.414638e-01
	-1.330018e-01, -2.247375e-01
	-4.605504e-01,  3.421868e-01
	-5.000000e-01,  3.691805e-01
	-4.698418e-01,  3.072769e-01
	-5.000000e-01,  3.039588e-01
	-4.794427e-01,  3.013202e-01
	 3.987916e-01,  5.000000e-01
	 3.881811e-01,  4.574415e-01
	 3.382820e-01,  4.765666e-01
	 3.339775e-01,  5.000000e-01
	 3.687619e-01, -3.206965e-01
	 3.612310e-01, -3.039318e-01
	 4.146698e-01, -3.341844e-01
	 3.798190e-01, -2.819744e-01
	 4.240494e-01, -2.811737e-01
	 4.344946e-01, -2.899419e-01
	 4.348893e-01, -2.916204e-01
	-4.207584e-01,  2.908227e-01
	-4.171926e-01,  3.268983e-01
	-3.674580e-01,  3.126270e-01
	-4.058219e-01,  2.866520e-01
	-1.912034e-01,  3.808062e-01
	-1.811382e-01,  3.457536e-01
	-1.314821e-01,  3.504333e-01
	-1.362947e-01,  3.405162e-01
	-3.752089e-01, -3.948931e-02
	-4.338424e-01, -5.220585e-02
	-1.269321e-01, -4.316369e-01
	-1.288974e-01, -4.272966e-01
	 5.000000e-01, -9.521573e-03
	 4.781299e-01, -7.546640e-03
	 5.000000e-01,  5.503013e-02
	 2.416711e-01, -3.741921e-01
	 2.234098e-01, -3.932684e-01
	 2.484454e-01, -4.441231e-01
	 2.548856e-01, -4.450268e-01
	 3.922217e-03, -4.048519e-01
	 4.251658e-02, -4.214460e-01
	-6.763555e-03, -3.809662e-01
	-3.103519e-03, -3.689454e-01
	 5.333389e-02, -4.173769e-01
	 6.289878e-02, -3.699098e-01
	 4.808352e-02, -3.596836e-01
	-3.047003e-01,  5.262084e-02
	-2.828615e-01,  4.896893e-02
	-2.583458e-01,  9.051217e-02
	-6.746170e-02, -1.146843e-01
	-4.488837e-02, -8.329011e-02
	-1.598674e-02, -8.816358e-02
	-2.142626e-03, -1.218271e-01
	-7.621839e-02, -4.693237e-01
	-2.084069e-01, -6.892859e-02
	-1.456443e-01, -5.922314e-02
	-1.587391e-01, -7.529895e-02
	 4.709044e-01, -2.618623e-01
	 4.605456e-01, -2.344919e-01
	 4.161783e-01, -2.361540e-01
	 4.256961e-01, -2.228932e-01
	 9.602464e-02,  4.379927e-01
	 3.579458e-02,  4.298390e-01
	 5.493783e-02,  3.864465e-01
	 9.439493e-02,  4.001912e-01
	 5.000000e-01,  2.927409e-01
	 4.763023e-01,  2.965420e-01
	 5.000000e-01,  3.516221e-01
	 4.851853e-01,  3.547800e-01
	 4.659610e-01,  3.377562e-01
	 5.000000e-01,  8.573107e-02
	 4.856224e-01,  9.071031e-02
	 3.211369e-01,  4.386962e-01
	 2.788290e-01,  4.425806e-01
	 2.695526e-01,  3.976294e-01
	 3.014582e-01,  3.858937e-01
	-2.490763e-01,  3.819871e-01
	-2.650710e-01,  3.773351e-01
	-3.081278e-01,  4.046428e-01
	-3.089757e-01,  4.070615e-01
	-3.014856e-01,  4.274538e-01
	-1.237317e-01, -4.005124e-01
	-1.714794e-01, -3.776133e-01
	-1.490658e-01, -3.764281e-01
	 4.628025e-01, -6.849827e-02
	 1.494394e-01, -2.095547e-01
	 1.362096e-01, -2.120043e-01
	-1.887243e-02, -2.505816e-02
	 4.393393e-01, -1.086193e-01
	 1.223773e-01, -3.346023e-01
	 1.391329e-01, -3.098144e-01
	 9.045709e-02, -3.315795e-01
	 1.283193e-01, -2.776163e-01
	 7.675500e-02, -3.073369e-01
	 5.000000e-01, -1.483433e-01
	 4.690065e-01, -1.759373e-01
	 1.693829e-01, -2.595315e-01
	 3.933611e-01,  2.443646e-01
	 3.886630e-01,  2.402878e-01
	 3.948493e-01,  2.625793e-01
	 3.633969e-01,  2.914360e-01
	-4.324967e-01,  5.764259e-02
	-2.734452e-01,  2.594525e-01
	-3.063755e-01,  3.035725e-01
	-2.801863e-01,  3.030054e-01
	-3.343638e-01,  2.746847e-01
	-1.050994e-01, -6.291144e-03
	-1.103730e-01, -8.806370e-03
	-9.087067e-02,  3.524369e-02
	 3.104491e-01,  1.672785e-01
	 2.853907e-01,  1.440974e-01
	-3.533900e-03, -2.432914e-01
	-4.723280e-02, -1.805845e-01
	 1.164127e-01, -3.855650e-01
	 1.251541e-01, -3.816817e-01
	 9.942432e-02, -4.305222e-01
	 1.429071e-01, -4.437381e-01
	 1.567605e-01, -4.079618e-01
	-1.332327e-01,  3.227310e-01
	-1.970675e-01, -2.948365e-01
	-2.100865e-01, -2.935066e-01
	-1.703866e-01, -2.709024e-01
	-2.215811e-01, -2.432455e-01
	-1.936334e-01, -2.247885e-01
	-2.229952e-01, -2.797182e-01
	-1.792079e-01, -2.267631e-01
	-1.808965e-01, -2.254722e-01
	 5.000000e-01, -3.717463e-01
	 4.714386e-01, -3.206464e-01
	 5.000000e-01, -3.044158e-01
	-1.057330e-01, -1.560819e-01
	-1.307749e-01, -1.262688e-01
	-9.703576e-02, -1.544338e-01
	-1.012552e-01, -9.872817e-02
	-7.216595e-02, -1.155661e-01
	-4.468547e-01,  3.486177e-01
	-4.217341e-01,  2.904218e-01
	 2.151315e-01, -5.000000e-01
	 2.251365e-01, -4.557387e-01
	 1.903340e-01, -5.000000e-01
	 2.009735e-01, -4.422753e-01
	 1.612547e-01, -4.632478e-01
	 7.526934e-02,  2.382329e-01
	 5.892170e-02,  2.607821e-01
	 2.177781e-01,  3.334218e-01
	 1.835080e-01,  3.156177e-01
	 2.219576e-01,  3.488668e-01
	 1.998401e-01,  3.718972e-01
	-1.908352e-01,  2.234245e-01
	-1.348826e-01,  2.112497e-01
	-1.182758e-01,  2.494675e-01
	 3.636146e-01,  1.970852e-01
	 3.840391e-01,  2.030414e-01
	-4.438974e-01, -1.823583e-01
	-4.382061e-01, -1.481685e-01
	-3.759347e-01, -1.488203e-01
	 2.758387e-01,  3.326776e-01
	 2.627066e-01,  2.983519e-01
	 3.038099e-01,  3.397564e-01
	 2.357190e-02, -4.695574e-01
	-1.463956e-02, -4.685715e-01
	-2.380622e-02, -4.395226e-01
	 4.314203e-01,  3.461319e-01
	 4.201326e-01,  3.068706e-01
	 4.306787e-01,  3.473627e-01
	 2.279866e-01, -1.441471e-02
	 2.354989e-01,  1.410401e-01
	 2.065081e-01,  1.558209e-01
	 2.565800e-01,  1.563495e-01
	 2.204952e-01,  2.042079e-01
	 2.354469e-01,  2.037617e-01
	 2.600108e-01,  1.800097e-01
	-9.242738e-02,  1.498373e-01
	-1.046870e-01,  1.042824e-01
	-9.451269e-02,  1.537422e-01
	 2.529223e-01, -1.464434e-01
	 2.477553e-01, -1.303693e-01
	 2.946817e-01, -1.452772e-01
	 2.680034e-01, -9.359625e-02
	 2.998813e-01, -1.104886e-01
	 3.471164e-01,  3.585284e-02
	 3.462265e-01,  6.816034e-02
	 4.014975e-01,  1.899567e-01
	-3.831095e-01,  2.432146e-01
	-3.821990e-01,  2.533636e-01
	-3.507682e-01,  2.784888e-01
	-3.088127e-01, -1.225383e-01
	 4.742927e-01,  3.892847e-01
	 4.598669e-01,  3.971537e-01
	 4.382734e-01,  3.906354e-01
	-4.502678e-01, -3.290093e-01
	-4.093998e-01, -3.190378e-01
	-4.526034e-01, -3.624030e-01
	-3.912009e-01, -3.479365e-01
	-3.974698e-01, -3.660534e-01
	 1.347250e-01, -3.616042e-01
	 6.956817e-02, -3.675381e-01
	 4.503119e-01,  2.828952e-01
	 1.332137e-01,  2.637139e-02
	 1.191008e-01,  1.534078e-02
	-6.368640e-02, -5.020892e-02
	-1.047726e-01, -7.066254e-02
	-2.675564e-01,  2.813686e-02
	-3.332027e-01,  1.469593e-02
	-3.276029e-01, -1.552516e-03
	-3.176281e-01, -8.199539e-03
	-2.694580e-01,  1.411295e-02
	 3.782863e-01, -2.458965e-01
	 3.401047e-01, -2.981327e-01
	-5.342992e-02,  1.977463e-01
	-1.525734e-02,  1.688887e-01
	-2.276257e-02,  2.303716e-01
	 5.839611e-03,  2.041939e-01
	-4.154583e-01, -4.698163e-01
	-4.512376e-01, -4.579419e-01
	-3.999702e-01, -4.642951e-01
	-4.523587e-01, -4.121318e-01
	-4.041302e-01, -4.116443e-01
	-3.900153e-01, -4.445176e-01
	 2.242622e-02,  2.087472e-01
	-2.388350e-02,  2.450623e-01
	 9.611197e-03,  2.600186e-01
	 2.343143e-02,  2.504689e-01
	-4.147266e-01, -2.757568e-01
	-4.470233e-01, -2.458310e-01
	-4.353058e-01, -2.720048e-01
	-5.000000e-01, -4.619993e-01
	-4.687638e-01, -4.706880e-01
	-5.000000e-01, -5.000000e-01
	-4.705545e-01, -5.000000e-01
	 2.003216e-01,  2.194865e-01
	 1.644097e-01,  1.740708e-01
	 1.986882e-01,  2.238352e-01
	-9.107640e-02,  1.764304e-01
	-6.861657e-02,  1.976097e-01
	 4.254045e-02, -3.172759e-01
	 8.684101e-02, -4.357676e-01
	 8.270872e-02, -4.821546e-01
	 1.230041e-01, -5.000000e-01
	 1.520298e-01, -4.612660e-01
	 9.227732e-02, -5.000000e-01
	-4.006287e-01, -3.002581e-01
	-1.225716e-01, -1.891463e-01
	 2.768116e-01, -4.935220e-01
	-4.449089e-01,  5.000000e-01
	-4.389906e-01,  4.836184e-01
	-5.000000e-01,  5.000000e-01
	 2.027258e-02,  4.309797e-01
	-1.115489e-02,  3.951954e-01
	-3.773740e-01,  1.855677e-01
	-3.750376e-01,  1.675686e-01
	 3.587749e-01, -9.068856e-02
	 3.310672e-01, -2.361004e-02
	 2.981278e-01, -4.851640e-02
	 3.305218e-01, -9.257624e-02
	 3.478625e-01, -9.524014e-02
	 2.416240e-01, -6.471113e-02
	 2.621569e-01, -7.109381e-02
	 2.919948e-01, -4.825498e-02
	 3.574734e-01, -3.579953e-01
	 3.419301e-01, -3.667307e-01
	 3.065688e-01, -3.570561e-01
	 3.021414e-01, -3.185847e-01
	 2.987502e-01, -3.428283e-01
	 2.410895e-02, -2.604195e-01
	 3.026706e-02, -3.095767e-01
	 4.279706e-01,  2.911477e-01
	 2.430943e-01, -3.563150e-01
	-5.377244e-03, -3.238979e-01
	 2.674298e-03, -2.531297e-01
	-2.847101e-02, -2.897079e-01
	-1.348542e-02, -3.438202e-01
	 3.440438e-01, -1.541088e-01
	 3.098395e-01, -1.978734e-01
	 3.160277e-01, -1.666133e-01
	-1.878651e-01, -3.526404e-01
	-2.309803e-01, -3.551948e-01
	-1.705715e-01, -3.248832e-01
	-2.409962e-01, -3.403718e-01
	 6.533159e-02, -1.711120e-02
	 1.764254e-01, -3.540481e-01
	 1.851052e-01, -3.236784e-01
	 1.866070e-01, -3.313069e-01
	-2.895710e-01, -3.422952e-01
	-2.697954e-01, -3.295376e-01
	-3.004022e-01, -3.795639e-01
	 3.005326e-01,  1.917392e-01
	-2.815513e-01,  3.558121e-01
	-3.241927e-01,  3.625012e-01
	-4.594989e-02, -2.589873e-02
	-5.151452e-02,  3.968853e-02
	-3.124415e-02,  4.467313e-02
	-3.164871e-01,  4.549830e-01
	-1.304043e-01, -5.636367e-02
	-6.116083e-02, -3.839162e-02
	-3.026531e-01, -5.000000e-01
	-3.316326e-01, -4.681772e-01
	-3.662060e-01, -5.000000e-01
	 1.751641e-01,  5.459458e-02
	-3.505736e-01, -4.375673e-01
	-3.892742e-01, -3.853031e-01
	-3.400354e-01, -3.918010e-01
	-4.622584e-02,  2.623599e-01
	-1.365480e-01, -3.377739e-01
	-1.192393e-01, -3.366631e-01
	-8.218523e-02, -3.718280e-01
	-8.209506e-02, -3.757372e-01
	-2.368820e-01,  3.737752e-01
	 2.489671e-02, -5.000000e-01
	 2.501180e-02, -4.713300e-01
	 2.467614e-01,  3.548917e-01
	 2.592734e-01,  3.923983e-01
	 5.000000e-01, -2.705543e-01
	 5.000000e-01, -2.139875e-01
	 4.908919e-01, -2.114927e-01
	-4.387642e-01,  9.468588e-02
	-4.120924e-01,  1.213798e-01
	-4.682027e-01,  9.886293e-02
	-4.151926e-01,  1.379168e-01
	-4.772792e-01,  1.197296e-01
	 3.729352e-01,  1.665504e-02
	-9.108114e-02,  2.970891e-01
	-6.176359e-02,  3.366537e-01
	-4.110331e-02,  3.387641e-01
	-2.521020e-01, -1.430607e-02
	-2.148225e-01, -7.476489e-02
	-4.396602e-01,  2.523801e-01
	-4.091399e-01,  2.232785e-01
	-1.654009e-01, -1.788277e-01
	-1.557834e-01, -1.217513e-01
	 5.480127e-02,  1.939885e-01
	 5.522830e-02,  1.942776e-01
	 5.000000e-01,  3.959574e-01
	-5.986039e-02, -3.296430e-01
	-5.858677e-02, -3.347497e-01
	-9.601901e-02, -3.059106e-01
	 3.298941e-01, -5.000000e-01
	 2.751554e-01, -5.000000e-01
	-9.029274e-02,  3.637916e-01
	-3.295486e-01, -1.850677e-01
	-2.951811e-01, -1.965118e-01
	 5.000000e-01,  4.527183e-01
	 4.681091e-01,  4.433607e-01
	 4.464881e-01,  4.559543e-01
	 4.429248e-01,  5.000000e-01
	 5.000000e-01,  5.000000e-01
	 2.423643e-01,  2.903650e-01
	-2.997192e-01, -4.376755e-01
	-3.172538e-01, -3.908349e-01
	 1.788438e-01,  2.871957e-01
	-3.745339e-01, -3.630801e-02
	 1.501967e-01,  1.082749e-01
	 1.346398e-01,  8.834223e-02
	 1.914965e-01, -3.953506e-01
	-4.563309e-01, -4.075398e-01
	-5.000000e-01, -4.205918e-01
	-2.543402e-01,  2.473276e-01
	-2.740640e-01,  3.092541e-01
	 2.329586e-01,  2.734391e-01
	 2.653306e-01,  2.399105e-01
	 2.205299e-01,  2.682462e-01
	 1.342803e-01,  8.178446e-02
	 1.814034e-01,  1.120008e-01
	-2.446929e-01,  2.124070e-01
	 1.426372e-01,  4.279589e-01
	-4.118097e-01,  2.112587e-01
	-2.085904e-01,  5.000000e-01
	-2.837402e-01,  5.000000e-01
	-2.828274e-01,  4.849276e-01
	 1.974981e-01,  1.535901e-01
	-1.561255e-01, -3.236034e-01
	-1.448824e-01, -2.811330e-01
	-3.380955e-01, -3.905384e-01
	-5.000000e-01,  1.733814e-01
	-5.000000e-01,  1.210710e-01
	-2.153199e-01,  6.926215e-02
	-1.970645e-01,  8.244552e-02
	-5.000000e-01,  2.353850e-01
	-4.813821e-01,  2.387113e-01
	 2.132837e-01, -7.922897e-02
	-6.929053e-02,  4.505212e-02
	-7.609342e-02,  8.457324e-02
	-2.888986e-02,  3.931524e-01
	-4.677188e-01, -2.389570e-01
	-5.000000e-01, -2.616952e-01
	 1.488229e-01,  4.147441e-01
	-3.039921e-01, -1.374729e-01
	 2.660287e-01, -1.997471e-01
	 2.401920e-01, -1.707417e-01
	-3.783891e-01,  5.000000e-01
	 1.966135e-01, -3.978194e-01
	-3.740677e-01, -1.471122e-01
	-2.565474e-01, -2.269296e-01
	-3.318298e-01,  5.000000e-01
	-3.331608e-01, -1.682771e-01
	 2.538791e-01, -2.395123e-01
	 2.809661e-01, -2.978589e-01
	 2.386170e-01, -3.493323e-01
	 5.000000e-01, -4.397171e-01
	-5.000000e-01, -1.906584e-01
	-4.742238e-01, -1.973718e-01
	-8.719135e-02,  3.931455e-01
	-5.458446e-02,  4.135136e-01
	-7.362486e-02,  4.509600e-01
	-5.573298e-02,  4.301170e-01
	-3.315086e-01, -4.565412e-01
	-4.778302e-01,  2.427806e-01
	-3.933188e-02, -2.906683e-01
	-4.592100e-02,  5.000000e-01
	 1.330843e-01,  7.990974e-02
	-7.822209e-02, -4.440306e-01
	-2.191200e-01,  4.466745e-02
	 2.130945e-01, -1.136863e-01
	-6.014161e-02, -3.972860e-01
	-5.776314e-02, -4.215845e-01
	-5.000000e-01, -3.673439e-01
	-4.614682e-01, -3.738185e-01
	 3.896944e-01, -3.817990e-01
	-4.193913e-01, -5.000000e-01
	-3.674204e-01, -5.000000e-01
	 4.916889e-01, -5.000000e-01
	 5.000000e-01, -5.000000e-01
Mesh Facets: 1255
	8, 9
	23, 24
	41, 40
	51, 49
	55, 56
	61, 62
	29, 30
	48, 46
	105, 106
	111, 112
	144, 146
	150, 151
	2, 0
	174, 175
	109, 110
	115, 113
	117, 119
	38, 36
	76, 46
	47, 46
	247, 246
	105, 103
	293, 105
	128, 126
	91, 90
	269, 268
	291, 292
	61, 60
	61, 66
	200, 201
	285, 284
	59, 63
	196, 195
	79, 81
	214, 215
	347, 345
	349, 350
	5, 1
	148, 149
	102, 101
	41, 39
	354, 41
	261, 262
	279, 278
	362, 363
	119, 118
	119, 223
	380, 382
	393, 392
	158, 159
	234, 233
	32, 31
	139, 138
	254, 255
	230, 231
	339, 341
	413, 231
	235, 231
	162, 160
	423, 421
	428, 425
	295, 296
	191, 189
	100, 101
	101, 352
	383, 384
	153, 152
	450, 448
	219, 221
	35, 33
	65, 62
	63, 62
	329, 63
	80, 82
	24, 25
	24, 380
	380, 381
	239, 240
	434, 433
	53, 54
	483, 481
	40, 486
	37, 40
	410, 411
	320, 317
	447, 152
	152, 154
	347, 348
	448, 347
	449, 448
	390, 388
	413, 414
	413, 341
	341, 342
	396, 395
	360, 358
	346, 348
	124, 125
	348, 500
	375, 377
	345, 510
	504, 346
	346, 345
	224, 228
	180, 179
	501, 390
	386, 390
	362, 278
	175, 362
	175, 171
	278, 277
	314, 315
	103, 291
	103, 104
	282, 281
	291, 308
	202, 203
	263, 265
	238, 237
	372, 371
	249, 248
	232, 230
	230, 339
	82, 468
	82, 81
	81, 339
	417, 418
	78, 77
	365, 364
	441, 443
	479, 480
	93, 91
	91, 302
	151, 148
	151, 293
	293, 292
	292, 307
	352, 445
	352, 148
	287, 290
	545, 543
	437, 436
	422, 420
	553, 555
	274, 271
	301, 300
	96, 95
	369, 368
	343, 344
	310, 315
	315, 514
	18, 20
	313, 312
	140, 141
	456, 455
	139, 412
	139, 143
	72, 48
	48, 45
	331, 334
	213, 212
	267, 266
	47, 250
	44, 47
	373, 374
	567, 568
	205, 203
	203, 521
	166, 165
	99, 97
	484, 485
	578, 580
	530, 529
	507, 505
	354, 356
	481, 354
	481, 482
	195, 332
	195, 194
	465, 466
	550, 549
	462, 463
	432, 430
	134, 132
	623, 132
	132, 133
	226, 225
	475, 476
	628, 627
	17, 21
	644, 642
	645, 644
	268, 270
	268, 303
	427, 426
	410, 488
	410, 254
	253, 254
	337, 336
	565, 566
	450, 221
	486, 450
	116, 115
	486, 487
	221, 115
	509, 507
	507, 612
	461, 460
	654, 656
	531, 532
	182, 183
	17, 15
	639, 17
	417, 416
	546, 548
	528, 417
	400, 31
	31, 33
	454, 33
	662, 660
	392, 662
	391, 392
	128, 302
	128, 131
	478, 479
	479, 302
	204, 201
	201, 60
	60, 58
	121, 123
	45, 43
	581, 45
	597, 250
	249, 371
	249, 250
	371, 118
	118, 114
	624, 430
	430, 429
	377, 509
	379, 377
	509, 651
	639, 657
	641, 639
	52, 50
	607, 606
	227, 228
	123, 667
	123, 124
	124, 504
	504, 228
	142, 143
	143, 579
	515, 516
	35, 451
	34, 35
	679, 677
	680, 681
	458, 461
	651, 461
	681, 651
	684, 681
	133, 226
	133, 135
	229, 226
	536, 535
	262, 358
	262, 257
	396, 358
	397, 396
	611, 505
	505, 506
	694, 692
	4, 3
	525, 372
	309, 310
	310, 567
	372, 374
	567, 374
	494, 493
	503, 360
	360, 359
	157, 158
	158, 391
	391, 661
	86, 89
	702, 525
	525, 526
	584, 587
	669, 670
	594, 595
	674, 673
	495, 496
	83, 84
	616, 617
	523, 522
	609, 607
	182, 184
	182, 657
	607, 657
	711, 713
	334, 333
	72, 73
	72, 334
	634, 633
	637, 636
	129, 127
	290, 544
	290, 288
	431, 435
	499, 497
	191, 440
	191, 190
	317, 316
	317, 492
	653, 656
	656, 724
	562, 563
	275, 280
	729, 728
	473, 474
	11, 10
	220, 222
	122, 120
	335, 338
	129, 718
	130, 129
	170, 169
	241, 239
	239, 470
	436, 552
	436, 439
	600, 599
	658, 546
	547, 546
	28, 26
	559, 558
	638, 635
	483, 484
	748, 483
	484, 603
	721, 720
	752, 753
	400, 399
	659, 400
	395, 394
	705, 503
	503, 395
	616, 466
	616, 710
	467, 466
	727, 280
	280, 279
	489, 490
	279, 361
	738, 737
	534, 443
	443, 442
	16, 19
	207, 206
	441, 364
	441, 440
	723, 440
	366, 364
	760, 761
	761, 757
	169, 740
	169, 168
	621, 622
	669, 674
	668, 669
	674, 43
	42, 43
	573, 572
	562, 726
	560, 562
	5, 3
	5, 351
	701, 3
	688, 690
	595, 670
	593, 595
	670, 671
	96, 561
	92, 96
	273, 272
	549, 617
	549, 547
	472, 471
	617, 709
	745, 547
	59, 330
	732, 734
	666, 58
	58, 59
	619, 620
	283, 286
	406, 405
	306, 304
	468, 232
	468, 467
	467, 394
	394, 234
	234, 232
	530, 611
	530, 533
	696, 611
	193, 194
	615, 194
	695, 257
	256, 257
	643, 642
	632, 630
	642, 771
	89, 88
	89, 157
	298, 297
	155, 157
	367, 370
	518, 520
	186, 185
	700, 699
	208, 211
	648, 646
	586, 585
	212, 590
	212, 214
	343, 565
	214, 343
	565, 649
	261, 359
	261, 259
	323, 324
	707, 359
	714, 73
	74, 73
	767, 768
	322, 321
	564, 344
	344, 215
	215, 216
	578, 579
	578, 485
	485, 482
	482, 613
	682, 579
	173, 172
	477, 53
	53, 57
	652, 653
	653, 725
	575, 456
	456, 459
	572, 574
	572, 726
	727, 726
	727, 490
	490, 491
	605, 580
	580, 412
	255, 252
	255, 412
	500, 125
	500, 449
	219, 449
	125, 122
	219, 220
	122, 220
	666, 734
	666, 665
	10, 734
	10, 14
	783, 782
	319, 318
	582, 583
	74, 778
	75, 74
	366, 367
	366, 723
	703, 493
	492, 723
	367, 773
	493, 492
	604, 605
	758, 759
	605, 252
	252, 251
	719, 720
	161, 164
	751, 720
	501, 512
	502, 501
	508, 375
	375, 376
	154, 498
	154, 2
	2, 4
	692, 691
	4, 692
	730, 474
	225, 224
	224, 511
	474, 476
	225, 476
	192, 199
	235, 233
	235, 415
	233, 398
	541, 537
	787, 161
	160, 161
	160, 419
	668, 42
	42, 44
	120, 121
	736, 120
	44, 596
	121, 668
	404, 32
	677, 34
	677, 676
	32, 34
	764, 701
	186, 699
	187, 186
	699, 701
	790, 789
	11, 735
	11, 12
	407, 408
	324, 327
	260, 259
	259, 324
	680, 685
	680, 379
	79, 340
	378, 379
	527, 77
	77, 79
	636, 627
	718, 636
	336, 335
	650, 336
	627, 625
	335, 718
	464, 65
	65, 64
	217, 218
	789, 793
	13, 12
	789, 12
	672, 581
	196, 331
	196, 197
	331, 581
	519, 520
	294, 299
	704, 703
	703, 773
	773, 520
	420, 551
	420, 421
	393, 159
	159, 156
	421, 393
	325, 323
	707, 706
	323, 707
	664, 131
	130, 739
	131, 130
	640, 641
	49, 800
	49, 50
	641, 50
	276, 277
	780, 172
	172, 171
	171, 277
	303, 304
	303, 647
	778, 785
	778, 767
	767, 304
	545, 544
	728, 545
	473, 728
	434, 435
	434, 473
	544, 435
	94, 93
	477, 780
	477, 480
	780, 801
	93, 480
	649, 650
	650, 625
	590, 649
	625, 626
	326, 328
	590, 588
	71, 68
	167, 165
	602, 165
	689, 690
	591, 593
	593, 690
	87, 86
	86, 661
	660, 661
	660, 805
	411, 491
	411, 138
	491, 574
	140, 574
	138, 140
	655, 532
	532, 533
	769, 533
	556, 557
	514, 513
	598, 568
	355, 357
	568, 514
	753, 659
	753, 553
	553, 554
	659, 454
	453, 454
	357, 39
	357, 598
	373, 598
	223, 373
	38, 39
	38, 223
	571, 570
	102, 98
	102, 353
	209, 207
	70, 69
	756, 207
	269, 305
	558, 274
	558, 747
	274, 269
	85, 87
	87, 805
	805, 809
	784, 319
	319, 320
	496, 708
	496, 320
	756, 755
	802, 71
	69, 756
	69, 71
	609, 184
	610, 609
	187, 788
	184, 187
	717, 716
	136, 135
	689, 135
	803, 689
	774, 776
	765, 561
	560, 762
	560, 561
	176, 177
	679, 678
	679, 683
	243, 247
	247, 287
	287, 543
	543, 814
	540, 538
	209, 808
	210, 209
	799, 800
	800, 815
	790, 735
	106, 790
	733, 735
	107, 106
	271, 272
	271, 300
	300, 90
	90, 92
	92, 272
	705, 710
	706, 705
	522, 524
	706, 796
	710, 522
	248, 76
	248, 526
	584, 582
	584, 526
	582, 75
	75, 76
	244, 245
	401, 402
	145, 147
	787, 786
	537, 535
	537, 787
	693, 535
	211, 210
	210, 540
	536, 694
	536, 540
	211, 700
	700, 694
	57, 173
	57, 56
	56, 174
	174, 173
	587, 586
	587, 702
	311, 309
	309, 702
	586, 775
	188, 109
	108, 109
	744, 658
	658, 416
	419, 541
	419, 416
	541, 542
	745, 26
	472, 745
	741, 470
	472, 470
	26, 27
	192, 398
	398, 397
	397, 695
	695, 193
	192, 193
	70, 67
	808, 70
	539, 538
	808, 538
	229, 227
	229, 688
	227, 667
	688, 671
	671, 667
	206, 208
	206, 16
	208, 185
	16, 15
	183, 15
	183, 185
	612, 460
	612, 529
	529, 531
	459, 460
	652, 459
	531, 652
	655, 557
	654, 655
	555, 557
	555, 654
	350, 351
	350, 711
	351, 763
	712, 711
	637, 127
	637, 638
	127, 126
	126, 301
	638, 559
	301, 559
	95, 563
	95, 94
	94, 801
	801, 276
	276, 275
	275, 563
	781, 14
	14, 13
	794, 13
	742, 743
	162, 418
	162, 163
	527, 685
	418, 527
	685, 686
	112, 824
	112, 108
	819, 108
	614, 615
	256, 258
	256, 615
	687, 684
	686, 684
	823, 686
	750, 749
	64, 217
	64, 66
	216, 217
	66, 322
	322, 216
	110, 190
	111, 110
	318, 782
	782, 111
	316, 318
	190, 316
	117, 36
	116, 117
	37, 36
	37, 487
	487, 116
	306, 305
	306, 406
	746, 747
	305, 747
	409, 406
	442, 189
	754, 442
	188, 189
	188, 817
	748, 603
	757, 748
	758, 757
	758, 604
	603, 604
	383, 446
	469, 381
	381, 383
	241, 740
	241, 236
	622, 618
	740, 622
	326, 327
	326, 626
	626, 628
	628, 635
	746, 409
	746, 635
	409, 408
	327, 408
	619, 286
	462, 619
	285, 286
	285, 329
	462, 329
	342, 502
	342, 340
	502, 376
	376, 378
	340, 378
	696, 769
	696, 698
	813, 683
	683, 451
	806, 769
	452, 451
	146, 147
	146, 752
	401, 399
	401, 147
	752, 399
	202, 200
	202, 518
	321, 200
	321, 779
	518, 772
	385, 387
	804, 591
	591, 592
	519, 521
	521, 601
	294, 519
	295, 294
	295, 438
	107, 104
	107, 733
	517, 104
	733, 731
	819, 824
	824, 8
	820, 819
	8, 6
	455, 577
	455, 457
	822, 794
	423, 424
	793, 423
	794, 793
	266, 213
	266, 264
	218, 213
	218, 792
	52, 606
	606, 608
	51, 52
	831, 51
	289, 288
	429, 431
	675, 429
	431, 288
	704, 299
	494, 704
	88, 84
	84, 495
	495, 494
	299, 298
	298, 88
	178, 176
	136, 137
	811, 136
	812, 176
	166, 99
	166, 168
	620, 621
	620, 766
	168, 621
	99, 100
	100, 444
	834, 645
	643, 630
	643, 645
	630, 629
	284, 330
	284, 282
	517, 731
	731, 732
	282, 517
	732, 330
	629, 631
	629, 834
	835, 834
	382, 384
	382, 349
	384, 153
	349, 1
	0, 153
	0, 1
	832, 608
	632, 770
	633, 632
	633, 716
	610, 716
	610, 608
	673, 594
	594, 592
	795, 672
	828, 592
	673, 672
	601, 600
	600, 439
	438, 439
	438, 601
	422, 552
	422, 424
	424, 822
	742, 822
	552, 742
	763, 821
	763, 764
	788, 717
	788, 764
	715, 717
	631, 634
	835, 631
	715, 821
	634, 715
	821, 712
	712, 713
	713, 835
	775, 774
	775, 311
	573, 762
	573, 312
	774, 762
	312, 311
	237, 236
	237, 263
	263, 264
	792, 264
	236, 827
	791, 792
	68, 29
	68, 167
	27, 741
	27, 29
	741, 170
	170, 167
	539, 542
	539, 67
	67, 30
	542, 744
	28, 744
	30, 28
	407, 260
	407, 405
	260, 258
	405, 768
	768, 777
	825, 258
	830, 577
	577, 576
	469, 826
	25, 469
	22, 25
	179, 181
	512, 508
	512, 179
	506, 508
	697, 506
	729, 730
	510, 729
	510, 511
	730, 511
	453, 452
	453, 554
	452, 806
	554, 556
	556, 806
	811, 178
	178, 180
	386, 385
	180, 386
	804, 803
	803, 811
	385, 804
	570, 569
	150, 149
	815, 150
	570, 353
	816, 815
	149, 353
	524, 265
	796, 524
	267, 589
	267, 265
	797, 796
	664, 798
	818, 820
	820, 6
	6, 7
	663, 664
	488, 489
	488, 427
	363, 361
	363, 428
	428, 427
	361, 489
	760, 759
	425, 760
	253, 426
	426, 425
	759, 251
	251, 253
	433, 475
	433, 432
	475, 623
	432, 623
	356, 355
	355, 513
	682, 613
	515, 682
	613, 356
	515, 513
	648, 270
	270, 273
	273, 765
	765, 776
	776, 648
	836, 144
	242, 244
	244, 145
	145, 144
	332, 614
	614, 825
	825, 777
	777, 714
	333, 332
	333, 714
	810, 802
	97, 602
	97, 98
	602, 802
	807, 98
	813, 177
	813, 698
	177, 181
	697, 181
	697, 698
	624, 678
	624, 134
	137, 134
	812, 137
	812, 678
	738, 754
	754, 817
	817, 818
	818, 798
	738, 739
	798, 739
	709, 471
	471, 240
	240, 238
	523, 709
	523, 238
	571, 807
	571, 18
	810, 755
	755, 19
	807, 810
	18, 19
	799, 640
	799, 816
	569, 20
	816, 569
	21, 640
	20, 21
	534, 365
	534, 737
	369, 365
	369, 566
	337, 566
	338, 337
	737, 338
	389, 388
	415, 199
	415, 414
	199, 198
	388, 414
	403, 404
	675, 833
	676, 675
	404, 676
	618, 827
	618, 463
	464, 791
	464, 463
	827, 791
	54, 478
	55, 54
	7, 9
	9, 55
	663, 7
	478, 663
	204, 665
	204, 205
	599, 205
	665, 781
	781, 743
	743, 599
	814, 837
	837, 836
	243, 814
	243, 242
	836, 242
	498, 691
	498, 499
	499, 719
	691, 693
	786, 719
	693, 786
	114, 113
	113, 222
	222, 736
	736, 596
	596, 597
	597, 114
	708, 83
	83, 85
	85, 809
	809, 783
	784, 708
	784, 783
	583, 785
	785, 647
	647, 646
	646, 585
	585, 583
	368, 564
	368, 370
	370, 772
	779, 772
	779, 564
	389, 387
	389, 198
	198, 197
	795, 197
	795, 828
	828, 387
	823, 749
	823, 163
	163, 164
	751, 164
	749, 751
	831, 832
	771, 831
	832, 770
	770, 771
	724, 725
	724, 23
	22, 576
	22, 23
	575, 725
	576, 575
	246, 289
	246, 245
	403, 833
	403, 402
	833, 289
	245, 402
	447, 446
	447, 497
	829, 830
	830, 826
	826, 446
	722, 497
	829, 722
	722, 721
	750, 721
	750, 687
	687, 458
	457, 829
	457, 458
	325, 797
	328, 325
	588, 328
	589, 588
	797, 589
	314, 313
	313, 141
	314, 516
	142, 516
	142, 141
	550, 465
	548, 550
	80, 78
	78, 528
	465, 80
	528, 548
	766, 444
	766, 283
	308, 281
	308, 307
	283, 281
	445, 307
	444, 445
	297, 296
	297, 155
	156, 155
	551, 156
	437, 551
	296, 437
Facet Neighbors: 1255
	-4, 1
	-3, 4
	-2, 7
	-1, 9
	-4, 10
	11, 12
	5, 13
	8, 14
	-1, 19
	-4, 20
	-3, 26
	-1, 27
	0, 28
	-4, 32
	20, 35
	21, 40
	21, 41
	7, 41
	14, 46
	8, 46
	45, 53
	19, 54
	-1, 54
	23, 56
	17, 56
	50, 57
	54, 58
	11, 61
	12, 61
	37, 61
	52, 63
	11, 63
	36, 64
	15, 66
	39, 67
	-2, 68
	-3, 69
	0, 69
	27, 70
	18, 70
	7, 71
	-2, 71
	48, 72
	51, 73
	-4, 73
	21, 75
	41, 75
	-3, 77
	-1, 79
	29, 79
	43, 80
	6, 81
	25, 83
	47, 83
	43, 84
	66, 84
	84, 85
	43, 85
	30, 86
	-1, 87
	-4, 88
	55, 90
	35, 91
	18, 92
	70, 92
	77, 93
	28, 93
	-2, 94
	40, 94
	6, 95
	12, 97
	11, 97
	63, 97
	15, 98
	4, 99
	-3, 99
	77, 99
	44, 100
	89, 101
	10, 102
	-2, 103
	-2, 104
	7, 104
	83, 105
	60, 106
	93, 107
	28, 107
	68, 108
	-2, 108
	94, 108
	78, 109
	85, 109
	84, 109
	66, 109
	80, 110
	72, 110
	68, 111
	22, 111
	108, 111
	76, 112
	-2, 113
	111, 113
	68, 113
	42, 113
	33, 114
	109, 114
	78, 114
	73, 115
	-4, 115
	32, 115
	51, 115
	59, 116
	54, 117
	19, 117
	52, 117
	58, 117
	37, 118
	49, 119
	44, 119
	75, 120
	46, 120
	43, 121
	84, 121
	98, 121
	15, 121
	66, 121
	86, 122
	15, 122
	74, 124
	91, 124
	102, 126
	17, 126
	56, 126
	27, 127
	-1, 127
	54, 127
	58, 127
	92, 127
	70, 127
	53, 128
	-2, 128
	90, 130
	87, 130
	-3, 131
	50, 132
	56, 132
	17, 133
	74, 134
	67, 134
	59, 135
	116, 135
	3, 136
	59, 137
	25, 137
	96, 138
	83, 139
	25, 139
	14, 140
	8, 140
	64, 140
	39, 142
	49, 142
	46, 144
	8, 144
	75, 145
	135, 145
	37, 146
	118, 146
	31, 147
	18, 147
	103, 148
	139, 148
	123, 150
	112, 150
	71, 151
	-2, 151
	103, 151
	64, 152
	36, 152
	98, 153
	129, 153
	97, 154
	89, 155
	24, 155
	155, 157
	24, 157
	42, 157
	101, 157
	156, 159
	3, 160
	-1, 161
	-3, 161
	50, 162
	57, 162
	88, 163
	105, 163
	83, 163
	47, 163
	65, 164
	134, 164
	94, 165
	-2, 165
	21, 165
	104, 165
	40, 165
	112, 166
	150, 166
	96, 166
	-3, 167
	123, 167
	34, 168
	3, 168
	160, 168
	86, 169
	129, 169
	122, 169
	81, 170
	6, 170
	95, 170
	-4, 171
	-1, 171
	79, 171
	56, 172
	23, 172
	102, 172
	126, 172
	37, 173
	61, 173
	11, 173
	22, 174
	8, 175
	140, 175
	144, 176
	120, 176
	46, 176
	75, 176
	21, 176
	155, 177
	89, 177
	112, 178
	76, 178
	166, 178
	168, 179
	160, 179
	9, 179
	149, 179
	42, 180
	174, 180
	22, 180
	111, 180
	113, 180
	25, 181
	139, 181
	116, 181
	95, 182
	6, 182
	177, 182
	178, 183
	96, 184
	166, 184
	178, 184
	183, 184
	157, 185
	24, 185
	42, 185
	125, 186
	72, 187
	48, 187
	110, 187
	80, 187
	150, 188
	112, 188
	186, 189
	0, 189
	120, 190
	59, 190
	135, 190
	75, 190
	145, 190
	106, 191
	110, 192
	72, 192
	29, 193
	79, 193
	171, 193
	16, 193
	190, 194
	120, 194
	141, 194
	174, 195
	143, 195
	175, 195
	106, 196
	16, 196
	153, 197
	119, 197
	149, 198
	34, 198
	168, 198
	179, 198
	-3, 199
	64, 200
	14, 200
	140, 200
	158, 201
	159, 202
	23, 202
	128, 203
	53, 203
	89, 203
	107, 204
	91, 205
	35, 205
	60, 205
	106, 205
	167, 206
	-3, 206
	133, 207
	51, 207
	-2, 208
	101, 208
	2, 209
	40, 210
	22, 210
	65, 211
	202, 211
	23, 211
	31, 212
	44, 212
	100, 212
	130, 213
	90, 213
	146, 213
	169, 214
	129, 214
	5, 214
	132, 215
	159, 215
	103, 216
	-2, 216
	148, 216
	204, 217
	-3, 218
	81, 218
	170, 218
	80, 219
	192, 219
	110, 219
	153, 219
	197, 219
	98, 219
	207, 220
	51, 220
	105, 220
	73, 220
	211, 221
	124, 221
	91, 221
	3, 222
	38, 222
	124, 223
	91, 223
	205, 223
	74, 223
	-4, 224
	-2, 224
	212, 225
	31, 225
	154, 225
	195, 226
	174, 226
	175, 226
	8, 226
	137, 227
	207, 227
	133, 227
	0, 228
	69, 228
	189, 228
	185, 229
	195, 229
	143, 229
	174, 229
	133, 230
	17, 230
	50, 230
	153, 231
	129, 231
	100, 231
	197, 231
	214, 231
	63, 232
	209, 232
	173, 232
	11, 232
	154, 233
	52, 233
	82, 234
	57, 234
	121, 235
	98, 235
	219, 235
	80, 235
	43, 235
	150, 236
	123, 236
	188, 236
	36, 237
	152, 237
	187, 237
	48, 237
	161, 238
	158, 238
	-1, 238
	16, 239
	193, 239
	55, 239
	29, 239
	74, 240
	118, 240
	34, 241
	189, 241
	38, 241
	162, 242
	141, 242
	142, 243
	39, 243
	134, 243
	67, 243
	164, 243
	72, 244
	48, 244
	62, 244
	192, 244
	200, 245
	14, 245
	234, 245
	61, 246
	134, 246
	67, 246
	39, 246
	139, 247
	148, 247
	103, 247
	151, 247
	181, 247
	32, 248
	102, 248
	10, 248
	167, 249
	206, 249
	138, 249
	96, 249
	137, 250
	227, 250
	207, 250
	220, 250
	105, 250
	148, 251
	139, 251
	47, 251
	83, 251
	111, 252
	108, 252
	94, 252
	22, 252
	40, 252
	210, 252
	232, 253
	173, 253
	209, 253
	2, 253
	-4, 254
	60, 254
	141, 255
	245, 255
	14, 255
	74, 256
	223, 256
	191, 256
	205, 256
	240, 256
	106, 256
	148, 257
	224, 257
	251, 257
	47, 257
	204, 258
	30, 258
	217, 258
	114, 259
	109, 259
	112, 259
	76, 259
	107, 260
	28, 260
	0, 260
	186, 260
	189, 260
	208, 261
	42, 261
	113, 261
	101, 261
	157, 261
	36, 262
	43, 262
	85, 262
	80, 262
	125, 263
	258, 263
	30, 263
	86, 263
	226, 264
	8, 264
	22, 264
	210, 264
	144, 264
	174, 264
	81, 265
	182, 265
	177, 265
	6, 265
	228, 266
	241, 266
	34, 266
	189, 266
	-1, 267
	209, 267
	2, 267
	82, 268
	62, 268
	48, 268
	244, 268
	183, 269
	178, 269
	66, 269
	76, 269
	122, 269
	15, 269
	159, 270
	202, 270
	65, 270
	164, 270
	156, 270
	211, 270
	97, 271
	12, 271
	39, 271
	-1, 272
	2, 272
	267, 272
	175, 273
	64, 273
	36, 273
	140, 273
	118, 274
	55, 274
	191, 274
	256, 274
	240, 274
	130, 275
	87, 275
	79, 275
	29, 275
	-1, 275
	62, 276
	192, 276
	244, 276
	172, 277
	211, 277
	23, 277
	160, 278
	-1, 278
	9, 278
	179, 278
	51, 279
	248, 279
	32, 279
	115, 279
	57, 280
	162, 280
	255, 280
	245, 280
	234, 280
	128, 281
	-2, 281
	208, 281
	89, 281
	101, 281
	203, 281
	17, 282
	248, 282
	102, 282
	279, 282
	126, 282
	164, 283
	270, 283
	243, 283
	156, 283
	62, 283
	142, 283
	13, 284
	31, 284
	147, 284
	185, 285
	143, 285
	229, 285
	16, 286
	193, 286
	171, 286
	-4, 286
	105, 287
	83, 287
	250, 287
	137, 287
	25, 287
	167, 288
	123, 288
	236, 288
	131, 288
	116, 289
	145, 289
	71, 289
	135, 289
	218, 290
	-3, 290
	131, 290
	170, 290
	95, 290
	71, 291
	289, 291
	145, 291
	75, 291
	7, 291
	41, 291
	136, 292
	18, 292
	70, 292
	38, 293
	13, 293
	222, 293
	57, 294
	132, 294
	215, 294
	50, 294
	16, 295
	286, 295
	-4, 295
	254, 296
	60, 296
	196, 296
	106, 296
	222, 297
	284, 297
	293, 297
	13, 297
	198, 298
	149, 298
	266, 298
	34, 298
	201, 298
	24, 299
	185, 299
	285, 299
	242, 300
	230, 300
	227, 300
	133, 300
	33, 301
	177, 301
	182, 301
	45, 302
	53, 302
	128, 302
	-2, 302
	125, 303
	293, 303
	38, 303
	278, 304
	-1, 304
	267, 305
	-1, 305
	209, 305
	19, 305
	50, 306
	132, 306
	56, 306
	17, 306
	230, 306
	219, 307
	192, 307
	119, 307
	276, 307
	197, 307
	46, 308
	120, 308
	141, 308
	194, 308
	255, 308
	14, 308
	45, 309
	81, 309
	26, 309
	258, 310
	125, 310
	263, 310
	186, 310
	38, 311
	303, 311
	186, 311
	125, 311
	241, 311
	189, 311
	248, 312
	10, 312
	-4, 312
	32, 312
	141, 313
	194, 313
	59, 313
	190, 313
	242, 313
	35, 314
	20, 314
	214, 315
	169, 315
	263, 315
	86, 315
	125, 315
	214, 316
	231, 316
	212, 316
	100, 316
	5, 316
	262, 317
	80, 317
	187, 317
	237, 317
	36, 317
	13, 318
	293, 318
	125, 318
	303, 318
	42, 319
	185, 319
	180, 319
	229, 319
	174, 319
	38, 320
	222, 320
	241, 320
	3, 320
	168, 320
	34, 320
	166, 321
	150, 321
	123, 321
	96, 321
	249, 321
	167, 321
	288, 322
	167, 322
	131, 322
	-3, 322
	69, 323
	-3, 323
	228, 323
	199, 323
	202, 324
	159, 324
	23, 324
	56, 324
	215, 324
	132, 324
	133, 325
	17, 325
	282, 325
	279, 325
	51, 325
	207, 325
	253, 326
	2, 326
	272, 326
	213, 326
	86, 327
	30, 327
	269, 327
	122, 327
	183, 327
	-4, 328
	20, 328
	314, 328
	152, 329
	48, 329
	237, 329
	184, 330
	183, 330
	327, 330
	217, 330
	271, 331
	12, 331
	39, 331
	61, 331
	246, 331
	35, 332
	20, 332
	254, 332
	-4, 332
	60, 332
	205, 332
	41, 333
	21, 333
	7, 333
	104, 333
	165, 333
	57, 334
	234, 334
	215, 334
	294, 334
	82, 334
	91, 335
	221, 335
	35, 335
	314, 335
	216, 336
	-2, 336
	224, 336
	257, 336
	148, 336
	93, 337
	99, 337
	77, 337
	212, 338
	44, 338
	154, 338
	225, 338
	62, 339
	283, 339
	156, 339
	159, 339
	334, 339
	215, 339
	82, 339
	268, 339
	233, 340
	154, 340
	52, 340
	63, 340
	97, 340
	109, 341
	66, 341
	259, 341
	76, 341
	269, 341
	236, 342
	188, 342
	301, 342
	182, 342
	288, 342
	95, 342
	26, 343
	-3, 343
	81, 343
	309, 343
	218, 343
	37, 344
	118, 344
	61, 344
	246, 344
	240, 344
	78, 345
	285, 345
	143, 345
	118, 346
	146, 346
	274, 346
	55, 346
	90, 346
	19, 347
	305, 347
	117, 347
	209, 347
	328, 348
	-4, 348
	314, 348
	1, 348
	138, 349
	96, 349
	326, 350
	87, 350
	-1, 350
	272, 350
	142, 351
	49, 351
	39, 351
	271, 351
	179, 352
	149, 352
	9, 352
	-1, 352
	53, 353
	89, 353
	177, 353
	203, 353
	274, 354
	191, 354
	16, 354
	196, 354
	106, 354
	55, 354
	239, 354
	33, 355
	24, 355
	299, 355
	301, 355
	147, 356
	31, 356
	154, 356
	233, 356
	225, 356
	18, 356
	92, 356
	-3, 357
	238, 357
	161, 357
	158, 357
	63, 358
	52, 358
	347, 358
	209, 358
	117, 358
	232, 358
	158, 359
	357, 359
	-3, 359
	77, 360
	-3, 360
	93, 360
	69, 360
	28, 360
	0, 360
	352, 361
	238, 361
	158, 361
	201, 361
	298, 361
	149, 361
	195, 362
	143, 362
	273, 362
	345, 362
	175, 362
	146, 363
	213, 363
	90, 363
	346, 363
	130, 364
	87, 364
	350, 364
	326, 364
	213, 364
	323, 365
	228, 365
	298, 365
	266, 365
	201, 365
	158, 366
	359, 366
	365, 366
	201, 366
	323, 366
	199, 366
	-3, 366
	242, 367
	313, 367
	227, 367
	137, 367
	300, 367
	59, 367
	44, 368
	119, 368
	49, 368
	351, 368
	338, 368
	271, 368
	13, 369
	284, 369
	316, 369
	5, 369
	212, 369
	31, 369
	125, 370
	318, 370
	13, 370
	315, 370
	214, 370
	5, 370
	268, 371
	82, 371
	48, 371
	234, 371
	245, 371
	329, 371
	349, 372
	138, 372
	337, 372
	99, 372
	4, 372
	33, 373
	259, 373
	114, 373
	112, 373
	188, 373
	208, 374
	-2, 374
	113, 374
	261, 374
	95, 375
	290, 375
	342, 375
	131, 375
	288, 375
	355, 376
	33, 376
	78, 376
	114, 376
	285, 376
	299, 376
	345, 376
	136, 377
	27, 377
	-1, 377
	292, 377
	304, 377
	70, 377
	119, 378
	307, 378
	142, 378
	49, 378
	276, 378
	277, 379
	314, 379
	348, 379
	1, 379
	172, 379
	105, 380
	163, 380
	73, 380
	-4, 380
	88, 380
	220, 380
	224, 381
	-4, 381
	163, 381
	88, 381
	257, 381
	47, 381
	101, 382
	89, 382
	157, 382
	155, 382
	71, 383
	289, 383
	247, 383
	181, 383
	151, 383
	116, 383
	162, 384
	50, 384
	230, 384
	300, 384
	242, 384
	-3, 385
	45, 385
	309, 385
	26, 385
	152, 386
	329, 386
	371, 386
	245, 386
	64, 386
	200, 386
	297, 387
	147, 387
	18, 387
	284, 387
	292, 387
	301, 388
	342, 388
	33, 388
	373, 388
	188, 388
	177, 389
	155, 389
	24, 389
	355, 389
	301, 389
	221, 390
	335, 390
	314, 390
	379, 390
	211, 390
	277, 390
	231, 391
	100, 391
	44, 391
	197, 391
	119, 391
	292, 392
	136, 392
	297, 392
	222, 392
	387, 392
	3, 392
	278, 393
	304, 393
	136, 393
	377, 393
	160, 393
	3, 393
	124, 394
	221, 394
	74, 394
	134, 394
	164, 394
	65, 394
	211, 394
	78, 395
	262, 395
	85, 395
	36, 395
	109, 395
	81, 396
	353, 396
	177, 396
	265, 396
	338, 397
	154, 397
	271, 397
	97, 397
	368, 397
	102, 398
	10, 398
	1, 398
	-4, 398
	379, 398
	172, 398
	173, 399
	37, 399
	146, 399
	253, 399
	326, 399
	213, 399
	-2, 400
	-3, 400
	302, 400
	45, 400
	385, 400
	260, 401
	107, 401
	204, 401
	186, 401
	258, 401
	310, 401
	21, 402
	40, 402
	210, 402
	264, 402
	144, 402
	176, 402
	196, 403
	16, 403
	295, 403
	-4, 403
	296, 403
	254, 403
	255, 404
	280, 404
	162, 404
	242, 404
	141, 404
	134, 405
	74, 405
	240, 405
	344, 405
	246, 405
	78, 406
	395, 406
	36, 406
	273, 406
	362, 406
	345, 406
	330, 407
	327, 407
	30, 407
	258, 407
	217, 407
	352, 408
	-1, 408
	361, 408
	238, 408
	206, 409
	-3, 409
	372, 409
	4, 409
	249, 409
	138, 409
	53, 410
	45, 410
	396, 410
	81, 410
	353, 410
	309, 410
	93, 411
	107, 411
	349, 411
	372, 411
	337, 411
	204, 411
	411, 412
	204, 412
	217, 412
	330, 412
	184, 412
	349, 412
	96, 412
	276, 413
	62, 413
	283, 413
	142, 413
	378, 413
	59, 414
	137, 414
	116, 414
	181, 414
	25, 414
	153, 415
	129, 415
	15, 415
	122, 415
	98, 415
	169, 415
	356, 416
	233, 416
	117, 416
	58, 416
	52, 416
	127, 416
	92, 416
	55, 417
	239, 417
	29, 417
	275, 417
	130, 417
	90, 417
Mesh Regions: 418
	12, 37, 273, 376, 496, 940
	0, 885, 1043, 1143
	321, 471, 528, 549, 781
	151, 189, 211, 358, 751, 1113, 1119
	1, 74, 1007, 1204
	6, 335, 733, 988, 996
	51, 69, 217, 255, 521
	2, 17, 40, 82, 633, 812
	7, 19, 158, 163, 230, 372, 513
	3, 244, 573, 898
	4, 79, 448, 714, 1142
	5, 27, 31, 71, 228, 394
	5, 28, 70, 546, 800
	6, 601, 639, 655, 739, 985, 993
	7, 18, 157, 302, 435, 476, 699
	33, 73, 124, 127, 538, 1238
	285, 293, 414, 607, 645, 906, 1171
	24, 131, 146, 384, 590, 687, 775
	39, 63, 169, 636, 920, 1084
	8, 21, 113, 683, 878
	9, 14, 723, 790, 805
	15, 16, 45, 202, 236, 811, 1164
	97, 229, 248, 323, 465, 514
	23, 223, 306, 326, 570, 770
	183, 185, 263, 661, 912, 1094
	52, 153, 156, 251, 615, 1235
	10, 702, 860, 1075
	11, 38, 133, 1030
	12, 66, 86, 495, 939
	49, 282, 417, 563, 1251
	58, 488, 510, 785, 1194
	168, 327, 367, 602, 916, 990
	13, 109, 446, 577, 716
	104, 668, 911, 1008, 1023, 1089
	210, 297, 420, 524, 659, 753
	14, 62, 312, 722, 804, 822
	32, 178, 407, 504, 553, 738, 1130, 1188
	29, 116, 166, 226, 865, 1148
	359, 422, 638, 677, 707, 748
	34, 160, 426, 440, 547, 801, 894
	15, 68, 204, 322, 466, 1165
	16, 17, 46, 634, 810
	103, 186, 246, 264, 500, 743
	50, 54, 57, 121, 403, 505
	77, 118, 328, 833, 979, 1105
	20, 671, 700, 1073, 1156, 1208
	18, 19, 120, 162, 234, 694
	53, 197, 460, 486, 1056
	42, 267, 410, 431, 531, 793, 999
	117, 161, 893, 981, 1038
	25, 144, 192, 385, 644, 684, 1068
	43, 110, 318, 352, 575, 778
	30, 114, 396, 846, 927, 1246
	20, 139, 308, 672, 900, 1207
	21, 22, 26, 112, 135
	61, 416, 556, 876, 909, 1249
	23, 24, 132, 145, 222, 686, 771
	25, 193, 398, 579, 641, 815
	26, 115, 136, 1245
	111, 149, 152, 275, 719, 978, 1231
	84, 313, 473, 649, 808
	27, 28, 29, 227, 437, 802, 867
	432, 530, 565, 599, 836, 1227
	30, 31, 72, 391, 847, 926
	32, 159, 177, 301, 552, 1080
	198, 324, 541, 1125
	33, 55, 93, 125, 535, 850
	34, 148, 428, 439
	35, 87, 96, 102
	36, 37, 377, 764, 938
	38, 39, 64, 138, 637, 1034
	40, 41, 174, 622, 629, 1061
	42, 95, 266, 281, 430
	43, 44, 107, 354, 1047
	128, 147, 363, 418, 477, 1122, 1182
	45, 46, 119, 164, 235, 277, 632
	99, 240, 493, 536, 852
	47, 65, 76, 831, 935
	90, 106, 870, 1024, 1127, 1186
	48, 49, 221, 283, 562
	50, 94, 269, 345, 402, 507, 735
	51, 216, 343, 518, 701, 862, 1132, 1210
	397, 529, 819, 842, 998
	52, 53, 83, 155, 196, 461, 612
	54, 55, 56, 92, 122
	56, 57, 91, 506, 1129
	58, 126, 213, 511, 727, 784
	59, 142, 561, 889, 957
	60, 194, 1049, 1054
	78, 182, 238, 309, 587, 901, 1058
	61, 141, 331, 877, 954, 1254
	62, 129, 311, 357, 361, 820
	63, 64, 137, 921, 1248
	65, 66, 85, 829, 937, 1213
	67, 68, 89, 200, 464
	69, 218, 254, 628, 859, 1017
	154, 207, 258, 452, 757, 887, 1225
	70, 71, 72, 181, 545, 848, 1139
	73, 123, 179, 350, 400, 1240
	74, 75, 76, 830, 1006
	77, 329, 388, 732, 1104
	78, 187, 320, 502, 588, 1057
	79, 130, 224, 447, 592, 1141
	80, 170, 176, 338, 443
	81, 82, 203, 813
	83, 195, 353, 457, 611, 1045
	84, 279, 292, 314, 482, 651, 908
	85, 86, 310, 494, 1159, 1214
	87, 88, 89, 98, 463
	90, 91, 92, 93, 105, 491, 849, 1131
	94, 95, 268, 280, 347
	96, 97, 98, 101, 249, 462
	99, 173, 205, 239, 271, 492, 1011
	100, 101, 102, 103, 250, 501, 1015
	104, 105, 106, 490, 1010, 1025
	107, 108, 109, 110, 578
	111, 150, 253, 620, 1066, 1233
	112, 113, 114, 115, 880, 930, 1244
	116, 167, 419, 555, 866, 873
	117, 118, 295, 691, 980, 1035, 1107
	119, 120, 233, 274, 287, 695
	121, 122, 123, 124, 125, 399
	126, 127, 215, 537, 787, 1239
	172, 209, 405, 617, 756
	128, 129, 356, 360, 1120
	265, 508, 675, 704, 710, 728, 741, 991
	130, 131, 132, 225, 594
	133, 134, 135, 136, 137, 138, 1247
	139, 140, 307, 584, 673
	180, 214, 334, 387, 1237
	141, 142, 330, 560, 956, 1253
	143, 619, 626, 762, 1020
	144, 145, 336, 642, 685, 773
	146, 317, 375, 383, 667, 774
	147, 148, 199, 427, 438, 1123, 1181
	149, 150, 165, 276, 623
	151, 635, 1029, 1109, 1116
	152, 153, 373, 453, 614, 976, 1232
	154, 451, 886, 1004, 1206
	155, 156, 171, 252, 441, 459
	157, 158, 159, 231, 303, 554
	288, 424, 474, 696, 717, 1180
	160, 161, 425, 600, 892, 1037, 1229
	290, 381, 605, 872, 948
	162, 163, 232, 516, 1168
	164, 165, 278, 621, 631
	166, 167, 332, 874, 952, 1149
	168, 169, 603, 915, 1083
	170, 171, 340, 442, 458, 483, 828
	245, 296, 657, 897, 946
	172, 173, 206, 270, 404, 755
	174, 175, 176, 444, 1065
	177, 178, 408, 792, 1076
	179, 180, 294, 348, 386, 1236
	181, 368, 395, 834, 845, 917, 1137
	182, 183, 184, 237, 1060, 1093
	188, 543, 598, 838
	184, 185, 186, 187, 262, 503, 1059
	304, 412, 925, 932, 943, 966
	188, 305, 337, 539, 769, 839
	189, 212, 243, 571, 1118
	190, 191, 411, 924
	192, 193, 423, 580, 1067, 1178
	194, 195, 196, 197, 1046, 1053
	198, 199, 429, 542, 595, 1124
	200, 201, 202, 203, 204, 814
	205, 206, 207, 241, 259, 754
	208, 209, 315, 449, 616, 759, 761
	210, 211, 212, 242, 298, 752
	213, 214, 215, 333, 725, 1241
	216, 217, 218, 344, 627
	219, 220, 221, 284, 609
	222, 223, 224, 225, 568, 1044, 1146
	226, 227, 228, 393, 469, 1147
	229, 247, 289, 370, 382, 517, 747
	230, 231, 291, 371, 551, 951
	232, 233, 234, 235, 236, 1169
	237, 238, 256, 520, 669, 902, 1092, 1134
	239, 240, 241, 257, 260, 534
	242, 243, 244, 245, 299, 574, 896
	246, 247, 248, 249, 250, 745
	251, 252, 253, 445, 1064, 1234
	254, 255, 256, 519, 670, 857
	257, 261, 533, 788, 796
	258, 259, 260, 261, 795, 1223
	262, 263, 264, 379, 604, 662, 744
	265, 272, 497, 706, 709, 1161
	266, 267, 268, 269, 409, 736
	270, 271, 406, 855, 1012, 1091
	272, 273, 378, 421, 498, 525, 712
	274, 275, 276, 277, 278, 286, 720
	279, 479, 557, 905
	280, 281, 346, 433, 566, 690
	282, 283, 284, 285, 415, 608
	286, 287, 288, 697, 718
	289, 290, 291, 369, 380, 947
	292, 293, 650, 907, 1170
	294, 295, 349, 389, 693, 1106
	296, 297, 298, 299, 656
	300, 767, 971
	301, 302, 303, 434, 1081
	304, 660, 944, 965, 969
	305, 306, 325, 540, 768
	307, 308, 309, 589, 903
	310, 341, 487, 1160, 1218, 1220
	311, 312, 313, 314, 362, 480, 809
	315, 316, 450, 1201
	317, 318, 351, 374, 455, 779
	319, 320, 499, 586, 1013
	321, 392, 470, 527, 682, 881, 929
	322, 323, 467, 515, 1166
	324, 325, 326, 355, 544, 569, 1101, 1126
	327, 328, 329, 366, 731, 832, 989
	330, 331, 332, 783, 953, 960, 1152
	333, 334, 335, 390, 724, 729, 995
	336, 337, 643, 772, 817, 841
	338, 339, 340, 824
	341, 489, 798, 1196, 1221
	342, 343, 344, 624, 864
	345, 346, 347, 348, 349, 350, 401, 689
	351, 352, 353, 354, 456, 1050
	355, 356, 357, 821, 1097, 1121
	358, 359, 640, 652, 749, 1111
	360, 361, 362, 363, 478
	364, 365, 484, 826, 1051
	366, 367, 368, 835, 919
	369, 370, 371, 372, 512
	373, 374, 375, 454, 666, 975
	376, 377, 378, 522, 766, 962
	379, 380, 381, 382, 606, 746
	383, 384, 385, 665, 688, 1069
	386, 387, 388, 389, 390, 730, 1103
	391, 392, 393, 394, 468, 931
	395, 396, 844, 918, 1243
	397, 398, 436, 583, 816, 1000
	399, 400, 401, 402, 403
	404, 405, 406, 618, 854
	407, 408, 409, 410, 737, 794
	411, 412, 413, 923, 942, 1200
	414, 415, 416, 417, 910, 1250
	418, 419, 481, 559, 869, 1183
	420, 421, 422, 523, 711, 750
	423, 424, 664, 721, 973, 1071, 1179
	425, 426, 427, 428, 429, 597
	430, 431, 432, 433, 532, 567
	434, 435, 436, 475, 582, 1001, 1079
	437, 438, 439, 440, 803, 868, 1185
	441, 442, 443, 444, 445, 1063
	446, 447, 448, 576, 591, 713
	449, 450, 451, 452, 758, 1205
	453, 454, 455, 456, 457, 613
	458, 459, 460, 461, 485
	462, 463, 464, 465, 466, 467
	468, 469, 470, 471, 780, 1150
	472, 473, 648, 806, 1175
	474, 475, 476, 581, 698, 1176
	477, 478, 479, 480, 481, 482, 558
	483, 484, 485, 486, 827, 1055
	487, 488, 489, 509, 703, 1162, 1195
	490, 491, 492, 493, 851, 1009
	494, 495, 496, 497, 498, 1158
	499, 500, 501, 502, 503, 1016
	504, 505, 506, 507, 734, 1128
	508, 509, 510, 511, 705, 726
	512, 513, 514, 515, 516, 517, 1167
	518, 519, 520, 521, 1135
	522, 523, 524, 525, 658, 964
	526, 527, 528, 550, 680
	529, 530, 531, 532, 843, 997
	533, 534, 535, 536, 537, 538, 786, 853
	539, 540, 541, 542, 543, 544, 596
	545, 546, 547, 799, 895, 984, 1138
	548, 549, 550, 782, 891
	551, 552, 553, 554, 949, 1189
	555, 556, 557, 558, 559, 875, 904
	560, 561, 562, 563, 564, 1252
	565, 566, 567, 692, 1039, 1226
	568, 569, 570, 1040, 1102
	571, 572, 573, 574, 678, 1114
	575, 576, 577, 578, 593, 777
	579, 580, 581, 582, 583, 1177
	584, 585, 586, 587, 588, 589
	590, 591, 592, 593, 594, 776
	595, 596, 597, 598, 599, 600, 837, 1228
	601, 602, 603, 653, 986, 1085
	604, 605, 606, 663, 871, 1026
	607, 608, 609, 610, 646
	611, 612, 613, 614, 615
	616, 617, 618, 619, 760, 858, 1021
	620, 621, 622, 623, 630, 1062
	624, 625, 626, 627, 628, 1018
	629, 630, 631, 632, 633, 634
	635, 636, 637, 1032, 1086, 1108
	638, 639, 640, 654, 676, 740
	641, 642, 643, 644, 818
	645, 646, 647, 1172
	648, 649, 650, 651, 1174
	652, 653, 654, 655, 1082, 1110
	656, 657, 658, 659, 660, 945, 963
	661, 662, 663, 913, 1027
	664, 665, 666, 667, 977, 1070
	668, 669, 670, 856, 914, 1087, 1096
	671, 672, 673, 674, 1155
	675, 676, 677, 708, 742
	678, 679, 1033, 1115
	680, 681, 682, 683, 879
	684, 685, 686, 687, 688
	689, 690, 691, 692, 693, 1036
	694, 695, 696, 697, 698, 699
	700, 701, 702, 863, 1074, 1212
	703, 704, 705, 706, 1163
	707, 708, 709, 710, 711, 712
	713, 714, 715, 716
	717, 718, 719, 720, 721, 974
	722, 723, 791, 823, 884, 1041, 1099
	724, 725, 726, 727, 728, 994
	729, 730, 731, 732, 733, 987
	734, 735, 736, 737, 738
	739, 740, 741, 742, 992
	743, 744, 745, 746, 747
	748, 749, 750, 751, 752, 753
	754, 755, 756, 757, 758, 759
	760, 761, 762, 763
	764, 765, 766, 767, 961, 970
	768, 769, 770, 771, 772, 773
	774, 775, 776, 777, 778, 779
	780, 781, 782, 783, 888, 959, 1151
	784, 785, 786, 787, 788, 797, 1193
	789, 790, 791, 882
	792, 793, 794, 1002, 1077
	795, 796, 797, 798, 1192, 1222
	799, 800, 801, 802, 803
	804, 805, 806, 807, 808, 809
	810, 811, 812, 813, 814
	815, 816, 817, 818, 819, 840
	820, 821, 822, 823, 1098
	824, 825, 826, 827, 828
	829, 830, 831, 1005, 1217
	832, 833, 834, 835, 983, 1136
	836, 837, 838, 839, 840, 841, 842, 843
	844, 845, 846, 847, 848
	849, 850, 851, 852, 853
	854, 855, 856, 857, 858, 859, 1019, 1088
	860, 861, 862, 863, 864
	865, 866, 867, 868, 869, 1184
	870, 871, 872, 950, 1028, 1191
	873, 874, 875, 876, 877, 955
	878, 879, 880, 881, 928
	882, 883, 884, 885, 1042
	886, 887, 1003, 1215, 1224
	888, 889, 890, 891, 958
	892, 893, 894, 895, 982
	896, 897, 898, 899, 941, 1197
	900, 901, 902, 903, 1133, 1211
	904, 905, 906, 907, 908, 909, 910
	911, 912, 913, 914, 1022, 1095
	915, 916, 917, 918, 919, 920, 921, 1242
	922, 923, 924, 925, 933
	926, 927, 928, 929, 930, 931
	932, 933, 934, 967
	935, 936, 937, 938, 939, 940
	941, 942, 943, 944, 945, 946, 1199
	947, 948, 949, 950, 951, 1190
	952, 953, 954, 955
	956, 957, 958, 959, 960
	961, 962, 963, 964, 965, 968
	966, 967, 968, 969, 970, 971, 972
	973, 974, 975, 976, 977, 978
	979, 980, 981, 982, 983, 984, 1140
	985, 986, 987, 988, 989, 990
	991, 992, 993, 994, 995, 996
	997, 998, 999, 1000, 1001, 1002, 1078
	1003, 1004, 1005, 1006, 1007, 1203, 1216
	1008, 1009, 1010, 1011, 1012, 1090
	1013, 1014, 1015, 1016
	1017, 1018, 1019, 1020, 1021
	1022, 1023, 1024, 1025, 1026, 1027, 1028
	1029, 1030, 1031, 1032, 1033, 1034, 1117
	1035, 1036, 1037, 1038, 1039, 1230
	1040, 1041, 1042, 1043, 1044, 1100, 1145
	1045, 1046, 1047, 1048, 1049, 1050
	1051, 1052, 1053, 1054, 1055, 1056
	1057, 1058, 1059, 1060
	1061, 1062, 1063, 1064, 1065, 1066
	1067, 1068, 1069, 1070, 1071
	1072, 1073, 1074, 1075, 1157
	1076, 1077, 1078, 1079, 1080, 1081
	1082, 1083, 1084, 1085, 1086, 1112
	1087, 1088, 1089, 1090, 1091
	1092, 1093, 1094, 1095, 1096
	1097, 1098, 1099, 1100, 1101, 1102
	1103, 1104, 1105, 1106, 1107
	1108, 1109, 1110, 1111, 1112, 1113
	1114, 1115, 1116, 1117, 1118, 1119
	1120, 1121, 1122, 1123, 1124, 1125, 1126
	1127, 1128, 1129, 1130, 1131, 1187
	1132, 1133, 1134, 1135, 1209
	1136, 1137, 1138, 1139, 1140
	1141, 1142, 1143, 1144, 1145, 1146
	1147, 1148, 1149, 1150, 1151, 1152
	1153, 1154, 1155, 1156, 1157
	1158, 1159, 1160, 1161, 1162, 1163
	1164, 1165, 1166, 1167, 1168, 1169
	1170, 1171, 1172, 1173, 1174, 1175
	1176, 1177, 1178, 1179, 1180
	1181, 1182, 1183, 1184, 1185
	1186, 1187, 1188, 1189, 1190, 1191
	1192, 1193, 1194, 1195, 1196
	1197, 1198, 1199, 1200
	1201, 1202, 1203, 1204, 1205, 1206
	1207, 1208, 1209, 1210, 1211, 1212
	1213, 1214, 1215, 1216, 1217, 1218, 1219
	1219, 1220, 1221, 1222, 1223, 1224, 1225
	1226, 1227, 1228, 1229, 1230
	1231, 1232, 1233, 1234, 1235
	1236, 1237, 1238, 1239, 1240, 1241
	1242, 1243, 1244, 1245, 1246, 1247, 1248
	1249, 1250, 1251, 1252, 1253, 1254
Seed Numbers: 418
	0
	1
	2
	3
	4
	5
	6
	7
	8
	9
	10
	11
	12
	13
	14
	15
	16
	17
	18
	19
	20
	21
	22
	23
	24
	25
	26
	27
	28
	29
	30
	31
	32
	33
	34
	35
	36
	37
	38
	39
	40
	41
	42
	43
	44
	45
	46
	47
	48
	49
	50
	51
	52
	53
	54
	55
	56
	57
	58
	59
	60
	61
	62
	63
	64
	65
	66
	67
	68
	69
	70
	71
	72
	73
	74
	75
	76
	77
	78
	79
	80
	81
	82
	83
	84
	85
	86
	87
	88
	89
	90
	91
	92
	93
	94
	95
	96
	97
	98
	99
	100
	101
	102
	103
	104
	105
	106
	107
	108
	109
	110
	111
	112
	113
	114
	115
	116
	117
	118
	119
	120
	121
	122
	123
	124
	125
	126
	127
	128
	129
	130
	131
	132
	133
	134
	135
	136
	137
	138
	139
	140
	141
	142
	143
	144
	145
	146
	147
	148
	149
	150
	151
	152
	153
	154
	155
	156
	157
	158
	159
	160
	161
	162
	163
	164
	165
	166
	167
	168
	169
	170
	171
	172
	173
	174
	175
	176
	177
	178
	179
	180
	181
	182
	183
	184
	185
	186
	187
	188
	189
	190
	191
	192
	193
	194
	195
	196
	197
	198
	199
	200
	201
	202
	203
	204
	205
	206
	207
	208
	209
	210
	211
	212
	213
	214
	215
	216
	217
	218
	219
	220
	221
	222
	223
	224
	225
	226
	227
	228
	229
	230
	231
	232
	233
	234
	235
	236
	237
	238
	239
	240
	241
	242
	243
	244
	245
	246
	247
	248
	249
	250
	251
	252
	253
	254
	255
	256
	257
	258
	259
	260
	261
	262
	263
	264
	265
	266
	267
	268
	269
	270
	271
	272
	273
	274
	275
	276
	277
	278
	279
	280
	281
	282
	283
	284
	285
	286
	287
	288
	289
	290
	291
	292
	293
	294
	295
	296
	297
	298
	299
	300
	301
	302
	303
	304
	305
	306
	307
	308
	309
	310
	311
	312
	313
	314
	315
	316
	317
	318
	319
	320
	321
	322
	323
	324
	325
	326
	327
	328
	329
	330
	331
	332
	333
	334
	335
	336
	337
	338
	339
	340
	341
	342
	343
	344
	345
	346
	347
	348
	349
	350
	351
	352
	353
	354
	355
	356
	357
	358
	359
	360
	361
	362
	363
	364
	365
	366
	367
	368
	369
	370
	371
	372
	373
	374
	375
	376
	377
	378
	379
	380
	381
	382
	383
	384
	385
	386
	387
	388
	389
	390
	391
	392
	393
	394
	395
	396
	397
	398
	399
	400
	401
	402
	403
	404
	405
	406
	407
	408
	409
	410
	411
	412
	413
	414
	415
	416
	417
Phase Numbers: 418
	2
	2
	1
	3
	2
	3
	2
	2
	0
	2
	2
	1
	3
	2
	0
	2
	0
	0
	2
	3
	3
	3
	2
	2
	2
	3
	1
	2
	3
	3
	3
	3
	3
	3
	2
	3
	2
	3
	0
	2
	2
	2
	2
	2
	3
	3
	1
	2
	0
	2
	0
	2
	0
	2
	2
	3
	1
	3
	2
	3
	2
	1
	2
	3
	2
	2
	3
	3
	2
	2
	3
	2
	3
	3
	3
	2
	3
	2
	3
	2
	1
	2
	0
	0
	2
	3
	2
	3
	2
	2
	2
	2
	3
	2
	2
	2
	0
	0
	1
	3
	0
	0
	3
	3
	0
	2
	2
	3
	2
	3
	1
	2
	1
	3
	2
	2
	2
	3
	2
	3
	3
	3
	2
	3
	3
	3
	1
	3
	2
	2
	2
	3
	2
	1
	3
	2
	2
	0
	2
	2
	0
	2
	3
	2
	2
	2
	2
	2
	3
	3
	2
	3
	0
	3
	3
	0
	2
	3
	2
	0
	2
	3
	2
	3
	2
	2
	3
	3
	3
	0
	3
	2
	3
	3
	3
	3
	3
	2
	3
	3
	3
	0
	3
	2
	0
	1
	2
	1
	2
	2
	3
	2
	0
	2
	1
	2
	0
	3
	3
	3
	3
	1
	2
	3
	3
	2
	2
	0
	3
	3
	3
	2
	3
	3
	2
	1
	3
	3
	3
	3
	3
	2
	2
	2
	3
	3
	2
	0
	2
	3
	2
	0
	3
	3
	3
	1
	1
	2
	3
	0
	3
	2
	1
	1
	3
	0
	2
	1
	3
	1
	3
	2
	3
	3
	1
	2
	3
	2
	3
	3
	3
	0
	3
	1
	2
	3
	2
	2
	3
	2
	3
	0
	3
	3
	2
	1
	2
	3
	1
	3
	3
	2
	3
	3
	2
	3
	1
	2
	1
	3
	2
	2
	3
	2
	3
	1
	0
	2
	2
	3
	2
	3
	2
	3
	3
	3
	1
	2
	3
	2
	3
	2
	3
	3
	3
	2
	3
	2
	2
	3
	2
	3
	3
	2
	3
	2
	3
	2
	2
	3
	2
	0
	3
	3
	3
	2
	2
	3
	0
	3
	1
	3
	3
	2
	2
	2
	2
	1
	2
	2
	3
	2
	2
	3
	0
	3
	1
	3
	3
	3
	2
	1
	3
	0
	3
	3
	3
	1
	3
	2
	2
	2
	2
	2
	2
	3
	3
	3
	3
	0
	2
	2
	2
	3
	3
	0
	2
	2
	1
	2
	1
	2
	3
	3
	2
	2
	1
	2
	2
	3
	3
	3
	0
	3
	3
	3
	3
	2
	2
	2
	3
	3
	2
	3
	0
	2
	1
	2
Volumes: 418
	0.0026655770243818916
	0.0016332378780752528
	0.0020570705739045357
	0.0023361616915067215
	0.0008955955034385027
	0.0020200221453232315
	0.001529132183346779
	0.002388886747412188
	0.0021901333269009
	0.0010847363804552443
	0.0026357792611363105
	0.002740877280296416
	0.001794624930776892
	0.002539846265495259
	0.0026998311462818406
	0.002863919226067883
	0.002654242211046756
	0.002779257574566348
	0.0023616362725787507
	0.001064874340181349
	0.0033564350865778335
	0.002591047166078331
	0.0028335464962975566
	0.002566336257649226
	0.0023831769481669845
	0.0023910912588269275
	0.0012436320048102288
	0.0020599764826836446
	0.0015701694814257575
	0.0021192406093031536
	0.001915652837758811
	0.002835655711281351
	0.0016428322179578994
	0.0026873400158735255
	0.001747699966125279
	0.0032024152786817466
	0.0033456973780890153
	0.001849281007437494
	0.0024618123365810368
	0.0023786341789513365
	0.0030784720662631313
	0.0016232763699295324
	0.003113849787339614
	0.0017447848797736676
	0.002284498315924283
	0.003103989794492257
	0.0019778854308521118
	0.002347700435400779
	0.0028455744903634157
	0.001532883751363877
	0.002265274669793364
	0.0024867763752313456
	0.002451073100873264
	0.003092546879960752
	0.0014976869873128225
	0.0023630316750543378
	0.003403817347342914
	0.0023502721069150606
	0.0018118517496547783
	0.0027203046072440417
	0.002196402164304189
	0.00271201752497394
	0.0024020928289137334
	0.0024173760198182175
	0.001964388302785095
	0.0021283847919682684
	0.0021867236936384668
	0.001606838272675153
	0.001782815858462235
	0.0024903955912471227
	0.002817272583547571
	0.003171775026750441
	0.0014816388176925395
	0.001907679902146036
	0.0025689747429342197
	0.0029706052885436875
	0.0019239559678403868
	0.0012625287128254286
	0.0031988532018548234
	0.0017898224477670656
	0.002181368566177386
	0.0025144285479451398
	0.002730364525115157
	0.0026082945872900336
	0.0025028328972790206
	0.0018789378195073468
	0.0024053610408922513
	0.0018713719066548351
	0.0019226864817860634
	0.002713813598666041
	0.0017684836594305056
	0.0021028413753874354
	0.0021681253712928063
	0.0018550759743980781
	0.0015379380984328114
	0.0025916145590007956
	0.0030207265181357275
	0.0026865747223006045
	0.00290445956988252
	0.0010797491847483664
	0.0022601302690259083
	0.0023390202047670217
	0.0025416444570315684
	0.0016272682966575697
	0.0011308519881070463
	0.0026737250902787385
	0.0027109309696194566
	0.0024991452503339553
	0.0019382020882721192
	0.0029997845977401873
	0.0015084559222776736
	0.0024746529038394112
	0.002560639244750261
	0.0035515167921469255
	0.0031955033081829004
	0.0018508129075982174
	0.0020523134900816433
	0.0029215040488898684
	0.0026428514893786334
	0.0028620059595152675
	0.002121831336742823
	0.002561448762257898
	0.0030670278790342603
	0.002142802284315603
	0.0025192655506735403
	0.00272251101726803
	0.002116172818073655
	0.0028788898987217038
	0.0017282304041631022
	0.0018052876819812506
	0.002004503904741856
	0.0023526143168388657
	0.0024611114041574915
	0.0022459859757614806
	0.0033121031936922127
	0.001616649513205837
	0.0029832168709079416
	0.0027326020552522565
	0.0028738072575033094
	0.0017126254407656887
	0.002764041061134861
	0.002266498838008499
	0.002629130081776446
	0.0019507854839281625
	0.001775450732834265
	0.0016215185519358908
	0.002360010675461681
	0.0019718217391644205
	0.002308003837415342
	0.0022004523856997303
	0.002317230566299681
	0.003041828944719536
	0.0019516263673117111
	0.0024529513695295204
	0.0024879417972673654
	0.002641653606370943
	0.0018462257362446529
	0.0031486403598702827
	0.002935304082682004
	0.0018496180794896002
	0.0016136369554044525
	0.0010250516035889092
	0.0028886786893866524
	0.002956162348973731
	0.0029272240207832423
	0.002430427465181447
	0.0019791746730412913
	0.003530388995103117
	0.00244006108947617
	0.0028566230704759757
	0.0020425100306940606
	0.003148898614489835
	0.0030512290926818526
	0.002243992683115716
	0.003330903749732642
	0.0028590672815259474
	0.0030579575099318372
	0.003456592265294328
	0.00271686141855165
	0.002420476671552071
	0.0032454682340784724
	0.0021306409862937377
	0.002122077200735887
	0.0026627689421566993
	0.0026282243257014556
	0.003414257812166623
	0.002764639257230213
	0.0022354363746513385
	0.002256588894662917
	0.0032816542569391012
	0.0030651007590512015
	0.001640591088942745
	0.002653685496759758
	0.0029034599346106985
	0.0016597222715061394
	0.0024827478250406274
	0.0018739192378947108
	0.0025487288087690397
	0.0015787648987277104
	0.0010112170686273065
	0.002103892832277434
	0.0027562455349044814
	0.0022679279845677462
	0.0020637198816611056
	0.0025348805064201504
	0.002877099022147523
	0.001428925841620575
	0.0025182246604562464
	0.0016116562335719948
	0.0024600372871466203
	0.0017643862093072711
	0.003244316736386059
	0.0033449830209983517
	0.002283625153259792
	0.002975675150160866
	0.002445708364217372
	0.0008082592586215655
	0.0020894771731967492
	0.0013005303908280523
	0.00320265392164454
	0.0024414964085773426
	0.0029949031616837637
	0.00224365681318661
	0.0025936763786011917
	0.0028239943056061656
	0.0022806259567391294
	0.0022006530067190935
	0.0023505143376202674
	0.0026805338480613305
	0.0028932153307473546
	0.0020280590207618675
	0.0030260414395705927
	0.0030520524108722906
	0.0026012901607395393
	0.0029360376351561393
	0.001812226067694165
	0.0023052444513936843
	0.0028546452850473363
	0.0025069306075738455
	0.0023283328462923446
	0.0027689466464325
	0.0029756635325009105
	0.002734260777022267
	0.002705805943275395
	0.00197677197996599
	0.002799574678319594
	0.0027692953974508454
	0.002490201286855559
	0.002337524822078076
	0.0028105160487157475
	0.0026873920130858616
	0.0021027556269919163
	0.002888745189999719
	0.002732966832683143
	0.0021496824314083587
	0.002444431156757664
	0.002925653574785774
	0.0025056026001585036
	0.00258629913819672
	0.00218438381691005
	0.0025263827752526253
	0.002760306122019692
	0.0025058371293133555
	0.0025273348907649384
	0.0024774694930033573
	0.0023508087057584
	0.002752767168076834
	0.0014295364404693092
	0.002592406627574529
	0.0032365010773841717
	0.0022657703464714716
	0.0031833274278203452
	0.002103987700900929
	0.0032402891501731555
	0.002871976119945049
	0.002000295169872956
	0.0031251034645675352
	0.0025886983764606833
	0.002294675804411118
	0.0020413384978580336
	0.0028116967752947197
	0.002439029100162197
	0.002209857028747415
	0.003640133239232442
	0.002689920749828365
	0.0031851208675398907
	0.0016775941939319488
	0.0020231628907202716
	0.0026633302154989353
	0.0021589487866550145
	0.002413747922910091
	0.0020190093242339916
	0.0021258276540716547
	0.0022044105056634998
	0.0016876242305227205
	0.0010248473758885086
	0.0018486534753446187
	0.0023996278929214847
	0.0024656125789523043
	0.001979296646750988
	0.002600607273546951
	0.002901249010136246
	0.0019670090458126623
	0.002472790983570414
	0.001660695207217653
	0.0010724910217250372
	0.0025364724632721287
	0.003334524564554929
	0.0024427390538591586
	0.002558305774996124
	0.0017068024125187974
	0.002565186803537871
	0.0008098361737285012
	0.0025263375796729668
	0.003123183821361548
	0.00205851209004629
	0.0027613395791785964
	0.0018670830766294132
	0.0021476045498293483
	0.0024054310235982392
	0.0022200637385966907
	0.002811903801700591
	0.0014446829823866038
	0.00261947520419896
	0.0022350408989204847
	0.0029907983356153305
	0.0026691853760777485
	0.0024197375132383996
	0.002394791858814853
	0.002617970914105326
	0.0018283245289709648
	0.0016568738264892522
	0.0030464694890621506
	0.0021374229776278814
	0.0022991313810840604
	0.0021356377324528446
	0.001986497210178674
	0.002641328144892924
	0.002466162206351213
	0.0036812440572261216
	0.0026000229422039924
	0.002794015421486622
	0.003034086936945572
	0.001236706484383975
	0.0027166559003577806
	0.0025541217188790213
	0.0022101751529339025
	0.0017951579135546051
	0.0021486903617404874
	0.002331362826396183
	0.0013916870229163545
	0.0027044046280725155
	0.0026803711923444546
	0.002673514346785968
	0.0022542308670036185
	0.00244966580770429
	0.0027942433052219246
	0.0018846902343301673
	0.0031742657491024132
	0.0011506968823534888
	0.0028782243110195387
	0.002996103705813542
	0.0025634534817328396
	0.0016915015724549608
	0.002544509325481664
	0.0022011637193413373
	0.002652803111000366
	0.0023385761913076696
	0.0029397633737518617
	0.002979024334359945
	0.002213992918876001
	0.0022829557646466972
	0.0026351945418111853
	0.0029361115845146037
	0.0011518951906489372
	0.002086745117832776
	0.003340792422775007
	0.0034897514736653363
	0.002961956967943255
	0.00324569231242158
	0.0033799922913611124
	0.0027727631022950836
	0.0016897697164283056
	0.0028871903629303056
	0.0024155419153913914
	0.002071147697831467
	0.0017960961223647935
	0.0023579736269046993
	0.0019967216775375824
	0.0022992496127758957
	0.0032502528173278347
	0.0026805658075986995
	0.0023876012899265945
	0.0024675146851030516
	0.003094380379024632
	0.003116421040195586
	0.0016244612936367146
	0.002577237688258847
	0.0024486351191929817
	0.0019406192411550243
	0.0010942648330262575
	0.0018868827051282087
	0.0026925413736329073
	0.001982061305547061
	0.002007752142022336
	0.002741206963862502
	0.0021672267657756594
	0.001988865795781861
	0.0017956846212380487
	0.0012932946545829236
	0.002872505163996851
	0.0032682927159417845
	0.0033229037338895206
	0.0022179529875263797
	0.002019212093115104
	0.00239292484950541
	0.0027191611379191816
	0.0024038684997081047
