Mesh Points: 846
	 1.350622e-01, -2.067883e-01
	 1.247559e-01, -1.888404e-01
	 1.634714e-01, -2.146689e-01
	 1.934774e-01, -1.898940e-01
	 1.567758e-01, -1.559893e-01
	 1.287409e-01, -1.701328e-01
	 2.206311e-01,  1.033713e-03
	 1.804731e-01, -1.482670e-02
	 2.122202e-01,  4.912621e-02
	 1.724963e-01,  4.587585e-02
	 1.859390e-01,  5.273849e-02
	 1.612919e-01,  2.205225e-02
	-3.517873e-01,  1.449270e-01
	-3.326624e-01,  1.689536e-01
	-3.836225e-01,  1.558082e-01
	-3.840174e-01,  1.793810e-01
	-3.585336e-01,  1.940116e-01
	 1.628216e-01, -1.300562e-01
	 9.690383e-02, -1.334411e-01
	 9.743751e-02, -1.311769e-01
	 1.495089e-01, -1.160372e-01
	 3.991452e-01, -6.231959e-02
	 3.527257e-01, -5.307431e-02
	 4.101994e-01, -5.384633e-02
	 3.459360e-01, -2.518016e-02
	 3.738480e-01, -2.518919e-03
	 3.865967e-01, -2.237851e-03
	 4.127143e-01, -2.162991e-02
	-2.871277e-01, -4.582681e-01
	-2.982754e-01, -4.609253e-01
	-3.389091e-01, -4.412250e-01
	-3.132767e-01, -3.906788e-01
	-3.203875e-01, -3.926372e-01
	-2.859782e-01, -4.110406e-01
	-3.428917e-01, -4.244787e-01
	-4.535498e-01,  2.377095e-01
	-4.655917e-01,  2.124262e-01
	-4.974661e-01,  2.728531e-01
	-5.000000e-01,  2.726239e-01
	-5.000000e-01,  2.118893e-01
	 3.821863e-01, -3.195532e-01
	 3.804822e-01, -3.239369e-01
	 3.714142e-01, -2.844075e-01
	 3.536467e-01, -2.714922e-01
	 3.221653e-01, -2.877696e-01
	 3.181114e-01, -3.309507e-01
	 3.253558e-01, -3.388507e-01
	-1.038657e-02, -4.217506e-01
	-2.480826e-02, -4.435500e-01
	-5.638849e-02, -4.385805e-01
	-5.241482e-02, -3.840835e-01
	-2.811210e-02, -3.834470e-01
	-6.848734e-02, -4.107435e-01
	-1.483528e-02, -3.928223e-01
	 4.005961e-01,  5.896318e-02
	 3.635026e-01,  3.711836e-02
	 3.413180e-01,  4.795694e-02
	 3.496172e-01,  8.570448e-02
	 3.693532e-01,  9.216108e-02
	 3.949901e-01,  7.777956e-02
	 3.797149e-01, -2.020627e-01
	 3.870310e-01, -1.866537e-01
	 3.825078e-01, -2.183951e-01
	 4.246274e-01, -1.701194e-01
	 4.522535e-01, -2.077182e-01
	 4.499957e-01, -2.272224e-01
	 4.142441e-01, -2.425647e-01
	-3.759750e-01, -6.698860e-02
	-3.652486e-01, -4.126908e-02
	-4.221890e-01, -7.131743e-02
	-4.287311e-01, -3.694501e-02
	-4.314512e-01, -6.156960e-02
	-3.938964e-01, -2.181772e-02
	 3.283404e-02,  1.453362e-01
	 1.476160e-02,  1.491146e-01
	 2.114548e-03,  1.824548e-01
	 2.341551e-02,  2.124327e-01
	 5.934725e-02,  1.838683e-01
	-2.719489e-01,  4.612037e-01
	-2.529409e-01,  5.000000e-01
	-2.371364e-01,  5.000000e-01
	-2.661677e-01,  4.533228e-01
	-2.039506e-01,  4.672058e-01
	-2.040556e-01,  4.597315e-01
	-2.197367e-01,  4.448729e-01
	 8.476452e-02, -3.522536e-01
	 3.230438e-02, -3.701934e-01
	 6.882661e-02, -3.062155e-01
	 4.067957e-02, -3.043717e-01
	 1.808268e-02, -3.434575e-01
	 4.582537e-01,  2.414119e-01
	 4.425655e-01,  2.362278e-01
	 4.672521e-01,  2.793069e-01
	 4.158313e-01,  2.913081e-01
	 4.513605e-01,  3.028358e-01
	 4.040533e-01,  2.652214e-01
	 4.790432e-02,  3.381767e-01
	 8.080553e-02,  3.349500e-01
	 1.062389e-01,  2.914779e-01
	 3.640118e-02,  3.005837e-01
	 7.630270e-02,  2.730732e-01
	-3.285321e-01,  7.429033e-03
	-3.386427e-01,  3.640001e-03
	-3.326949e-01,  6.571214e-02
	-3.727062e-01,  4.959369e-02
	-3.794327e-01,  2.661640e-02
	 1.188017e-01, -4.048280e-01
	 1.377326e-01, -3.771574e-01
	 9.053546e-02, -4.029555e-01
	 1.189964e-01, -3.485251e-01
	 8.746384e-02, -3.536234e-01
	-4.864764e-01,  3.185351e-02
	-4.696569e-01,  6.093794e-02
	-5.000000e-01,  3.184956e-02
	-5.000000e-01,  8.153081e-02
	-4.721439e-01,  6.978175e-02
	-4.683162e-01,  3.022045e-01
	-4.704057e-01,  3.142934e-01
	-5.000000e-01,  3.354264e-01
	 4.696981e-01,  1.424482e-01
	 4.763814e-01,  1.053206e-01
	 4.559240e-01,  9.246530e-02
	 4.209890e-01,  1.071559e-01
	 4.127974e-01,  1.426922e-01
	 4.202189e-01,  1.496198e-01
	-5.855365e-02,  2.950476e-01
	-5.658970e-02,  2.957356e-01
	-1.037417e-01,  3.185377e-01
	-1.010643e-01,  3.462424e-01
	-7.599887e-02,  3.661222e-01
	-4.068920e-02,  3.406338e-01
	-4.742563e-02,  3.567857e-01
	 2.357791e-01,  8.933384e-02
	 2.635620e-01,  1.059329e-01
	 2.125216e-01,  1.120380e-01
	 2.281278e-01,  1.578756e-01
	 2.545962e-01,  1.489359e-01
	 4.717098e-02,  5.000000e-01
	 4.555306e-02,  4.801842e-01
	 2.719264e-02,  4.644631e-01
	-3.002997e-03,  4.687285e-01
	-1.709295e-02,  5.000000e-01
	-1.281604e-01,  1.438357e-01
	-8.698408e-02,  1.367068e-01
	-1.333982e-01,  1.700579e-01
	-1.156403e-01,  1.944495e-01
	-7.664156e-02,  1.806004e-01
	-8.447372e-02,  1.382958e-01
	 3.223572e-01, -3.751073e-01
	 3.092064e-01, -3.884587e-01
	 2.614364e-01, -3.544868e-01
	 2.712759e-01, -3.253727e-01
	 2.839130e-01, -3.844857e-01
	 2.770431e-01, -3.220261e-01
	-5.000000e-01, -5.959677e-02
	-4.732824e-01, -7.658927e-02
	-5.000000e-01, -1.186193e-01
	-4.683355e-01, -1.134760e-01
	-4.697105e-01, -1.155781e-01
	 1.443501e-01, -2.686794e-01
	 1.184633e-01, -2.396113e-01
	 1.685495e-01, -2.439923e-01
	 3.137455e-01, -4.164756e-01
	 2.787083e-01, -4.460473e-01
	 2.593521e-01, -4.448269e-01
	 2.589728e-01, -4.035384e-01
	-3.617995e-01,  3.862948e-01
	-3.665481e-01,  3.625878e-01
	-3.839973e-01,  4.093288e-01
	-4.166155e-01,  3.911701e-01
	-4.006782e-01,  3.584701e-01
	 1.828804e-01,  4.237053e-01
	 1.579276e-01,  4.020663e-01
	 1.327322e-01,  4.123252e-01
	 1.287586e-01,  4.425043e-01
	 1.771121e-01,  4.552050e-01
	 1.599715e-01,  4.666413e-01
	 1.703904e-01,  1.110455e-01
	 1.634910e-01,  1.150484e-01
	 1.372805e-01,  6.429885e-02
	 1.416339e-01,  9.771782e-02
	-1.140311e-01,  2.747578e-01
	-8.066788e-02,  2.671497e-01
	-1.272696e-01,  3.032333e-01
	-2.340068e-01,  2.646298e-01
	-2.732066e-01,  2.467545e-01
	-3.039439e-01,  2.865361e-01
	-2.965043e-01,  3.046901e-01
	-2.683862e-01,  3.178862e-01
	-2.425394e-01,  3.133145e-01
	 4.286562e-01,  1.913176e-01
	 3.766353e-01,  2.007089e-01
	 3.869631e-01,  2.067484e-01
	 4.274407e-01,  1.939172e-01
	 3.757732e-01,  1.435106e-01
	 3.700918e-01,  1.478748e-01
	 1.493456e-01, -9.065937e-02
	 1.047586e-01, -6.555593e-02
	 1.127696e-01, -6.457899e-02
	 9.056416e-02, -1.125721e-01
	 2.577770e-01,  3.064311e-01
	 2.655529e-01,  3.391143e-01
	 3.037119e-01,  3.546208e-01
	 3.238192e-01,  3.330554e-01
	 2.922911e-01,  2.883009e-01
	 2.736776e-01,  2.893892e-01
	 2.272456e-01, -3.668057e-01
	 2.191806e-01, -3.018777e-01
	 2.065635e-01, -3.548392e-01
	-4.313513e-01,  4.475273e-02
	-4.117784e-01,  7.710305e-02
	-4.254528e-01,  2.700992e-02
	-3.989963e-01,  7.751818e-02
	-3.942003e-01,  1.688079e-02
	 2.187271e-02, -2.600443e-01
	 1.350335e-02, -2.723303e-01
	 1.905062e-02, -2.143975e-01
	-6.797128e-03, -1.961988e-01
	-4.581021e-02, -2.445356e-01
	-4.555827e-02, -2.453492e-01
	-3.918281e-02, -2.192117e-01
	 8.463296e-03, -2.733820e-01
	-1.368595e-02, -1.967329e-01
	 5.000000e-01, -8.020193e-02
	 4.626030e-01, -1.099084e-01
	 5.000000e-01, -5.209545e-02
	 4.638642e-01, -4.008452e-02
	 4.503345e-01, -1.010207e-01
	 4.453159e-01, -6.113445e-02
	-1.379038e-01,  2.418191e-01
	-1.337054e-01,  3.049002e-01
	-1.766508e-01,  2.694760e-01
	-1.767267e-01,  2.691373e-01
	-1.764067e-01,  2.682720e-01
	-1.752149e-01,  3.699433e-01
	-1.871239e-01,  3.959359e-01
	-1.416054e-01,  3.680903e-01
	-1.345037e-01,  3.900869e-01
	-1.578060e-01,  4.219180e-01
	-2.374013e-01,  1.399727e-01
	-2.674745e-01,  9.932169e-02
	-2.999621e-01,  1.268230e-01
	-2.960589e-01,  1.590071e-01
	-2.668253e-01,  1.637561e-01
	 3.326788e-01,  3.316759e-01
	 3.539651e-01,  3.039194e-01
	 3.721083e-01,  3.649651e-01
	 3.933135e-01,  3.565592e-01
	 3.946720e-01,  3.543939e-01
	 3.925831e-01,  3.216477e-01
	 6.248633e-02, -4.516426e-01
	 8.235123e-02, -4.376031e-01
	 1.097303e-01, -4.567079e-01
	 9.412192e-02, -5.000000e-01
	 6.717344e-02, -5.000000e-01
	-3.022269e-01, -1.387433e-01
	-3.296587e-01, -1.380169e-01
	-2.910464e-01, -9.443202e-02
	-3.489897e-01, -1.024307e-01
	-3.173674e-01, -7.897708e-02
	 3.190898e-01,  3.965196e-02
	 3.190492e-01, -1.414596e-02
	-1.830855e-01,  3.929621e-02
	-1.713063e-01,  3.555361e-02
	-2.077917e-01,  1.460037e-02
	-1.922164e-01, -2.294759e-02
	-1.451829e-01, -1.556370e-02
	 4.716297e-01,  1.811461e-01
	 4.802165e-01,  1.576749e-01
	-4.322230e-01,  1.331445e-01
	-4.412571e-01,  1.207764e-01
	-4.447683e-01,  1.766849e-01
	-5.000000e-01,  1.537196e-01
	-4.560818e-01,  1.843395e-01
	-5.000000e-01,  1.350623e-01
	-3.152965e-01,  2.850474e-03
	-3.057311e-01, -3.917690e-02
	-3.212259e-01, -5.345867e-02
	-3.599034e-01, -3.943221e-02
	-2.333346e-01, -4.099631e-01
	-2.560412e-01, -3.955684e-01
	-1.975000e-01, -3.684676e-01
	-2.190663e-01, -3.531207e-01
	-2.571965e-01, -3.688485e-01
	-1.958174e-01, -3.686091e-01
	-1.616388e-01, -3.495764e-01
	-1.290851e-01, -3.658190e-01
	-1.254890e-01, -3.714191e-01
	-1.258338e-01, -3.935119e-01
	-1.700717e-01, -4.186925e-01
	 2.859737e-01, -2.724462e-01
	 2.817406e-01, -2.643225e-01
	 3.103771e-01, -2.288262e-01
	 3.502552e-01, -2.487178e-01
	 3.255054e-01, -2.277487e-01
	-1.140076e-01, -2.509114e-01
	-1.030469e-01, -2.346364e-01
	-5.901456e-02, -2.841274e-01
	-9.146410e-02, -2.933936e-01
	 3.535288e-01,  2.975861e-01
	 3.187832e-01,  2.659019e-01
	-5.000000e-01, -1.771112e-01
	-4.631818e-01, -1.669956e-01
	 3.882265e-01,  2.562415e-01
	 3.382635e-01,  2.415673e-01
	 3.431966e-01,  2.102509e-01
	-1.711276e-02, -1.196453e-01
	-1.722279e-02, -1.196245e-01
	 3.215160e-02, -1.003049e-01
	-2.636240e-02, -6.149887e-02
	 4.933877e-03, -5.099993e-02
	 3.578942e-02, -9.438075e-02
	 2.313314e-01,  6.493283e-02
	 3.973641e-01, -1.204303e-01
	 3.603478e-01, -1.523243e-01
	 3.519680e-01, -1.508817e-01
	 3.594904e-01, -9.805508e-02
	 3.974918e-01, -1.105954e-01
	 3.411313e-01, -1.209700e-01
	 3.980438e-01, -1.113354e-01
	 3.953941e-01,  4.279984e-01
	 3.876045e-01,  4.581304e-01
	 4.107499e-01,  4.772208e-01
	 4.474156e-01,  4.675138e-01
	 4.552324e-01,  4.579931e-01
	 4.189481e-01,  4.172591e-01
	 4.548701e-01,  4.429441e-01
	 4.566967e-01,  4.474827e-01
	-2.454953e-01, -2.587789e-01
	-2.748993e-01, -2.622078e-01
	-2.280320e-01, -2.326022e-01
	-2.600730e-01, -1.980426e-01
	-2.569560e-01, -1.971239e-01
	-2.849542e-01, -2.310171e-01
	-1.081007e-01, -7.959414e-02
	-1.069686e-01, -3.488242e-02
	-7.540789e-02, -9.088234e-02
	-5.683509e-02, -3.368453e-02
	-4.441254e-02, -5.563312e-02
	-3.875330e-01, -1.543198e-01
	-3.519905e-01, -1.673646e-01
	-4.080790e-01, -2.055356e-01
	-3.993699e-01, -2.201216e-01
	-3.444510e-01, -1.857332e-01
	-3.772210e-01, -2.228955e-01
	-1.266629e-01, -1.361350e-01
	-1.095177e-01, -1.402282e-01
	-1.442679e-01, -1.591513e-01
	-8.277991e-02, -1.814599e-01
	-8.348903e-02, -1.851680e-01
	-1.337671e-01, -1.971879e-01
	-1.065893e-01, -2.062782e-01
	 1.833234e-01,  3.305746e-01
	 2.144816e-01,  3.283626e-01
	 1.785359e-01,  3.643195e-01
	 2.053559e-01,  3.748908e-01
	 2.244808e-01,  3.537667e-01
	-9.179163e-02, -4.682437e-01
	-1.129768e-01, -4.587046e-01
	-7.477893e-02, -4.642083e-01
	-1.082636e-01, -4.163920e-01
	-3.011247e-01, -1.798463e-01
	-3.239272e-01, -1.928898e-01
	-2.996379e-01, -1.415643e-01
	-2.113716e-01, -4.402390e-01
	-1.737024e-01, -4.300793e-01
	-2.266653e-01, -4.324305e-01
	 2.654670e-01,  4.057911e-01
	 2.274879e-01,  4.146946e-01
	 2.265294e-01,  4.654212e-01
	 2.589212e-01,  4.708900e-01
	 2.883674e-01,  4.342393e-01
	 2.869841e-01,  4.278435e-01
	-1.662947e-02, -3.350389e-01
	-2.827889e-02, -3.197711e-01
	-6.996485e-02, -3.472530e-01
	-7.160381e-02, -3.601291e-01
	 5.000000e-01,  3.902819e-01
	 4.727555e-01,  3.966506e-01
	 5.000000e-01,  4.418336e-01
	-1.682681e-01, -1.627215e-01
	-1.872747e-01, -1.948567e-01
	-2.060917e-01, -1.307546e-01
	-2.161198e-01, -1.745447e-01
	-4.711228e-01,  4.032951e-01
	-4.439112e-01,  4.424594e-01
	-5.000000e-01,  4.059898e-01
	-5.000000e-01,  4.483943e-01
	-4.670492e-01,  4.603910e-01
	-4.436690e-01,  4.447274e-01
	-4.221427e-01, -1.119255e-01
	-4.036801e-01, -1.320425e-01
	-4.007259e-01, -1.329442e-01
	-3.640039e-01, -9.908854e-02
	 4.384437e-01, -4.505769e-01
	 4.176836e-01, -4.415960e-01
	 4.651494e-01, -4.406512e-01
	 4.666077e-01, -4.185350e-01
	 4.286026e-01, -3.900304e-01
	 4.164635e-01, -3.997464e-01
	 3.187185e-01,  1.880687e-01
	 3.474852e-01,  1.492064e-01
	 1.579974e-02,  3.472097e-01
	-4.981175e-03,  3.310374e-01
	 2.805931e-03,  3.901583e-01
	-2.587971e-02,  3.860237e-01
	-4.405164e-02, -1.332554e-01
	-6.915232e-02, -1.177699e-01
	-4.102821e-01,  5.000000e-01
	-4.110205e-01,  4.627229e-01
	-4.777234e-01,  5.000000e-01
	-1.475016e-01,  3.236068e-01
	-1.807712e-01,  3.243927e-01
	-1.894948e-01,  3.489223e-01
	-1.370067e-01,  3.584910e-01
	 5.000000e-01,  4.920337e-01
	 5.000000e-01,  5.000000e-01
	 4.462533e-01,  5.000000e-01
	 2.793292e-01,  1.038812e-01
	 3.055710e-01,  1.309446e-01
	 2.864277e-01,  1.660899e-01
	 6.045625e-02, -1.614805e-01
	 3.683280e-02, -1.508214e-01
	 4.559215e-02, -9.127083e-02
	-3.497051e-01,  3.417330e-01
	-3.758993e-01,  2.991084e-01
	-4.037771e-01,  3.039100e-01
	-4.139685e-01,  3.353316e-01
	 5.218526e-02,  1.006402e-02
	 6.066495e-02, -8.696190e-03
	 2.309443e-02,  2.028315e-02
	 1.997176e-03, -7.638162e-03
	 1.215039e-02, -3.926748e-02
	 4.453411e-02, -3.316841e-02
	-3.685964e-01, -3.022338e-01
	-3.741368e-01, -3.384977e-01
	-3.729259e-01, -2.953572e-01
	-4.300255e-01, -2.878246e-01
	-4.252692e-01, -2.800253e-01
	-4.262503e-01, -3.403734e-01
	-4.150644e-01, -3.507110e-01
	 1.182397e-01,  1.462018e-02
	 1.055892e-01,  4.617707e-02
	-2.736123e-01, -8.922436e-02
	-2.629299e-01, -4.077141e-02
	-1.912111e-01,  2.279730e-01
	-2.203802e-01,  2.312099e-01
	-2.309705e-01,  2.627371e-01
	 1.296736e-01, -4.495179e-01
	 1.536206e-01, -4.738527e-01
	 1.412459e-01, -5.000000e-01
	 4.749588e-01, -2.555149e-01
	 4.570073e-01, -2.819756e-01
	 4.099607e-01, -2.613142e-01
	 4.281642e-01, -2.868149e-01
	 1.416884e-01,  2.434093e-01
	 1.412346e-01,  2.529474e-01
	 1.959523e-01,  2.283300e-01
	 1.773601e-01,  2.817769e-01
	 2.043790e-01,  2.695996e-01
	 2.128444e-01,  2.369242e-01
	 2.145838e-01,  2.402293e-01
	-3.343259e-01, -5.000000e-01
	-3.640571e-01, -4.678868e-01
	-3.943123e-01, -5.000000e-01
	-3.824798e-01, -4.690410e-01
	 3.336325e-02,  4.093655e-01
	 7.765737e-02,  4.281567e-01
	 1.000350e-01,  3.939418e-01
	 5.764870e-02,  3.784482e-01
	 9.720178e-02,  3.823224e-01
	 4.250805e-01, -1.682777e-01
	-3.767099e-02,  4.404604e-01
	-5.593256e-02,  4.623601e-01
	-4.593071e-02,  4.183047e-01
	-1.054177e-01,  4.556142e-01
	-9.575238e-02,  4.631870e-01
	-8.861845e-02,  4.058013e-01
	 1.721255e-01, -3.371443e-02
	 1.826315e-01, -5.343382e-02
	 2.394045e-01, -1.171964e-02
	 2.282216e-01, -4.799097e-02
	 8.282918e-02, -2.895486e-01
	 7.438980e-02, -2.491743e-01
	 3.275652e-01, -1.667930e-01
	 2.949026e-01, -1.440083e-01
	 3.013152e-01, -1.177713e-01
	 3.046908e-01, -1.624704e-01
	-4.653441e-01, -3.404822e-01
	-4.695855e-01, -3.025371e-01
	-4.760509e-01, -3.247705e-01
	-4.285018e-01,  2.824888e-01
	-4.498628e-01,  3.453084e-01
	 6.654538e-02,  1.852438e-01
	 8.709267e-02,  2.217548e-01
	 4.091437e-02,  2.417496e-01
	 6.741720e-02,  2.478955e-01
	 2.303514e-02,  2.153848e-01
	 2.636866e-01, -1.980212e-01
	 2.813751e-01, -1.958466e-01
	 2.502759e-01, -2.456318e-01
	 2.546121e-01, -2.545368e-01
	-2.852445e-02, -3.150568e-01
	-1.006372e-01, -3.152307e-01
	-1.015736e-01, -3.089262e-01
	 1.239986e-01, -2.950889e-01
	 1.438058e-01, -2.754713e-01
	 1.762906e-01, -2.998853e-01
	 1.659498e-01, -3.284653e-01
	 1.295585e-01, -3.323096e-01
	-4.564907e-01, -6.967786e-03
	-3.788238e-01, -4.078575e-01
	-4.038322e-01, -4.419113e-01
	-3.902832e-01, -4.111618e-01
	 2.384459e-01, -4.576194e-01
	 2.004976e-01, -4.274156e-01
	 1.962846e-01, -4.987964e-01
	 1.884009e-01, -4.261727e-01
	 1.680440e-01, -4.710902e-01
	-2.756073e-01,  4.072041e-01
	-3.220458e-01,  4.173740e-01
	-3.033202e-01,  4.649669e-01
	-3.224336e-01,  4.187292e-01
	 2.517693e-01,  3.567983e-01
	 2.155846e-01,  4.096641e-01
	 2.672756e-01,  3.966343e-01
	 1.760974e-02, -5.000000e-01
	 2.885403e-02, -4.374905e-01
	 3.316148e-02, -4.358836e-01
	 1.025534e-02, -4.701658e-01
	-3.263142e-01,  3.417584e-01
	-3.101676e-01,  3.654852e-01
	-3.280506e-01,  4.024702e-01
	-2.731159e-01, -4.649290e-01
	-3.796019e-01,  1.045759e-01
	-3.433344e-01,  1.071240e-01
	-3.415155e-01,  1.058025e-01
	-3.308276e-01,  6.821330e-02
	 2.555693e-01, -5.000000e-01
	 2.402364e-01, -4.578381e-01
	 1.963161e-01, -5.000000e-01
	-1.512641e-01, -2.980566e-01
	-1.450870e-01, -2.578067e-01
	-1.629351e-01, -3.077856e-01
	-1.960377e-01, -2.548711e-01
	-1.588946e-01, -2.451863e-01
	-2.082148e-01, -2.926190e-01
	-1.706181e-02,  4.448041e-01
	-3.924517e-02,  5.000000e-01
	-4.201979e-01, -3.785852e-01
	-4.488349e-01, -3.935921e-01
	-4.767125e-01, -3.683138e-01
	 2.367119e-01, -1.357736e-01
	 2.448273e-01, -9.044077e-02
	 2.142946e-01, -1.419103e-01
	 2.048831e-01, -9.501968e-02
	 1.936524e-01, -1.249548e-01
	-2.046785e-01, -5.000000e-01
	-1.537575e-01, -4.584048e-01
	-1.841745e-01, -5.000000e-01
	 5.000000e-01, -5.000000e-01
	 5.000000e-01, -4.558063e-01
	 4.783425e-01, -5.000000e-01
	 4.844271e-01, -4.559232e-01
	 1.045393e-02,  2.879156e-01
	 3.103726e-01, -7.691793e-02
	 3.479407e-01, -6.469930e-02
	 2.990316e-01, -1.124017e-01
	 1.077045e-01,  2.913707e-01
	 1.273351e-01,  2.198059e-01
	 1.246711e-01,  2.184747e-01
	-4.165169e-02, -4.827942e-01
	-3.725613e-02, -5.000000e-01
	-8.962719e-02, -5.000000e-01
	 4.187460e-01, -3.078610e-01
	-5.000000e-01, -4.686128e-01
	-4.730107e-01, -4.719538e-01
	-5.000000e-01, -5.000000e-01
	-4.720161e-01, -5.000000e-01
	 4.673370e-01, -1.358355e-01
	 4.692289e-01, -1.293225e-01
	-1.566085e-01,  4.350522e-01
	-1.300263e-01,  4.577766e-01
	-1.811557e-01,  5.000000e-01
	-1.512852e-01,  5.000000e-01
	 6.431940e-02, -6.377565e-02
	 9.964807e-02, -6.210107e-02
	 7.816963e-02,  5.613560e-02
	 1.656681e-02,  3.791079e-02
	 4.699253e-02,  6.776304e-02
	-2.185630e-01,  4.007270e-01
	-8.970081e-02,  4.028569e-01
	 2.721391e-01,  5.000000e-01
	 2.996161e-01,  5.000000e-01
	 3.185465e-01,  4.619976e-01
	-4.556160e-01,  3.779800e-01
	-4.596381e-01,  3.647059e-01
	-5.000000e-01,  3.530617e-01
	 4.456046e-01,  3.480764e-01
	 4.619850e-01,  3.267205e-01
	-1.299430e-01, -5.000000e-01
	-1.237138e-01, -4.633543e-01
	-3.570134e-01, -2.483702e-01
	-3.327540e-01, -2.495155e-01
	-3.121425e-01, -2.246505e-01
	-4.293934e-01, -2.610082e-01
	-4.654598e-01, -2.430862e-01
	-4.685913e-01, -2.335395e-01
	-4.469382e-01, -1.920403e-01
	-2.335950e-01,  3.871707e-01
	-2.649842e-01,  3.891084e-01
	-2.208962e-01,  3.526372e-01
	-2.796099e-01,  3.696947e-01
	-2.373846e-01,  3.165124e-01
	 1.361089e-01, -4.327294e-01
	 1.803404e-01, -4.193340e-01
	 1.715291e-01, -3.847796e-01
	 2.151095e-01,  5.000000e-01
	 2.174326e-01,  4.716285e-01
	-3.109338e-01,  4.742743e-01
	-3.085586e-01,  5.000000e-01
	-4.406291e-01,  1.049425e-01
	-1.714292e-01,  1.756315e-01
	-1.807611e-01,  1.878325e-01
	-1.773445e-01,  2.048994e-01
	-1.213908e-01,  2.165456e-01
	-1.339913e-01,  2.260894e-01
	-3.446966e-02,  1.514120e-01
	-5.739280e-02,  1.310791e-01
	-3.785591e-03,  1.384347e-01
	-1.441486e-02,  8.759660e-02
	-9.281877e-03,  9.188160e-02
	-4.747153e-02,  9.498206e-02
	 2.535316e-01, -1.494987e-01
	 2.491107e-01, -8.606013e-02
	 2.494690e-01, -8.602016e-02
	-5.000000e-01, -3.757543e-01
	-5.000000e-01, -4.128438e-01
	-4.571799e-01, -4.184586e-01
	 2.912147e-01, -2.273553e-02
	 2.871825e-01, -5.543453e-02
	-2.768020e-01, -3.251456e-01
	-3.094863e-01, -3.268433e-01
	-2.656463e-01, -3.116479e-01
	-3.131980e-01, -2.779263e-01
	-3.243166e-01, -2.980598e-01
	-2.805060e-01, -2.708521e-01
	 4.495859e-01,  3.830438e-01
	 4.230421e-01,  3.962679e-01
	-1.263190e-01,  5.006754e-02
	-1.902946e-01,  8.948661e-02
	-1.955189e-01,  7.733840e-02
	-1.308335e-01,  9.268235e-02
	 4.470767e-01, -3.544317e-01
	 4.326506e-01, -3.671200e-01
	 4.511227e-01, -3.333513e-01
	 3.880906e-01, -3.441266e-01
	 1.410048e-01, -3.362350e-02
	 1.811075e-01, -6.546484e-02
	-4.443938e-01, -4.468756e-01
	 1.917224e-01, -3.580606e-01
	-2.867208e-01,  1.332487e-02
	-2.855687e-01,  6.549118e-02
	 4.115839e-01, -5.000000e-01
	 3.834699e-01, -4.622393e-01
	 3.519660e-01, -5.000000e-01
	 3.517189e-01, -4.920798e-01
	-1.849510e-01, -2.027328e-01
	-2.127774e-01, -2.329367e-01
	-2.491685e-01, -1.855340e-01
	 4.668449e-01, -3.199072e-01
	 5.000000e-01, -3.216313e-01
	 5.000000e-01, -2.571957e-01
	-1.276722e-01,  9.707906e-02
	-1.944198e-01,  1.194078e-01
	-1.747214e-01,  1.366900e-01
	-1.357343e-01,  1.341029e-01
	-2.134373e-01, -2.944871e-01
	 3.837463e-01, -4.594656e-01
	 3.741860e-01, -3.927627e-01
	 3.597891e-01, -4.328745e-01
	-1.448278e-02,  5.190952e-02
	 3.367243e-02,  9.292820e-02
	-4.612063e-01, -1.679412e-01
	-8.823947e-02,  5.000000e-01
	 5.000000e-01,  1.581424e-01
	 5.000000e-01,  2.213482e-01
	-2.558034e-01, -5.000000e-01
	-3.275116e-01, -5.000000e-01
	-1.905547e-01,  3.107176e-01
	 1.142471e-01,  1.775713e-03
	-4.663629e-01, -6.355156e-03
	-5.000000e-01, -3.073274e-02
	 3.412804e-01, -2.014541e-01
	 1.481149e-01,  5.000000e-01
	 4.089561e-01,  5.000000e-01
	 3.609933e-01,  5.000000e-01
	 3.558951e-01,  4.682879e-01
	 3.093524e-01, -4.761111e-01
	 3.164501e-01, -4.732882e-01
	 2.987713e-01, -5.000000e-01
	 1.559217e-01,  1.454499e-01
	 1.090207e-01,  1.575689e-01
	 1.751458e-01,  1.732434e-01
	 1.744056e-01,  1.770772e-01
	 2.527246e-01, -1.888319e-01
	 4.303750e-01, -5.000000e-01
	 9.124957e-02, -1.345549e-02
	 3.324337e-01, -4.338857e-01
	 3.716198e-01, -3.883367e-01
	 5.000000e-01,  3.349991e-01
	 2.157623e-01, -2.945821e-01
	 2.126058e-01, -2.342467e-01
	 2.123668e-01, -2.931259e-01
	 1.966296e-01, -2.493649e-01
	-4.522447e-01, -4.607272e-01
	 9.588401e-02,  1.033070e-01
	 8.466410e-02,  5.753138e-02
	-3.354589e-01,  2.712717e-01
	-3.246189e-01,  2.246103e-01
	-3.558374e-01,  2.093567e-01
	-3.794100e-01,  2.363917e-01
	-3.566147e-01,  2.745067e-01
	 2.321292e-01,  3.070063e-01
	 1.687536e-01,  3.149094e-01
	-4.655401e-02, -1.557003e-01
	 4.697142e-02,  1.222167e-01
	 8.760588e-02,  1.196931e-01
	 2.011938e-01, -1.891736e-01
	 2.006587e-01, -1.895750e-01
	 1.373474e-01,  3.194007e-01
	 3.213472e-01,  2.542252e-01
	 3.906475e-01,  2.595940e-01
	 2.319075e-01, -3.902505e-01
	 1.072845e-01,  1.569738e-01
	 5.000000e-01,  2.236277e-01
	 2.983901e-01,  5.144933e-02
	 2.991162e-01,  8.236398e-02
	 3.299530e-01,  9.626701e-02
	-3.501313e-01,  4.784005e-01
	-3.767980e-01,  4.463800e-01
	-3.569086e-01,  5.000000e-01
	-3.778878e-01,  4.460517e-01
	-2.219033e-02, -4.536968e-01
	-4.020165e-01,  1.362530e-01
	-5.000000e-01, -2.743936e-01
	-4.992000e-01, -2.743314e-01
	-5.000000e-01, -3.245375e-01
	-2.565942e-01, -1.443914e-01
	 5.000000e-01, -3.897831e-01
	 1.619972e-01,  3.743288e-01
	 1.283390e-01,  3.551346e-01
	 1.043885e-01,  3.656575e-01
	-5.000000e-01,  5.000000e-01
	 3.149287e-02, -3.725393e-01
	 3.533611e-01,  3.997231e-01
	 3.033445e-01,  3.616686e-01
	 3.296937e-01,  3.964001e-01
	 3.423124e-01,  4.596380e-01
	 3.571605e-01,  4.081738e-01
	-2.265459e-01, -3.115855e-01
	-2.706326e-01, -3.592872e-01
	 2.350615e-02,  4.123707e-01
	 2.372611e-02,  4.118458e-01
	 8.511287e-02,  4.516370e-01
	 3.224113e-01,  1.282534e-01
	 4.195800e-01,  4.379229e-02
	-4.281366e-01, -5.000000e-01
	 6.706077e-02, -2.005021e-01
	-1.885958e-02,  2.752845e-01
	 8.230505e-03,  2.882290e-01
	-4.033271e-01,  1.935320e-01
	 4.275252e-01,  4.276421e-02
	 4.522089e-01, -1.031481e-02
	 1.936614e-02, -1.554138e-01
	-3.558136e-01, -3.706852e-01
	-3.594655e-01, -3.520404e-01
	 4.719698e-02, -4.066988e-01
	 9.510805e-02,  4.572316e-01
	 1.107944e-01,  5.000000e-01
	-3.099073e-01,  1.708888e-01
	-4.217778e-01,  3.928413e-01
	 2.650859e-01, -8.010071e-03
	-3.043196e-01, -3.680134e-01
	-3.171549e-01, -3.430463e-01
	-7.598692e-02,  2.368997e-01
	-5.103341e-02,  2.170454e-01
	-5.181494e-02,  1.938359e-01
	-1.706909e-01, -7.300883e-02
	-2.014779e-01, -4.958510e-02
	-1.650915e-01, -7.083579e-02
	-1.383408e-01, -1.935259e-02
	 7.812028e-02, -2.415416e-01
	 6.617785e-02, -2.026286e-01
	-2.663950e-01,  7.653769e-02
	-2.523067e-01,  6.911216e-02
	-2.285149e-01,  1.411313e-01
	-2.069231e-01, -1.280744e-01
	-1.765150e-01, -1.041083e-01
	-1.302289e-01, -1.276756e-01
	 2.537109e-01,  2.466814e-01
	-5.137571e-02, -5.737847e-03
	-9.520545e-02,  3.024046e-02
	-1.235073e-01, -1.827800e-02
	 5.000000e-01,  1.718229e-02
	 4.535281e-01, -1.096601e-02
	-2.562130e-01, -7.934356e-04
	-2.365878e-01,  1.497144e-02
	-2.587411e-01, -3.794306e-02
	-2.236748e-01, -5.552668e-02
	-5.000000e-01, -2.160818e-01
	-2.413959e-02,  2.379440e-01
	-4.028977e-02,  1.831957e-01
	-2.133010e-01,  1.777916e-01
	 5.000000e-01,  3.633861e-02
	 4.478933e-01,  5.608642e-02
	 5.000000e-01,  9.779167e-02
	-9.638177e-02,  1.031303e-01
	-6.988099e-02,  8.009312e-02
	-7.312951e-02,  5.366868e-02
	-9.524556e-02,  3.068862e-02
	-4.030056e-01,  2.309830e-01
	 2.822455e-01,  2.153835e-01
	 5.000000e-01, -1.834080e-01
	 5.000000e-01, -1.824945e-01
	 5.000000e-01,  2.762725e-01
	 2.753615e-01,  4.198071e-02
	 2.825335e-01,  2.072524e-01
	 2.950624e-01,  1.887842e-01
	 2.354065e-01,  1.965490e-01
	 2.239751e-01,  1.643993e-01
	-1.211300e-01, -8.790266e-02
	 8.226968e-02, -4.112219e-01
	-2.421788e-01,  2.054422e-01
	-2.770498e-01,  2.245880e-01
	-2.537164e-01,  2.046766e-01
	-4.331291e-01,  2.486552e-01
	-1.628326e-01, -2.155960e-01
	 5.000000e-01, -1.282330e-01
	 5.000000e-01, -3.761283e-01
	-3.473776e-02,  4.954734e-03
	-2.824628e-02,  4.162984e-02
	-2.328047e-01, -1.175472e-01
	-2.381432e-01, -1.071393e-01
	-3.022201e-01,  2.138416e-01
	 4.744633e-02,  3.388669e-01
Mesh Facets: 1267
	4, 5
	39, 38
	79, 80
	113, 114
	38, 118
	37, 38
	141, 137
	46, 45
	156, 154
	0, 2
	152, 149
	10, 9
	127, 125
	124, 123
	20, 19
	151, 150
	104, 105
	225, 223
	181, 183
	253, 254
	25, 24
	55, 56
	190, 124
	124, 119
	274, 272
	102, 101
	44, 43
	218, 219
	245, 244
	204, 203
	156, 158
	301, 156
	192, 191
	8, 10
	132, 134
	10, 177
	52, 49
	36, 39
	272, 39
	272, 273
	256, 255
	343, 340
	279, 281
	284, 289
	51, 50
	379, 377
	327, 326
	386, 387
	69, 67
	191, 195
	305, 191
	131, 130
	309, 307
	336, 338
	410, 408
	388, 389
	234, 236
	416, 415
	324, 323
	417, 416
	136, 133
	19, 18
	199, 19
	311, 308
	167, 170
	9, 11
	9, 179
	276, 277
	259, 257
	232, 233
	253, 252
	450, 253
	66, 65
	228, 227
	21, 23
	319, 317
	218, 296
	218, 220
	351, 349
	462, 464
	61, 63
	314, 313
	7, 6
	87, 88
	215, 214
	318, 315
	439, 437
	426, 427
	117, 116
	77, 76
	292, 291
	298, 297
	374, 375
	213, 211
	72, 70
	34, 30
	463, 465
	88, 89
	88, 215
	374, 502
	373, 374
	221, 215
	78, 81
	356, 355
	368, 367
	254, 250
	254, 526
	167, 166
	167, 424
	280, 279
	33, 28
	366, 279
	104, 212
	103, 104
	538, 540
	514, 516
	548, 141
	141, 140
	473, 472
	439, 440
	439, 488
	364, 365
	559, 557
	561, 560
	560, 562
	496, 495
	99, 100
	318, 486
	316, 318
	496, 494
	496, 100
	456, 455
	100, 98
	572, 573
	359, 357
	40, 42
	453, 454
	577, 575
	578, 577
	471, 313
	313, 319
	319, 227
	227, 224
	583, 584
	83, 82
	423, 199
	197, 199
	428, 430
	581, 83
	84, 83
	238, 235
	129, 128
	237, 236
	414, 236
	371, 370
	592, 593
	386, 384
	597, 386
	249, 248
	94, 93
	600, 559
	559, 558
	344, 343
	362, 343
	342, 341
	189, 188
	107, 106
	592, 370
	617, 592
	370, 369
	521, 78
	620, 79
	79, 78
	112, 115
	210, 209
	144, 145
	492, 117
	597, 596
	118, 597
	117, 118
	552, 553
	486, 485
	567, 486
	637, 636
	551, 550
	24, 22
	24, 261
	565, 566
	598, 248
	247, 248
	263, 262
	40, 41
	40, 574
	479, 478
	196, 198
	550, 549
	550, 638
	513, 512
	616, 107
	509, 508
	107, 109
	50, 376
	50, 52
	288, 287
	52, 360
	275, 101
	103, 537
	101, 103
	663, 665
	383, 381
	332, 330
	452, 451
	672, 671
	652, 650
	546, 544
	328, 330
	330, 668
	399, 395
	589, 588
	630, 631
	392, 391
	341, 608
	341, 339
	476, 475
	582, 584
	584, 684
	268, 267
	686, 685
	28, 533
	687, 688
	28, 29
	413, 412
	611, 613
	657, 478
	441, 11
	478, 7
	7, 11
	127, 183
	128, 127
	414, 411
	414, 128
	230, 183
	113, 111
	692, 113
	646, 644
	333, 329
	603, 604
	327, 324
	327, 379
	324, 415
	415, 379
	487, 484
	292, 499
	294, 292
	175, 176
	694, 617
	617, 618
	188, 187
	530, 531
	612, 188
	696, 695
	321, 322
	666, 665
	665, 700
	570, 569
	498, 499
	487, 499
	485, 487
	633, 485
	563, 562
	394, 396
	562, 706
	586, 585
	433, 429
	149, 148
	149, 162
	679, 680
	270, 274
	114, 274
	115, 114
	621, 115
	598, 647
	599, 598
	378, 377
	377, 710
	501, 500
	576, 575
	659, 638
	575, 637
	637, 638
	179, 442
	180, 179
	655, 574
	574, 454
	454, 452
	452, 670
	60, 61
	315, 314
	314, 61
	693, 484
	484, 315
	164, 163
	698, 700
	538, 539
	700, 538
	459, 458
	353, 352
	406, 407
	348, 346
	682, 589
	589, 587
	716, 717
	4, 17
	554, 556
	3, 4
	724, 458
	458, 456
	456, 568
	303, 304
	300, 299
	317, 316
	317, 21
	566, 22
	566, 316
	22, 21
	333, 604
	333, 331
	362, 361
	604, 362
	157, 155
	69, 71
	69, 390
	615, 616
	206, 208
	616, 660
	517, 515
	727, 726
	77, 493
	73, 77
	573, 357
	573, 600
	357, 358
	601, 600
	368, 524
	368, 369
	175, 171
	175, 618
	618, 369
	686, 267
	735, 686
	91, 90
	267, 190
	193, 190
	690, 441
	441, 442
	429, 428
	428, 587
	707, 429
	587, 717
	717, 442
	162, 708
	699, 698
	698, 163
	163, 162
	56, 260
	57, 56
	408, 741
	408, 409
	326, 325
	326, 378
	648, 647
	647, 378
	48, 47
	527, 529
	102, 105
	102, 278
	213, 105
	72, 213
	68, 72
	535, 534
	14, 12
	541, 542
	298, 504
	298, 295
	747, 745
	489, 490
	669, 332
	363, 361
	332, 331
	361, 331
	293, 294
	693, 60
	60, 62
	294, 693
	561, 563
	749, 561
	396, 397
	396, 563
	173, 172
	468, 470
	520, 519
	612, 531
	612, 610
	532, 531
	569, 455
	569, 704
	455, 457
	388, 387
	388, 410
	387, 753
	753, 410
	89, 86
	373, 89
	51, 373
	53, 51
	246, 244
	203, 202
	203, 244
	208, 660
	207, 208
	713, 711
	660, 508
	507, 508
	697, 321
	321, 320
	282, 283
	641, 643
	139, 138
	467, 466
	737, 738
	418, 419
	568, 98
	98, 97
	752, 751
	730, 568
	25, 55
	55, 54
	26, 25
	718, 722
	425, 424
	424, 530
	530, 187
	187, 186
	464, 465
	464, 767
	659, 512
	659, 715
	512, 465
	509, 109
	509, 505
	87, 482
	109, 110
	87, 85
	348, 725
	222, 220
	220, 349
	348, 349
	1, 5
	421, 18
	5, 18
	130, 126
	130, 403
	744, 14
	269, 271
	15, 14
	766, 26
	27, 26
	307, 306
	307, 406
	222, 217
	222, 725
	725, 406
	549, 440
	549, 513
	511, 513
	440, 435
	417, 323
	323, 322
	695, 322
	695, 417
	528, 527
	53, 754
	53, 47
	527, 47
	764, 138
	137, 138
	137, 779
	12, 535
	12, 13
	242, 241
	535, 536
	384, 385
	384, 595
	747, 490
	636, 747
	488, 551
	488, 490
	636, 551
	640, 639
	635, 634
	481, 480
	422, 308
	308, 306
	774, 306
	641, 761
	642, 641
	145, 625
	146, 145
	265, 266
	214, 216
	214, 483
	71, 70
	71, 155
	692, 691
	154, 692
	70, 510
	154, 155
	239, 240
	650, 674
	650, 651
	347, 345
	380, 382
	723, 459
	459, 461
	200, 205
	142, 144
	622, 144
	676, 675
	337, 335
	706, 394
	706, 663
	394, 395
	663, 664
	678, 395
	200, 723
	201, 200
	356, 523
	353, 356
	723, 353
	619, 620
	741, 739
	741, 620
	225, 226
	804, 225
	265, 789
	265, 264
	608, 683
	608, 607
	301, 302
	810, 301
	733, 206
	206, 150
	150, 152
	152, 165
	609, 610
	610, 519
	81, 84
	81, 519
	84, 590
	73, 726
	726, 682
	631, 629
	682, 631
	74, 73
	662, 537
	241, 536
	241, 240
	240, 794
	537, 536
	76, 75
	497, 76
	787, 786
	675, 674
	674, 796
	623, 622
	622, 675
	553, 634
	553, 555
	479, 658
	479, 481
	481, 634
	816, 814
	120, 121
	633, 705
	552, 633
	552, 554
	728, 554
	411, 230
	230, 231
	689, 412
	412, 411
	652, 673
	652, 649
	721, 720
	15, 771
	15, 16
	174, 176
	779, 778
	779, 694
	694, 176
	153, 151
	501, 291
	711, 501
	290, 291
	207, 711
	207, 151
	731, 300
	204, 205
	204, 300
	800, 205
	237, 591
	237, 238
	238, 581
	581, 582
	582, 475
	475, 477
	32, 31
	775, 776
	784, 783
	31, 783
	33, 31
	283, 280
	283, 761
	280, 33
	783, 761
	732, 299
	245, 249
	245, 299
	93, 95
	93, 249
	824, 823
	471, 579
	64, 63
	471, 63
	817, 673
	676, 142
	142, 143
	673, 676
	657, 198
	198, 197
	707, 690
	586, 707
	690, 657
	586, 197
	712, 714
	3, 729
	2, 3
	161, 2
	672, 451
	823, 672
	823, 64
	65, 451
	65, 64
	399, 679
	399, 398
	656, 654
	679, 709
	677, 546
	546, 543
	281, 284
	281, 282
	285, 284
	282, 760
	664, 678
	664, 666
	678, 680
	666, 699
	680, 708
	708, 699
	413, 234
	413, 611
	590, 609
	590, 235
	235, 234
	609, 611
	724, 352
	724, 730
	751, 750
	751, 730
	354, 352
	92, 94
	599, 94
	599, 710
	710, 825
	264, 807
	795, 651
	262, 264
	262, 651
	261, 639
	261, 260
	639, 782
	736, 260
	526, 529
	526, 572
	743, 529
	572, 571
	276, 444
	276, 275
	275, 661
	806, 808
	756, 757
	525, 367
	367, 372
	136, 135
	136, 420
	645, 644
	602, 603
	644, 603
	436, 434
	34, 511
	511, 775
	775, 32
	32, 34
	169, 170
	170, 427
	427, 492
	595, 781
	596, 595
	492, 596
	799, 798
	788, 790
	713, 507
	507, 506
	714, 713
	714, 161
	159, 161
	212, 210
	534, 212
	269, 270
	269, 744
	270, 621
	534, 744
	621, 210
	614, 106
	108, 106
	448, 252
	252, 251
	772, 766
	121, 815
	122, 121
	59, 54
	766, 54
	656, 709
	41, 656
	46, 41
	709, 148
	148, 46
	446, 447
	185, 184
	497, 811
	497, 495
	770, 769
	495, 564
	108, 832
	110, 108
	754, 86
	777, 754
	110, 85
	86, 85
	768, 1
	1, 0
	0, 160
	792, 793
	293, 62
	293, 43
	453, 42
	66, 453
	66, 62
	42, 43
	796, 239
	239, 243
	813, 796
	835, 833
	821, 721
	722, 721
	425, 722
	491, 426
	425, 426
	784, 642
	784, 776
	434, 435
	434, 645
	776, 435
	645, 642
	364, 557
	557, 687
	366, 533
	366, 364
	533, 687
	677, 760
	328, 677
	329, 328
	329, 646
	646, 643
	760, 643
	816, 120
	685, 816
	268, 685
	120, 119
	119, 268
	696, 697
	593, 696
	593, 594
	697, 758
	800, 822
	461, 800
	460, 461
	829, 827
	296, 295
	351, 296
	350, 351
	542, 545
	542, 295
	45, 153
	44, 45
	290, 44
	153, 290
	556, 17
	556, 555
	658, 555
	196, 658
	20, 196
	17, 20
	35, 37
	116, 491
	491, 836
	37, 116
	223, 838
	223, 224
	580, 224
	655, 653
	655, 670
	671, 670
	671, 839
	256, 258
	256, 340
	392, 339
	392, 393
	340, 339
	734, 493
	493, 494
	494, 570
	702, 570
	735, 90
	825, 735
	92, 825
	90, 92
	768, 793
	768, 421
	217, 774
	216, 217
	422, 421
	793, 216
	774, 422
	436, 438
	436, 602
	344, 342
	344, 602
	342, 605
	567, 565
	567, 635
	640, 565
	635, 640
	801, 802
	820, 819
	271, 273
	271, 771
	273, 36
	35, 836
	36, 35
	821, 771
	836, 821
	798, 797
	798, 788
	789, 788
	809, 789
	518, 517
	615, 517
	614, 615
	448, 614
	448, 449
	430, 431
	588, 430
	840, 841
	681, 588
	824, 579
	838, 824
	580, 579
	580, 838
	548, 473
	684, 548
	684, 476
	473, 476
	516, 540
	516, 518
	449, 518
	450, 449
	540, 450
	720, 16
	720, 719
	780, 13
	13, 16
	626, 624
	233, 229
	233, 445
	502, 297
	221, 502
	219, 297
	219, 221
	129, 591
	591, 477
	477, 474
	131, 129
	405, 131
	111, 691
	111, 112
	211, 510
	209, 211
	691, 510
	112, 209
	251, 250
	832, 251
	777, 832
	777, 528
	250, 528
	58, 57
	57, 738
	738, 765
	195, 194
	401, 195
	522, 521
	739, 740
	739, 619
	619, 521
	778, 174
	778, 764
	467, 764
	468, 467
	173, 468
	173, 174
	277, 259
	277, 278
	67, 68
	393, 67
	258, 393
	259, 258
	68, 278
	358, 601
	360, 358
	288, 360
	289, 288
	558, 601
	558, 365
	289, 365
	841, 681
	841, 819
	819, 818
	630, 681
	630, 632
	807, 806
	806, 661
	662, 794
	661, 662
	795, 807
	795, 794
	804, 805
	814, 804
	815, 772
	815, 814
	773, 772
	431, 432
	337, 801
	337, 338
	840, 431
	840, 801
	310, 309
	309, 338
	160, 159
	792, 160
	483, 792
	483, 482
	159, 506
	505, 482
	506, 505
	734, 702
	702, 701
	727, 734
	716, 727
	180, 716
	178, 180
	503, 375
	375, 376
	376, 287
	287, 286
	503, 286
	504, 503
	541, 504
	286, 285
	285, 543
	543, 541
	732, 303
	732, 95
	95, 91
	91, 193
	193, 192
	192, 303
	402, 404
	466, 469
	763, 466
	312, 8
	8, 6
	782, 480
	826, 782
	6, 480
	843, 809
	444, 808
	444, 443
	808, 809
	335, 334
	791, 790
	803, 335
	831, 790
	363, 255
	255, 257
	748, 363
	443, 843
	257, 443
	843, 842
	232, 447
	232, 231
	184, 189
	184, 447
	613, 689
	689, 231
	189, 613
	820, 802
	802, 803
	263, 649
	263, 266
	803, 791
	791, 266
	649, 820
	164, 539
	539, 514
	733, 165
	515, 733
	165, 164
	514, 515
	49, 359
	49, 48
	48, 743
	743, 571
	571, 359
	545, 544
	837, 545
	668, 667
	544, 668
	172, 750
	172, 171
	355, 354
	355, 524
	354, 750
	524, 171
	830, 829
	457, 460
	704, 457
	704, 703
	460, 829
	763, 404
	762, 763
	474, 472
	405, 474
	404, 405
	472, 547
	837, 667
	837, 350
	667, 381
	381, 380
	347, 350
	347, 380
	629, 74
	629, 627
	812, 75
	74, 75
	445, 624
	624, 623
	623, 813
	446, 445
	833, 446
	833, 813
	420, 828
	420, 419
	401, 765
	765, 419
	400, 401
	547, 762
	547, 140
	140, 139
	139, 762
	826, 312
	736, 826
	133, 132
	133, 418
	312, 132
	737, 736
	737, 418
	785, 625
	181, 229
	181, 182
	229, 626
	626, 625
	147, 146
	787, 146
	787, 812
	812, 627
	627, 628
	470, 752
	752, 97
	469, 470
	469, 845
	96, 97
	705, 498
	705, 728
	729, 728
	729, 712
	500, 712
	498, 500
	134, 177
	134, 135
	703, 830
	701, 703
	701, 178
	178, 177
	830, 135
	325, 648
	648, 247
	759, 320
	325, 320
	755, 246
	247, 246
	688, 29
	688, 462
	30, 29
	463, 30
	463, 462
	767, 715
	767, 578
	715, 576
	576, 578
	749, 397
	839, 749
	839, 653
	397, 398
	654, 398
	654, 653
	756, 202
	525, 756
	523, 525
	523, 201
	201, 202
	311, 423
	311, 310
	310, 432
	433, 585
	432, 433
	585, 423
	755, 757
	755, 759
	372, 371
	757, 372
	758, 594
	758, 759
	371, 594
	166, 532
	166, 168
	740, 742
	740, 522
	522, 520
	532, 520
	683, 302
	683, 391
	157, 390
	157, 158
	302, 158
	390, 391
	336, 407
	407, 346
	799, 345
	799, 831
	345, 346
	831, 334
	334, 336
	669, 383
	669, 748
	748, 842
	842, 797
	797, 382
	383, 382
	185, 834
	185, 186
	718, 186
	844, 719
	719, 718
	438, 437
	437, 489
	605, 438
	606, 605
	746, 489
	583, 82
	82, 80
	80, 583
	305, 400
	305, 304
	731, 304
	828, 827
	400, 828
	731, 822
	827, 822
	228, 23
	228, 226
	805, 773
	805, 226
	773, 27
	23, 27
	564, 770
	99, 564
	402, 403
	402, 845
	99, 96
	845, 96
	770, 403
	810, 607
	745, 810
	606, 746
	607, 606
	746, 745
	786, 785
	811, 786
	125, 126
	125, 182
	182, 785
	769, 811
	126, 769
	818, 632
	818, 817
	143, 147
	817, 143
	632, 628
	147, 628
	194, 58
	194, 123
	123, 122
	122, 59
	59, 58
	243, 835
	243, 242
	242, 780
	835, 834
	844, 780
	844, 834
	409, 389
	409, 742
	385, 781
	385, 389
	742, 168
	169, 781
	168, 169
Facet Neighbors: 1267
	0, 3
	-1, 6
	-4, 13
	-1, 19
	-1, 20
	6, 20
	-4, 24
	7, 26
	-1, 27
	0, 28
	26, 29
	1, 32
	22, 33
	21, 35
	3, 36
	26, 38
	17, 39
	-2, 41
	33, 42
	-3, 46
	4, 48
	9, 48
	35, 50
	21, 50
	-1, 51
	17, 52
	7, 55
	40, 56
	45, 57
	37, 57
	27, 58
	-1, 58
	35, 59
	1, 61
	23, 61
	32, 61
	8, 69
	6, 70
	-1, 70
	51, 70
	47, 71
	66, 71
	53, 72
	54, 72
	8, 74
	-2, 75
	63, 75
	-1, 77
	11, 78
	35, 80
	59, 80
	22, 81
	60, 82
	65, 82
	-4, 83
	77, 83
	43, 84
	-2, 85
	63, 85
	-4, 85
	23, 86
	3, 87
	36, 87
	60, 87
	30, 88
	1, 91
	32, 91
	52, 92
	47, 92
	42, 93
	46, 94
	-3, 94
	10, 95
	41, 96
	4, 96
	62, 96
	56, 98
	40, 98
	67, 98
	-3, 99
	10, 101
	62, 101
	1, 103
	14, 104
	40, 104
	62, 105
	90, 106
	88, 107
	20, 107
	12, 108
	55, 109
	56, 110
	74, 110
	39, 112
	11, 112
	5, 113
	99, 113
	14, 114
	104, 114
	110, 114
	74, 114
	40, 114
	13, 116
	68, 117
	73, 117
	46, 118
	-3, 118
	30, 119
	88, 119
	53, 120
	5, 120
	72, 120
	39, 121
	17, 121
	-3, 122
	115, 122
	-4, 124
	24, 124
	102, 124
	90, 125
	106, 125
	72, 127
	-3, 127
	-2, 128
	-3, 128
	108, 129
	16, 129
	105, 130
	62, 130
	108, 131
	129, 131
	97, 131
	16, 131
	-3, 132
	69, 132
	7, 133
	95, 133
	-1, 134
	-3, 134
	101, 135
	62, 135
	96, 135
	41, 135
	-4, 136
	13, 136
	87, 137
	36, 137
	89, 138
	136, 139
	13, 139
	43, 139
	22, 140
	43, 140
	84, 140
	73, 141
	-4, 141
	77, 142
	-1, 142
	45, 143
	15, 143
	-3, 144
	127, 144
	66, 145
	71, 145
	66, 146
	34, 147
	18, 148
	141, 149
	-4, 149
	73, 149
	116, 150
	-4, 150
	13, 150
	19, 151
	39, 151
	25, 152
	107, 154
	142, 154
	-1, 154
	20, 154
	126, 155
	105, 155
	130, 155
	-1, 156
	125, 156
	4, 157
	48, 157
	130, 157
	143, 159
	45, 159
	49, 160
	7, 161
	133, 161
	103, 162
	36, 162
	125, 163
	156, 163
	113, 163
	148, 164
	111, 164
	18, 164
	74, 165
	8, 165
	54, 165
	69, 165
	52, 166
	121, 166
	17, 166
	-3, 167
	76, 168
	64, 168
	95, 169
	-2, 169
	160, 170
	123, 171
	64, 171
	168, 171
	79, 172
	138, 173
	153, 173
	78, 174
	146, 174
	66, 174
	102, 175
	136, 175
	-4, 175
	50, 176
	-2, 176
	120, 177
	-3, 177
	5, 177
	84, 178
	147, 178
	162, 179
	91, 179
	103, 179
	1, 179
	33, 180
	22, 180
	84, 180
	140, 180
	42, 180
	19, 181
	-1, 181
	158, 182
	64, 182
	145, 182
	63, 183
	75, 183
	85, 183
	-2, 183
	105, 184
	109, 184
	55, 184
	31, 185
	-4, 185
	149, 185
	34, 186
	119, 186
	147, 186
	-4, 187
	63, 187
	167, 188
	-3, 188
	131, 189
	109, 190
	184, 190
	105, 190
	155, 190
	128, 191
	79, 191
	-3, 191
	137, 192
	89, 192
	26, 193
	29, 193
	172, 193
	51, 194
	-1, 194
	19, 194
	151, 194
	159, 195
	143, 195
	75, 195
	-2, 195
	109, 196
	134, 197
	163, 197
	-1, 197
	156, 197
	91, 198
	32, 198
	161, 199
	133, 199
	95, 199
	169, 199
	10, 200
	62, 200
	101, 200
	184, 200
	105, 200
	29, 201
	188, 201
	122, 201
	-3, 201
	97, 203
	68, 203
	82, 204
	67, 204
	173, 205
	138, 205
	198, 205
	3, 206
	126, 206
	0, 206
	203, 207
	97, 207
	131, 207
	59, 208
	57, 208
	62, 209
	96, 209
	157, 209
	130, 209
	4, 209
	182, 210
	64, 210
	71, 210
	145, 210
	27, 211
	11, 211
	78, 211
	148, 212
	38, 212
	164, 212
	115, 212
	205, 213
	108, 213
	12, 213
	132, 214
	-3, 214
	69, 214
	144, 214
	117, 215
	73, 215
	31, 215
	185, 215
	149, 215
	176, 216
	-2, 216
	15, 216
	50, 216
	35, 216
	179, 217
	91, 217
	89, 217
	138, 217
	192, 217
	205, 217
	198, 217
	193, 218
	188, 218
	201, 218
	29, 218
	48, 219
	9, 219
	-4, 220
	83, 220
	63, 221
	75, 221
	159, 221
	195, 221
	8, 222
	118, 222
	17, 223
	52, 223
	39, 223
	112, 223
	11, 223
	121, 224
	2, 224
	123, 225
	110, 225
	56, 225
	-1, 226
	106, 226
	168, 227
	71, 227
	64, 227
	210, 227
	55, 228
	200, 228
	10, 228
	184, 228
	128, 229
	-2, 229
	79, 229
	191, 229
	31, 230
	100, 230
	116, 231
	186, 231
	147, 231
	119, 231
	131, 232
	189, 232
	97, 232
	77, 233
	83, 233
	-1, 233
	-4, 233
	14, 234
	114, 234
	74, 234
	8, 234
	45, 235
	37, 235
	57, 235
	212, 236
	38, 236
	196, 236
	164, 236
	111, 236
	187, 237
	63, 237
	53, 238
	158, 238
	24, 239
	100, 239
	219, 240
	86, 240
	131, 241
	16, 241
	230, 241
	207, 241
	48, 242
	9, 242
	4, 242
	202, 243
	88, 243
	119, 243
	186, 243
	34, 243
	99, 244
	-3, 244
	163, 244
	197, 244
	113, 244
	164, 245
	111, 245
	104, 245
	18, 245
	14, 245
	204, 246
	40, 246
	98, 246
	67, 246
	0, 247
	87, 247
	3, 247
	22, 248
	81, 248
	224, 249
	51, 249
	2, 249
	242, 250
	4, 250
	60, 251
	82, 251
	40, 251
	246, 251
	204, 251
	125, 252
	163, 252
	113, 252
	90, 252
	85, 253
	63, 253
	187, 253
	-4, 253
	118, 254
	234, 254
	8, 254
	222, 254
	239, 255
	24, 255
	-4, 255
	224, 256
	2, 256
	44, 256
	121, 256
	77, 257
	142, 257
	226, 258
	-1, 258
	125, 258
	106, 258
	156, 258
	157, 259
	155, 259
	103, 259
	87, 260
	60, 260
	251, 260
	238, 261
	158, 261
	152, 262
	25, 262
	49, 263
	40, 264
	104, 264
	11, 265
	211, 265
	181, 265
	-1, 265
	112, 265
	27, 265
	44, 266
	170, 266
	160, 266
	67, 267
	76, 267
	203, 268
	97, 268
	37, 268
	25, 269
	152, 269
	170, 269
	65, 270
	191, 271
	-3, 271
	79, 271
	167, 271
	172, 271
	268, 272
	37, 272
	117, 272
	68, 272
	203, 272
	150, 273
	220, 273
	-4, 273
	41, 274
	-2, 274
	263, 275
	49, 275
	174, 276
	146, 276
	58, 276
	-1, 276
	212, 277
	38, 277
	26, 277
	29, 277
	147, 278
	231, 278
	13, 278
	116, 278
	139, 278
	213, 279
	205, 279
	153, 279
	173, 279
	12, 279
	166, 280
	256, 280
	44, 280
	266, 280
	121, 280
	12, 281
	108, 281
	262, 281
	170, 282
	266, 282
	152, 282
	269, 282
	155, 283
	126, 283
	162, 283
	103, 283
	259, 283
	-2, 284
	21, 284
	190, 285
	155, 285
	126, 285
	206, 285
	180, 286
	42, 286
	178, 286
	84, 286
	170, 287
	160, 287
	202, 288
	249, 288
	2, 288
	31, 289
	255, 289
	-4, 289
	185, 289
	26, 290
	109, 290
	196, 290
	55, 290
	236, 290
	38, 290
	208, 291
	37, 291
	57, 291
	268, 291
	140, 292
	43, 292
	139, 292
	136, 292
	175, 292
	102, 292
	5, 293
	252, 293
	261, 293
	293, 294
	5, 294
	53, 294
	238, 294
	120, 294
	261, 294
	208, 295
	45, 295
	57, 295
	15, 295
	143, 295
	-2, 296
	135, 296
	10, 296
	101, 296
	287, 297
	269, 297
	25, 297
	170, 297
	162, 298
	36, 298
	217, 298
	192, 298
	179, 298
	137, 298
	196, 299
	206, 299
	0, 299
	28, 299
	169, 300
	-2, 300
	296, 300
	95, 300
	10, 300
	172, 301
	79, 301
	161, 301
	193, 301
	171, 302
	123, 302
	72, 302
	53, 302
	54, 302
	238, 302
	271, 303
	167, 303
	172, 303
	188, 303
	193, 303
	218, 303
	84, 304
	178, 304
	278, 304
	139, 304
	43, 304
	147, 304
	203, 305
	207, 305
	230, 305
	241, 305
	68, 305
	15, 306
	143, 306
	195, 306
	-2, 306
	275, 307
	266, 307
	49, 307
	160, 307
	157, 308
	48, 308
	259, 308
	219, 308
	118, 309
	-3, 309
	222, 309
	132, 309
	92, 310
	52, 310
	166, 310
	275, 310
	235, 311
	117, 311
	73, 311
	23, 312
	86, 312
	158, 313
	145, 313
	182, 313
	90, 313
	113, 314
	252, 314
	293, 314
	5, 314
	30, 315
	88, 315
	107, 315
	257, 315
	142, 315
	154, 315
	267, 316
	263, 316
	236, 317
	111, 317
	196, 317
	299, 317
	28, 317
	39, 318
	121, 318
	51, 318
	249, 318
	194, 318
	224, 318
	151, 318
	148, 319
	18, 319
	94, 319
	46, 319
	250, 320
	284, 320
	21, 320
	9, 320
	242, 320
	301, 321
	161, 321
	7, 321
	193, 321
	26, 321
	93, 322
	34, 322
	281, 323
	108, 323
	248, 323
	129, 323
	319, 324
	18, 324
	234, 324
	254, 324
	245, 324
	14, 324
	247, 325
	0, 325
	28, 325
	264, 325
	228, 326
	55, 326
	133, 326
	95, 326
	10, 326
	7, 326
	266, 327
	44, 327
	282, 327
	322, 327
	288, 328
	202, 328
	243, 328
	107, 328
	88, 328
	261, 329
	293, 329
	90, 329
	313, 329
	252, 329
	158, 329
	127, 330
	-3, 330
	120, 330
	72, 330
	177, 330
	302, 331
	171, 331
	64, 331
	182, 331
	158, 331
	238, 331
	284, 332
	-2, 332
	176, 332
	21, 332
	50, 332
	187, 333
	-4, 333
	141, 333
	237, 333
	291, 334
	268, 334
	97, 334
	312, 334
	56, 335
	98, 335
	67, 335
	123, 335
	225, 335
	26, 336
	7, 336
	55, 336
	290, 336
	206, 337
	126, 337
	283, 337
	162, 337
	36, 337
	3, 337
	6, 338
	107, 338
	328, 338
	20, 338
	-2, 339
	41, 339
	135, 339
	161, 340
	199, 340
	169, 340
	-2, 340
	47, 341
	71, 341
	174, 341
	78, 341
	66, 341
	213, 342
	108, 342
	131, 342
	189, 342
	216, 343
	-2, 343
	306, 343
	15, 343
	325, 344
	247, 344
	251, 344
	40, 344
	87, 344
	264, 344
	260, 344
	90, 345
	313, 345
	66, 345
	145, 345
	146, 345
	130, 346
	155, 346
	157, 346
	259, 346
	270, 347
	287, 347
	51, 348
	249, 348
	70, 348
	338, 348
	6, 348
	288, 348
	328, 348
	267, 349
	316, 349
	263, 349
	275, 349
	115, 350
	212, 350
	148, 350
	319, 350
	94, 350
	89, 351
	138, 351
	347, 351
	173, 351
	296, 352
	-2, 352
	135, 352
	339, 352
	124, 353
	-4, 353
	175, 353
	102, 353
	122, 354
	115, 354
	350, 354
	94, 354
	-3, 354
	288, 355
	202, 355
	256, 355
	2, 355
	152, 356
	42, 356
	93, 356
	110, 357
	114, 357
	56, 357
	40, 357
	140, 358
	292, 358
	102, 358
	22, 358
	81, 358
	181, 359
	19, 359
	112, 359
	39, 359
	265, 359
	151, 359
	46, 360
	319, 360
	324, 360
	254, 360
	118, 360
	9, 361
	219, 361
	240, 361
	35, 361
	80, 361
	116, 362
	220, 362
	273, 362
	150, 362
	289, 363
	255, 363
	239, 363
	100, 363
	230, 363
	31, 363
	92, 364
	52, 364
	11, 364
	78, 364
	341, 364
	47, 364
	223, 364
	214, 365
	69, 365
	165, 365
	54, 365
	144, 365
	127, 365
	72, 365
	351, 366
	347, 366
	287, 366
	173, 366
	153, 366
	275, 367
	310, 367
	280, 367
	166, 367
	307, 367
	266, 367
	274, 368
	-2, 368
	320, 368
	284, 368
	250, 368
	89, 369
	270, 369
	65, 369
	351, 369
	347, 369
	60, 369
	82, 369
	28, 370
	325, 370
	264, 370
	104, 370
	317, 370
	245, 370
	111, 370
	342, 371
	189, 371
	213, 371
	205, 371
	198, 371
	32, 371
	110, 372
	74, 372
	165, 372
	54, 372
	372, 373
	110, 373
	225, 373
	54, 373
	302, 373
	123, 373
	208, 374
	295, 374
	15, 374
	216, 374
	35, 374
	59, 374
	81, 375
	100, 375
	239, 375
	61, 376
	1, 376
	259, 376
	308, 376
	103, 376
	349, 377
	310, 377
	92, 377
	275, 377
	65, 378
	263, 378
	270, 378
	316, 378
	71, 379
	47, 379
	227, 379
	377, 379
	92, 379
	349, 379
	93, 380
	42, 380
	34, 380
	322, 380
	178, 380
	286, 380
	147, 380
	347, 381
	270, 381
	160, 381
	49, 381
	378, 381
	263, 381
	287, 381
	201, 382
	122, 382
	277, 382
	212, 382
	29, 382
	115, 382
	69, 383
	8, 383
	222, 383
	309, 383
	132, 383
	123, 384
	335, 384
	168, 384
	171, 384
	230, 385
	31, 385
	68, 385
	117, 385
	305, 385
	215, 385
	312, 386
	97, 386
	232, 386
	189, 386
	334, 386
	375, 387
	239, 387
	102, 387
	358, 387
	81, 387
	124, 387
	384, 388
	335, 388
	168, 388
	76, 388
	67, 388
	267, 388
	279, 389
	153, 389
	281, 389
	12, 389
	356, 390
	152, 390
	282, 390
	93, 390
	322, 390
	327, 390
	312, 391
	86, 391
	361, 391
	240, 391
	80, 391
	387, 392
	124, 392
	24, 392
	239, 392
	376, 393
	308, 393
	23, 393
	86, 393
	61, 393
	219, 393
	240, 393
	262, 394
	42, 394
	33, 394
	356, 394
	152, 394
	25, 395
	262, 395
	281, 395
	389, 395
	153, 395
	230, 396
	241, 396
	100, 396
	375, 396
	16, 396
	190, 397
	285, 397
	206, 397
	299, 397
	196, 397
	109, 397
	61, 398
	23, 398
	386, 398
	189, 398
	371, 398
	32, 398
	312, 398
	221, 399
	159, 399
	237, 399
	63, 399
	235, 399
	45, 399
	177, 400
	-3, 400
	5, 400
	113, 400
	99, 400
	244, 401
	-3, 401
	197, 401
	134, 401
	229, 402
	-2, 402
	340, 402
	79, 402
	301, 402
	161, 402
	235, 403
	311, 403
	117, 403
	272, 403
	37, 403
	87, 404
	60, 404
	369, 404
	192, 404
	89, 404
	137, 404
	235, 405
	399, 405
	73, 405
	311, 405
	333, 405
	237, 405
	141, 405
	119, 406
	30, 406
	220, 406
	362, 406
	116, 406
	231, 406
	276, 407
	174, 407
	211, 407
	27, 407
	58, 407
	78, 407
	82, 408
	204, 408
	267, 408
	316, 408
	67, 408
	378, 408
	65, 408
	168, 409
	227, 409
	379, 409
	349, 409
	267, 409
	76, 409
	322, 410
	34, 410
	243, 410
	355, 410
	202, 410
	90, 411
	106, 411
	345, 411
	146, 411
	226, 411
	136, 412
	13, 412
	-4, 412
	80, 413
	59, 413
	208, 413
	312, 413
	391, 413
	291, 413
	334, 413
	96, 414
	41, 414
	368, 414
	274, 414
	250, 414
	4, 414
	323, 415
	129, 415
	81, 415
	375, 415
	16, 415
	396, 415
	248, 415
	276, 416
	-1, 416
	411, 416
	146, 416
	226, 416
	262, 417
	281, 417
	22, 417
	33, 417
	394, 417
	323, 417
	248, 417
	366, 418
	287, 418
	25, 418
	297, 418
	153, 418
	395, 418
	361, 419
	35, 419
	21, 419
	320, 419
	9, 419
	327, 420
	44, 420
	256, 420
	322, 420
	355, 420
	410, 420
	83, 421
	220, 421
	257, 421
	77, 421
	406, 421
	315, 421
	30, 421
Mesh Regions: 422
	0, 9, 314, 457, 646, 760
	11, 33, 65, 82, 236, 1010
	380, 464, 488, 595, 901
	0, 14, 61, 312, 459, 822
	20, 74, 185, 324, 437, 466, 1223
	95, 110, 230, 616, 620, 712, 1142
	1, 5, 37, 823, 869
	7, 26, 135, 191, 744, 768, 814
	36, 44, 202, 372, 414, 482, 1049
	21, 365, 436, 740, 925, 1253
	72, 80, 296, 392, 632, 652, 767
	48, 94, 330, 378, 511, 942
	89, 338, 563, 569, 1083
	2, 102, 144, 149, 172, 556, 1209
	83, 97, 411, 452, 758
	159, 350, 628, 680, 846, 1002
	126, 132, 432, 1120, 1228
	16, 25, 113, 207, 374
	166, 200, 451, 734, 754
	3, 173, 242, 279, 915
	4, 5, 88, 179, 826
	13, 23, 582, 739, 798, 1251
	12, 51, 151, 238, 460, 912, 1238
	34, 60, 703, 1101, 1128
	6, 117, 427, 485, 1097
	175, 507, 525, 636, 1111, 1245
	7, 10, 15, 274, 552, 600, 746, 813
	8, 30, 329, 516, 1182
	9, 647, 725, 761, 977
	10, 275, 301, 363, 553, 1046
	64, 107, 713, 1174, 1266
	254, 345, 398, 596, 939, 1058
	11, 35, 66, 291, 989, 1132
	12, 18, 237, 1108, 1239
	165, 257, 442, 748, 1030, 1199
	13, 22, 32, 49, 352, 928, 1004, 1250
	14, 62, 146, 194, 639, 821
	29, 416, 524, 535, 607, 1159
	15, 333, 419, 551, 605
	16, 93, 112, 174, 376, 726, 917
	27, 77, 84, 101, 454, 469, 509, 850, 908
	17, 73, 142, 542, 828, 1219
	18, 69, 241, 588, 903, 1029, 1107
	56, 150, 152, 611, 673
	489, 517, 566, 770, 1255
	28, 158, 189, 415, 626, 1139
	19, 70, 105, 736, 920
	40, 68, 834, 945, 1023
	20, 21, 186, 364, 435, 689
	190, 508, 545, 686, 1038
	22, 23, 226, 351, 799
	24, 39, 277, 463, 728, 865
	25, 67, 205, 375, 697, 941
	42, 109, 425, 621, 660
	43, 203, 661, 950, 993, 997
	26, 90, 253, 390, 603, 764, 815
	27, 76, 91, 383, 808, 907
	28, 29, 319, 417, 608, 627
	30, 31, 548, 1183
	32, 50, 318, 1005, 1212
	52, 63, 467, 502, 975, 1161
	33, 34, 35, 1009, 1103, 1127
	75, 81, 85, 128, 140, 297, 320
	46, 58, 247, 261, 368, 424, 477, 1137
	210, 215, 245, 326, 388, 791
	53, 528, 972, 1018, 1191
	41, 162, 164, 222, 838, 856
	78, 308, 456, 520, 810, 1078, 1189
	103, 306, 537, 679, 1059
	36, 134, 204, 341, 948, 1048
	37, 38, 39, 867
	40, 41, 163, 327, 387, 835, 1022
	42, 43, 111, 121, 659, 787, 953
	104, 154, 169, 344, 702, 1168
	44, 92, 100, 201, 413, 991
	45, 46, 248, 283, 369
	209, 521, 1077, 1197
	47, 55, 156, 407, 491, 1263
	48, 220, 331, 837, 943, 1184
	217, 270, 396, 531, 654, 1152
	49, 50, 929, 1094, 1211
	51, 461, 913, 1006, 1072, 1226
	52, 53, 307, 468, 976, 1185
	54, 55, 367, 408, 1260
	56, 153, 231, 239, 590, 669
	57, 58, 59, 249, 476
	60, 430, 704, 1091, 1102
	61, 62, 63, 145, 458, 501, 851, 1160
	64, 87, 108, 439, 714, 777
	147, 273, 355, 881, 970, 1164
	86, 119, 475, 708, 780, 854, 1203
	65, 66, 234, 290, 354
	67, 68, 696, 940, 1016, 1026
	69, 747, 904, 1028, 1087
	70, 71, 735, 880, 896
	72, 136, 211, 294, 651, 766
	73, 74, 75, 141, 321, 1218
	131, 305, 316, 406, 523, 806, 1064
	76, 77, 78, 455, 809
	79, 96, 443, 1144
	399, 428, 937, 1007, 1118
	80, 81, 139, 298, 633
	118, 223, 615, 892, 911, 1070
	82, 193, 235, 500, 579, 1013
	83, 84, 98, 450, 510, 980
	85, 127, 181, 251, 267, 300
	86, 120, 385, 496, 1204
	87, 88, 176, 715, 776, 824
	89, 125, 129, 337, 570, 750, 840
	90, 252, 265, 285, 601, 1126
	91, 92, 99, 382, 905, 990, 995
	199, 422, 449, 722, 983
	93, 94, 377, 515, 916
	95, 96, 197, 447, 474, 709, 1143
	97, 98, 99, 100, 101, 412, 906
	115, 335, 876, 894, 1047
	102, 170, 400, 557, 930, 1177
	103, 104, 343, 536, 701, 1060, 1157
	105, 106, 373, 480, 692, 924
	107, 108, 258, 403, 440, 1173
	109, 110, 111, 228, 623, 786
	112, 113, 206, 379, 490, 568, 727
	114, 115, 303, 893, 1043
	214, 381, 658, 811, 999, 1053
	116, 117, 118, 889, 1073, 1096
	119, 120, 184, 195, 472, 495
	180, 313, 577, 585, 818
	121, 122, 161, 784, 952
	123, 124, 269, 394
	125, 126, 130, 752, 1225
	127, 128, 182, 187, 323, 859
	129, 130, 131, 132, 264, 317, 404, 431, 841
	133, 134, 339, 695, 1052
	135, 136, 192, 293, 765
	137, 138, 286, 1148
	139, 140, 141, 142, 631, 829, 887
	143, 144, 148, 224, 613, 1208
	145, 146, 272, 643, 1165
	147, 218, 310, 356, 882
	148, 149, 150, 558, 612, 672
	151, 152, 153, 240, 610, 909
	154, 155, 167, 802, 1172
	156, 157, 177, 492, 717
	158, 159, 188, 282, 629, 681
	160, 161, 342, 951
	162, 163, 246, 328, 706, 857
	164, 221, 547, 858, 1206, 1234
	165, 232, 259, 402, 554, 674, 1034
	166, 198, 332, 733, 878
	167, 168, 169, 256, 347
	170, 171, 172, 539, 933
	173, 174, 280, 732, 919
	175, 506, 526, 574, 902, 1085, 1110
	219, 561, 958, 1081, 1115, 1247
	176, 177, 178, 179, 718
	180, 181, 182, 268, 499, 576, 584, 860
	183, 184, 196, 289, 497
	185, 186, 187, 322, 498, 688, 861
	244, 426, 505, 705, 783, 793
	188, 189, 281, 370, 1135
	190, 213, 519, 592, 687, 1037
	191, 192, 292, 655, 743, 830, 1154
	193, 194, 233, 578, 638, 820
	195, 196, 197, 287, 445, 473
	198, 199, 200, 334, 421, 448
	201, 202, 203, 204, 949, 992
	205, 206, 207, 564, 698, 962
	208, 262, 532, 664
	209, 210, 216, 386, 1055, 1076, 1192
	211, 212, 295, 648, 832
	213, 518, 527, 572, 591, 637
	214, 215, 216, 657, 790, 1056
	217, 276, 533, 653, 665
	218, 219, 309, 562, 884, 957
	220, 221, 222, 546, 836, 1180
	223, 224, 225, 614, 891
	226, 227, 348, 797
	228, 229, 230, 788, 1140
	231, 232, 589, 670, 1032
	233, 234, 235, 236, 353, 642
	237, 238, 239, 240, 241, 587
	242, 243, 513, 914
	244, 245, 246, 325, 707, 792
	247, 248, 249, 250
	251, 252, 253, 266, 299, 393
	254, 255, 256, 346, 599
	257, 258, 259, 401, 441
	260, 261, 423, 478, 800
	262, 263, 302, 361, 666
	264, 405, 842, 985, 1066, 1130
	265, 266, 267, 268, 583, 1121
	269, 270, 271, 397, 529
	272, 273, 357, 641, 1163
	274, 275, 276, 360, 656, 667, 745
	277, 278, 279, 280, 730
	281, 282, 283, 284, 371, 682
	285, 420, 602, 644, 723, 1125
	286, 287, 288, 289, 446, 1147
	290, 291, 311, 359, 988
	292, 293, 294, 295, 831
	296, 297, 298, 299, 300, 391
	301, 302, 303, 304, 362, 1042
	438, 593, 774, 899, 1202
	305, 306, 315, 522, 538, 675
	307, 308, 453, 471, 1186
	309, 310, 311, 336, 358, 560, 987
	312, 313, 314, 586, 645, 817, 1123
	315, 316, 317, 434, 676
	318, 319, 606, 625, 1000, 1213
	320, 321, 322, 323, 324
	325, 326, 327, 328, 389
	329, 330, 331, 512, 1181
	332, 333, 334, 335, 418, 550, 877, 1045
	336, 337, 338, 559, 839, 986
	339, 340, 341, 342, 947
	343, 344, 345, 346, 347, 1062
	348, 349, 350, 351, 352, 843, 1003
	353, 354, 355, 356, 357, 358, 359, 640
	360, 361, 362, 363, 668
	364, 365, 429, 691, 926, 1104
	366, 367, 540, 931, 1175, 1261
	368, 369, 370, 371, 1134
	372, 373, 483, 694, 1050
	374, 375, 376, 377, 378, 946
	379, 380, 462, 487, 731
	381, 382, 383, 812, 996
	384, 385, 493, 1207, 1235
	386, 387, 388, 389, 1024, 1193
	390, 391, 392, 393, 763
	394, 395, 396, 397, 1149
	398, 399, 433, 677, 938, 1057, 1116
	400, 401, 402, 403, 555, 1178
	404, 405, 406, 1065
	407, 408, 409, 410
	411, 412, 413, 414, 481, 755
	415, 416, 417, 700, 1138, 1155, 1166
	418, 419, 420, 421, 422, 604, 721
	423, 424, 803, 1136, 1171
	425, 426, 504, 622, 662, 794
	427, 428, 484, 936, 1008, 1069, 1098
	429, 430, 927, 1093, 1105
	431, 432, 433, 434, 678, 1117
	435, 436, 437, 465, 741
	438, 439, 440, 441, 442, 775, 1200
	443, 444, 445, 446, 447, 1145
	448, 449, 450, 451, 452, 757, 982
	453, 454, 455, 456, 470
	457, 458, 459, 759, 848
	460, 461, 751, 1230, 1242
	462, 463, 464, 594, 729, 866
	465, 466, 737, 969, 1222
	467, 468, 469, 470, 471, 503, 849
	472, 473, 474, 475, 617, 710, 782
	476, 477, 478, 479
	480, 481, 482, 483, 756, 923
	484, 485, 486, 597, 935
	487, 488, 489, 490, 565, 900, 1256
	491, 492, 716, 1262
	493, 494, 495, 496, 497
	498, 499, 500, 580, 690, 862, 1011
	501, 502, 503, 853
	504, 505, 618, 624, 778
	506, 507, 571, 1106, 1112, 1236
	508, 544, 720, 874, 1019, 1040
	509, 510, 762, 852, 979
	511, 512, 513, 514, 515, 516, 918
	517, 518, 519, 567, 573, 685, 769, 964
	520, 521, 719, 872, 1079, 1187, 1196
	522, 523, 524, 534, 609, 805
	525, 526, 527, 575, 635
	528, 863, 971, 1020, 1036
	529, 530, 531, 532, 533, 663
	534, 535, 536, 537, 538, 1158
	539, 540, 541, 932
	542, 543, 965, 1221
	544, 545, 684, 699, 875, 959, 1017
	546, 547, 548, 549, 1179, 1231
	550, 551, 552, 553, 1044
	554, 555, 556, 557, 558, 671
	559, 560, 561, 562, 563, 1080
	564, 565, 566, 567, 568, 961
	569, 570, 571, 749, 1082, 1113, 1237
	572, 573, 574, 575, 771, 1086
	576, 577, 578, 579, 580, 819
	581, 582, 738, 795, 968
	583, 584, 585, 586, 1122
	587, 588, 589, 590, 1033
	591, 592, 634, 864, 956, 1041, 1244
	593, 594, 595, 773, 870, 898
	596, 597, 598, 599, 934
	600, 601, 602, 603, 604, 605, 816
	606, 607, 608, 609, 804, 1216
	610, 611, 612, 613, 614, 615, 910
	616, 617, 618, 619, 711, 779
	619, 620, 621, 622, 623, 624
	625, 626, 627, 628, 629, 1001
	630, 631, 632, 633, 650, 885
	634, 635, 636, 637, 1246
	638, 639, 640, 641, 642, 643
	644, 645, 646, 647, 724, 1124
	648, 649, 650, 651, 652
	653, 654, 655, 656, 742, 1153
	657, 658, 659, 660, 661, 662, 789, 998
	663, 664, 665, 666, 667, 668
	669, 670, 671, 672, 673, 674
	675, 676, 677, 678, 679, 1061
	680, 681, 682, 683, 845
	684, 685, 686, 687, 963
	688, 689, 690, 691, 1012, 1100
	692, 693, 694, 695, 1051
	696, 697, 698, 699, 960, 1015
	700, 701, 702, 1156, 1169
	703, 704, 807, 1063, 1090, 1133, 1214
	705, 706, 707, 708, 781, 855
	709, 710, 711, 712
	713, 714, 715, 716, 717, 718, 1265
	719, 720, 873, 1021, 1188
	721, 722, 723, 724, 725, 981
	726, 727, 728, 729, 730, 731, 732
	733, 734, 735, 736, 753, 879, 921
	737, 738, 739, 740, 741, 967, 1252
	742, 743, 744, 745, 746
	747, 748, 772, 1031, 1088, 1198, 1257
	749, 750, 751, 752, 1224, 1241
	753, 754, 755, 756, 757, 758, 922
	759, 760, 761, 762, 847, 978
	763, 764, 765, 766, 767, 768
	769, 770, 771, 772, 1089, 1254
	773, 774, 775, 776, 777, 825, 871
	778, 779, 780, 781, 782, 783
	784, 785, 786, 787, 788
	789, 790, 791, 792, 793, 794
	795, 796, 797, 798, 799
	800, 801, 802, 803, 1170
	804, 805, 806, 807, 1067, 1217
	808, 809, 810, 811, 812, 1054, 1075
	813, 814, 815, 816
	817, 818, 819, 820, 821, 822
	823, 824, 825, 826, 868
	827, 828, 829, 888
	830, 831, 832, 833, 1151
	834, 835, 836, 837, 838, 944
	839, 840, 841, 842, 984
	843, 844, 845, 846
	847, 848, 849, 850, 851, 852, 853
	854, 855, 856, 857, 858, 1205
	859, 860, 861, 862
	863, 864, 883, 955, 974, 1035
	865, 866, 867, 868, 869, 870, 871
	872, 873, 874, 875, 1014, 1027, 1195
	876, 877, 878, 879, 880, 895
	881, 882, 883, 884, 954, 973
	885, 886, 887, 888
	889, 890, 891, 892
	893, 894, 895, 896, 897
	898, 899, 900, 901, 1201, 1258
	902, 903, 904, 1084, 1109
	905, 906, 907, 908
	909, 910, 911, 912, 913, 1071
	914, 915, 916, 917, 918, 919
	920, 921, 922, 923, 924
	925, 926, 927, 928, 929, 1092, 1249
	930, 931, 932, 933, 1176
	934, 935, 936, 937, 938, 939
	940, 941, 942, 943, 944, 945, 946
	947, 948, 949, 950, 951, 952, 953
	954, 955, 956, 957, 958, 1243
	959, 960, 961, 962, 963, 964
	965, 966, 967, 968, 969, 1220
	970, 971, 972, 973, 974, 975, 976, 1162
	977, 978, 979, 980, 981, 982, 983
	984, 985, 986, 987, 988, 989, 1131
	990, 991, 992, 993, 994
	994, 995, 996, 997, 998, 999
	1000, 1001, 1002, 1003, 1004, 1005
	1006, 1007, 1008, 1068, 1119, 1227
	1009, 1010, 1011, 1012, 1013, 1099
	1014, 1015, 1016, 1017, 1025
	1018, 1019, 1020, 1021, 1039, 1190
	1022, 1023, 1024, 1025, 1026, 1027, 1194
	1028, 1029, 1030, 1031, 1032, 1033, 1034
	1035, 1036, 1037, 1038, 1039, 1040, 1041
	1042, 1043, 1044, 1045, 1046, 1047
	1048, 1049, 1050, 1051, 1052
	1053, 1054, 1055, 1056, 1074
	1057, 1058, 1059, 1060, 1061, 1062
	1063, 1064, 1065, 1066, 1067, 1129
	1068, 1069, 1070, 1071, 1072, 1073, 1095
	1074, 1075, 1076, 1077, 1078, 1079
	1080, 1081, 1082, 1083, 1114
	1084, 1085, 1086, 1087, 1088, 1089
	1090, 1091, 1092, 1093, 1094, 1215
	1095, 1096, 1097, 1098
	1099, 1100, 1101, 1102, 1103, 1104, 1105
	1106, 1107, 1108, 1109, 1110, 1240
	1111, 1112, 1113, 1114, 1115, 1248
	1116, 1117, 1118, 1119, 1120, 1229
	1121, 1122, 1123, 1124, 1125, 1126
	1127, 1128, 1129, 1130, 1131, 1132, 1133
	1134, 1135, 1136, 1137, 1138, 1139, 1167
	1140, 1141, 1142, 1143, 1144
	1145, 1146, 1147, 1148
	1149, 1150, 1151, 1152, 1153, 1154
	1155, 1156, 1157, 1158, 1159
	1160, 1161, 1162, 1163, 1164, 1165
	1166, 1167, 1168, 1169, 1170, 1171, 1172
	1173, 1174, 1175, 1176, 1177, 1178, 1264
	1179, 1180, 1181, 1182, 1183, 1184
	1185, 1186, 1187, 1188, 1189, 1190, 1191
	1192, 1193, 1194, 1195, 1196, 1197
	1198, 1199, 1200, 1201, 1202, 1259
	1203, 1204, 1205, 1206, 1207, 1233
	1208, 1209, 1210
	1211, 1212, 1213, 1214, 1215, 1216, 1217
	1218, 1219, 1220, 1221, 1222, 1223
	1224, 1225, 1226, 1227, 1228, 1229, 1230
	1231, 1232, 1233, 1234, 1235
	1236, 1237, 1238, 1239, 1240, 1241, 1242
	1243, 1244, 1245, 1246, 1247, 1248
	1249, 1250, 1251, 1252, 1253
	1254, 1255, 1256, 1257, 1258, 1259
	1260, 1261, 1262, 1263, 1264, 1265, 1266
Seed Numbers: 422
	0
	1
	2
	3
	4
	5
	6
	7
	8
	9
	10
	11
	12
	13
	14
	15
	16
	17
	18
	19
	20
	21
	22
	23
	24
	25
	26
	27
	28
	29
	30
	31
	32
	33
	34
	35
	36
	37
	38
	39
	40
	41
	42
	43
	44
	45
	46
	47
	48
	49
	50
	51
	52
	53
	54
	55
	56
	57
	58
	59
	60
	61
	62
	63
	64
	65
	66
	67
	68
	69
	70
	71
	72
	73
	74
	75
	76
	77
	78
	79
	80
	81
	82
	83
	84
	85
	86
	87
	88
	89
	90
	91
	92
	93
	94
	95
	96
	97
	98
	99
	100
	101
	102
	103
	104
	105
	106
	107
	108
	109
	110
	111
	112
	113
	114
	115
	116
	117
	118
	119
	120
	121
	122
	123
	124
	125
	126
	127
	128
	129
	130
	131
	132
	133
	134
	135
	136
	137
	138
	139
	140
	141
	142
	143
	144
	145
	146
	147
	148
	149
	150
	151
	152
	153
	154
	155
	156
	157
	158
	159
	160
	161
	162
	163
	164
	165
	166
	167
	168
	169
	170
	171
	172
	173
	174
	175
	176
	177
	178
	179
	180
	181
	182
	183
	184
	185
	186
	187
	188
	189
	190
	191
	192
	193
	194
	195
	196
	197
	198
	199
	200
	201
	202
	203
	204
	205
	206
	207
	208
	209
	210
	211
	212
	213
	214
	215
	216
	217
	218
	219
	220
	221
	222
	223
	224
	225
	226
	227
	228
	229
	230
	231
	232
	233
	234
	235
	236
	237
	238
	239
	240
	241
	242
	243
	244
	245
	246
	247
	248
	249
	250
	251
	252
	253
	254
	255
	256
	257
	258
	259
	260
	261
	262
	263
	264
	265
	266
	267
	268
	269
	270
	271
	272
	273
	274
	275
	276
	277
	278
	279
	280
	281
	282
	283
	284
	285
	286
	287
	288
	289
	290
	291
	292
	293
	294
	295
	296
	297
	298
	299
	300
	301
	302
	303
	304
	305
	306
	307
	308
	309
	310
	311
	312
	313
	314
	315
	316
	317
	318
	319
	320
	321
	322
	323
	324
	325
	326
	327
	328
	329
	330
	331
	332
	333
	334
	335
	336
	337
	338
	339
	340
	341
	342
	343
	344
	345
	346
	347
	348
	349
	350
	351
	352
	353
	354
	355
	356
	357
	358
	359
	360
	361
	362
	363
	364
	365
	366
	367
	368
	369
	370
	371
	372
	373
	374
	375
	376
	377
	378
	379
	380
	381
	382
	383
	384
	385
	386
	387
	388
	389
	390
	391
	392
	393
	394
	395
	396
	397
	398
	399
	400
	401
	402
	403
	404
	405
	406
	407
	408
	409
	410
	411
	412
	413
	414
	415
	416
	417
	418
	419
	420
	421
Phase Numbers: 422
	2
	2
	1
	3
	2
	3
	2
	2
	0
	2
	2
	1
	3
	2
	0
	2
	0
	0
	2
	3
	3
	3
	2
	2
	2
	3
	1
	2
	3
	3
	3
	3
	3
	3
	2
	3
	2
	3
	0
	2
	2
	2
	2
	2
	3
	3
	1
	2
	0
	2
	0
	2
	0
	2
	2
	3
	1
	3
	2
	3
	2
	1
	2
	3
	2
	2
	3
	3
	2
	2
	3
	2
	3
	3
	3
	2
	3
	2
	3
	2
	1
	2
	0
	0
	2
	3
	2
	3
	2
	2
	2
	2
	3
	2
	2
	2
	0
	0
	1
	3
	0
	0
	3
	3
	0
	2
	2
	3
	2
	3
	1
	2
	1
	3
	2
	2
	2
	3
	2
	3
	3
	3
	2
	3
	3
	3
	1
	3
	2
	2
	2
	3
	2
	1
	3
	2
	2
	0
	2
	2
	0
	2
	3
	2
	2
	2
	2
	2
	3
	3
	2
	3
	0
	3
	3
	0
	2
	3
	2
	0
	2
	3
	2
	3
	2
	2
	3
	3
	3
	0
	3
	2
	3
	3
	3
	3
	3
	2
	3
	3
	3
	0
	3
	2
	0
	1
	2
	1
	2
	2
	3
	2
	0
	2
	1
	2
	0
	3
	3
	3
	3
	1
	2
	3
	3
	2
	2
	0
	3
	3
	3
	2
	3
	3
	2
	1
	3
	3
	3
	3
	3
	2
	2
	2
	3
	3
	2
	0
	2
	3
	2
	0
	3
	3
	3
	1
	1
	2
	3
	0
	3
	2
	1
	1
	3
	0
	2
	1
	3
	1
	3
	2
	3
	3
	1
	2
	3
	2
	3
	3
	3
	0
	3
	1
	2
	3
	2
	2
	3
	2
	3
	0
	3
	3
	2
	1
	2
	3
	1
	3
	3
	2
	3
	3
	2
	3
	1
	2
	1
	3
	2
	2
	3
	2
	3
	1
	0
	2
	2
	3
	2
	3
	2
	3
	3
	3
	1
	2
	3
	2
	3
	2
	3
	3
	3
	2
	3
	2
	2
	3
	2
	3
	3
	2
	3
	2
	3
	2
	2
	3
	2
	0
	3
	3
	3
	2
	2
	3
	0
	3
	1
	3
	3
	2
	2
	2
	2
	1
	2
	2
	3
	2
	2
	3
	0
	3
	1
	3
	3
	3
	2
	1
	3
	0
	3
	3
	3
	1
	3
	2
	2
	2
	2
	2
	2
	3
	3
	3
	3
	0
	2
	2
	2
	3
	3
	0
	2
	2
	1
	2
	1
	2
	3
	3
	2
	2
	1
	2
	2
	3
	3
	3
	0
	3
	3
	3
	3
	2
	2
	2
	3
	3
	2
	3
	0
	2
	1
	2
	3
	3
	2
	2
Volumes: 422
	0.00246113004547492
	0.0028005307354993705
	0.0015982701525360053
	0.0021234525726959302
	0.002952320255531855
	0.002753668468418894
	0.0018918693076349958
	0.002994265243592715
	0.0026273437116081364
	0.0021458014785684515
	0.003442825851959068
	0.0023307327323972447
	0.002204089771903544
	0.0024494250544443413
	0.0028646157797501647
	0.002712289529834094
	0.0028181572588016433
	0.002042281262239733
	0.0021117734741624167
	0.0010589402167340994
	0.0011855602508060855
	0.0026049980873613437
	0.0029919790630816238
	0.002254877321243675
	0.0017531467293960634
	0.002357768012221722
	0.003125124595666568
	0.0014149401261497878
	0.001926120177158186
	0.0024642836492138184
	0.0018293783418141852
	0.002363453932194601
	0.0021283866246982093
	0.002095806034438725
	0.0033559768346066617
	0.0029387164029644483
	0.002632732204993471
	0.00275116543980059
	0.00265676051601816
	0.0023766383730396533
	0.00350734298431716
	0.002651346106230546
	0.0020646060871409716
	0.0017946004583209365
	0.0024724273167113513
	0.0023171455815424622
	0.002095706083784493
	0.002273156510925858
	0.003012109994424842
	0.0023383963530132367
	0.0020919711624549702
	0.0027478193727323596
	0.0020838425026346525
	0.001988974774147038
	0.0029885336084754573
	0.0027838240536142483
	0.0026320226487324553
	0.002242873490951462
	0.0018654168299605607
	0.00205406073991786
	0.002609535610075518
	0.0029962515927932877
	0.001834030465461317
	0.002755186046673159
	0.002261450179633903
	0.0027189993203396478
	0.0027104758657190385
	0.002735809836374414
	0.001541134023075629
	0.002401530888294172
	0.0017631175794843104
	0.002136341703166621
	0.0027128817034976814
	0.002923306141972201
	0.0022954020149962154
	0.001840358715025475
	0.0016449328113343
	0.0022539812116590665
	0.0027182496078329297
	0.002142577927351324
	0.0023964110561250592
	0.0025371236593109848
	0.00303983963781986
	0.0028451380403069653
	0.001910315176655877
	0.0014286157806431548
	0.001979215989706279
	0.003036448056122663
	0.0027907835915129326
	0.0023292476462658
	0.0032269943515372966
	0.002135987330380398
	0.0024043026931321243
	0.0015256235369307625
	0.002028682884545898
	0.0025138696967847915
	0.002402611268394126
	0.0024523647418460246
	0.0025512506453527566
	0.0012415236503993568
	0.002035683594750993
	0.002256709781952897
	0.002739514979608966
	0.002523787450439659
	0.0027281164160831485
	0.0020766598781501128
	0.0019789435404424993
	0.0027150398012273135
	0.002484319204212897
	0.0025668851040816566
	0.0027277041164134154
	0.0020204142511532283
	0.002629121203814455
	0.0026375032765840124
	0.0028935050193397557
	0.002768622961295755
	0.0022466174386219792
	0.0027207184568874667
	0.0027842145596066684
	0.0023197587268203776
	0.002781379286387656
	0.002625593527916123
	0.0013176850282319975
	0.0027524465642633383
	0.002143080567721331
	0.002345641133434019
	0.0018454439003068273
	0.002721995451527265
	0.000821407169453737
	0.002209916759070752
	0.0023526728380490317
	0.003630061217802849
	0.0014558643938920993
	0.002015622788358089
	0.0008159811604577588
	0.0029598331063029008
	0.003094109164823087
	0.0018463026274754758
	0.0020475773296232047
	0.0027986270147197724
	0.002460079124934301
	0.0024104430418427
	0.001763670984894221
	0.0030979853234442555
	0.0016937881615237908
	0.0026463473965753757
	0.0028734621709283017
	0.0032739604346016596
	0.0022720192494039785
	0.001543161771698239
	0.0017275256545673228
	0.0019999119360278273
	0.002477900256911378
	0.002451931219503398
	0.0015664641920809528
	0.002803063429835792
	0.0019027107117708156
	0.003011325564630637
	0.0023402903320609066
	0.00170555754639927
	0.0030821264869352015
	0.00258650414197146
	0.002517027286049674
	0.0030793516682752218
	0.002708337952360122
	0.002970672222958628
	0.0026539195934823677
	0.001255029555684616
	0.0025973734360153354
	0.0023518524262406497
	0.00258618263608683
	0.0018105526942874678
	0.002769565965273384
	0.0025027241549198925
	0.0030748665967705734
	0.0020451705751925557
	0.001130764380575262
	0.0018632563798434351
	0.0016750820380851616
	0.0025679317504810175
	0.0017473380020174266
	0.00131094477571475
	0.0020612986876785647
	0.0013471011619192175
	0.002528770327752379
	0.0023096614760970153
	0.002412980560765777
	0.0018135107586121837
	0.0009176513389600405
	0.0028275667090695133
	0.0020732215912183617
	0.0025146150174853773
	0.0021888749337755494
	0.002743694995051862
	0.0027245423180105874
	0.0031034405716278586
	0.0019469158519057617
	0.002609041640618041
	0.002312447156928588
	0.0015517301439714776
	0.002032729444161588
	0.0027295175611348277
	0.002256287147787315
	0.0025573517483347273
	0.0024115696322013413
	0.002995542718741534
	0.0024297154051256134
	0.002796730589962916
	0.0022095425767180927
	0.002087298067615929
	0.0019863178253662567
	0.002166744199546711
	0.0029369215062326867
	0.0031350184697574203
	0.0013407365298578199
	0.00230052186436798
	0.0027598199051180245
	0.0031333170424594336
	0.0016925285388042152
	0.002120728290716046
	0.0024858564317954968
	0.0019175119767483578
	0.0015046290913604946
	0.0024388210768770155
	0.002000396852004249
	0.002367810698270417
	0.0010417403424289903
	0.002244137368626057
	0.0017020616653445032
	0.001618806101553813
	0.002524630835897113
	0.002188847672089647
	0.002415204802919335
	0.0012914024837268221
	0.002207701582730234
	0.0028522488866892315
	0.002316974116605198
	0.0020136288318223046
	0.0025451955971426132
	0.0028435998715875812
	0.001513424010045603
	0.0024853932533636987
	0.001923395928811454
	0.003729127123979864
	0.002912325577065599
	0.0029159505703267798
	0.00223205285938237
	0.002935156889456642
	0.0027369518888593885
	0.0026394016897196533
	0.0023721509123891434
	0.002961117352203847
	0.003101515247443968
	0.0010147237683570626
	0.002616993819131641
	0.002123417239983791
	0.0025023626280900333
	0.0016520435955356815
	0.0013561462375980072
	0.00326702090539591
	0.0016857381386303476
	0.0014788921117103158
	0.0026543452052844403
	0.0021351824593128597
	0.002477221331968719
	0.0035439128996570556
	0.004004620226259996
	0.0027548438161936065
	0.003125242025347648
	0.0015783720545126064
	0.0029722159463963956
	0.002078729174756165
	0.001918714100882845
	0.0010312581448825495
	0.002073770789022983
	0.0035922071110426465
	0.0024349162434433545
	0.001697889493639529
	0.0030749342569638045
	0.002451735269765731
	0.0032843570699019457
	0.0029219589569731887
	0.002592595544276411
	0.002187166362033779
	0.0026102118462497242
	0.002195687394191524
	0.0018547584919967651
	0.003133051436448469
	0.0019340262740035901
	0.0025716833068015763
	0.0030385591611558566
	0.0029623335437256844
	0.003192485713530903
	0.0017551688278607271
	0.0020352479592492894
	0.002199268239327668
	0.0028556922363035904
	0.0016372103301301637
	0.001990726134776622
	0.0019905439009712264
	0.002616297160422596
	0.002202240455814409
	0.003635647623393669
	0.002507139257322319
	0.0021604762421365597
	0.0023465941257598067
	0.0021993773799842127
	0.0031309660987137887
	0.003107644389643908
	0.001925042227429016
	0.002520766088764944
	0.002181794747505535
	0.002783449324691118
	0.0022635934332856586
	0.0016700830474146106
	0.0022361861650699966
	0.0019372604401443404
	0.002495301045341754
	0.002463850245366201
	0.0021233463998094736
	0.002585261212574119
	0.002956312504055899
	0.002211762580760224
	0.0029157262887755013
	0.002461009546823227
	0.002614404753601845
	0.0025702238896112522
	0.002170752097918098
	0.0038533055266435274
	0.0026397251261409097
	0.003253945192063426
	0.0024624062287008216
	0.0014758217692831914
	0.0018612177490653328
	0.002188954436482642
	0.0026836445561952676
	0.001870388110816701
	0.0024340861478578052
	0.0026151957169312998
	0.0012004178301829192
	0.002169967335765864
	0.0029242928269472375
	0.0022664310776118702
	0.001733005418834282
	0.0031528016456203335
	0.003610061203686694
	0.0017886822803781415
	0.002388597665876702
	0.0032322081203767436
	0.003593688634239061
	0.0019129807403186173
	0.0022951923695965406
	0.0009853468266559128
	0.0016581206192905055
	0.0009840678061151893
	0.002187582051551539
	0.0020650361460453058
	0.002443376964137262
	0.0024926168287536916
	0.0025145690683499615
	0.0015546884457120175
	0.0025167547377373417
	0.002616374783554591
	0.0022788371112113332
	0.0025269666714490707
	0.0030982060382739583
	0.0024095508035879274
	0.0027635677594983372
	0.0028837903795339154
	0.0032964706428456514
	0.0029066367784731355
	0.003240433669869238
	0.0017679012021097479
	0.002849411520361711
	0.0027287117667383898
	0.002606545258011552
	0.003411778707908181
	0.002161167766484894
	0.002720172425488284
	0.002646229876501186
	0.0026311661615447575
	0.003150002081784837
	0.002495518473654746
	0.001393734864635541
	0.0017744999382007115
	0.0023167506195955288
	0.00275103119928381
	0.002560961381231342
	0.0019556061651532196
	0.0017620852307405148
	0.0023043504768339375
	0.0023366005074049365
	0.001507614280384574
	0.0030742427476787033
	0.002387509273366231
	0.002157968386984574
	0.0019027436935906811
	0.0025839661435779577
	0.0034044741235246486
	0.0031314229958010597
	0.0020822456566185273
	0.0011584213086894067
	0.0027917198319293264
	0.0016164228322689705
	0.002147030280367018
	0.0029570970690345217
	0.002174927445928788
	0.0022661345890894642
	0.0025353775381371643
	0.0023039887793897245
	0.0029641022583165163
	0.00263463776767222
	0.0009179213919368979
	0.002614869837516117
	0.001953981132025901
	0.0020182024174289757
	0.0011410898455519963
	0.003252138434540996
	0.0018515497707513144
	0.0024956166594927998
	0.002587650285216154
	0.003039902393342372
