Mesh Points: 838
	 2.890149e-01,  5.000000e-01
	 2.891267e-01,  4.769161e-01
	 2.239975e-01,  5.000000e-01
	 2.345889e-01,  4.691168e-01
	 2.769626e-01,  4.633372e-01
	-2.306930e-01,  5.000000e-01
	-2.252811e-01,  4.811293e-01
	-2.883897e-01,  5.000000e-01
	-2.673838e-01,  4.541306e-01
	-2.464662e-01,  4.497643e-01
	-1.829304e-01,  1.086418e-01
	-2.068503e-01,  9.045739e-02
	-2.425935e-01,  9.767923e-02
	-2.055890e-01,  1.500889e-01
	-2.531669e-01,  1.186235e-01
	-1.924548e-01,  1.469012e-01
	-1.810827e-01,  1.284324e-01
	-2.536802e-01,  1.147018e-01
	-2.795250e-01, -2.366353e-01
	-3.178708e-01, -2.467035e-01
	-2.770228e-01, -1.966049e-01
	-3.072707e-01, -1.935572e-01
	-3.290271e-01, -2.261925e-01
	-1.574827e-02,  3.166232e-01
	 5.237744e-03,  3.140147e-01
	-3.904404e-02,  2.935339e-01
	-3.141731e-02,  2.705093e-01
	 9.728748e-03,  2.904830e-01
	-1.236997e-02,  2.638762e-01
	 1.201546e-01, -2.004746e-01
	 1.079364e-01, -1.781924e-01
	 1.665925e-01, -1.996949e-01
	 1.383736e-01, -1.424985e-01
	 1.529445e-01, -1.492591e-01
	 1.695607e-01, -1.909271e-01
	 5.000000e-01, -1.432165e-01
	 4.735420e-01, -1.358305e-01
	 5.000000e-01, -1.013363e-01
	 4.680494e-01, -1.067306e-01
	 4.647369e-01, -1.152216e-01
	 1.105813e-01, -4.319914e-01
	 1.189095e-01, -4.705254e-01
	 8.665119e-02, -4.191812e-01
	 5.397368e-02, -4.622522e-01
	 5.477654e-02, -4.656955e-01
	 9.962069e-02, -4.934925e-01
	 2.056629e-01, -2.744850e-01
	 2.064088e-01, -2.328597e-01
	 2.289845e-01, -2.212708e-01
	 2.580015e-01, -2.331427e-01
	 2.546613e-01, -2.689991e-01
	 3.892983e-01,  4.621270e-01
	 3.798327e-01,  4.624138e-01
	 4.164314e-01,  4.283182e-01
	 3.627938e-01,  4.324156e-01
	 3.885455e-01,  4.034662e-01
	 2.596582e-01,  7.116740e-03
	 2.892540e-01, -1.230452e-02
	 2.194181e-01, -1.873270e-02
	 2.714799e-01, -5.358745e-02
	 2.191214e-01, -3.177556e-02
	-3.419136e-01,  4.034968e-01
	-2.989810e-01,  4.253540e-01
	-3.560734e-01,  4.084402e-01
	-3.288343e-01,  4.688326e-01
	-2.984026e-01,  4.288586e-01
	-3.659132e-01,  4.595465e-01
	-5.000000e-01, -4.438305e-01
	-4.934541e-01, -4.457900e-01
	-5.000000e-01, -5.000000e-01
	-4.741799e-01, -4.839162e-01
	-4.826382e-01, -5.000000e-01
	 2.777489e-01,  4.135542e-01
	 3.240119e-01,  4.625903e-01
	 3.333983e-01,  4.287123e-01
	 3.202954e-01,  4.099511e-01
	 2.797491e-01,  4.109125e-01
	-1.887267e-01, -1.424293e-02
	-1.620863e-01,  1.040662e-04
	-2.171031e-01,  4.015420e-02
	-2.075608e-01,  4.915214e-02
	-1.628309e-01,  4.823230e-02
	-4.698594e-01,  3.072047e-01
	-4.339616e-01,  3.010199e-01
	-4.809883e-01,  3.434174e-01
	-4.141653e-01,  3.166352e-01
	-4.480925e-01,  3.668324e-01
	-4.101058e-01,  3.420849e-01
	-2.327118e-01,  4.248099e-01
	-1.789754e-01,  4.388488e-01
	-1.898102e-01,  4.726417e-01
	-1.745236e-01,  4.483360e-01
	 4.474241e-01,  2.242172e-01
	 4.221840e-01,  2.353696e-01
	 4.237105e-01,  2.860333e-01
	 4.533230e-01,  2.961116e-01
	 4.680208e-01,  2.849326e-01
	 4.718050e-01,  2.445711e-01
	 1.613819e-01, -5.027455e-02
	 1.255081e-01, -4.036420e-02
	 1.180023e-01, -2.233766e-02
	 1.324967e-01,  5.543337e-03
	 1.647511e-01,  1.209675e-02
	 1.658158e-01, -4.691951e-02
	 1.736099e-01,  4.605885e-03
	-4.010859e-01, -1.419703e-02
	-3.975119e-01, -9.127137e-03
	-4.373006e-01, -2.143950e-02
	-4.645605e-01,  1.237304e-02
	-4.233998e-01,  3.052582e-02
	-2.362157e-01, -5.000000e-01
	-2.398180e-01, -4.422636e-01
	-2.886223e-01, -5.000000e-01
	-2.641105e-01, -4.386003e-01
	-2.914131e-01, -4.569373e-01
	-1.737875e-01,  3.110086e-01
	-1.889907e-01,  3.384787e-01
	-1.350999e-01,  3.194075e-01
	-1.597968e-01,  3.608617e-01
	-1.408727e-01,  3.545538e-01
	 1.967197e-01,  1.958705e-01
	 1.590700e-01,  1.759993e-01
	 1.961722e-01,  2.325989e-01
	 1.414419e-01,  2.223995e-01
	 5.000000e-01, -7.378081e-03
	 4.601972e-01, -3.348406e-03
	 5.000000e-01,  4.219277e-02
	 4.511556e-01,  4.692642e-02
	 1.239860e-01,  2.976959e-01
	 1.105606e-01,  3.196298e-01
	 1.701678e-01,  3.175507e-01
	 1.524525e-01,  3.672877e-01
	 1.540628e-01,  3.673394e-01
	 1.148748e-01,  3.414620e-01
	 1.593034e-01,  3.637783e-01
	 2.645408e-01,  3.178857e-01
	 2.255450e-01,  3.244351e-01
	 2.214555e-01,  3.627022e-01
	 2.706983e-01,  3.765374e-01
	 2.902875e-01,  3.375412e-01
	 2.896989e-01,  3.360835e-01
	-2.835034e-02, -3.045726e-01
	-6.282569e-02, -2.910894e-01
	-1.850444e-02, -2.553170e-01
	-6.012078e-02, -2.431347e-01
	-1.887293e-01, -1.424780e-02
	-2.335159e-01, -2.763507e-02
	-2.571615e-01,  6.087828e-03
	-2.208025e-01,  3.996167e-02
	-2.499083e-01, -1.662011e-02
	-3.754064e-01, -2.460734e-01
	-3.565662e-01, -2.162995e-01
	-3.619614e-01, -2.675798e-01
	-3.236378e-01, -2.652212e-01
	 4.480320e-01,  4.492104e-01
	 4.317276e-01,  4.292593e-01
	 4.220293e-01,  4.960592e-01
	-3.855043e-02, -4.396747e-02
	-6.939919e-02, -1.885270e-02
	-1.741145e-02, -1.537082e-02
	-6.801670e-02,  1.075320e-03
	-4.228095e-02,  1.628205e-02
	-2.456859e-02,  1.182918e-02
	-2.495416e-01, -2.573507e-01
	-2.486510e-01, -2.627240e-01
	-2.881724e-01, -3.018895e-01
	-3.083754e-01, -3.047213e-01
	 2.110679e-01,  3.730489e-01
	 2.092708e-01,  4.136654e-01
	 2.146446e-01,  4.210260e-01
	 1.977842e-01,  2.350509e-01
	 1.776777e-01,  2.678644e-01
	 2.267603e-01,  2.424564e-01
	 1.930685e-01,  3.047116e-01
	 2.086803e-01,  3.079034e-01
	 2.350907e-01,  2.580387e-01
	-4.638937e-02,  1.806436e-01
	-5.028644e-02,  2.188694e-01
	-1.874925e-02,  2.208469e-01
	-2.946532e-03,  1.858112e-01
	-7.141097e-03,  1.794892e-01
	-3.438066e-01,  2.974883e-01
	-3.823163e-01,  2.813256e-01
	-3.440828e-01,  3.388010e-01
	-3.870630e-01,  3.547359e-01
	 2.021935e-01,  6.828401e-02
	 1.951640e-01,  6.827320e-02
	 2.252055e-01,  9.068903e-02
	 1.568790e-01,  1.010794e-01
	 1.745037e-01,  1.361769e-01
	 2.122519e-01,  1.344775e-01
	-4.748776e-01,  1.606513e-01
	-5.000000e-01,  1.746492e-01
	-4.854004e-01,  1.231664e-01
	-5.000000e-01,  1.189605e-01
	 4.504321e-02,  2.053403e-01
	 4.333526e-02,  1.962206e-01
	 3.060400e-02,  2.368925e-01
	-3.578086e-03,  2.422664e-01
	-2.619900e-01,  3.414484e-01
	-2.518667e-01,  3.624619e-01
	-2.968440e-01,  3.385523e-01
	-3.179478e-01,  3.617168e-01
	-2.832086e-01,  3.968057e-01
	-2.645936e-01,  3.927088e-01
	-3.189551e-01,  3.549320e-01
	-4.192290e-01, -4.524612e-01
	-4.265174e-01, -4.768172e-01
	-4.419287e-01, -4.226099e-01
	 4.678810e-01,  4.538435e-01
	 4.797411e-01,  4.705925e-01
	 4.226470e-01,  5.000000e-01
	 4.636468e-01,  5.000000e-01
	 8.311741e-02,  1.057199e-02
	 8.611439e-02, -9.163669e-03
	 5.446814e-02, -3.294526e-02
	 3.837792e-02,  3.454232e-02
	 3.117059e-02, -2.443075e-02
	 3.500487e-02,  3.146263e-02
	 3.303714e-02, -2.721290e-02
	 3.662971e-01,  2.587871e-01
	 3.926627e-01,  3.063058e-01
	 3.298953e-01,  2.905100e-01
	 3.892834e-01,  3.155863e-01
	 3.544128e-01,  3.176887e-01
	 8.665220e-02, -2.464865e-01
	 5.594774e-02, -2.816442e-01
	 5.065497e-02, -2.111165e-01
	 1.500739e-02, -2.451440e-01
	 3.417460e-02, -2.769002e-01
	-2.261288e-01,  3.169953e-01
	-2.519596e-01,  3.224237e-01
	-2.156764e-01,  3.638109e-01
	-2.022785e-01,  3.419137e-01
	 6.383206e-02,  3.170231e-01
	 6.167627e-02,  2.754174e-01
	 8.160808e-02,  2.668250e-01
	 1.237482e-01,  2.956262e-01
	-2.953430e-01, -3.614512e-01
	-3.185586e-01, -3.795621e-01
	-3.488008e-01, -3.623361e-01
	-3.520744e-01, -3.256217e-01
	-3.097410e-01, -3.070547e-01
	-3.003943e-01, -1.441124e-01
	-3.054251e-01, -1.156583e-01
	-2.785305e-01, -1.520192e-01
	-2.705454e-01, -8.452629e-02
	-2.516010e-01, -8.844274e-02
	-2.400517e-01, -1.334029e-01
	-3.805591e-01, -2.922007e-01
	-4.054259e-01, -2.768395e-01
	-4.022013e-01, -2.489638e-01
	 5.965094e-02, -3.531984e-01
	 3.684631e-02, -3.901006e-01
	 5.107032e-02, -3.370898e-01
	 1.152255e-02, -3.363536e-01
	 3.074894e-02, -3.911721e-01
	 6.718587e-03, -3.659452e-01
	 2.957183e-01, -4.594077e-01
	 2.939426e-01, -4.078994e-01
	 2.746156e-01, -4.713561e-01
	 2.839407e-01, -4.044726e-01
	 2.544030e-01, -4.663979e-01
	 2.470970e-01, -4.165032e-01
	 2.434671e-01, -4.220625e-01
	 9.121259e-02,  3.707961e-01
	 1.070645e-01,  3.986041e-01
	-1.310425e-01, -7.097526e-03
	-1.273019e-01, -1.602348e-02
	-1.409147e-01, -5.385868e-02
	-1.703660e-01, -5.996661e-02
	-3.685007e-01,  2.170478e-01
	-4.021350e-01,  2.063655e-01
	-4.206104e-01,  2.179002e-01
	-3.855981e-01,  2.699615e-01
	-3.624755e-01,  2.278015e-01
	-4.238340e-01,  2.542359e-01
	-1.177268e-02, -4.708447e-01
	 7.185879e-03, -4.390859e-01
	-3.865067e-02, -4.730505e-01
	-2.086219e-02, -4.207319e-01
	 5.924529e-03, -4.347632e-01
	-6.489829e-02, -4.394195e-01
	-6.622664e-02, -4.469589e-01
	 3.952220e-01,  2.289002e-01
	 3.666771e-01,  2.554451e-01
	 4.573935e-01, -5.000000e-01
	 4.789230e-01, -4.658548e-01
	 4.224940e-01, -5.000000e-01
	 4.577963e-01, -4.413770e-01
	 4.122399e-01, -4.682422e-01
	 1.428155e-01,  5.651723e-02
	 1.115466e-01,  3.936775e-02
	 1.381909e-01,  9.275377e-02
	 9.266914e-02,  6.796032e-02
	 1.291090e-01,  9.510512e-02
	-5.000000e-01,  3.459008e-01
	-5.000000e-01,  3.975345e-01
	-4.519579e-01,  3.948448e-01
	-5.000000e-01,  2.142267e-01
	-4.678914e-01,  2.194321e-01
	-4.513463e-01,  2.075704e-01
	-4.509546e-01,  1.697048e-01
	-3.238810e-01,  2.401792e-01
	-3.379832e-01,  2.933043e-01
	 3.583708e-01,  4.848282e-01
	 3.585788e-01,  5.000000e-01
	 5.000000e-01,  8.827907e-02
	 4.652086e-01,  1.001324e-01
	 5.000000e-01,  1.544335e-01
	 4.709120e-01,  1.372673e-01
	-1.514176e-01, -3.851959e-01
	-1.629749e-01, -3.924613e-01
	-1.581917e-01, -3.427299e-01
	-2.056158e-01, -3.477249e-01
	-1.929658e-01, -3.879835e-01
	 1.050039e-01,  4.755800e-01
	 9.696379e-02,  4.620791e-01
	 9.731812e-02,  5.000000e-01
	 6.264548e-02,  5.000000e-01
	 5.892882e-02,  4.581619e-01
	 5.000000e-01, -5.000000e-01
	 5.000000e-01, -4.695264e-01
	-3.534419e-01, -4.638744e-01
	-3.529278e-01, -4.638813e-01
	-3.702188e-01, -5.000000e-01
	-3.244850e-01, -5.000000e-01
	-2.420777e-01,  2.547449e-01
	-2.440610e-01,  2.622796e-01
	-2.173410e-01,  2.918021e-01
	-1.835044e-01,  2.848016e-01
	-1.761629e-01,  2.663513e-01
	-2.110454e-01,  2.321859e-01
	 3.485345e-01,  1.090400e-01
	 3.211831e-01,  1.154115e-01
	 3.691623e-01,  1.377099e-01
	 3.334888e-01,  1.650822e-01
	 3.105491e-01,  1.541877e-01
	-8.912543e-02, -4.637943e-01
	-1.276410e-01, -4.521740e-01
	-7.909671e-02, -4.079074e-01
	-1.133892e-01, -3.948174e-01
	-9.333056e-02, -7.560449e-02
	-1.056093e-01, -8.014660e-02
	-9.353287e-02, -3.314035e-02
	-2.751197e-01,  1.539856e-01
	-2.365028e-01,  1.863015e-01
	-2.985981e-01,  1.976965e-01
	-2.939766e-01,  2.134764e-01
	-2.815485e-01,  2.151375e-01
	 2.279880e-01, -4.841505e-01
	 2.273587e-01, -5.000000e-01
	 2.796826e-01, -5.000000e-01
	-4.352963e-01, -9.339078e-02
	-4.585879e-01, -1.290474e-01
	-3.996052e-01, -1.101944e-01
	-4.115071e-01, -1.427527e-01
	-4.333674e-01, -1.506860e-01
	 6.270326e-02, -1.336746e-01
	 6.082444e-02, -1.328264e-01
	 1.278012e-01, -1.201140e-01
	 1.290748e-01, -1.108329e-01
	 1.002810e-01, -7.300857e-02
	 6.187203e-02, -8.804410e-02
	 7.439120e-02, -7.404487e-02
	-2.893782e-01,  2.393701e-02
	-2.982541e-01,  2.108877e-02
	-2.814302e-01,  5.392137e-02
	-3.348938e-01,  6.750516e-02
	-2.995515e-01,  7.810865e-02
	-3.366449e-01,  5.181948e-02
	 2.149133e-01, -1.701364e-01
	 1.961530e-01, -1.326305e-01
	 2.060723e-01, -1.390322e-01
	-2.386585e-02, -3.104792e-01
	-5.001155e-02, -3.571209e-01
	-9.470605e-02, -3.433851e-01
	-8.056080e-02, -2.982663e-01
	 9.466610e-02,  2.307459e-01
	 1.442649e-01,  2.645990e-01
	 1.348443e-01,  2.270696e-01
	 1.087353e-01,  2.226027e-01
	 4.191751e-01, -3.885966e-01
	 4.207831e-01, -3.962614e-01
	 3.892337e-01, -4.349893e-01
	 3.671139e-01, -3.675310e-01
	 4.011624e-01, -3.720265e-01
	 3.539800e-01, -4.227475e-01
	 3.534055e-01, -4.216963e-01
	 3.324213e-01, -1.237631e-01
	 3.063763e-01, -1.552319e-01
	 3.603999e-01, -1.246535e-01
	 3.726070e-01, -1.409703e-01
	 3.349374e-01, -1.851501e-01
	 3.216948e-01, -1.811750e-01
	 1.643189e-01, -3.436022e-01
	 1.639127e-01, -3.416764e-01
	 1.417037e-01, -3.763840e-01
	 1.038530e-01, -3.738275e-01
	 9.593629e-02, -3.595090e-01
	 1.081040e-01, -3.190641e-01
	 1.249974e-01, -3.096453e-01
	 3.823909e-01, -2.085134e-01
	 3.947476e-01, -1.999869e-01
	 3.453550e-01, -1.996217e-01
	 4.027176e-01, -1.490432e-01
	 5.994672e-02,  3.646396e-01
	 5.058655e-02,  3.715674e-01
	 4.545215e-02,  3.961907e-01
	 6.052459e-02,  4.203421e-01
	 1.056582e-01,  4.078190e-01
	-9.105955e-02,  3.782600e-01
	-4.670460e-02,  3.743294e-01
	-7.900786e-02,  4.235357e-01
	-6.948265e-02,  4.294945e-01
	-4.697097e-02,  4.140601e-01
	-4.596417e-01,  2.526095e-01
	-5.000000e-01,  2.795107e-01
	-4.967594e-01,  2.798661e-01
	 4.652830e-01, -2.682773e-01
	 4.798514e-01, -2.809170e-01
	 4.743881e-01, -3.100322e-01
	 4.266599e-01, -2.784180e-01
	 4.154302e-01, -3.005557e-01
	 4.403684e-01, -3.219784e-01
	 4.263965e-01, -3.165272e-01
	-4.687970e-01, -1.903516e-01
	-4.967067e-01, -1.617917e-01
	-5.000000e-01, -2.283297e-01
	-5.000000e-01, -1.620682e-01
	 8.656425e-02, -4.188789e-01
	-3.908878e-01,  7.459358e-02
	-3.563211e-01,  9.570608e-02
	-4.128152e-01,  8.868770e-02
	-4.136479e-01,  1.040696e-01
	-3.797131e-01,  1.217283e-01
	-3.566528e-01,  1.071775e-01
	 4.515314e-01,  8.915917e-02
	 4.054217e-01,  1.139466e-01
	 4.040234e-01,  1.207708e-01
	 4.372789e-01,  1.542566e-01
	 3.873743e-01,  8.857721e-02
	 3.569949e-01,  8.951542e-02
	 3.795528e-01,  1.391653e-01
	 1.171659e-01,  4.272092e-01
	 5.093568e-02,  4.517286e-01
	 4.664208e-01, -2.375257e-01
	 4.285436e-01, -2.346684e-01
	 4.219886e-01, -2.078349e-01
	 4.483852e-01, -1.788671e-01
	 4.563775e-01, -1.784538e-01
	 4.652388e-01, -1.843293e-01
	 4.777144e-01, -2.271049e-01
	 4.565556e-01,  3.288657e-01
	 4.421178e-01,  3.428451e-01
	 3.918534e-01,  3.206563e-01
	-1.202501e-01,  4.313894e-01
	-9.016407e-02,  4.752029e-01
	-6.721890e-02,  4.444205e-01
	-1.342546e-01,  4.569061e-01
	 3.246165e-01, -2.549582e-01
	 2.845110e-01, -2.188837e-01
	 3.276667e-01, -2.530787e-01
	-1.646134e-01, -1.513026e-01
	-1.849423e-01, -1.187620e-01
	-1.574016e-01, -1.525620e-01
	-1.778764e-01, -9.315265e-02
	-1.246976e-01, -1.136654e-01
	-1.243733e-01, -1.161716e-01
	-2.794214e-01, -4.120257e-01
	-2.209695e-01, -4.094796e-01
	-2.231569e-01, -4.308662e-01
	-2.573615e-01, -3.700117e-01
	-2.594154e-01, -3.706222e-01
	 1.982729e-01, -2.826772e-01
	 1.718051e-01, -2.175497e-01
	 1.572767e-01, -2.417215e-01
	 1.666996e-01, -2.719703e-01
	 3.414517e-01,  3.770044e-01
	 3.838147e-01,  3.821740e-01
	 2.777373e-01, -2.190756e-01
	 2.288792e-01, -1.782630e-01
	 2.518180e-01, -1.737868e-01
	 1.080956e-01, -2.397127e-01
	-3.359886e-01, -7.626999e-02
	-3.362799e-01, -9.785915e-02
	-3.502027e-01, -6.009412e-02
	-3.904649e-01, -6.365241e-02
	-3.940176e-01, -1.070583e-01
	-3.598191e-01, -1.164004e-01
	-1.518578e-01, -2.091808e-01
	-1.381944e-01, -2.569712e-01
	-1.819597e-01, -2.751421e-01
	-1.891424e-01, -2.060980e-01
	-2.069445e-01, -2.201804e-01
	-4.407336e-01, -7.195350e-02
	-5.000000e-01, -9.436632e-02
	-4.619984e-01, -6.056681e-02
	-5.000000e-01, -1.013127e-01
	-4.704640e-01, -1.289628e-01
	-4.548806e-01, -6.029703e-02
	-5.433357e-03,  3.094620e-02
	-7.127642e-03,  8.763498e-02
	-2.427864e-02,  7.173387e-02
	 2.076036e-02,  8.666208e-02
	 4.461545e-02,  5.835374e-02
	 3.873493e-01, -2.407659e-01
	 4.199148e-01, -2.460963e-01
	 3.990925e-01, -4.611522e-01
	 3.664156e-01, -4.783740e-01
	 3.401648e-01, -4.652596e-01
	 1.550249e-01,  1.634063e-01
	 1.062685e-01,  1.542286e-01
	 9.482248e-02,  1.705292e-01
	 1.673119e-01,  4.112315e-01
	 1.468393e-01,  4.347680e-01
	 1.548554e-01,  4.554378e-01
	 2.130495e-01,  4.439909e-01
	 1.807803e-01,  4.676269e-01
	 4.052350e-02, -1.415883e-01
	-2.079602e-03, -1.205223e-01
	-6.621532e-03, -1.098956e-01
	 1.631161e-03, -8.006926e-02
	 1.276926e-02, -7.399877e-02
	 1.599727e-01, -4.141887e-01
	 1.835483e-01, -4.105350e-01
	 2.054604e-01, -3.716194e-01
	 4.394703e-01,  3.657014e-01
	 4.564093e-01,  3.888697e-01
	 5.000000e-01,  3.922249e-01
	 5.000000e-01,  3.363172e-01
	-4.397699e-03,  3.719463e-01
	-3.613861e-02,  3.633055e-01
	 6.758404e-03,  4.079803e-01
	-7.696184e-03,  4.259612e-01
	 1.628307e-03,  4.206954e-01
	 1.525499e-01, -4.234937e-01
	 1.615943e-01, -8.354192e-02
	-3.222582e-01, -1.635911e-01
	-3.549103e-01, -1.626064e-01
	-3.707058e-01, -1.758855e-01
	-3.733370e-01, -1.852412e-01
	 1.643759e-01, -4.791614e-01
	 2.027422e-01, -4.665650e-01
	 1.638117e-01, -5.000000e-01
	 7.460466e-02,  7.303727e-02
	 3.783651e-02,  1.282423e-01
	 7.511051e-02,  1.173650e-01
	 1.936280e-01, -1.028173e-01
	-8.728872e-02,  3.178854e-01
	-1.250892e-01,  3.124330e-01
	-9.810518e-02,  3.735402e-01
	-1.142449e-01,  3.754814e-01
	 2.616380e-01,  4.630504e-02
	 2.539387e-01,  3.456580e-02
	 2.372145e-01,  8.825780e-02
	 2.172338e-01,  3.924314e-02
	 4.038581e-01, -1.486629e-01
	 3.716997e-01, -8.427454e-02
	 3.840612e-01, -7.934653e-02
	 4.145840e-01, -9.351795e-02
	 4.207341e-01, -1.219172e-01
	-2.914440e-01, -5.936939e-02
	-2.714034e-01, -1.915126e-01
	-3.815875e-01, -4.430722e-01
	-3.734962e-01, -4.030789e-01
	-4.087961e-01, -3.742171e-01
	-3.813724e-01, -3.877536e-01
	-4.098767e-01, -3.746571e-01
	-4.419773e-01, -4.209669e-01
	 4.823387e-02,  2.697710e-01
	-2.775207e-01,  2.865624e-01
	 3.578601e-01, -3.183797e-01
	 3.661546e-01, -3.664844e-01
	 3.525924e-01, -3.164321e-01
	 3.018802e-01, -3.401660e-01
	 3.038163e-01, -3.355334e-01
	 3.192151e-01, -3.672824e-01
	-2.197828e-02, -1.893595e-01
	-2.217263e-02, -1.900470e-01
	-3.104384e-02, -1.699611e-01
	-1.037160e-01, -1.851326e-01
	-8.337773e-02, -1.524521e-01
	-8.104521e-02, -2.259343e-01
	-7.512025e-02, -1.495835e-01
	-6.888547e-02, -2.295599e-01
	-5.507675e-02,  4.380882e-02
	-9.115220e-02,  4.161264e-02
	-1.000234e-01,  2.971220e-02
	-8.313364e-02,  5.000000e-01
	-1.438391e-01,  5.000000e-01
	-1.386333e-01,  4.588994e-01
	-3.176576e-01, -4.409258e-01
	-3.755578e-01, -3.167383e-01
	-2.917003e-01,  1.009386e-01
	-3.186086e-01,  1.341689e-01
	-2.751289e-01,  1.539381e-01
	-1.812459e-01, -8.292562e-02
	-2.359809e-01, -7.514683e-02
	-5.000000e-01,  6.224669e-02
	-4.829246e-01,  5.779596e-02
	-4.659106e-01,  1.268612e-02
	-5.000000e-01, -6.108313e-03
	-3.203749e-01, -1.069944e-02
	-2.906716e-01, -4.362999e-02
	-2.494193e-01,  6.635879e-02
	 2.945716e-01, -4.076726e-01
	 2.697819e-01, -3.548275e-01
	-2.159141e-01, -2.199667e-01
	-2.397502e-01, -1.908398e-01
	-2.260447e-01, -1.613939e-01
	-1.915611e-01, -1.736592e-01
	 3.294767e-01,  3.516574e-01
	-1.368494e-01, -3.257198e-01
	-9.678346e-02, -3.443587e-01
	-1.139645e-01, -3.940263e-01
	-1.498634e-01, -3.297876e-01
	-1.330949e-01, -1.864048e-01
	 2.491074e-01, -1.151152e-01
	 2.756392e-01, -1.428840e-01
	 2.713836e-01, -1.305582e-01
	 5.000000e-01, -4.874601e-02
	 4.507121e-01, -6.550707e-02
	 4.492790e-01, -6.477188e-02
	 4.325200e-01, -3.480249e-02
	 4.336427e-01, -2.652370e-02
	-3.543415e-03, -3.157833e-01
	 1.818369e-03, -2.427471e-01
	 1.629279e-01,  4.488204e-02
	 3.388091e-02,  1.355089e-01
	-1.991789e-03,  1.448243e-01
	 5.146023e-02,  1.824452e-01
	 1.851999e-01,  5.000000e-01
	-5.861675e-02, -1.077087e-01
	-7.173911e-02, -8.094397e-02
	-3.834231e-02, -4.974358e-02
	 2.963581e-01,  5.358130e-02
	 3.157595e-01,  1.540009e-02
	 3.066759e-01, -6.138618e-03
	-3.951553e-01, -5.946748e-02
	-3.427741e-01, -1.460486e-02
	-3.670252e-01,  1.018306e-03
	-5.000000e-01, -2.762276e-01
	-4.492192e-01, -2.946558e-01
	-5.000000e-01, -3.298024e-01
	-4.478585e-01, -2.964261e-01
	-4.474764e-01, -3.056066e-01
	-4.673539e-01, -3.360391e-01
	-4.608410e-01,  4.547823e-01
	-4.657621e-01,  4.431197e-01
	-4.683400e-01,  4.701269e-01
	-5.000000e-01,  4.769894e-01
	-5.000000e-01,  4.340789e-01
	-2.346708e-01, -1.370422e-01
	-3.807865e-01,  3.918530e-01
	-4.107477e-01,  4.127505e-01
	-4.046852e-01,  4.547533e-01
	-3.680969e-01,  4.607320e-01
	-3.078191e-01,  5.000000e-01
	-3.750572e-01,  5.000000e-01
	 1.566332e-01, -4.712671e-01
	 1.002207e-01, -5.000000e-01
	 1.108270e-01,  3.408201e-02
	 3.734403e-01, -2.567841e-01
	 3.194155e-01, -2.703144e-01
	 3.880377e-01, -2.986261e-01
	 2.068444e-01, -4.302968e-01
	-4.205718e-01,  3.938892e-02
	-4.337649e-01,  6.932635e-02
	-4.561952e-01,  7.578416e-02
	-4.062406e-01,  1.655931e-01
	-4.301025e-01,  1.573731e-01
	-7.696255e-02,  3.081337e-01
	-7.989335e-02,  3.137744e-01
	-3.818235e-02,  3.472341e-01
	-1.714029e-01,  4.013905e-01
	-2.104080e-01,  3.864433e-01
	-2.346631e-01,  4.149899e-01
	 3.250818e-01, -4.720882e-01
	 3.671384e-01, -5.000000e-01
	 3.219600e-01, -5.000000e-01
	 2.089767e-01, -4.357241e-02
	 2.215283e-01, -8.526752e-02
	-4.582410e-01,  1.101107e-01
	-4.353803e-01,  1.204206e-01
	 5.000000e-01,  1.793029e-01
	 4.509477e-01,  2.104112e-01
	 5.000000e-01,  2.429356e-01
	-4.508183e-01, -2.438876e-01
	-4.263572e-01, -2.243091e-01
	-1.181812e-01, -2.803455e-01
	-1.849292e-01, -2.800698e-01
	-1.266921e-01, -2.612672e-01
	 3.820108e-01,  1.982783e-01
	 3.457643e-01,  1.923671e-01
	 3.250957e-01,  2.221458e-01
	 3.279676e-01,  2.322659e-01
	 4.315703e-01,  1.701450e-01
	 3.013718e-01,  9.161364e-02
	 2.697818e-01,  1.078447e-01
	 2.672493e-01,  1.461236e-01
	 2.897956e-01,  1.599705e-01
	-4.406248e-01, -1.887648e-01
	 4.585921e-01, -3.625597e-01
	 3.932175e-01,  1.786480e-01
	 2.006978e-01, -2.985691e-01
	 1.274994e-01, -2.991883e-01
	 4.814319e-02,  4.521362e-01
	 2.604243e-02,  5.000000e-01
	 2.166274e-02,  4.782590e-01
	-7.060843e-02,  2.357238e-01
	-8.890807e-02,  2.525326e-01
	 1.992409e-01,  4.355802e-03
	-4.200748e-01, -5.000000e-01
	-2.102968e-02,  1.280238e-01
	-4.346246e-01,  2.611526e-01
	 1.522877e-02,  3.561449e-01
	 1.566149e-02,  3.248701e-01
	 5.000000e-01, -3.281126e-01
	 5.000000e-01, -2.774025e-01
	-2.823869e-01,  2.866762e-01
	-2.919944e-01,  2.945171e-01
	-4.515255e-01,  3.958228e-01
	-8.097708e-02,  1.549737e-01
	-7.080504e-02,  1.516166e-01
	-5.870078e-02,  1.311472e-01
	-1.182635e-01,  1.458418e-01
	-1.260909e-01,  1.346533e-01
	-6.682060e-02,  1.014015e-01
	-1.181236e-01,  9.200507e-02
	-9.655153e-02,  8.546668e-02
	-1.650055e-01,  1.937701e-01
	-2.092779e-01,  2.203821e-01
	-1.477072e-01,  1.990868e-01
	-1.390239e-01,  2.517348e-01
	-1.456135e-01,  2.016344e-01
	-3.634379e-01,  2.901661e-02
	 4.440537e-01,  5.360106e-02
	 4.088404e-01,  4.490631e-02
	 4.047000e-01,  4.679471e-02
	 2.057658e-03, -5.000000e-01
	-5.032347e-02, -5.000000e-01
	 3.890065e-01,  3.754607e-01
	 5.878126e-02,  3.227043e-01
	 2.415653e-01, -9.245554e-02
	 1.355039e-01,  4.817223e-01
	-1.807969e-01,  5.000000e-01
	-3.888958e-01,  1.560657e-01
	-3.510197e-01,  1.762884e-01
	-3.228232e-01,  1.351183e-01
	-3.355191e-01,  1.697818e-01
	 4.044660e-01,  1.134814e-03
	 2.719312e-01, -5.586164e-02
	-1.338545e-01,  2.546859e-01
	-1.024598e-01,  2.903679e-02
	 2.673146e-01, -2.859645e-01
	 2.377205e-01, -3.280376e-01
	 2.878775e-01, -2.891820e-01
	 5.000000e-01,  4.178565e-01
	 8.898469e-02, -1.748308e-01
	-3.612104e-02,  7.127263e-02
	-2.463561e-01, -3.550615e-01
	-2.065564e-01, -3.471759e-01
	-5.000000e-01, -2.335205e-01
	-3.155484e-01, -4.130555e-01
	-3.213830e-01, -4.034485e-01
	-2.344726e-01,  1.864280e-01
	-3.925358e-01,  5.182194e-02
	 1.001231e-01,  1.323241e-01
	-2.533499e-01, -3.204845e-01
	-2.215094e-01, -2.900205e-01
	-2.124977e-01, -2.919560e-01
	 3.592058e-01,  3.384154e-02
	 3.454855e-01,  7.188057e-02
	 5.000000e-01,  2.946880e-01
	 5.000000e-01, -2.301774e-01
	 3.866805e-02, -5.000000e-01
	-1.465809e-01,  7.331462e-02
	-1.480467e-01,  6.323841e-02
	-4.250619e-01, -2.063778e-01
	 3.058021e-01,  7.238619e-02
	 3.566214e-01,  2.914071e-02
	 2.242304e-01,  1.759941e-01
	 2.289058e-01,  1.527358e-01
	-4.589071e-01,  5.000000e-01
	-5.000000e-01,  5.000000e-01
	-3.537723e-02, -3.788289e-01
	-4.233101e-02, -3.755505e-01
	-1.322278e-01,  4.008162e-01
	-1.678206e-01,  3.985964e-01
	 3.235298e-01,  2.895346e-01
	 3.056856e-01,  2.682680e-01
	 2.702715e-01,  2.706048e-01
	 2.805061e-01,  2.647276e-01
	-1.725590e-01, -4.551056e-01
	-1.755342e-01, -4.555516e-01
	 1.004362e-01, -2.460998e-01
	-4.823871e-01, -3.864206e-01
	-4.635279e-01, -3.521737e-01
	-5.000000e-01, -3.913294e-01
	 2.163305e-01, -3.692743e-01
	 2.402337e-01, -3.436136e-01
	-1.422448e-01, -5.000000e-01
	-1.512016e-01, -4.644787e-01
	-2.094338e-01, -5.000000e-01
	 5.048682e-02, -2.079671e-01
	 5.000000e-01,  4.752656e-01
	 5.000000e-01,  5.000000e-01
	 2.805560e-01,  2.091307e-01
	-4.146903e-01,  4.612036e-01
	-4.181131e-01,  5.000000e-01
	-4.023387e-01, -3.359093e-01
	-9.749366e-02,  1.990395e-01
	-9.022712e-02, -5.000000e-01
	 2.519571e-01,  2.130236e-01
	 2.767677e-01,  2.119235e-01
	 3.067869e-01, -9.129462e-02
	 3.072137e-01, -8.140780e-02
	 3.377458e-01, -6.075851e-02
	-7.042608e-02,  2.350887e-01
	 6.727461e-02, -3.077854e-01
	-2.281133e-02,  4.723509e-01
	-2.684706e-02,  4.751803e-01
	-3.469674e-02,  5.000000e-01
	 5.000000e-01, -1.751885e-01
	-5.000000e-01, -3.246685e-02
	-3.133700e-01,  2.371245e-01
	 5.000000e-01, -4.061362e-01
	 4.809827e-01, -4.044431e-01
	 5.000000e-01, -3.526680e-01
	 4.760368e-01, -3.671430e-01
	 3.756706e-01, -6.777338e-03
	 3.940206e-01, -4.732905e-02
	 4.575066e-01, -4.255773e-01
	 3.682728e-01, -2.475059e-02
	 3.408129e-01, -3.668210e-02
	 2.966912e-02, -1.814098e-01
	 1.421315e-01,  5.000000e-01
Mesh Facets: 1255
	2, 0
	7, 5
	37, 35
	69, 67
	71, 69
	4, 1
	9, 6
	110, 112
	126, 124
	77, 79
	22, 19
	53, 51
	153, 19
	19, 18
	137, 138
	76, 72
	85, 87
	194, 192
	178, 179
	68, 70
	211, 212
	156, 154
	200, 199
	129, 128
	152, 150
	131, 133
	145, 77
	77, 78
	93, 94
	220, 221
	286, 288
	86, 84
	296, 297
	192, 191
	192, 299
	182, 181
	275, 274
	211, 156
	156, 51
	51, 52
	306, 211
	309, 307
	319, 318
	322, 321
	321, 286
	286, 287
	326, 325
	282, 283
	268, 269
	352, 351
	262, 260
	34, 33
	141, 142
	236, 237
	393, 392
	266, 265
	300, 299
	299, 417
	428, 429
	43, 42
	256, 253
	278, 281
	310, 308
	439, 438
	333, 335
	171, 170
	380, 379
	122, 123
	320, 317
	410, 409
	94, 95
	94, 221
	221, 223
	413, 414
	174, 173
	134, 130
	137, 136
	167, 137
	404, 393
	394, 393
	113, 111
	47, 46
	54, 55
	75, 74
	49, 48
	29, 31
	475, 476
	353, 354
	498, 496
	216, 218
	447, 448
	402, 403
	387, 384
	123, 121
	380, 381
	380, 123
	168, 169
	363, 359
	395, 397
	296, 84
	417, 296
	82, 84
	417, 418
	454, 453
	529, 530
	412, 415
	524, 397
	398, 397
	430, 42
	40, 42
	99, 98
	362, 361
	21, 22
	151, 22
	350, 351
	351, 544
	505, 504
	372, 33
	537, 361
	361, 360
	33, 32
	119, 117
	185, 187
	405, 392
	392, 391
	484, 485
	246, 244
	245, 243
	21, 538
	20, 21
	208, 206
	236, 378
	236, 235
	195, 197
	231, 230
	328, 329
	161, 160
	590, 589
	457, 459
	112, 114
	112, 326
	326, 324
	242, 241
	166, 153
	249, 152
	152, 153
	14, 17
	145, 270
	146, 145
	602, 599
	147, 149
	366, 365
	148, 79
	12, 11
	80, 79
	259, 261
	575, 577
	494, 493
	138, 76
	138, 139
	76, 75
	75, 478
	313, 311
	582, 581
	468, 465
	373, 371
	481, 482
	124, 621
	125, 124
	228, 229
	141, 143
	374, 141
	188, 186
	291, 293
	180, 179
	179, 196
	2, 3
	632, 2
	517, 518
	522, 521
	56, 57
	554, 553
	105, 106
	486, 487
	644, 642
	652, 651
	610, 609
	563, 245
	245, 248
	167, 134
	168, 167
	514, 168
	134, 132
	608, 609
	20, 563
	20, 18
	163, 18
	609, 563
	66, 63
	659, 658
	64, 66
	66, 657
	45, 41
	542, 544
	544, 661
	214, 213
	101, 100
	462, 460
	572, 574
	543, 542
	536, 524
	524, 525
	660, 542
	109, 108
	601, 600
	273, 272
	302, 301
	495, 500
	107, 105
	639, 105
	74, 73
	74, 54
	305, 52
	52, 54
	23, 25
	88, 89
	510, 509
	679, 680
	306, 305
	0, 306
	0, 1
	73, 1
	305, 73
	537, 548
	537, 98
	98, 103
	193, 191
	191, 302
	302, 671
	687, 685
	92, 97
	250, 251
	645, 643
	613, 616
	492, 491
	557, 405
	449, 448
	403, 405
	448, 403
	284, 285
	686, 685
	685, 309
	440, 310
	309, 310
	334, 337
	499, 354
	426, 427
	354, 357
	382, 386
	425, 424
	381, 513
	195, 378
	195, 196
	631, 196
	378, 381
	443, 335
	335, 336
	694, 693
	396, 401
	477, 474
	445, 320
	708, 319
	319, 320
	25, 26
	672, 25
	185, 556
	185, 186
	104, 102
	628, 186
	713, 71
	70, 207
	70, 71
	504, 502
	629, 630
	546, 504
	301, 273
	301, 300
	416, 300
	273, 276
	23, 24
	23, 674
	532, 531
	719, 718
	421, 420
	571, 231
	201, 199
	199, 231
	87, 86
	87, 184
	655, 654
	298, 86
	332, 331
	640, 641
	366, 603
	366, 370
	441, 438
	438, 437
	740, 741
	277, 279
	223, 224
	223, 455
	612, 478
	478, 479
	716, 717
	407, 406
	618, 373
	548, 682
	372, 548
	373, 372
	444, 317
	317, 316
	516, 515
	90, 6
	6, 5
	5, 746
	436, 435
	737, 738
	127, 125
	125, 625
	744, 682
	60, 59
	682, 681
	550, 549
	673, 672
	672, 711
	344, 268
	160, 158
	588, 160
	268, 267
	499, 498
	499, 427
	429, 498
	427, 429
	50, 46
	705, 474
	474, 46
	574, 576
	574, 664
	99, 362
	99, 100
	214, 100
	215, 214
	362, 364
	677, 88
	65, 62
	8, 9
	9, 88
	204, 203
	529, 528
	758, 529
	154, 155
	154, 209
	360, 32
	360, 358
	32, 30
	586, 587
	730, 728
	470, 472
	314, 315
	688, 643
	643, 642
	642, 763
	469, 473
	239, 238
	15, 13
	732, 731
	368, 370
	736, 370
	431, 432
	513, 512
	631, 513
	547, 546
	546, 629
	629, 631
	762, 761
	442, 441
	441, 739
	324, 592
	324, 323
	565, 564
	765, 764
	479, 742
	479, 55
	53, 155
	53, 55
	528, 527
	155, 528
	687, 97
	774, 687
	97, 96
	433, 434
	683, 684
	668, 669
	635, 634
	344, 158
	344, 342
	158, 157
	572, 665
	572, 573
	423, 425
	425, 386
	386, 385
	523, 522
	157, 159
	635, 157
	635, 522
	217, 219
	420, 719
	420, 419
	446, 452
	775, 719
	44, 43
	278, 43
	277, 278
	740, 277
	776, 740
	37, 38
	621, 37
	622, 621
	235, 570
	24, 717
	24, 27
	743, 717
	234, 235
	126, 127
	307, 126
	308, 437
	308, 307
	737, 437
	127, 737
	729, 730
	730, 587
	587, 588
	588, 754
	10, 16
	777, 729
	727, 729
	151, 541
	151, 150
	150, 251
	689, 251
	636, 637
	773, 772
	600, 669
	600, 599
	194, 193
	599, 194
	669, 683
	683, 193
	423, 665
	665, 663
	422, 423
	507, 506
	243, 538
	244, 243
	489, 485
	538, 539
	244, 485
	190, 189
	511, 121
	121, 120
	678, 680
	258, 260
	352, 260
	680, 352
	650, 651
	651, 785
	785, 784
	594, 17
	17, 12
	367, 369
	605, 12
	280, 282
	282, 340
	459, 591
	459, 456
	91, 89
	89, 675
	247, 246
	562, 246
	149, 146
	604, 149
	146, 598
	267, 754
	267, 78
	78, 81
	754, 778
	770, 769
	164, 165
	506, 663
	402, 506
	404, 402
	462, 404
	663, 462
	135, 140
	443, 704
	439, 443
	697, 440
	439, 440
	315, 312
	315, 470
	471, 470
	175, 174
	174, 136
	135, 136
	135, 792
	476, 477
	477, 706
	483, 476
	262, 350
	262, 264
	543, 666
	350, 543
	644, 647
	799, 644
	261, 263
	261, 607
	802, 804
	794, 795
	747, 748
	272, 271
	670, 272
	412, 532
	532, 674
	411, 412
	673, 549
	674, 673
	549, 551
	96, 774
	96, 95
	95, 453
	453, 530
	530, 774
	225, 227
	759, 30
	30, 29
	29, 483
	483, 796
	387, 388
	387, 510
	510, 678
	678, 258
	258, 259
	259, 606
	210, 212
	212, 807
	807, 806
	337, 701
	337, 336
	695, 694
	336, 694
	454, 527
	454, 455
	455, 742
	742, 527
	686, 697
	92, 686
	93, 92
	284, 93
	704, 693
	697, 704
	693, 284
	657, 656
	659, 657
	810, 659
	645, 646
	645, 250
	249, 593
	249, 250
	810, 809
	650, 784
	784, 810
	648, 650
	613, 690
	377, 376
	613, 614
	481, 48
	48, 47
	31, 34
	31, 475
	481, 371
	47, 475
	34, 371
	723, 726
	733, 735
	325, 323
	325, 713
	206, 207
	206, 564
	564, 323
	207, 713
	813, 802
	802, 803
	338, 339
	172, 175
	793, 792
	792, 175
	391, 389
	558, 391
	793, 791
	793, 815
	695, 808
	696, 695
	711, 710
	753, 711
	734, 735
	812, 735
	295, 294
	547, 545
	547, 768
	118, 119
	789, 788
	552, 119
	252, 254
	400, 399
	622, 38
	38, 39
	622, 623
	561, 560
	709, 708
	823, 708
	799, 797
	67, 799
	569, 208
	68, 67
	208, 68
	388, 606
	385, 388
	606, 577
	573, 385
	573, 577
	65, 64
	8, 65
	64, 658
	658, 7
	7, 8
	35, 824
	36, 35
	451, 450
	809, 656
	656, 655
	649, 648
	655, 722
	648, 809
	500, 497
	500, 107
	602, 601
	825, 602
	108, 107
	601, 108
	328, 571
	328, 327
	349, 348
	720, 571
	800, 801
	396, 705
	395, 396
	705, 756
	395, 526
	591, 91
	91, 90
	90, 746
	746, 590
	591, 590
	649, 722
	722, 298
	652, 649
	297, 652
	298, 297
	755, 756
	576, 575
	575, 607
	607, 801
	801, 756
	757, 576
	142, 377
	144, 142
	690, 692
	377, 690
	583, 585
	461, 394
	390, 394
	482, 480
	482, 619
	128, 237
	128, 130
	130, 173
	237, 379
	173, 171
	171, 379
	114, 592
	113, 114
	469, 113
	764, 469
	764, 592
	44, 776
	44, 45
	45, 661
	661, 776
	829, 827
	80, 11
	11, 10
	777, 778
	10, 777
	81, 80
	81, 778
	106, 641
	106, 109
	767, 736
	641, 736
	109, 667
	825, 497
	496, 825
	497, 496
	376, 614
	376, 375
	614, 615
	340, 341
	787, 340
	355, 353
	488, 487
	639, 487
	353, 495
	495, 639
	198, 178
	178, 177
	26, 710
	26, 28
	819, 710
	182, 274
	85, 182
	83, 85
	276, 715
	276, 274
	619, 620
	619, 390
	816, 389
	389, 390
	102, 101
	101, 662
	102, 628
	291, 292
	291, 628
	744, 752
	744, 618
	620, 618
	817, 816
	620, 816
	782, 120
	120, 122
	172, 170
	172, 814
	170, 122
	608, 494
	494, 492
	492, 691
	164, 770
	164, 163
	771, 770
	163, 608
	216, 213
	216, 505
	292, 662
	294, 292
	662, 213
	545, 294
	505, 545
	766, 732
	327, 332
	349, 327
	332, 732
	346, 349
	716, 531
	716, 407
	531, 533
	408, 407
	734, 331
	331, 330
	550, 117
	550, 753
	115, 117
	734, 753
	200, 204
	232, 200
	677, 204
	677, 676
	263, 264
	264, 666
	800, 263
	526, 800
	525, 666
	525, 526
	751, 738
	772, 739
	739, 738
	781, 772
	623, 560
	560, 559
	624, 623
	568, 569
	569, 797
	798, 797
	490, 493
	611, 493
	463, 465
	617, 465
	255, 257
	626, 374
	787, 375
	786, 787
	375, 374
	202, 205
	63, 654
	63, 61
	654, 184
	184, 183
	410, 444
	410, 266
	514, 132
	515, 514
	266, 131
	132, 131
	515, 444
	72, 169
	72, 4
	3, 4
	517, 3
	517, 169
	715, 416
	83, 715
	82, 418
	82, 83
	416, 418
	143, 627
	143, 144
	585, 579
	144, 585
	814, 782
	814, 815
	783, 782
	808, 701
	701, 700
	815, 808
	830, 828
	383, 382
	382, 703
	783, 700
	700, 699
	190, 783
	190, 187
	187, 555
	241, 240
	811, 593
	593, 241
	567, 566
	781, 831
	637, 638
	637, 781
	198, 28
	28, 27
	27, 570
	197, 570
	197, 198
	759, 805
	358, 759
	519, 359
	359, 358
	721, 720
	304, 303
	720, 826
	357, 356
	702, 357
	540, 541
	541, 779
	741, 279
	741, 813
	338, 283
	813, 338
	279, 283
	580, 584
	633, 521
	520, 521
	401, 400
	400, 820
	225, 226
	225, 796
	706, 796
	706, 401
	234, 743
	234, 129
	265, 406
	265, 133
	133, 129
	743, 406
	811, 566
	811, 646
	646, 647
	647, 798
	568, 798
	566, 568
	434, 684
	435, 434
	670, 671
	670, 747
	684, 671
	435, 747
	630, 714
	630, 180
	725, 724
	180, 176
	288, 290
	288, 679
	508, 509
	679, 509
	562, 484
	562, 604
	640, 603
	603, 604
	484, 486
	486, 640
	115, 330
	330, 329
	230, 233
	230, 329
	115, 116
	553, 555
	553, 636
	555, 699
	699, 698
	780, 636
	467, 466
	269, 343
	269, 270
	270, 597
	829, 830
	718, 829
	421, 718
	703, 424
	424, 421
	703, 830
	501, 503
	586, 760
	161, 586
	162, 161
	322, 287
	827, 322
	828, 833
	828, 827
	287, 289
	222, 224
	139, 612
	139, 140
	612, 224
	790, 140
	804, 795
	804, 110
	111, 471
	471, 795
	110, 111
	791, 696
	791, 790
	790, 222
	285, 696
	220, 285
	220, 222
	833, 289
	833, 383
	383, 384
	508, 384
	289, 290
	290, 508
	369, 368
	368, 432
	595, 594
	594, 369
	436, 749
	436, 432
	579, 578
	805, 227
	836, 805
	228, 627
	227, 228
	627, 579
	458, 457
	457, 589
	823, 822
	589, 823
	313, 616
	313, 314
	771, 691
	762, 771
	616, 691
	314, 762
	836, 578
	519, 836
	520, 519
	580, 520
	578, 580
	447, 446
	446, 419
	419, 422
	422, 507
	507, 447
	773, 780
	442, 773
	334, 333
	334, 698
	442, 333
	698, 780
	56, 58
	56, 554
	556, 712
	556, 554
	583, 692
	581, 583
	490, 617
	617, 581
	491, 490
	692, 491
	812, 723
	812, 819
	724, 723
	724, 176
	819, 177
	177, 176
	610, 653
	610, 611
	611, 463
	464, 463
	539, 540
	539, 489
	356, 355
	540, 356
	355, 488
	488, 489
	188, 189
	188, 293
	512, 511
	768, 512
	189, 511
	768, 295
	295, 293
	58, 60
	58, 712
	712, 104
	103, 681
	103, 104
	681, 60
	348, 347
	303, 826
	275, 303
	748, 271
	271, 275
	750, 748
	348, 826
	345, 347
	347, 750
	595, 749
	749, 750
	596, 595
	803, 339
	803, 794
	615, 341
	311, 615
	311, 312
	339, 341
	312, 794
	409, 408
	408, 533
	533, 535
	707, 445
	445, 409
	257, 256
	256, 281
	786, 257
	280, 786
	281, 280
	240, 567
	240, 239
	239, 765
	565, 567
	565, 765
	535, 534
	821, 709
	709, 707
	707, 535
	689, 688
	688, 763
	428, 426
	763, 428
	779, 689
	702, 779
	426, 702
	466, 464
	464, 653
	247, 598
	598, 597
	597, 466
	653, 248
	248, 247
	13, 14
	13, 766
	596, 345
	14, 596
	346, 766
	345, 346
	558, 559
	558, 818
	835, 834
	832, 559
	430, 253
	398, 430
	253, 252
	399, 398
	252, 399
	148, 605
	148, 147
	367, 605
	367, 365
	147, 365
	318, 837
	318, 316
	316, 745
	818, 817
	818, 835
	638, 835
	752, 59
	817, 752
	57, 638
	57, 59
	660, 536
	660, 41
	40, 536
	40, 41
	758, 209
	806, 758
	210, 806
	209, 210
	433, 668
	433, 431
	667, 668
	767, 667
	431, 767
	624, 832
	832, 834
	625, 624
	751, 625
	834, 831
	831, 751
	36, 39
	36, 450
	561, 39
	561, 557
	557, 449
	450, 449
	584, 582
	633, 584
	467, 343
	468, 467
	468, 582
	634, 633
	342, 634
	343, 342
	363, 364
	363, 523
	219, 523
	219, 215
	215, 364
	721, 304
	201, 721
	181, 183
	183, 205
	201, 205
	304, 181
	516, 518
	516, 745
	837, 745
	837, 632
	632, 518
	217, 159
	217, 218
	218, 501
	159, 162
	162, 501
	551, 552
	552, 788
	456, 413
	456, 788
	413, 411
	411, 551
	760, 503
	760, 728
	725, 728
	725, 714
	714, 502
	502, 503
	761, 472
	761, 769
	242, 166
	242, 238
	165, 769
	165, 166
	238, 473
	473, 472
	675, 676
	675, 789
	232, 676
	233, 232
	116, 233
	118, 116
	789, 118
	254, 820
	254, 255
	226, 229
	226, 820
	626, 255
	626, 229
	534, 821
	534, 415
	414, 458
	414, 415
	821, 822
	822, 458
	202, 61
	61, 62
	62, 203
	203, 202
	664, 757
	460, 664
	49, 480
	49, 50
	460, 461
	757, 755
	755, 50
	480, 461
	452, 775
	452, 451
	451, 824
	824, 775
	726, 727
	726, 733
	16, 15
	15, 731
	733, 731
	727, 16
Facet Neighbors: 1255
	-4, 0
	-4, 1
	-2, 6
	-1, 12
	-3, 12
	0, 13
	1, 16
	-3, 20
	-2, 23
	14, 27
	3, 28
	9, 29
	28, 31
	3, 31
	25, 32
	13, 32
	15, 35
	-1, 37
	34, 38
	12, 40
	-4, 41
	29, 41
	39, 45
	24, 46
	28, 49
	24, 52
	27, 53
	14, 53
	17, 56
	43, 56
	-3, 57
	15, 59
	-1, 59
	37, 60
	-1, 60
	35, 61
	54, 61
	41, 62
	29, 62
	9, 62
	-4, 62
	-2, 63
	-4, 65
	-2, 66
	-3, 66
	57, 66
	-3, 67
	55, 70
	53, 71
	-3, 73
	51, 73
	5, 77
	26, 78
	46, 79
	81, 83
	52, 84
	60, 86
	-1, 86
	-1, 88
	7, 89
	50, 89
	55, 89
	63, 91
	91, 92
	69, 92
	33, 93
	79, 93
	22, 93
	65, 94
	84, 94
	17, 96
	56, 96
	43, 96
	85, 97
	33, 98
	24, 98
	25, 98
	32, 98
	83, 99
	81, 99
	20, 101
	8, 102
	9, 103
	13, 103
	8, 104
	5, 105
	102, 105
	74, 108
	-1, 108
	42, 109
	95, 110
	83, 110
	80, 111
	22, 112
	79, 112
	93, 112
	32, 113
	75, 114
	82, 115
	59, 116
	-1, 116
	15, 116
	86, 116
	96, 117
	-2, 117
	85, 118
	115, 119
	82, 119
	89, 119
	7, 119
	18, 120
	75, 120
	3, 121
	28, 121
	73, 122
	-3, 122
	109, 123
	77, 124
	120, 124
	75, 124
	5, 124
	21, 125
	36, 126
	83, 127
	81, 127
	106, 128
	48, 128
	48, 129
	121, 129
	3, 129
	40, 130
	79, 131
	46, 131
	38, 131
	45, 132
	68, 132
	30, 135
	-4, 136
	97, 136
	20, 137
	-3, 137
	67, 137
	47, 138
	31, 138
	49, 138
	28, 138
	2, 139
	53, 140
	27, 140
	-1, 141
	27, 142
	76, 142
	27, 143
	2, 143
	14, 143
	51, 144
	133, 144
	107, 145
	32, 146
	25, 146
	13, 146
	103, 146
	64, 147
	134, 148
	100, 148
	77, 149
	104, 149
	-2, 150
	23, 150
	44, 151
	26, 151
	78, 151
	36, 152
	58, 152
	34, 153
	38, 153
	0, 154
	-4, 154
	113, 154
	114, 155
	10, 156
	126, 156
	19, 157
	106, 157
	-1, 158
	-1, 159
	145, 160
	129, 160
	48, 160
	98, 161
	32, 161
	113, 161
	24, 161
	145, 162
	129, 162
	3, 162
	31, 162
	160, 162
	11, 163
	-4, 164
	11, 164
	163, 164
	7, 165
	122, 165
	-3, 165
	42, 166
	18, 166
	99, 167
	133, 167
	122, 168
	119, 168
	115, 168
	165, 168
	19, 169
	141, 169
	54, 170
	60, 170
	108, 171
	19, 171
	157, 171
	13, 172
	103, 172
	62, 172
	9, 172
	4, 173
	16, 174
	111, 175
	-3, 175
	62, 176
	-4, 176
	0, 176
	13, 176
	172, 176
	124, 177
	120, 177
	18, 177
	37, 178
	60, 178
	170, 178
	-2, 179
	17, 179
	49, 180
	158, 180
	147, 181
	107, 181
	127, 182
	95, 182
	83, 182
	110, 182
	56, 183
	179, 184
	-2, 184
	91, 184
	63, 184
	69, 185
	108, 186
	88, 186
	74, 186
	80, 187
	87, 187
	112, 188
	131, 188
	38, 188
	153, 188
	79, 188
	92, 189
	69, 189
	183, 189
	82, 190
	102, 190
	94, 191
	-4, 191
	65, 191
	4, 192
	173, 192
	126, 193
	36, 193
	18, 193
	152, 193
	-3, 194
	40, 194
	12, 194
	109, 195
	153, 195
	123, 195
	170, 196
	60, 196
	86, 196
	54, 196
	4, 197
	173, 197
	118, 197
	-2, 198
	87, 198
	132, 199
	39, 199
	45, 199
	15, 200
	35, 200
	163, 200
	59, 200
	68, 202
	157, 203
	142, 203
	76, 203
	92, 204
	91, 204
	-3, 205
	55, 205
	43, 206
	96, 206
	146, 206
	103, 206
	197, 207
	84, 207
	149, 208
	177, 208
	124, 208
	77, 208
	94, 209
	65, 209
	113, 209
	16, 210
	1, 210
	-4, 210
	90, 211
	204, 212
	23, 212
	150, 212
	208, 213
	10, 213
	177, 213
	125, 214
	173, 214
	192, 214
	71, 215
	30, 215
	135, 215
	53, 215
	108, 216
	186, 216
	-1, 216
	88, 216
	8, 217
	190, 217
	102, 217
	133, 218
	167, 218
	120, 219
	18, 219
	166, 219
	42, 219
	75, 219
	174, 220
	11, 220
	1, 220
	16, 220
	39, 220
	117, 221
	-2, 221
	29, 221
	41, 221
	124, 222
	75, 222
	5, 222
	135, 223
	201, 223
	101, 224
	64, 224
	180, 225
	158, 225
	-1, 225
	101, 226
	47, 226
	2, 227
	202, 227
	76, 228
	203, 228
	90, 228
	112, 229
	188, 229
	123, 229
	195, 229
	153, 229
	224, 230
	92, 231
	204, 231
	137, 232
	67, 232
	130, 232
	226, 232
	206, 233
	103, 233
	29, 233
	9, 233
	117, 233
	221, 233
	179, 234
	-2, 234
	17, 234
	90, 235
	178, 235
	169, 235
	155, 236
	215, 236
	71, 236
	30, 236
	167, 237
	133, 237
	87, 237
	187, 237
	80, 237
	114, 238
	30, 238
	236, 238
	155, 238
	42, 238
	198, 239
	87, 239
	95, 239
	-2, 239
	7, 240
	89, 240
	55, 240
	205, 240
	-3, 240
	6, 241
	-2, 241
	150, 241
	131, 242
	197, 242
	4, 242
	207, 242
	46, 242
	23, 243
	-2, 243
	91, 243
	63, 243
	204, 243
	212, 243
	201, 244
	223, 244
	135, 244
	215, 244
	2, 245
	244, 245
	201, 245
	121, 246
	28, 246
	49, 246
	180, 246
	156, 247
	231, 247
	169, 248
	141, 248
	37, 248
	-1, 248
	235, 248
	178, 248
	237, 249
	167, 249
	87, 249
	110, 249
	129, 250
	48, 250
	106, 250
	121, 250
	128, 250
	36, 251
	112, 251
	22, 251
	175, 252
	51, 252
	73, 252
	-3, 252
	159, 253
	-1, 253
	-4, 253
	139, 254
	2, 254
	76, 254
	143, 254
	55, 255
	70, 255
	136, 256
	97, 256
	16, 256
	174, 256
	48, 257
	128, 257
	27, 257
	142, 257
	140, 257
	215, 258
	53, 258
	14, 258
	244, 258
	230, 259
	31, 259
	249, 260
	110, 260
	83, 260
	99, 260
	167, 260
	25, 261
	189, 262
	92, 262
	184, 262
	91, 262
	64, 263
	224, 263
	101, 263
	33, 264
	98, 264
	25, 264
	261, 264
	102, 265
	190, 265
	105, 265
	73, 266
	51, 266
	168, 266
	122, 266
	158, 267
	-1, 267
	51, 268
	144, 268
	-3, 269
	263, 269
	211, 270
	54, 270
	170, 270
	118, 271
	197, 271
	85, 271
	214, 271
	173, 271
	125, 271
	234, 272
	17, 272
	96, 272
	117, 272
	-2, 272
	44, 273
	222, 273
	5, 273
	105, 273
	265, 273
	80, 274
	111, 274
	175, 274
	252, 274
	51, 274
	144, 274
	41, 275
	-4, 275
	-2, 275
	185, 276
	69, 276
	183, 276
	189, 276
	117, 277
	96, 277
	206, 277
	233, 277
	184, 278
	179, 278
	17, 278
	56, 278
	189, 278
	262, 278
	183, 278
	163, 279
	164, 279
	-4, 279
	158, 280
	180, 280
	138, 280
	49, 280
	279, 281
	253, 281
	-4, 281
	159, 281
	181, 282
	78, 282
	147, 282
	104, 283
	8, 283
	5, 283
	105, 283
	149, 283
	102, 283
	77, 283
	201, 284
	202, 284
	67, 285
	-3, 285
	40, 285
	130, 285
	232, 285
	194, 285
	-3, 286
	269, 286
	70, 286
	33, 287
	261, 287
	264, 287
	81, 288
	127, 288
	261, 289
	287, 289
	276, 289
	183, 289
	192, 290
	214, 290
	202, 290
	284, 290
	58, 291
	123, 291
	229, 291
	21, 292
	256, 292
	125, 292
	50, 293
	82, 293
	241, 294
	6, 294
	150, 294
	127, 294
	191, 295
	-4, 295
	267, 296
	-1, 296
	130, 296
	12, 296
	40, 296
	274, 297
	80, 297
	144, 297
	237, 297
	133, 297
	11, 298
	220, 298
	164, 298
	-4, 298
	1, 298
	-2, 299
	6, 299
	95, 299
	279, 300
	163, 300
	159, 300
	200, 300
	281, 300
	108, 301
	171, 301
	141, 301
	-1, 301
	19, 301
	169, 301
	132, 302
	68, 302
	72, 302
	199, 302
	268, 303
	190, 303
	82, 303
	217, 303
	115, 303
	256, 304
	16, 304
	210, 304
	-4, 304
	136, 304
	300, 305
	200, 305
	159, 305
	-1, 305
	59, 305
	217, 306
	133, 306
	144, 306
	268, 306
	303, 306
	218, 306
	78, 307
	26, 307
	181, 307
	282, 307
	134, 307
	99, 308
	81, 308
	104, 308
	149, 308
	46, 309
	24, 309
	98, 309
	79, 309
	33, 309
	93, 309
	137, 310
	20, 310
	101, 310
	226, 310
	232, 310
	240, 311
	7, 311
	165, 311
	-3, 311
	-2, 312
	143, 313
	2, 313
	244, 313
	245, 313
	14, 313
	258, 313
	157, 314
	19, 314
	228, 314
	203, 314
	169, 314
	301, 315
	-1, 315
	108, 315
	282, 316
	78, 316
	147, 316
	70, 316
	255, 316
	74, 317
	106, 317
	157, 317
	108, 317
	171, 317
	38, 318
	34, 318
	192, 318
	4, 318
	290, 318
	61, 319
	35, 319
	15, 319
	196, 319
	54, 319
	149, 320
	308, 320
	288, 320
	81, 320
	18, 321
	166, 321
	193, 321
	58, 321
	152, 321
	213, 322
	208, 322
	149, 322
	288, 322
	320, 322
	251, 323
	22, 323
	33, 323
	287, 323
	93, 323
	145, 324
	107, 324
	181, 324
	259, 324
	31, 324
	230, 324
	162, 324
	42, 325
	109, 325
	321, 325
	58, 325
	166, 325
	291, 325
	123, 325
	227, 326
	68, 326
	302, 326
	202, 326
	72, 326
	197, 327
	207, 327
	118, 327
	84, 327
	202, 328
	68, 328
	125, 328
	214, 328
	21, 328
	290, 328
	39, 329
	45, 329
	220, 329
	174, 329
	51, 330
	266, 330
	268, 330
	303, 330
	168, 330
	115, 330
	212, 331
	231, 331
	204, 331
	247, 331
	294, 332
	127, 332
	150, 332
	130, 333
	296, 333
	267, 333
	107, 334
	145, 334
	100, 334
	148, 334
	50, 335
	151, 335
	316, 335
	255, 335
	78, 335
	39, 336
	163, 336
	11, 336
	200, 336
	35, 336
	94, 337
	84, 337
	161, 337
	113, 337
	52, 337
	24, 337
	209, 337
	32, 338
	13, 338
	0, 338
	154, 338
	113, 338
	196, 339
	319, 339
	116, 339
	15, 339
	86, 339
	151, 340
	26, 340
	134, 340
	307, 340
	323, 341
	287, 341
	251, 341
	276, 341
	185, 341
	289, 341
	312, 342
	80, 342
	187, 342
	341, 343
	185, 343
	251, 343
	36, 343
	126, 343
	47, 344
	280, 344
	138, 344
	130, 344
	331, 345
	156, 345
	247, 345
	318, 346
	4, 346
	242, 346
	131, 346
	38, 346
	273, 347
	222, 347
	114, 347
	75, 347
	199, 348
	61, 348
	302, 348
	74, 349
	186, 349
	121, 349
	246, 349
	205, 350
	-3, 350
	70, 350
	286, 350
	55, 350
	134, 351
	155, 351
	114, 351
	82, 352
	293, 352
	44, 352
	273, 352
	265, 352
	190, 352
	242, 353
	46, 353
	84, 353
	52, 353
	24, 353
	207, 353
	344, 354
	280, 354
	158, 354
	267, 354
	333, 354
	130, 354
	235, 355
	90, 355
	170, 355
	270, 355
	178, 355
	211, 355
	195, 356
	153, 356
	201, 356
	34, 356
	57, 357
	-3, 357
	111, 357
	175, 357
	128, 358
	257, 358
	203, 358
	142, 358
	106, 358
	157, 358
	328, 359
	68, 359
	45, 359
	132, 359
	21, 359
	126, 360
	156, 360
	343, 360
	185, 360
	247, 360
	100, 361
	71, 361
	53, 361
	140, 361
	312, 362
	-2, 362
	198, 362
	187, 362
	87, 362
	342, 362
	109, 363
	223, 363
	135, 363
	30, 363
	66, 364
	-2, 364
	342, 364
	312, 364
	57, 364
	43, 365
	146, 365
	25, 365
	206, 365
	261, 365
	269, 366
	-3, 366
	101, 366
	263, 366
	20, 366
	289, 367
	261, 367
	365, 367
	183, 367
	56, 367
	43, 367
	364, 368
	342, 368
	80, 368
	111, 368
	57, 368
	357, 368
	76, 369
	228, 369
	139, 369
	254, 369
	211, 369
	90, 369
	134, 370
	273, 370
	347, 370
	151, 370
	44, 370
	340, 370
	97, 371
	136, 371
	295, 371
	-4, 371
	147, 372
	64, 372
	324, 372
	230, 372
	181, 372
	224, 372
	370, 373
	347, 373
	114, 373
	351, 373
	134, 373
	95, 374
	239, 374
	87, 374
	249, 374
	110, 374
	247, 375
	231, 375
	69, 375
	185, 375
	92, 375
	360, 375
	10, 376
	156, 376
	193, 376
	126, 376
	307, 377
	134, 377
	334, 377
	148, 377
	107, 377
	181, 377
	284, 378
	290, 378
	201, 378
	356, 378
	318, 378
	34, 378
	160, 379
	145, 379
	334, 379
	100, 379
	121, 380
	250, 380
	74, 380
	349, 380
	317, 380
	106, 380
	36, 381
	152, 381
	112, 381
	229, 381
	251, 381
	291, 381
	58, 381
	10, 382
	376, 382
	193, 382
	177, 382
	18, 382
	213, 382
	72, 383
	348, 383
	61, 383
	270, 383
	54, 383
	211, 383
	302, 383
	72, 384
	383, 384
	369, 384
	211, 384
	139, 384
	286, 385
	269, 385
	316, 385
	147, 385
	64, 385
	70, 385
	263, 385
	84, 386
	327, 386
	118, 386
	191, 386
	94, 386
	50, 387
	89, 387
	335, 387
	255, 387
	55, 387
	344, 388
	47, 388
	226, 388
	130, 388
	232, 388
	118, 389
	295, 389
	191, 389
	386, 389
	180, 390
	225, 390
	88, 390
	-1, 390
	246, 390
	349, 390
	186, 390
	100, 391
	379, 391
	257, 391
	140, 391
	361, 391
	160, 391
	48, 391
	2, 392
	227, 392
	384, 392
	139, 392
	326, 392
	72, 392
	127, 393
	288, 393
	345, 393
	332, 393
	89, 394
	119, 394
	50, 394
	82, 394
	293, 394
	143, 395
	27, 395
	254, 395
	76, 395
	142, 395
	-4, 396
	65, 396
	209, 396
	288, 397
	393, 397
	345, 397
	213, 397
	322, 397
	156, 397
	10, 397
	168, 398
	165, 398
	119, 398
	7, 398
	221, 399
	-2, 399
	275, 399
	41, 399
	235, 400
	90, 400
	169, 400
	314, 400
	228, 400
	332, 401
	393, 401
	150, 401
	212, 401
	345, 401
	331, 401
	6, 402
	299, 402
	294, 402
	127, 402
	182, 402
	95, 402
	134, 403
	351, 403
	361, 403
	100, 403
	148, 403
	155, 403
	236, 403
	71, 403
	75, 404
	114, 404
	238, 404
	42, 404
	219, 404
	348, 405
	199, 405
	35, 405
	336, 405
	39, 405
	61, 405
	113, 406
	209, 406
	396, 406
	-4, 406
	154, 406
	238, 407
	42, 407
	109, 407
	30, 407
	363, 407
	125, 408
	292, 408
	97, 408
	256, 408
	85, 408
	271, 408
	363, 409
	223, 409
	201, 409
	356, 409
	195, 409
	109, 409
	224, 410
	230, 410
	138, 410
	47, 410
	259, 410
	31, 410
	226, 410
	101, 410
	174, 411
	256, 411
	329, 411
	45, 411
	359, 411
	21, 411
	292, 411
	293, 412
	50, 412
	44, 412
	352, 412
	335, 412
	151, 412
	389, 413
	118, 413
	97, 413
	85, 413
	295, 413
	371, 413
	336, 414
	11, 414
	220, 414
	39, 414
	218, 415
	167, 415
	104, 415
	8, 415
	99, 415
	306, 415
	217, 415
	308, 415
	239, 416
	95, 416
	299, 416
	-2, 416
	201, 417
	284, 417
	2, 417
	227, 417
	202, 417
	245, 417
Mesh Regions: 418
	0, 5, 176, 230, 835
	1, 6, 323, 355, 645
	146, 153, 374, 444, 479, 711, 1110, 1251
	10, 13, 112, 129, 195
	224, 273, 289, 431, 737, 869
	51, 85, 120, 364, 545, 588
	2, 426, 626, 647, 1159
	59, 109, 202, 421, 706, 1143
	81, 84, 343, 587, 1240
	11, 39, 82, 223, 394
	180, 330, 1019, 1052, 1139
	198, 200, 354, 641, 823, 1234
	3, 4, 19, 281, 634
	5, 15, 83, 160, 220, 231, 834
	9, 27, 154, 495, 714
	16, 31, 101, 297, 741, 841
	6, 225, 322, 356, 486, 670
	28, 70, 240, 399, 539, 567
	110, 206, 235, 277, 349, 748, 1056
	182, 213, 218, 658, 717
	7, 80, 139, 701, 968
	121, 620, 790, 934, 1219
	67, 93, 470, 759
	8, 168, 327, 434
	23, 25, 75, 192, 695, 831, 902
	14, 76, 159, 504, 514, 961
	52, 170, 686, 844
	9, 26, 148, 150, 152, 490, 1126
	10, 12, 24, 113, 145, 448
	11, 21, 38, 360, 393
	136, 336, 406, 413, 953, 1192
	12, 13, 143, 196, 498, 767, 1211
	14, 15, 77, 96, 158, 190, 833
	65, 74, 512, 604, 698, 760
	18, 174, 735, 919, 1034
	16, 35, 298, 740, 825, 1180
	122, 172, 276, 468, 859, 1045
	17, 33, 236, 455
	18, 133, 175, 262, 734, 872
	22, 295, 357, 792, 821, 1182, 1236
	19, 130, 280, 597, 635
	20, 21, 37, 361, 554, 1147
	89, 205, 351, 416, 770, 1176, 1190
	29, 72, 309, 959, 974
	169, 543, 894, 991, 1223
	22, 134, 296, 793, 932, 1217
	23, 53, 132, 433, 694, 899
	142, 373, 861, 1088, 1209
	126, 127, 188, 464, 488, 1109
	24, 144, 241, 449, 578
	60, 623, 816, 1082, 1122, 1222
	50, 155, 472, 520, 525, 552, 796
	25, 55, 830, 901
	26, 27, 48, 147, 338, 494, 942
	36, 215, 288, 530, 743, 1062
	47, 61, 308, 423, 482, 888, 1086
	28, 29, 71, 249, 568, 973
	30, 45, 920, 958, 979
	173, 617, 751, 773, 1051
	31, 32, 99, 300, 678
	33, 34, 56, 216, 237, 286
	35, 36, 739, 878, 1060, 1183
	37, 38, 39, 40, 222, 228
	41, 62, 253, 437
	162, 368, 509, 998, 1074
	42, 68, 272, 320, 1131
	43, 44, 45, 954
	46, 141, 388, 595
	135, 301, 661, 778, 787, 931
	64, 254, 266, 558, 1015
	47, 483, 603, 727, 886, 1075
	48, 335, 405, 941, 1172
	662, 781, 1058, 1065, 1115
	49, 50, 114, 473, 519
	87, 257, 729, 880, 1041
	97, 111, 119, 352, 363, 876, 1173
	151, 304, 376, 480, 981, 1128
	51, 117, 165, 318, 592
	52, 171, 584, 685, 725, 820
	53, 66, 94, 131, 264, 697
	92, 258, 411, 548, 637, 854, 977
	54, 79, 124, 607, 691, 747
	98, 107, 268, 624, 666, 892, 1123
	54, 78, 91, 123, 247, 501
	55, 69, 314, 785, 827, 900, 1077
	73, 105, 534, 1198, 1230
	56, 57, 102, 287, 842
	259, 293, 409, 418, 461, 948, 1010
	58, 256, 342, 1098
	59, 60, 61, 108, 422, 1083, 1120
	325, 378, 400, 911, 986, 1149
	62, 63, 252, 306, 436, 508
	63, 64, 265, 305, 385, 506, 1017
	65, 66, 67, 95, 699, 762
	68, 69, 270, 319, 826, 1081
	90, 246, 419, 648, 1008, 1164, 1246
	70, 71, 72, 103, 310, 540, 562
	73, 138, 485, 993, 1196, 1229
	74, 75, 76, 77, 189, 513, 696
	78, 79, 207, 502, 690, 1241
	164, 814, 940, 1038, 1103, 1168
	80, 367, 372, 511, 702, 966, 1213
	81, 86, 269, 345, 516, 591
	82, 83, 161, 221, 312, 392
	84, 166, 586, 692, 1239
	85, 86, 518, 546, 589
	125, 183, 465, 730, 928, 1044
	157, 244, 764, 812, 1027
	87, 88, 217, 255, 339, 654, 723, 732
	89, 116, 282, 771, 950, 1191, 1205
	90, 91, 248, 462, 500, 1012
	92, 226, 549, 922, 978
	93, 94, 95, 260, 379, 469, 1047
	96, 178, 191, 321, 829, 837, 1184
	97, 179, 412, 875, 891, 1005, 1174
	98, 106, 211, 668, 801
	99, 100, 101, 102, 840
	103, 104, 358, 395, 541, 561
	105, 291, 532, 784, 1079, 1092, 1228
	106, 107, 108, 109, 210, 1121, 1142
	110, 111, 118, 234, 348
	112, 113, 128, 447, 466, 882, 1039
	114, 115, 203, 209, 522
	116, 284, 381, 618, 776
	117, 118, 119, 120, 233, 317, 362
	121, 332, 537, 622, 788, 1194
	122, 181, 275, 860, 935, 1022
	123, 124, 245, 608, 628, 807, 1116, 1162
	125, 126, 467, 489, 924
	127, 128, 129, 187, 194, 463
	130, 389, 598, 633, 809, 864, 909, 1090
	131, 132, 133, 261, 429, 871
	134, 135, 294, 660, 933
	156, 208, 346, 408, 640, 680
	163, 689, 845, 889, 987, 1007, 1024, 1165
	136, 337, 365, 442, 952
	137, 138, 484, 673, 994
	139, 140, 141, 387, 700
	142, 143, 144, 145, 577, 863, 1208
	146, 478, 983, 1069, 1113
	147, 148, 492, 943, 1106
	149, 214, 454, 656
	150, 151, 303, 491, 927, 1129
	152, 153, 154, 481, 710, 1125
	155, 156, 526, 553, 638, 681
	157, 186, 193, 763, 813, 1036
	158, 159, 160, 161, 311, 960
	162, 243, 585, 726, 997, 1073
	163, 164, 815, 1026, 1169
	165, 166, 315, 590, 693, 744, 755
	167, 168, 328, 428, 627, 808, 1155
	169, 170, 171, 817, 843, 990, 1226
	172, 173, 278, 752, 1046
	174, 175, 263, 283, 383, 917
	176, 177, 178, 836, 1188
	179, 403, 415, 890, 1170
	180, 181, 451, 866, 936, 1020, 1138
	182, 183, 219, 302, 716, 731, 929
	184, 242, 370, 523, 575, 906
	185, 475, 582, 651, 676
	186, 187, 188, 197, 1035, 1108
	189, 190, 191, 192, 828
	193, 194, 195, 196, 197, 769
	198, 201, 299, 572, 650, 822
	199, 200, 201, 573, 643
	202, 203, 204, 212, 707, 1141
	205, 206, 350, 749, 774
	207, 208, 347, 407, 460, 503, 1238
	209, 210, 211, 212, 521, 800, 1140
	213, 214, 402, 453, 659, 720, 1150
	215, 216, 238, 285, 531, 912
	217, 218, 219, 655, 733
	220, 221, 222, 223, 232
	224, 274, 290, 333, 536
	225, 353, 487, 795, 1214
	226, 227, 471, 550, 923
	228, 229, 230, 231, 232
	233, 234, 235, 316, 331, 1055
	236, 237, 238, 401, 458, 914
	239, 240, 250, 397, 566
	241, 242, 369, 450, 576, 1096
	243, 244, 583, 687, 765, 1001, 1028
	245, 246, 247, 248, 1163
	249, 267, 559, 571, 612, 972
	250, 251, 252, 253, 507, 565
	254, 557, 851, 857, 938, 1016
	255, 256, 257, 340, 881, 1102
	258, 259, 410, 855, 947
	260, 261, 262, 263, 264, 380
	265, 266, 267, 505, 560, 569
	268, 269, 344, 517, 665, 897
	270, 271, 272, 629, 1080, 1094
	273, 274, 334, 613, 736
	275, 276, 277, 278, 750, 1021, 1054
	279, 280, 281, 600
	282, 283, 284, 382, 916, 1204
	285, 286, 287, 288, 742, 838
	289, 290, 291, 313, 430, 533, 782
	292, 293, 417, 946
	294, 295, 296, 663, 877, 1179
	297, 298, 299, 300, 652, 675, 824
	366, 440, 446, 593, 918, 1031, 1202, 1249
	301, 375, 594, 615, 780, 786, 1253
	302, 303, 304, 377, 719, 926
	305, 306, 326, 386, 438, 804
	307, 308, 424, 884
	309, 310, 311, 312, 391, 563, 962
	313, 314, 432, 783, 903
	315, 316, 317, 318, 329, 754
	319, 320, 321, 832, 1132, 1185
	322, 323, 324, 671
	325, 529, 915, 985, 1063, 1068
	326, 327, 328, 439, 802, 1156
	329, 330, 331, 753, 1057, 1136
	332, 333, 334, 535, 614, 789
	335, 336, 337, 338, 404, 443, 493
	339, 340, 341, 342
	343, 344, 345, 667, 679, 1243
	346, 347, 684, 1237
	348, 349, 350, 351, 352, 1177
	353, 354, 355, 356, 357, 642, 794, 1235
	358, 359, 360, 361, 396, 1144
	362, 363, 364, 544, 874
	365, 366, 441, 951, 1201
	367, 368, 384, 510, 1002, 1206
	369, 370, 371, 1097
	372, 373, 390, 703, 1089, 1212
	374, 375, 777, 1111, 1252
	376, 377, 378, 718, 982, 1152
	379, 380, 381, 382, 383, 619, 1048
	384, 497, 768, 1000, 1207
	385, 386, 452, 803, 1014
	387, 388, 389, 390, 599, 704, 1091
	391, 392, 393, 394, 395, 396, 564
	397, 398, 399, 538
	400, 401, 402, 457, 910, 1148
	403, 404, 405, 406, 414, 1171
	407, 408, 409, 410, 411, 459, 639
	412, 413, 414, 415, 416, 1175, 1189
	417, 418, 419, 420, 1009, 1245
	421, 422, 423, 424, 425, 705
	426, 427, 428, 625
	429, 430, 431, 432, 433, 870, 898
	434, 435, 436, 437, 438, 439
	440, 441, 442, 443, 445, 496, 712
	444, 445, 446, 713, 1254
	447, 448, 449, 450, 883, 1100
	451, 452, 805, 867, 939, 1013
	453, 454, 455, 456, 457, 458
	459, 460, 461, 462, 499, 1011
	463, 464, 465, 466, 467, 1040
	468, 469, 470, 758, 849, 858, 1049
	471, 472, 473, 474, 551
	475, 476, 477, 580
	478, 479, 480, 481, 984, 1127
	482, 483, 728, 819, 1085
	484, 485, 486, 487, 621, 669, 1197, 1215
	488, 489, 490, 491, 492, 925, 1105
	493, 494, 495, 496, 715
	497, 498, 766, 1210
	499, 500, 501, 502, 503
	504, 515, 605, 609, 963, 970
	505, 506, 507, 508, 570
	509, 510, 511, 528, 967, 1076
	512, 513, 514, 515, 606
	516, 517, 518, 547, 896
	519, 520, 521, 522, 797
	523, 524, 631, 811, 907
	525, 526, 664, 682, 798
	527, 528, 602, 964, 1071
	529, 530, 531, 913, 1061
	532, 533, 534, 535, 536, 537, 1199
	538, 539, 540, 541, 542
	543, 544, 545, 546, 547, 873, 895, 988
	548, 549, 550, 551, 552, 553, 636
	554, 555, 556, 1146
	557, 558, 559, 560, 611, 850
	561, 562, 563, 564
	565, 566, 567, 568, 569, 570, 571
	572, 573, 574, 579, 649
	575, 576, 577, 578, 862, 905
	579, 580, 581, 582, 653
	583, 584, 585, 688, 724
	586, 587, 588, 589, 590, 591, 592
	593, 594, 616, 1029, 1250
	595, 596, 597, 598, 599, 600
	601, 602, 603, 887, 1070
	604, 605, 606, 610, 761, 848
	607, 608, 746, 756, 1117, 1133
	609, 610, 611, 612, 852, 969
	613, 614, 615, 616, 738, 791, 1030
	617, 618, 619, 775, 1050
	620, 621, 622, 1195, 1220
	623, 624, 893, 1124, 1221
	625, 626, 627, 628, 806, 1161
	629, 630, 995, 1093, 1231
	631, 632, 633, 634, 635, 810
	636, 637, 638, 639, 640
	641, 642, 643, 644, 645
	646, 647, 648, 1160, 1247
	649, 650, 651, 652, 653, 674
	654, 655, 656, 657, 658, 659, 721
	660, 661, 662, 663, 779, 879, 1064
	664, 665, 666, 667, 668, 683, 799
	669, 670, 671, 672, 673
	674, 675, 676, 677, 678
	679, 680, 681, 682, 683, 684, 1242
	685, 686, 687, 688, 689, 846, 1023
	690, 691, 692, 693, 745, 1244
	694, 695, 696, 697, 698, 699
	700, 701, 702, 703, 704
	705, 706, 707, 708
	709, 853, 944, 957
	710, 711, 712, 713, 714, 715
	716, 717, 718, 719, 720, 1151
	721, 722, 723
	724, 725, 726, 727, 728, 818, 1072
	729, 730, 731, 732, 733, 1043
	734, 735, 736, 737, 738, 868, 1033
	739, 740, 741, 742, 743, 839
	744, 745, 746, 747, 757
	748, 749, 750, 751, 752, 772
	753, 754, 755, 756, 757, 1137
	758, 759, 760, 761, 762, 847
	763, 764, 765, 766, 767, 768, 769, 999
	770, 771, 772, 773, 774, 775, 776
	777, 778, 779, 780, 781, 1114
	782, 783, 784, 785, 1078
	786, 787, 788, 789, 790, 791, 930
	792, 793, 794, 795, 1216
	796, 797, 798, 799, 800, 801
	802, 803, 804, 805, 865, 1158
	806, 807, 808, 1119, 1153
	809, 810, 811, 908
	812, 813, 814, 815, 1025, 1037
	816, 817, 818, 819, 820, 1084, 1225
	821, 822, 823, 824, 825, 1181, 1233
	826, 827, 828, 829, 830, 831, 832
	833, 834, 835, 836, 837
	838, 839, 840, 841, 842
	843, 844, 845, 846, 992
	847, 848, 849, 850, 851, 852, 856
	853, 854, 855, 949, 956, 976
	856, 857, 858, 859, 860, 937
	861, 862, 863, 864, 904, 1087
	865, 866, 867, 1118, 1135, 1157
	868, 869, 870, 871, 872
	873, 874, 875, 876, 989, 1004
	877, 878, 879, 1059, 1178
	880, 881, 882, 883, 1042, 1101
	884, 885, 886, 887, 888
	889, 890, 891, 1006, 1166
	892, 893, 894, 895, 896, 897, 1224
	898, 899, 900, 901, 902, 903
	904, 905, 906, 907, 908, 909
	910, 911, 912, 913, 914, 915
	916, 917, 918, 919, 1032, 1203
	920, 921, 922, 923, 980
	924, 925, 926, 927, 928, 929
	930, 931, 932, 933, 934, 1218
	935, 936, 937, 938, 939, 1018
	940, 941, 942, 943, 1107, 1167
	944, 945, 946, 947, 948, 949
	950, 951, 952, 953, 1193, 1200
	954, 955, 956, 957, 958, 975
	959, 960, 961, 962, 963, 971
	964, 965, 966, 967, 968
	969, 970, 971, 972, 973, 974
	975, 976, 977, 978, 979, 980
	981, 982, 983, 984, 985, 986, 1067
	987, 988, 989, 990, 991, 992, 1003
	993, 994, 995, 996, 1232
	997, 998, 999, 1000, 1001, 1002
	1003, 1004, 1005, 1006, 1007
	1008, 1009, 1010, 1011, 1012
	1013, 1014, 1015, 1016, 1017, 1018
	1019, 1020, 1021, 1022, 1053
	1023, 1024, 1025, 1026, 1027, 1028
	1029, 1030, 1031, 1032, 1033, 1034
	1035, 1036, 1037, 1038, 1104
	1039, 1040, 1041, 1042, 1043, 1044
	1045, 1046, 1047, 1048, 1049, 1050, 1051
	1052, 1053, 1054, 1055, 1056, 1057
	1058, 1059, 1060, 1061, 1062, 1063, 1064, 1066
	1065, 1066, 1067, 1068, 1069, 1112
	1070, 1071, 1072, 1073, 1074, 1075, 1076
	1077, 1078, 1079, 1080, 1081, 1095
	1082, 1083, 1084, 1085, 1086
	1087, 1088, 1089, 1090, 1091
	1092, 1093, 1094, 1095, 1227
	1096, 1097, 1098, 1099, 1100, 1101, 1102
	1103, 1104, 1105, 1106, 1107, 1108, 1109
	1110, 1111, 1112, 1113, 1114, 1115
	1116, 1117, 1118, 1119, 1134, 1154
	1120, 1121, 1122, 1123, 1124
	1125, 1126, 1127, 1128, 1129
	1130, 1131, 1132, 1186
	1133, 1134, 1135, 1136, 1137, 1138, 1139
	1140, 1141, 1142, 1143
	1144, 1145, 1146, 1147
	1148, 1149, 1150, 1151, 1152
	1153, 1154, 1155, 1156, 1157, 1158
	1159, 1160, 1161, 1162, 1163, 1164
	1165, 1166, 1167, 1168, 1169, 1170, 1171, 1172
	1173, 1174, 1175, 1176, 1177
	1178, 1179, 1180, 1181, 1182, 1183
	1184, 1185, 1186, 1187, 1188
	1189, 1190, 1191, 1192, 1193
	1194, 1195, 1196, 1197, 1198, 1199
	1200, 1201, 1202, 1203, 1204, 1205
	1206, 1207, 1208, 1209, 1210, 1211, 1212, 1213
	1214, 1215, 1216, 1217, 1218, 1219, 1220
	1221, 1222, 1223, 1224, 1225, 1226
	1227, 1228, 1229, 1230, 1231, 1232
	1233, 1234, 1235, 1236
	1237, 1238, 1239, 1240, 1241, 1242, 1243, 1244
	1245, 1246, 1247, 1248
	1249, 1250, 1251, 1252, 1253, 1254
Seed Numbers: 418
	0
	1
	2
	3
	4
	5
	6
	7
	8
	9
	10
	11
	12
	13
	14
	15
	16
	17
	18
	19
	20
	21
	22
	23
	24
	25
	26
	27
	28
	29
	30
	31
	32
	33
	34
	35
	36
	37
	38
	39
	40
	41
	42
	43
	44
	45
	46
	47
	48
	49
	50
	51
	52
	53
	54
	55
	56
	57
	58
	59
	60
	61
	62
	63
	64
	65
	66
	67
	68
	69
	70
	71
	72
	73
	74
	75
	76
	77
	78
	79
	80
	81
	82
	83
	84
	85
	86
	87
	88
	89
	90
	91
	92
	93
	94
	95
	96
	97
	98
	99
	100
	101
	102
	103
	104
	105
	106
	107
	108
	109
	110
	111
	112
	113
	114
	115
	116
	117
	118
	119
	120
	121
	122
	123
	124
	125
	126
	127
	128
	129
	130
	131
	132
	133
	134
	135
	136
	137
	138
	139
	140
	141
	142
	143
	144
	145
	146
	147
	148
	149
	150
	151
	152
	153
	154
	155
	156
	157
	158
	159
	160
	161
	162
	163
	164
	165
	166
	167
	168
	169
	170
	171
	172
	173
	174
	175
	176
	177
	178
	179
	180
	181
	182
	183
	184
	185
	186
	187
	188
	189
	190
	191
	192
	193
	194
	195
	196
	197
	198
	199
	200
	201
	202
	203
	204
	205
	206
	207
	208
	209
	210
	211
	212
	213
	214
	215
	216
	217
	218
	219
	220
	221
	222
	223
	224
	225
	226
	227
	228
	229
	230
	231
	232
	233
	234
	235
	236
	237
	238
	239
	240
	241
	242
	243
	244
	245
	246
	247
	248
	249
	250
	251
	252
	253
	254
	255
	256
	257
	258
	259
	260
	261
	262
	263
	264
	265
	266
	267
	268
	269
	270
	271
	272
	273
	274
	275
	276
	277
	278
	279
	280
	281
	282
	283
	284
	285
	286
	287
	288
	289
	290
	291
	292
	293
	294
	295
	296
	297
	298
	299
	300
	301
	302
	303
	304
	305
	306
	307
	308
	309
	310
	311
	312
	313
	314
	315
	316
	317
	318
	319
	320
	321
	322
	323
	324
	325
	326
	327
	328
	329
	330
	331
	332
	333
	334
	335
	336
	337
	338
	339
	340
	341
	342
	343
	344
	345
	346
	347
	348
	349
	350
	351
	352
	353
	354
	355
	356
	357
	358
	359
	360
	361
	362
	363
	364
	365
	366
	367
	368
	369
	370
	371
	372
	373
	374
	375
	376
	377
	378
	379
	380
	381
	382
	383
	384
	385
	386
	387
	388
	389
	390
	391
	392
	393
	394
	395
	396
	397
	398
	399
	400
	401
	402
	403
	404
	405
	406
	407
	408
	409
	410
	411
	412
	413
	414
	415
	416
	417
Phase Numbers: 418
	2
	2
	1
	3
	2
	3
	2
	2
	0
	2
	2
	1
	3
	2
	0
	2
	0
	0
	2
	3
	3
	3
	2
	2
	2
	3
	1
	2
	3
	3
	3
	3
	3
	3
	2
	3
	2
	3
	0
	2
	2
	2
	2
	2
	3
	3
	1
	2
	0
	2
	0
	2
	0
	2
	2
	3
	1
	3
	2
	3
	2
	1
	2
	3
	2
	2
	3
	3
	2
	2
	3
	2
	3
	3
	3
	2
	3
	2
	3
	2
	1
	2
	0
	0
	2
	3
	2
	3
	2
	2
	2
	2
	3
	2
	2
	2
	0
	0
	1
	3
	0
	0
	3
	3
	0
	2
	2
	3
	2
	3
	1
	2
	1
	3
	2
	2
	2
	3
	2
	3
	3
	3
	2
	3
	3
	3
	1
	3
	2
	2
	2
	3
	2
	1
	3
	2
	2
	0
	2
	2
	0
	2
	3
	2
	2
	2
	2
	2
	3
	3
	2
	3
	0
	3
	3
	0
	2
	3
	2
	0
	2
	3
	2
	3
	2
	2
	3
	3
	3
	0
	3
	2
	3
	3
	3
	3
	3
	2
	3
	3
	3
	0
	3
	2
	0
	1
	2
	1
	2
	2
	3
	2
	0
	2
	1
	2
	0
	3
	3
	3
	3
	1
	2
	3
	3
	2
	2
	0
	3
	3
	3
	2
	3
	3
	2
	1
	3
	3
	3
	3
	3
	2
	2
	2
	3
	3
	2
	0
	2
	3
	2
	0
	3
	3
	3
	1
	1
	2
	3
	0
	3
	2
	1
	1
	3
	0
	2
	1
	3
	1
	3
	2
	3
	3
	1
	2
	3
	2
	3
	3
	3
	0
	3
	1
	2
	3
	2
	2
	3
	2
	3
	0
	3
	3
	2
	1
	2
	3
	1
	3
	3
	2
	3
	3
	2
	3
	1
	2
	1
	3
	2
	2
	3
	2
	3
	1
	0
	2
	2
	3
	2
	3
	2
	3
	3
	3
	1
	2
	3
	2
	3
	2
	3
	3
	3
	2
	3
	2
	2
	3
	2
	3
	3
	2
	3
	2
	3
	2
	2
	3
	2
	0
	3
	3
	3
	2
	2
	3
	0
	3
	1
	3
	3
	2
	2
	2
	2
	1
	2
	2
	3
	2
	2
	3
	0
	3
	1
	3
	3
	3
	2
	1
	3
	0
	3
	3
	3
	1
	3
	2
	2
	2
	2
	2
	2
	3
	3
	3
	3
	0
	2
	2
	2
	3
	3
	0
	2
	2
	1
	2
	1
	2
	3
	3
	2
	2
	1
	2
	2
	3
	3
	3
	0
	3
	3
	3
	3
	2
	2
	2
	3
	3
	2
	3
	0
	2
	1
	2
Volumes: 418
	0.001956726378484374
	0.0021678560781288126
	0.0028283499446170096
	0.001980006255881874
	0.0017161999418787747
	0.002352197989002134
	0.0011052419361833286
	0.0028328510153299976
	0.0022453238529486974
	0.0017191737242192656
	0.002502351486912513
	0.0028125325080054888
	0.0009706732217221837
	0.0029839094985543227
	0.0024427862748123254
	0.0031588344916630654
	0.0026210429452352595
	0.0027745050484172936
	0.002478221533214391
	0.0019703959596754726
	0.0029170077192537136
	0.0017910698884001507
	0.002056493727912197
	0.002192951084471646
	0.0026004580646672676
	0.0028417361972973582
	0.0019297567217540041
	0.0026918348066164955
	0.0020521945490201794
	0.002170407396794526
	0.002043485873840692
	0.0032537585506426836
	0.003107198250630847
	0.0026028508899198686
	0.001534961512775079
	0.0036902384536060887
	0.0031065634317713683
	0.0009510204758035733
	0.0024984233475884546
	0.0026099001789565077
	0.002937375498682046
	0.0018839463046989376
	0.002495223250680206
	0.0021006659215626724
	0.00282317069161871
	0.0019871855341738673
	0.0023320794324050657
	0.0027416527713267796
	0.002971389675398401
	0.0013473939995483858
	0.001989029436882071
	0.002677576592889683
	0.0017359875152054022
	0.002493044617643527
	0.0026353797399747453
	0.002458932864010042
	0.0029776436854938504
	0.002508266073672748
	0.0016571082256472806
	0.0022712045458147586
	0.0024050478328981814
	0.002745909101596131
	0.0016072209717879708
	0.0016419409731232943
	0.002012666411150138
	0.0015958355259607295
	0.0010485480873943668
	0.0008352682362524828
	0.002417722135407516
	0.002014863809078829
	0.002841159551642407
	0.0020050150531372626
	0.001956213159890066
	0.0013597647798431725
	0.002016552826149905
	0.0029773393444449078
	0.001965183249547805
	0.002209840394061087
	0.0029705893034943647
	0.0029739396094253146
	0.0029930981056670207
	0.002414952170463894
	0.002990906487510353
	0.0029681134289509547
	0.002397807182390007
	0.001803528381331081
	0.0018793059439568358
	0.0023999748879210106
	0.0010846670838948534
	0.003258095608036697
	0.00169039829053065
	0.0026573540100068085
	0.001955271434302959
	0.0019566532864286833
	0.0024451825039373282
	0.0023111482157772254
	0.0024661091932287552
	0.002197657563596145
	0.003356765278929739
	0.0024127902817530703
	0.001993551897799207
	0.0026308113329709397
	0.002295035439876817
	0.002650369720639905
	0.0019471819152950135
	0.002141881124276268
	0.0026045449033556844
	0.003111133715717862
	0.0027642734060261743
	0.0028963399290316554
	0.00158662414839427
	0.0020653382098888375
	0.0033108274110784483
	0.0027231330518946674
	0.0033875102589177295
	0.002658523693537693
	0.0013704466702172482
	0.003178880388138153
	0.002547570418432131
	0.00300953881733781
	0.0027372103690289245
	0.002875796348421066
	0.0016641423654949069
	0.0026642559648621653
	0.003014124876039559
	0.0024824294533382545
	0.0020723583585565896
	0.002948057856067471
	0.0022352354059965327
	0.0018423921827315688
	0.003493239018506401
	0.0027704324044813275
	0.0021319499334103674
	0.0022865146127486044
	0.003915453469078152
	0.0015255770836606272
	0.0018751541969422472
	0.0025654309593748613
	0.003110450538967339
	0.001934011280398891
	0.0033573890445770223
	0.001512363743133318
	0.002795066060918032
	0.0017769924041839678
	0.001957492132769384
	0.002014360785457903
	0.0036680026959471737
	0.002911260150424262
	0.003066111066580995
	0.002822276662455496
	0.0030988646594296634
	0.0028823002009234037
	0.0018643260518863701
	0.0024871602371174476
	0.002126731715292975
	0.0029020285439261013
	0.0027906841381557597
	0.0029457560192201163
	0.002233602097815493
	0.0012347469978895489
	0.0021831620351756313
	0.0021839726998907545
	0.0028513141632919054
	0.002710557396096363
	0.0018790092299852557
	0.0016290061721762532
	0.001669864601777783
	0.002851408025814103
	0.002863090483266985
	0.002531598440367075
	0.002356981529989425
	0.0023482631605526534
	0.0019777777372593022
	0.0018066254385591847
	0.0021214690655214806
	0.0012637066726425923
	0.00196135412023738
	0.0026460040593115977
	0.0023190050264346217
	0.002263452144237989
	0.002400595387248482
	0.0028613549382608965
	0.0018059111494309439
	0.00281959192340662
	0.003174417417314622
	0.0026212959824516114
	0.0026114637315236425
	0.002269104954684283
	0.0024259835105407343
	0.002375072753854725
	0.0030317644141365802
	0.0014460794862934843
	0.0025194168630097062
	0.0024794160386206344
	0.0010784709303686643
	0.002382710593513559
	0.0018441715203680862
	0.002293543945608759
	0.0009331058839384496
	0.001674926235799187
	0.0034021630981975314
	0.0034374355480794056
	0.003436865394601454
	0.0028695254703409293
	0.0028794003255208267
	0.0011128934469797956
	0.0031966796270084434
	0.0018011481347014774
	0.0019261463880159478
	0.0020963881082110697
	0.0009942479830639536
	0.0028986247996974916
	0.003156061023227778
	0.0021993588537239
	0.002898119851557278
	0.0023908451502101472
	0.0009476679098226635
	0.0025047834884711646
	0.0023228593057756483
	0.0029955473246366295
	0.002671064125012519
	0.0030022470948453672
	0.0026308662862001035
	0.002453787072164565
	0.0024051357511453812
	0.002324494591699135
	0.002256545160183215
	0.0028066188277189996
	0.0024325903169731345
	0.0032039768654635132
	0.002096406157671201
	0.002247154681356822
	0.0030381486247878947
	0.0030526187213920264
	0.0013933998950776821
	0.0016819011216960477
	0.0022772215244773316
	0.0035703235540887448
	0.0028457782496632365
	0.0016182861687787796
	0.002712891643773867
	0.002001352656639554
	0.0024603488311731366
	0.002572342587589165
	0.002218437715397212
	0.0026964395792299875
	0.00292976373711419
	0.0025220213569480095
	0.002315316672142194
	0.002354546529698432
	0.0029049193610977903
	0.0031527250931600217
	0.0016201595862544637
	0.0009780455754389242
	0.0022982418832421664
	0.002126296371925996
	0.002655474290874141
	0.002915826932573272
	0.002704286272272799
	0.001897360258441269
	0.002453909592899172
	0.0026961849137185218
	0.0020324602806276984
	0.00273491314065605
	0.0027698073142450952
	0.0024539052348160817
	0.0022496955979319335
	0.0016287491703341392
	0.0029973275425985058
	0.0019041103558518377
	0.002238424754174867
	0.0026490949433802327
	0.0019214467158005712
	0.0031540217710839297
	0.0027524647062115715
	0.0007850732016554741
	0.003067136320781537
	0.001972729196514344
	0.0031585905458368637
	0.0018962931486928682
	0.0025721149097681704
	0.002012914323749438
	0.002135309235436242
	0.002785340162271062
	0.002297070095889567
	0.0031556689167727093
	0.00242109765942297
	0.0022222990003071628
	0.0027426447990032254
	0.002123169627675764
	0.0031963373812417713
	0.002222398471865737
	0.0016709231259133322
	0.001998497023958187
	0.0019151158150234734
	0.0013491868267499355
	0.0021011099976335945
	0.0026848288962286124
	0.0025622269674310054
	0.001467219120872944
	0.0028407610475089753
	0.002921775839126479
	0.002897896804769
	0.0031796882153587503
	0.002038392924387614
	0.0017838384135090918
	0.00299363941498434
	0.0031767959351319186
	0.003082540951202739
	0.002353528899560489
	0.001690850303991982
	0.0011933376616523163
	0.0009911222655780126
	0.0026357452006486055
	0.0023463214458129497
	0.001176139176743479
	0.0028673042382595993
	0.0017090918543606062
	0.002173312310292382
	0.002115367862851332
	0.0021130522677181027
	0.0018833495109730142
	0.0028096134676383385
	0.0024078864600988806
	0.002877135825217455
	0.0028921474755683307
	0.002683929508126668
	0.0018695793355642005
	0.002813767010955636
	0.0018830101505259592
	0.002239926992511935
	0.001873004447740054
	0.002337888313720879
	0.002620868887043675
	0.002318401810231585
	0.0027958370348779853
	0.0031686790298011956
	0.0025560795838188645
	0.002911713431287596
	0.002318151308256261
	0.0025123110088848804
	0.0032186224671241826
	0.0023872618770904757
	0.0027167453030972257
	0.0029633611127659306
	0.0028560482762287273
	0.0020311358724808227
	0.002578671738627623
	0.0019239086339337772
	0.0027385864432664395
	0.001987386583090293
	0.0029454303235739625
	0.003325797659790889
	0.002407817545009163
	0.0026561917526310313
	0.002380808220612334
	0.0027682881788183063
	0.0016071961179121793
	0.002662191862222824
	0.0019903247921489713
	0.0027348962371799867
	0.0028265519763543577
	0.0023041627575309718
	0.0018623410120831435
	0.002116164630726846
	0.002163756116308266
	0.0029040599105916018
	0.0019023399415054416
	0.002917784940805232
	0.002770755526239001
	0.0028415724551922473
	0.002360479335834538
	0.0028204971205663698
	0.003166152080149782
	0.0015973314511595366
	0.001805609649635712
	0.002244767889715802
	0.0034562417479599584
	0.0026860957278118294
	0.002337135282821365
	0.002555741580863073
	0.003490467076396767
	0.002147446540864728
	0.0033946512240754035
	0.00214452129694352
	0.003279541508851896
	0.0019055919823756505
	0.002739622871763217
	0.0018013821858385817
	0.002421176906957017
	0.002797996641687679
	0.003217425982661504
	0.0024247178544375366
	0.0021834842413937985
	0.002654291045714082
	0.002435012408863154
	0.0008055523477220693
	0.003288919420063178
	0.0017435730824218326
	0.0010639086995989369
	0.0013454372948182593
	0.001975139971069376
	0.0028113480028132912
	0.0031797734297097672
	0.0022569035027194635
	0.002593190288387376
	0.0016162638485021088
	0.00263712327470265
	0.0021089766818168545
	0.0024608567201087044
	0.0029698234628945984
	0.002364544028416179
	0.0028577496066396106
	0.002262455115966863
	0.001931365321621223
	0.003326865982397742
	0.0014132137574161766
	0.0032543411905274528
