Mesh Points: 846
	-3.233446e-01, -3.321818e-01
	-3.157302e-01, -2.979651e-01
	-3.578940e-01, -3.347948e-01
	-3.755681e-01, -3.034719e-01
	-3.759274e-01, -3.161995e-01
	-3.459637e-01, -2.820897e-01
	 4.328343e-02,  1.936827e-01
	-6.040757e-03,  1.800550e-01
	 2.529509e-02,  2.290353e-01
	-1.427695e-02,  2.262583e-01
	-2.744069e-02,  1.967366e-01
	 1.479828e-02, -4.592686e-01
	-3.779966e-02, -4.962472e-01
	 3.692872e-02, -5.000000e-01
	-3.917489e-02, -5.000000e-01
	 3.475271e-01, -3.562313e-01
	 3.790663e-01, -3.191293e-01
	 3.225177e-01, -3.476624e-01
	 3.427174e-01, -2.917157e-01
	 3.358385e-01, -2.938403e-01
	 3.142639e-01, -3.264537e-01
	-3.768511e-01,  3.372623e-01
	-3.359545e-01,  3.246860e-01
	-3.853267e-01,  3.850555e-01
	-3.555540e-01,  3.907885e-01
	-3.138858e-01,  3.610152e-01
	 2.007656e-01, -4.691292e-02
	 1.693300e-01, -7.859176e-02
	 1.976392e-01, -2.100184e-02
	 1.447203e-01, -1.652153e-02
	 1.910316e-01, -1.670626e-02
	 1.257482e-01, -5.407664e-02
	 1.665073e-01, -7.911720e-02
	 1.762736e-01, -1.493815e-01
	 1.707582e-01, -1.742455e-01
	 1.494695e-01, -1.164802e-01
	 1.132183e-01, -1.234319e-01
	 1.173996e-01, -1.547186e-01
	-2.361935e-01,  2.986253e-01
	-2.106821e-01,  3.414137e-01
	-2.711190e-01,  3.162665e-01
	-2.741591e-01,  3.437494e-01
	-2.491097e-01,  3.606254e-01
	 4.127710e-01, -3.545957e-01
	 3.874608e-01, -3.864195e-01
	 3.528107e-01, -3.731743e-01
	 3.849261e-01, -3.190944e-01
	-5.000000e-01,  2.482149e-01
	-4.966168e-01,  2.482615e-01
	-5.000000e-01,  1.880360e-01
	-4.699041e-01,  2.172224e-01
	-4.826554e-01,  1.929884e-01
	-4.642658e-01,  4.679832e-01
	-5.000000e-01,  4.335105e-01
	-4.687048e-01,  5.000000e-01
	-5.000000e-01,  5.000000e-01
	 3.539041e-02,  2.494224e-01
	 6.171092e-02,  2.575944e-01
	 5.245726e-03,  2.880750e-01
	 1.864242e-02,  3.087387e-01
	 5.272347e-02,  3.011062e-01
	 4.659183e-01,  4.610341e-01
	 4.268634e-01,  4.537088e-01
	 4.710410e-01,  4.699328e-01
	 4.303624e-01,  5.000000e-01
	 4.176927e-01,  4.599654e-01
	 4.595840e-01,  5.000000e-01
	 4.182155e-01,  4.588579e-01
	-3.627343e-01,  4.364471e-02
	-3.958019e-01,  3.516588e-02
	-4.182668e-01,  6.416583e-02
	-3.503623e-01,  6.855784e-02
	-3.994338e-01,  8.868538e-02
	-2.843128e-01,  2.298706e-01
	-2.483929e-01,  2.270084e-01
	-2.355050e-01,  2.130811e-01
	-3.052597e-01,  1.918454e-01
	-2.741083e-01,  1.658275e-01
	-2.349482e-01,  1.964188e-01
	-2.709704e-01,  1.657006e-01
	-3.118861e-01,  3.614907e-01
	-2.848753e-01,  4.110987e-01
	-2.480613e-01,  3.809714e-01
	 1.798898e-01,  9.363891e-02
	 1.623074e-01,  1.254537e-01
	 1.884733e-01,  1.589534e-01
	 2.231176e-01,  1.518308e-01
	 2.358521e-01,  1.346105e-01
	 1.927266e-01,  9.297698e-02
	 2.355620e-01,  1.193977e-01
	-1.469106e-01,  4.944103e-02
	-1.478068e-01,  4.849062e-02
	-1.699927e-01,  8.793422e-02
	-2.036587e-01,  7.874337e-02
	-1.888236e-01,  4.454304e-02
	 3.677248e-01,  1.263320e-01
	 3.743152e-01,  1.313546e-01
	 3.581394e-01,  9.094159e-02
	 3.865695e-01,  1.322254e-01
	 4.124649e-01,  1.127552e-01
	 4.027942e-01,  7.955691e-02
	 3.696049e-01,  7.649710e-02
	 9.299580e-02, -1.813749e-01
	 8.278658e-02, -1.781005e-01
	 6.759327e-02, -1.329118e-01
	 1.077235e-01, -1.194182e-01
	-1.031138e-01,  3.738471e-01
	-1.455207e-01,  3.795496e-01
	-9.508379e-02,  3.413530e-01
	-1.468607e-01,  3.415349e-01
	-1.169849e-01,  3.138764e-01
	-2.910138e-01,  5.000000e-01
	-2.848213e-01,  4.774093e-01
	-3.515715e-01,  5.000000e-01
	-3.601300e-01,  4.626218e-01
	-2.885355e-01,  4.683205e-01
	-3.417530e-01,  4.479311e-01
	-1.132388e-01,  1.060205e-01
	-1.325088e-01,  1.248416e-01
	-8.944345e-02,  1.021908e-01
	-1.128053e-01,  1.760427e-01
	-6.704292e-02,  1.482229e-01
	-7.248167e-02,  1.138940e-01
	-4.343342e-01,  3.575399e-01
	-4.226888e-01,  3.110506e-01
	-3.876058e-01,  3.860249e-01
	-3.995995e-01,  3.124839e-01
	 3.127944e-01,  2.191127e-01
	 3.221492e-01,  2.339941e-01
	 2.660196e-01,  2.325595e-01
	 3.065905e-01,  2.761970e-01
	 2.663240e-01,  2.595526e-01
	 2.603001e-01,  2.418007e-01
	-2.293951e-01,  4.716131e-01
	-2.283567e-01,  4.276636e-01
	-2.816819e-01,  4.223258e-01
	 4.152867e-01, -3.769651e-02
	 4.267596e-01, -6.116664e-02
	 4.094200e-01, -9.362592e-02
	 3.858503e-01, -3.286494e-02
	 3.920476e-01, -3.105663e-02
	 3.557897e-01, -7.158939e-02
	 3.564975e-01, -8.611345e-02
	-2.243623e-01,  4.230999e-01
	-1.866573e-01,  4.290507e-01
	-1.618630e-01,  3.924139e-01
	-2.239227e-01,  4.020121e-01
	-1.931313e-01,  3.801299e-01
	-1.735389e-01,  2.854056e-01
	-1.806255e-01,  3.237717e-01
	-1.564703e-01,  2.782639e-01
	-1.165215e-01,  3.052388e-01
	 2.740271e-01, -5.000000e-01
	 2.447908e-01, -4.542399e-01
	 2.064205e-01, -5.000000e-01
	 2.381513e-01, -4.548731e-01
	-6.210585e-02, -1.470483e-01
	-5.170141e-02, -9.932698e-02
	-3.926035e-02, -9.466507e-02
	-1.327947e-02, -1.179184e-01
	-1.852224e-02, -1.550317e-01
	-3.899605e-02, -1.589723e-01
	 3.178384e-01, -2.404632e-01
	 2.933415e-01, -2.667491e-01
	 3.109014e-01, -2.048541e-01
	 2.746985e-01, -2.031039e-01
	 2.576908e-01, -2.404156e-01
	 4.357884e-01,  4.023908e-01
	 3.902854e-01,  4.296986e-01
	 3.999638e-01,  4.005263e-01
	 4.051654e-01, -2.965168e-01
	 3.557257e-01, -2.541835e-01
	 3.686627e-01, -2.443470e-01
	 4.056075e-01, -2.652407e-01
	 2.252474e-01,  3.438721e-01
	 2.642702e-01,  3.536222e-01
	 2.038433e-01,  3.739225e-01
	 2.204738e-01,  4.004930e-01
	 2.383137e-01,  4.032031e-01
	 2.678720e-01,  3.792914e-01
	 1.308524e-01,  4.332849e-01
	 1.482248e-01,  4.767419e-01
	 1.749129e-01,  4.236276e-01
	 1.886391e-01,  4.742982e-01
	 2.010034e-01,  4.626337e-01
	 1.920943e-01,  4.331618e-01
	 1.340089e-01,  3.850913e-01
	 1.237992e-01,  3.705091e-01
	 1.297926e-01,  4.327193e-01
	 1.072576e-01,  4.378961e-01
	 8.329045e-02,  3.746823e-01
	 7.512918e-02,  4.218509e-01
	-5.000000e-01, -2.068485e-01
	-4.515060e-01, -2.073060e-01
	-5.000000e-01, -2.551469e-01
	-4.483906e-01, -2.098702e-01
	-4.648585e-01, -2.563539e-01
	-4.516981e-01,  3.647729e-01
	-4.603694e-01,  4.117999e-01
	-4.367758e-01,  4.253721e-01
	-3.990759e-01,  4.091384e-01
	 3.412812e-04,  1.445434e-01
	-2.443858e-02,  1.303705e-01
	-5.273308e-02,  1.536190e-01
	-3.671889e-02,  1.941164e-01
	 4.830625e-01,  4.302869e-01
	 4.593898e-01,  4.010086e-01
	 4.419114e-01,  3.982262e-01
	 3.355337e-01, -1.855007e-01
	 3.309954e-01, -1.630667e-01
	 3.063733e-01, -1.426824e-01
	 2.781107e-01, -1.425270e-01
	 2.514774e-01, -1.689033e-01
	 2.530602e-01, -1.610344e-01
	 7.186740e-02,  3.643812e-01
	 2.916943e-02,  4.161920e-01
	 5.892204e-02,  4.283893e-01
	 2.808525e-02,  3.735152e-01
	 3.485046e-02,  3.664252e-01
	-5.000000e-01,  4.232913e-01
	-5.000000e-01,  3.757315e-01
	-4.722137e-01,  3.576406e-01
	 3.952590e-01, -1.779109e-01
	 3.939474e-01, -1.433128e-01
	 4.128499e-01, -1.946506e-01
	 4.133045e-01, -1.947256e-01
	 4.487148e-01, -1.600757e-01
	 4.213303e-01, -1.245805e-01
	-1.173857e-01, -3.555404e-01
	-1.194392e-01, -3.848790e-01
	-8.154178e-02, -3.521594e-01
	-6.669945e-02, -3.752421e-01
	-8.383361e-02, -4.000701e-01
	 2.091120e-01, -3.381455e-01
	 2.280127e-01, -2.890527e-01
	 1.890119e-01, -3.433886e-01
	 1.711462e-01, -2.970703e-01
	 2.145300e-01, -2.803761e-01
	 1.666479e-01, -3.106704e-01
	 2.251576e-01, -2.835838e-01
	 1.770782e-01, -5.000000e-01
	 1.897657e-01, -4.243708e-01
	 1.735415e-01, -4.454535e-01
	-5.000000e-01, -3.063035e-01
	-4.787353e-01, -3.103282e-01
	-5.000000e-01, -3.662683e-01
	-4.627307e-01, -3.505585e-01
	-4.636238e-01, -3.551042e-01
	-4.754522e-01, -3.661528e-01
	-2.740680e-01, -3.511070e-01
	-2.491410e-01, -3.797483e-01
	-3.006294e-01, -3.583742e-01
	-3.037717e-01, -3.633071e-01
	-2.480296e-01, -4.013035e-01
	-2.695558e-01, -4.272993e-01
	-2.959747e-01, -4.127425e-01
	-5.000000e-01,  3.159023e-01
	-4.922795e-01,  3.158887e-01
	-4.849225e-01,  3.098653e-01
	-4.780680e-01,  2.662781e-01
	 2.157607e-01, -1.201351e-01
	 2.071516e-01, -1.950862e-01
	 1.707955e-01, -1.743707e-01
	 1.686336e-01,  3.905263e-01
	 1.218007e-01,  5.000000e-01
	 9.734044e-02,  4.769825e-01
	 5.271011e-02,  5.000000e-01
	 5.406292e-02,  4.885529e-01
	 2.733307e-01, -9.336410e-02
	 2.280911e-01, -9.753358e-02
	 2.160469e-01, -1.142108e-01
	 1.208616e-01,  1.026438e-01
	 1.462307e-01,  1.309255e-01
	 8.093379e-02,  1.106209e-01
	 1.079719e-01,  1.633023e-01
	 1.251033e-01,  1.667614e-01
	 7.736383e-02,  1.227535e-01
	-2.182953e-01, -3.233550e-01
	-2.713070e-01, -3.455265e-01
	-2.206015e-01, -3.019838e-01
	-2.782762e-01, -3.006890e-01
	-2.538910e-01, -2.846670e-01
	 1.478066e-01, -4.013131e-01
	 1.206754e-01, -4.216186e-01
	 1.892955e-01, -4.191205e-01
	 1.233592e-01, -4.433066e-01
	 1.189184e-01, -4.373996e-01
	 7.447288e-02,  3.000018e-02
	 9.399788e-02,  5.489988e-02
	 4.059688e-02,  3.967269e-02
	 3.728246e-02,  7.950766e-02
	 7.283554e-02,  9.023759e-02
	-1.642511e-01, -5.013643e-02
	-2.031626e-01, -5.100257e-02
	-1.591484e-01, -4.575913e-02
	-2.191635e-01, -1.208041e-02
	-2.060164e-01,  5.747814e-03
	-1.710024e-01, -1.833491e-03
	-4.647949e-01, -1.584127e-01
	-4.273161e-01, -1.437093e-01
	-3.998326e-01, -1.761710e-01
	-4.305789e-01, -2.089511e-01
	-4.263326e-01, -5.000000e-01
	-4.032684e-01, -4.536948e-01
	-4.327841e-01, -5.000000e-01
	-4.482834e-01, -4.264998e-01
	-4.445125e-01, -4.259934e-01
	-4.582840e-01, -4.749882e-01
	-4.045455e-01, -4.499274e-01
	 2.586571e-01,  1.933426e-01
	 2.732890e-01,  1.807099e-01
	 3.147280e-01,  2.017003e-01
	-3.401082e-01, -4.305086e-01
	-3.457553e-01, -3.782046e-01
	-3.476664e-01, -4.213465e-01
	-3.158431e-01,  3.880385e-02
	-3.447165e-01,  7.119400e-02
	-2.866388e-01,  4.685182e-02
	-3.439321e-01,  7.248667e-02
	-2.907662e-01,  9.300717e-02
	-2.880477e-01,  9.150209e-02
	-2.974027e-01,  2.837880e-01
	-3.332293e-01,  3.063986e-01
	-2.171090e-01,  1.317119e-01
	-2.193791e-01,  1.298200e-01
	-2.401770e-01,  1.301978e-01
	-2.111801e-01,  1.793959e-01
	 1.443403e-01, -3.675377e-01
	 1.149927e-01, -3.522009e-01
	 9.363256e-02, -3.867949e-01
	 1.146339e-01, -3.522659e-01
	 5.000000e-01, -1.136908e-01
	 4.839714e-01, -1.178373e-01
	 5.000000e-01, -7.237011e-02
	 4.588198e-01, -7.080441e-02
	 4.722709e-01, -6.204590e-02
	 4.602118e-01, -1.017081e-01
	-4.212916e-01, -1.128979e-01
	-4.578533e-01, -9.037098e-02
	-4.016964e-01, -1.066690e-01
	-4.565553e-01, -5.876579e-02
	-4.434259e-01, -4.917576e-02
	-3.893399e-01, -6.531789e-02
	-3.871501e-01, -8.421341e-02
	-4.249602e-01,  3.084333e-01
	 2.714329e-02, -4.408261e-01
	 2.742316e-02, -3.932724e-01
	 7.068838e-02, -4.396546e-01
	 4.022219e-02, -3.839417e-01
	 6.905801e-02, -3.943715e-01
	 3.373138e-02, -3.858583e-01
	-2.105354e-01,  4.895117e-01
	-1.767112e-01,  4.525136e-01
	-4.073777e-01, -3.361532e-01
	-4.309791e-01, -3.256590e-01
	-4.399650e-01, -2.844930e-01
	-4.047651e-01, -2.722680e-01
	-3.355498e-02,  1.424429e-02
	-1.793461e-02, -2.477469e-02
	 3.607877e-04,  3.260616e-02
	 1.679181e-02,  2.437108e-02
	 2.428082e-02, -1.933789e-02
	-2.647520e-01, -4.897414e-02
	-2.875824e-01, -5.040083e-02
	-2.449191e-01, -1.834335e-02
	-3.106417e-01, -1.198901e-02
	-2.716434e-01,  9.840506e-03
	 1.482625e-01,  2.528430e-01
	 1.607309e-01,  2.338595e-01
	 1.319540e-01,  2.024846e-01
	 1.208466e-01,  2.556487e-01
	 1.084311e-01,  2.256702e-01
	 2.990885e-01,  4.003830e-01
	 3.341861e-01,  3.822985e-01
	 3.126373e-01,  3.388915e-01
	 2.819072e-01,  3.291196e-01
	-4.083743e-01,  1.540930e-01
	-4.103119e-01,  1.241562e-01
	-4.234910e-01,  1.735126e-01
	-4.599997e-01,  1.641253e-01
	-4.690584e-01,  1.449521e-01
	-4.586087e-01,  1.165141e-01
	 5.000000e-01,  4.781171e-01
	 5.000000e-01,  5.000000e-01
	 4.360376e-01,  3.428182e-01
	 3.985170e-01,  3.440548e-01
	 4.397780e-01,  3.454288e-01
	 3.889808e-01,  3.874024e-01
	 5.000000e-01, -3.599824e-01
	 4.472440e-01, -3.540647e-01
	 5.000000e-01, -3.159424e-01
	 4.511576e-01, -3.071579e-01
	 4.652354e-01, -2.940234e-01
	 2.223711e-01, -6.187869e-02
	 2.308330e-01, -4.361385e-04
	 2.428199e-01, -2.436900e-03
	 2.690119e-01, -4.471404e-02
	 3.878333e-01,  2.925708e-01
	 3.874671e-01,  3.355448e-01
	 3.502751e-01,  2.837324e-01
	 3.361024e-01,  3.219144e-01
	 3.353821e-01,  2.925702e-01
	 3.601819e-01,  3.411300e-01
	-2.649228e-01,  9.527358e-02
	-2.362390e-01,  7.011355e-02
	-2.693600e-01,  3.421136e-02
	-2.452033e-01,  4.369105e-02
	-4.018389e-01, -3.285915e-03
	-3.443531e-01,  5.925087e-03
	-3.972906e-01, -5.916032e-03
	 2.521883e-02,  1.351164e-01
	 2.030341e-02,  8.791588e-02
	-3.259174e-02,  1.047277e-01
	-2.420606e-02,  8.395177e-02
	-8.798323e-03,  7.746631e-02
	 3.404282e-01,  3.854598e-01
	 3.497105e-01,  4.311545e-01
	 3.633111e-01,  4.387380e-01
	 1.332008e-01,  8.038619e-03
	 8.554929e-02, -3.503782e-03
	 1.385287e-01,  2.431540e-02
	 8.086611e-02, -7.963962e-04
	 1.169050e-01,  5.511076e-02
	 1.185052e-01, -5.000000e-01
	 7.542128e-02, -5.000000e-01
	 7.482630e-02, -4.430366e-01
	 1.328546e-01,  5.000000e-01
	-4.343329e-01,  4.561251e-01
	-4.136653e-01,  4.724030e-01
	-4.176718e-01,  5.000000e-01
	-3.416635e-01,  1.350662e-01
	-3.495703e-01,  1.239124e-01
	-3.059983e-01,  1.264871e-01
	 3.426638e-01, -1.890727e-01
	 3.696137e-01, -2.336051e-01
	 3.393399e-01, -4.235569e-01
	 3.022414e-01, -4.384959e-01
	 3.341295e-01, -3.969771e-01
	 2.991807e-01, -3.843587e-01
	 2.835012e-01, -4.272648e-01
	 8.072993e-02,  2.237764e-01
	 6.079279e-02,  1.929655e-01
	 6.599709e-02,  2.557240e-01
	 5.015492e-02,  1.899102e-01
	-3.806587e-01, -4.167782e-01
	-3.971415e-01, -3.822107e-01
	-4.102316e-01, -3.771750e-01
	-4.488086e-01, -2.818606e-01
	-1.397433e-01, -4.040299e-01
	-7.562315e-02, -4.322764e-01
	-1.029931e-01, -4.527154e-01
	-2.558078e-01, -2.599411e-01
	-2.991899e-01, -2.897746e-01
	-2.981519e-01, -2.556942e-01
	-2.934848e-01, -2.520647e-01
	-2.087068e-01,  8.091126e-02
	-3.651273e-01, -1.569578e-01
	-3.802966e-01, -1.740697e-01
	-3.642295e-01, -1.475237e-01
	 5.000000e-01,  4.294687e-01
	 3.295493e-01,  8.437985e-02
	 3.119628e-01,  1.320693e-01
	 3.138941e-01,  1.332982e-01
	 3.032157e-01,  1.045449e-01
	-1.885552e-02,  3.454274e-01
	-1.424176e-02,  3.682503e-01
	-4.985728e-02,  3.315443e-01
	-3.089842e-02,  3.877021e-01
	-6.139085e-02,  3.421842e-01
	-5.865634e-02,  3.767131e-01
	-1.436344e-01, -9.805754e-02
	-1.227939e-01, -7.734917e-02
	-1.688910e-01, -9.212364e-02
	-1.429970e-01, -4.590875e-02
	-4.712459e-01, -1.011941e-01
	-4.778531e-01, -1.505773e-01
	 3.629030e-01, -4.400003e-01
	 3.673018e-01, -4.527236e-01
	 3.126672e-01, -4.729697e-01
	 3.529797e-01, -4.687727e-01
	-3.010995e-01,  2.581535e-01
	-3.388802e-01,  2.374765e-01
	-3.250316e-01,  1.925141e-01
	-1.940218e-01, -2.695754e-01
	-2.426097e-01, -2.449527e-01
	-2.060451e-01, -2.455513e-01
	-1.554890e-01,  7.630914e-03
	-2.066369e-01,  9.340097e-03
	-6.401591e-02, -3.262342e-01
	-1.341761e-01, -3.358100e-01
	-9.864697e-02, -2.968997e-01
	-6.693497e-02, -3.050837e-01
	-3.436292e-01, -2.458152e-01
	-3.538097e-01, -2.318500e-01
	-2.858806e-01, -2.175716e-01
	-3.047613e-01, -1.903328e-01
	 2.484725e-01,  1.061156e-01
	 2.935098e-01,  9.943452e-02
	 2.726711e-01,  1.583276e-01
	 2.302684e-01,  1.866101e-01
	 2.220379e-01,  2.414990e-01
	 2.103833e-01,  2.039061e-01
	 1.320630e-02,  4.255008e-01
	 4.975138e-02,  4.802103e-01
	 5.174264e-03,  4.617053e-01
	-1.758643e-01, -1.809351e-01
	-2.189586e-01, -1.865495e-01
	-1.611920e-01, -1.500223e-01
	-2.162010e-01, -1.301189e-01
	-1.919473e-01, -1.217276e-01
	-2.332420e-01, -1.770267e-01
	-2.320441e-01, -1.793236e-01
	 5.000000e-01, -3.968575e-01
	 4.667328e-01, -4.171628e-01
	 4.414046e-01, -3.580428e-01
	 4.419933e-01, -4.036497e-01
	-3.417737e-01, -1.216767e-01
	-3.473231e-01, -9.375905e-02
	 1.504530e-02, -4.552885e-01
	 3.558105e-01, -5.000000e-01
	 2.961684e-01, -5.000000e-01
	 1.806651e-01,  1.755842e-01
	 1.330086e-01,  1.789614e-01
	-3.550032e-01, -2.314579e-01
	-3.955775e-01, -2.467531e-01
	 3.370680e-01,  3.826583e-01
	 4.562965e-01,  2.781843e-01
	 4.372618e-01,  2.924827e-01
	 4.867614e-01,  2.983855e-01
	 4.682032e-01,  3.421276e-01
	 1.504014e-01, -2.655657e-01
	 1.209902e-01, -2.818483e-01
	 1.371557e-01, -3.153655e-01
	 2.823706e-01, -8.283495e-02
	 2.822244e-01, -5.006625e-02
	 3.187016e-01, -1.011727e-01
	 3.065635e-01, -3.444923e-02
	 3.560978e-01, -8.681610e-02
	-5.000000e-01, -1.543806e-01
	-5.000000e-01, -1.025009e-01
	-3.844446e-01,  4.563540e-01
	 1.835387e-01, -2.435505e-01
	 2.081735e-01, -2.076655e-01
	 2.496467e-01, -2.433402e-01
	 1.790604e-01, -3.594070e-01
	 2.476817e-01, -3.629808e-01
	 2.389180e-01, -3.856626e-01
	 1.947902e-01, -4.067433e-01
	 4.423045e-01, -2.250670e-01
	 4.334663e-01, -2.500592e-01
	 3.508544e-01, -3.755558e-03
	 3.612260e-01,  3.176882e-02
	 3.929646e-01,  2.487129e-02
	-2.563873e-02, -3.507733e-01
	-3.394923e-02, -3.737537e-01
	 3.649330e-01, -1.304321e-01
	 4.223443e-01, -1.200468e-01
	 5.000000e-01, -2.321198e-01
	 4.719843e-01, -2.171658e-01
	 5.000000e-01, -1.664280e-01
	 4.751395e-01, -1.678595e-01
	-4.654837e-01,  9.003045e-02
	-4.195231e-01,  6.401641e-02
	-4.595025e-01,  2.799796e-02
	-4.785993e-01,  5.500815e-02
	 4.689860e-01, -1.617413e-01
	 1.396726e-01, -2.169699e-01
	 1.108967e-01, -2.147180e-01
	 5.000000e-01, -1.865895e-02
	 4.765286e-01, -3.166497e-02
	 5.000000e-01,  8.682175e-03
	 4.718852e-01,  2.800112e-02
	 4.433450e-01, -1.385738e-02
	 4.456837e-01,  2.392257e-02
	 3.659795e-01,  4.671042e-01
	 3.872675e-01,  4.783119e-01
	 4.681328e-01,  9.018244e-02
	 4.922803e-01,  6.229527e-02
	 4.247736e-01,  4.618874e-02
	 4.248626e-01,  4.136568e-02
	 4.562654e-01,  8.862638e-02
	 3.779632e-01,  2.007255e-01
	 3.454375e-01,  1.796856e-01
	 3.749072e-01,  2.364191e-01
	 3.556939e-01,  2.446889e-01
	 3.353077e-01,  1.804656e-01
	-4.308191e-01,  2.618033e-01
	-4.340241e-01,  2.596441e-01
	-1.134254e-02, -2.273408e-01
	 2.741871e-03, -1.662641e-01
	-4.686857e-02, -2.062054e-01
	 1.728007e-01,  2.315476e-01
	 1.956427e-01,  2.015728e-01
	 1.064579e-01, -5.866133e-02
	-1.095710e-01,  1.840928e-01
	-7.194751e-02,  2.079487e-01
	-1.289245e-01,  2.339911e-01
	-9.010726e-02,  2.540058e-01
	-7.669503e-02,  2.437137e-01
	-2.345608e-01, -5.000000e-01
	-2.286174e-01, -4.670648e-01
	-3.007918e-01, -5.000000e-01
	-2.676400e-01, -4.461934e-01
	-3.001601e-01, -4.763773e-01
	 2.977138e-01, -3.801889e-01
	-5.000000e-01, -3.449458e-02
	-1.538239e-01,  3.910609e-01
	-9.213765e-02,  4.313134e-01
	-8.662964e-02,  3.895065e-01
	-1.263319e-01,  4.301282e-01
	 2.720085e-01, -3.196368e-01
	 2.656541e-01, -3.056680e-01
	 2.558976e-01, -3.595131e-01
	-1.540158e-01,  1.215285e-01
	-1.779018e-01,  1.833559e-01
	-1.732545e-01,  1.878943e-01
	-1.748603e-01,  1.362448e-01
	-1.128268e-01,  1.761526e-01
	-4.557008e-03,  5.000000e-01
	-9.051924e-03,  4.696685e-01
	-5.455536e-02,  5.000000e-01
	-5.479290e-02,  4.956465e-01
	-2.545089e-02,  4.669562e-01
	-1.112522e-01, -2.686052e-01
	-1.403335e-01, -2.602713e-01
	-1.536735e-01, -3.313549e-01
	-1.624177e-01, -2.775774e-01
	 2.572186e-01,  4.372751e-01
	 2.953189e-01,  4.221574e-01
	 2.936246e-01, -2.683182e-01
	-2.131806e-01, -4.611839e-01
	-2.065765e-01, -4.146383e-01
	 4.496593e-01, -5.000000e-01
	 4.531824e-01, -4.696816e-01
	 4.029272e-01, -5.000000e-01
	 4.151083e-01, -4.408160e-01
	 3.810984e-01, -4.570019e-01
	 3.134258e-02, -2.449290e-02
	 3.996362e-02, -6.117314e-02
	-2.522358e-02, -7.054559e-02
	-3.297578e-02, -4.285802e-02
	 1.424930e-02, -7.974279e-02
	 2.091450e-01,  2.539182e-01
	 2.060234e-01,  2.882038e-01
	 2.494626e-01,  2.970562e-01
	 2.154371e-01,  3.022642e-01
	-5.000000e-01,  1.509643e-01
	-5.000000e-01,  9.954541e-02
	-4.678944e-01,  9.739817e-02
	 3.118092e-01, -1.758882e-02
	 3.126048e-01,  3.767898e-02
	 3.303346e-01,  4.551935e-02
	 3.570954e-01,  3.726077e-02
	 3.010602e-01,  7.795406e-03
	 2.661329e-01, -4.307792e-01
	 2.647073e-01,  5.183177e-02
	 2.472120e-01,  5.941547e-02
	 2.796443e-01,  5.725399e-02
	 3.609533e-02, -2.310432e-01
	 4.209374e-02, -2.383590e-01
	 4.430741e-02, -1.933628e-01
	 8.812071e-02, -2.436155e-01
	-6.133062e-02, -2.991831e-01
	-1.501808e-02, -2.928531e-01
	-3.968830e-03, -3.381594e-01
	-1.537172e-01, -3.313816e-01
	-2.164084e-01, -3.252571e-01
	 8.128248e-02,  3.164346e-01
	 1.692645e-02,  3.153550e-01
	 9.949792e-02, -2.773813e-01
	 8.220379e-02, -2.958591e-01
	 3.650295e-02, -2.805927e-01
	 4.519158e-02, -2.923092e-01
	 1.185011e-02, -1.062200e-01
	 3.956645e-02, -1.313914e-01
	 1.742956e-02, -1.646519e-01
	-4.683768e-01, -4.161201e-01
	-4.104487e-01, -3.768192e-01
	-2.027945e-01,  2.354915e-01
	-1.726694e-01,  2.218341e-01
	-1.212150e-03, -3.389487e-01
	-2.250557e-02, -3.949705e-01
	 3.932898e-01,  2.485490e-01
	 3.956779e-01,  2.852507e-01
	 4.321951e-01,  2.350080e-01
	 4.559763e-01,  2.643620e-01
	-2.145751e-01, -3.629312e-01
	-4.875699e-02, -4.372528e-01
	-3.457602e-02, -4.296120e-01
	 4.191753e-01, -4.168792e-01
	 3.911949e-01, -4.013841e-01
	-1.467884e-01,  4.579155e-01
	-2.763364e-02,  2.615303e-01
	-9.456734e-02,  2.881463e-01
	-5.190793e-02,  3.029819e-01
	-2.325824e-02,  2.755835e-01
	-3.595675e-01, -3.685303e-01
	-1.282186e-01,  5.310052e-02
	 1.579244e-01, -2.452711e-01
	-2.313729e-01,  2.797496e-01
	-2.428096e-01,  2.706398e-01
	-2.955175e-01,  2.770811e-01
	 5.000000e-01,  2.968756e-01
	 5.000000e-01,  3.677388e-01
	 4.995001e-01,  3.676854e-01
	-2.546782e-01, -2.174657e-01
	-1.989805e-01, -2.271838e-01
	-1.316194e-01, -1.255270e-01
	-8.885529e-02, -8.638406e-02
	-9.130878e-02, -8.192035e-02
	-9.848722e-02, -1.148838e-01
	-2.122712e-02, -2.517926e-01
	-1.098765e-02, -2.279627e-01
	-1.170254e-02, -2.867768e-01
	 9.905921e-02, -6.659117e-02
	 5.779658e-02, -7.068687e-02
	-1.837388e-01, -1.005723e-01
	-2.111143e-01, -6.638130e-02
	-2.493553e-01, -1.061077e-01
	-2.427328e-01, -7.481988e-02
	 5.000000e-01, -5.000000e-01
	 5.000000e-01, -4.524756e-01
	 4.723457e-01, -4.501794e-01
	 5.385058e-02, -1.273951e-01
	 3.172794e-01,  4.492417e-01
	 2.079131e-01,  4.644538e-01
	 1.869229e-01,  5.000000e-01
	 2.335632e-01,  5.000000e-01
	 5.000000e-01,  6.235513e-02
	 5.000000e-01,  1.100964e-01
	 4.824509e-01,  1.094342e-01
	-2.940343e-01, -1.014981e-01
	-3.139913e-01, -1.252310e-01
	-3.315941e-01, -7.474964e-02
	-3.049464e-01, -7.332274e-02
	-2.094297e-01,  3.417092e-01
	-2.067596e-01,  2.706268e-01
	-8.335524e-02, -2.161127e-01
	-8.739326e-02, -2.126042e-01
	-8.266758e-02, -2.440494e-01
	-1.438992e-01, -2.162005e-01
	-1.380748e-01, -2.124104e-01
	-7.508437e-02, -1.488518e-01
	 4.661092e-01, -2.880806e-01
	 2.182998e-01,  4.364039e-02
	 1.757759e-01,  3.330661e-02
	-1.689635e-01, -4.722446e-01
	-1.700320e-01, -4.732570e-01
	-1.774711e-01, -3.981680e-01
	-1.648117e-01, -4.062851e-01
	 3.872877e-01,  5.000000e-01
	 5.000000e-01,  2.408045e-01
	 4.846602e-01,  2.374770e-01
	 3.883313e-02, -3.248138e-01
	 5.329061e-02, -3.386814e-01
	-1.482843e-01,  2.418701e-01
	-5.000000e-01, -5.000000e-01
	-5.000000e-01, -4.800872e-01
	-3.290367e-01, -4.135682e-03
	-3.318060e-01,  4.014782e-04
	 2.222190e-01,  5.057486e-02
	 1.724345e-01,  8.487047e-02
	 1.745397e-01,  3.396641e-02
	 1.308546e-01,  7.784360e-02
	 2.528651e-01,  4.480637e-01
	 2.788286e-01,  5.000000e-01
	-2.079558e-01,  5.000000e-01
	-1.363741e-01,  5.000000e-01
	 4.204874e-01,  1.137076e-01
	-3.538055e-01, -4.660693e-02
	-3.790350e-01, -4.938919e-02
	-3.902570e-01,  2.141674e-01
	-3.528408e-01,  1.715589e-01
	-4.204871e-01,  1.951356e-01
	-2.914042e-01, -1.657355e-01
	-3.038558e-01, -1.805893e-01
	-2.797287e-01, -1.617536e-01
	-2.660293e-01, -1.133133e-01
	-3.660131e-01,  2.810088e-01
	-3.828808e-01,  2.431071e-01
	-3.698897e-01,  2.505173e-01
	-9.442595e-02, -1.675612e-01
	-2.737134e-02,  4.103606e-01
	 5.000000e-01,  1.874677e-01
	 4.767943e-01,  2.128736e-01
	-3.398070e-01, -4.480087e-01
	-3.638925e-01, -4.664265e-01
	-3.642469e-01, -5.000000e-01
	 5.000000e-01, -2.609650e-01
	 1.057690e-01,  2.747744e-01
	 4.386154e-01,  2.093474e-01
	-1.804053e-01, -3.851561e-01
	 1.291671e-01,  3.563816e-01
	 1.120543e-01,  3.086065e-01
	 1.079413e-01,  3.062334e-01
	-6.439265e-02, -3.624142e-02
	-6.785541e-02,  1.100922e-02
	-5.748543e-02,  2.119392e-02
	 2.671735e-01,  1.650754e-02
	-5.000000e-01, -4.261107e-01
	-4.417531e-02,  4.333716e-01
	-1.600437e-01, -2.106010e-01
	-8.808647e-02,  4.350954e-01
	-4.001336e-01,  1.116355e-01
	 4.160380e-02,  1.423345e-01
	 3.171979e-01,  4.560896e-01
	 2.817867e-01,  5.000000e-01
	 3.442158e-01,  4.770811e-01
	 3.405048e-01,  5.000000e-01
	-5.971609e-02, -2.622301e-01
	-4.487748e-01,  2.225011e-01
	 3.091120e-01,  2.823671e-01
	-3.364536e-01,  4.262168e-01
	-2.853058e-01,  4.154172e-01
	-8.595992e-02,  4.723763e-01
	-1.168076e-01,  5.000000e-01
	-9.234121e-02, -5.000000e-01
	-1.071958e-01, -4.637288e-01
	-1.695130e-01, -5.000000e-01
	 2.135969e-01,  3.093050e-01
	 1.676740e-01,  3.360305e-01
	 1.887119e-01,  3.723537e-01
	 1.675709e-01,  3.364084e-01
	 4.122038e-01,  1.820393e-01
	-1.253250e-01, -1.641673e-01
	-1.409343e-01, -1.476977e-01
	 4.530802e-01,  1.573821e-01
	 4.268150e-01,  1.851906e-01
	 8.553200e-02, -3.303826e-01
	 5.000000e-01,  1.708697e-01
	 4.706538e-01,  1.545598e-01
	 2.798739e-01,  3.196047e-01
	-5.000000e-01,  5.482989e-02
	-5.000000e-01, -7.963763e-03
	-4.598168e-01,  1.820783e-02
	-6.439222e-02,  5.456560e-02
	-4.279730e-01, -9.521163e-03
	-1.191189e-01, -2.158617e-02
	-8.077103e-02, -4.616069e-02
	-3.501519e-01,  1.708391e-01
	-1.196046e-01, -9.532956e-03
	-1.028476e-01,  1.001452e-02
	-1.169040e-01,  4.781291e-02
	 1.638939e-01,  2.872391e-01
	 1.503715e-01,  3.057044e-01
	-7.516013e-02,  6.030834e-02
Mesh Facets: 1267
	13, 14
	16, 15
	49, 47
	53, 55
	55, 54
	64, 66
	42, 41
	37, 36
	113, 111
	21, 23
	115, 112
	109, 110
	152, 154
	67, 62
	46, 16
	16, 18
	194, 192
	123, 125
	10, 7
	62, 167
	62, 61
	164, 165
	191, 190
	198, 197
	220, 219
	154, 155
	154, 240
	245, 243
	47, 256
	48, 47
	34, 33
	213, 212
	186, 188
	180, 182
	266, 264
	211, 213
	213, 260
	242, 241
	195, 193
	302, 304
	129, 127
	255, 252
	22, 25
	41, 40
	80, 41
	78, 79
	282, 283
	333, 331
	258, 257
	221, 197
	123, 197
	123, 124
	134, 133
	144, 143
	3, 4
	175, 179
	63, 66
	66, 383
	383, 382
	207, 167
	169, 167
	390, 388
	26, 28
	317, 320
	69, 68
	202, 201
	169, 387
	169, 168
	287, 288
	423, 424
	285, 286
	188, 189
	180, 188
	265, 264
	264, 426
	180, 181
	54, 52
	54, 429
	319, 318
	224, 222
	6, 8
	57, 56
	308, 306
	355, 354
	244, 246
	229, 232
	281, 280
	269, 270
	26, 27
	26, 393
	403, 404
	325, 324
	337, 339
	300, 299
	382, 459
	63, 382
	63, 61
	205, 61
	97, 95
	292, 294
	338, 337
	337, 299
	299, 298
	436, 435
	73, 76
	279, 281
	451, 281
	297, 296
	94, 91
	230, 228
	454, 453
	87, 89
	463, 461
	309, 129
	129, 132
	216, 215
	388, 512
	389, 388
	458, 339
	339, 343
	424, 425
	424, 13
	13, 11
	345, 347
	519, 520
	479, 478
	85, 84
	275, 272
	300, 457
	300, 301
	398, 402
	415, 387
	387, 385
	386, 384
	236, 238
	141, 142
	474, 475
	538, 539
	427, 428
	199, 200
	237, 239
	235, 233
	224, 225
	434, 224
	172, 173
	139, 140
	488, 230
	231, 230
	537, 142
	142, 138
	227, 223
	559, 557
	560, 558
	225, 226
	548, 225
	37, 102
	37, 34
	34, 262
	570, 568
	417, 168
	65, 67
	168, 67
	571, 573
	127, 128
	311, 127
	498, 87
	87, 86
	310, 309
	499, 309
	258, 344
	259, 258
	160, 161
	521, 522
	368, 369
	540, 428
	428, 429
	113, 114
	429, 113
	268, 269
	393, 396
	534, 533
	269, 393
	434, 172
	434, 433
	164, 208
	162, 164
	172, 171
	418, 419
	29, 31
	599, 601
	437, 438
	17, 15
	15, 45
	474, 338
	474, 539
	539, 605
	340, 338
	107, 106
	233, 234
	233, 545
	120, 118
	620, 618
	490, 489
	179, 178
	372, 179
	610, 611
	19, 20
	600, 602
	254, 253
	17, 604
	20, 17
	610, 20
	612, 610
	632, 634
	361, 358
	500, 132
	131, 132
	647, 646
	381, 380
	550, 551
	439, 438
	546, 545
	545, 612
	604, 438
	612, 604
	496, 497
	103, 102
	102, 567
	553, 488
	491, 488
	279, 483
	277, 279
	626, 625
	60, 59
	218, 214
	661, 659
	589, 160
	160, 159
	18, 19
	18, 171
	163, 162
	171, 162
	19, 629
	306, 305
	306, 446
	248, 247
	97, 101
	460, 97
	652, 651
	326, 78
	78, 75
	615, 614
	350, 346
	553, 664
	553, 554
	673, 159
	159, 158
	639, 641
	139, 141
	141, 536
	139, 550
	649, 550
	527, 526
	278, 277
	250, 249
	666, 277
	449, 232
	681, 554
	554, 231
	232, 231
	585, 582
	96, 95
	95, 462
	515, 514
	44, 43
	584, 583
	399, 397
	683, 682
	33, 260
	33, 35
	32, 27
	270, 260
	27, 270
	144, 145
	144, 352
	609, 606
	5, 3
	523, 524
	493, 492
	3, 356
	573, 579
	573, 572
	140, 552
	136, 140
	598, 597
	313, 252
	251, 252
	2, 0
	118, 117
	118, 613
	92, 90
	542, 541
	262, 261
	262, 566
	40, 38
	321, 40
	198, 219
	219, 53
	52, 427
	53, 52
	199, 198
	199, 427
	703, 702
	528, 529
	485, 484
	511, 506
	654, 546
	284, 241
	547, 546
	153, 155
	155, 241
	470, 471
	658, 659
	659, 671
	593, 419
	421, 419
	638, 637
	509, 508
	721, 720
	720, 632
	632, 633
	641, 638
	641, 673
	638, 715
	674, 673
	525, 415
	372, 628
	373, 372
	416, 415
	184, 183
	726, 727
	578, 579
	579, 552
	101, 652
	101, 100
	552, 551
	652, 551
	694, 695
	668, 59
	466, 464
	58, 59
	729, 728
	577, 576
	517, 516
	149, 148
	38, 39
	699, 38
	195, 301
	195, 196
	447, 355
	301, 524
	524, 356
	356, 355
	373, 525
	374, 373
	525, 402
	400, 402
	503, 504
	618, 619
	618, 266
	267, 266
	623, 624
	221, 220
	221, 257
	256, 220
	257, 256
	157, 156
	710, 708
	392, 391
	170, 173
	173, 549
	394, 28
	30, 28
	631, 630
	64, 65
	65, 575
	750, 64
	702, 751
	526, 528
	685, 526
	528, 702
	350, 680
	348, 350
	651, 650
	460, 651
	497, 463
	497, 657
	460, 463
	693, 597
	150, 151
	597, 596
	304, 307
	304, 756
	756, 757
	389, 514
	389, 391
	514, 43
	43, 46
	170, 391
	170, 46
	317, 405
	317, 315
	366, 365
	744, 745
	83, 88
	762, 761
	420, 422
	727, 725
	727, 765
	210, 211
	268, 533
	268, 211
	533, 535
	2, 696
	353, 4
	4, 2
	446, 677
	445, 446
	352, 691
	352, 351
	766, 767
	580, 578
	578, 100
	100, 99
	151, 110
	693, 151
	110, 108
	468, 466
	694, 693
	466, 694
	517, 733
	517, 343
	343, 342
	376, 378
	516, 732
	458, 516
	456, 458
	763, 422
	273, 271
	422, 288
	288, 291
	774, 732
	732, 731
	457, 523
	457, 456
	523, 493
	456, 775
	493, 495
	705, 511
	510, 511
	495, 775
	494, 495
	774, 775
	774, 776
	530, 531
	661, 567
	661, 669
	567, 566
	698, 566
	124, 126
	586, 344
	344, 124
	737, 738
	161, 590
	161, 156
	742, 156
	215, 217
	215, 502
	465, 467
	751, 783
	752, 751
	487, 94
	455, 404
	93, 94
	406, 404
	314, 312
	303, 308
	308, 444
	601, 603
	601, 787
	786, 785
	559, 560
	331, 559
	332, 331
	565, 560
	731, 734
	363, 362
	719, 718
	777, 731
	222, 433
	222, 223
	555, 223
	208, 209
	433, 208
	390, 392
	788, 390
	392, 743
	677, 247
	677, 353
	354, 353
	354, 246
	247, 246
	371, 370
	442, 440
	239, 543
	239, 234
	163, 629
	166, 163
	629, 611
	611, 234
	685, 752
	752, 784
	685, 684
	665, 666
	666, 686
	240, 242
	240, 423
	285, 242
	285, 423
	692, 695
	58, 695
	58, 56
	8, 56
	8, 9
	92, 613
	92, 93
	324, 323
	455, 324
	613, 616
	455, 93
	616, 323
	614, 616
	326, 614
	323, 326
	214, 190
	214, 667
	190, 187
	333, 335
	568, 333
	568, 569
	640, 358
	357, 358
	570, 571
	728, 570
	577, 728
	571, 577
	395, 394
	655, 656
	394, 744
	744, 760
	305, 307
	305, 676
	757, 799
	307, 757
	502, 782
	504, 619
	504, 502
	619, 622
	379, 380
	49, 51
	646, 49
	380, 646
	663, 664
	671, 672
	680, 664
	753, 680
	713, 671
	603, 785
	603, 602
	254, 602
	254, 255
	785, 312
	312, 255
	626, 483
	483, 485
	706, 485
	740, 624
	626, 624
	782, 467
	782, 800
	608, 607
	469, 467
	60, 667
	667, 794
	57, 60
	442, 57
	789, 442
	377, 381
	648, 381
	72, 70
	562, 561
	345, 518
	346, 681
	346, 345
	688, 681
	410, 411
	276, 273
	273, 291
	291, 290
	761, 763
	763, 271
	271, 272
	272, 84
	83, 761
	83, 84
	369, 522
	371, 369
	441, 440
	440, 371
	275, 274
	275, 522
	806, 808
	237, 541
	237, 236
	530, 698
	530, 236
	698, 541
	690, 44
	437, 45
	435, 437
	44, 45
	476, 435
	544, 235
	327, 328
	235, 238
	238, 532
	703, 704
	459, 703
	205, 459
	205, 206
	412, 202
	122, 121
	202, 203
	656, 496
	656, 760
	88, 89
	88, 760
	89, 496
	699, 736
	700, 699
	75, 74
	678, 75
	737, 590
	739, 737
	712, 711
	590, 588
	259, 587
	259, 48
	48, 50
	584, 128
	584, 399
	401, 399
	128, 130
	146, 147
	42, 82
	39, 42
	39, 735
	80, 25
	81, 80
	25, 24
	815, 620
	620, 621
	773, 378
	50, 810
	51, 50
	379, 51
	378, 379
	816, 818
	746, 747
	176, 174
	582, 581
	96, 582
	98, 96
	518, 11
	11, 12
	688, 518
	687, 688
	741, 740
	505, 507
	740, 801
	361, 360
	637, 361
	289, 287
	287, 421
	637, 421
	542, 261
	261, 212
	166, 543
	166, 165
	212, 165
	543, 542
	768, 99
	99, 98
	98, 823
	679, 678
	148, 150
	148, 736
	736, 678
	755, 150
	531, 532
	531, 669
	532, 328
	670, 669
	330, 328
	783, 829
	790, 784
	784, 783
	827, 826
	472, 470
	507, 509
	507, 825
	470, 707
	509, 716
	807, 808
	808, 750
	750, 575
	574, 575
	506, 505
	706, 506
	801, 706
	801, 505
	12, 14
	14, 816
	449, 450
	449, 687
	687, 12
	817, 816
	719, 362
	719, 717
	362, 364
	295, 293
	773, 771
	773, 810
	586, 587
	586, 779
	810, 587
	263, 182
	185, 182
	176, 821
	177, 176
	596, 594
	755, 596
	755, 679
	615, 679
	615, 617
	130, 131
	811, 130
	644, 131
	462, 461
	461, 498
	498, 310
	585, 311
	585, 462
	310, 311
	22, 322
	126, 21
	126, 778
	21, 22
	833, 832
	563, 564
	359, 357
	413, 414
	357, 797
	206, 704
	704, 529
	207, 206
	386, 207
	529, 386
	210, 535
	535, 537
	537, 555
	555, 209
	209, 210
	605, 340
	605, 833
	833, 834
	341, 340
	471, 473
	709, 471
	405, 406
	405, 366
	295, 296
	295, 364
	406, 487
	366, 364
	296, 487
	430, 431
	377, 376
	803, 377
	772, 376
	818, 747
	818, 599
	600, 630
	599, 600
	747, 630
	663, 662
	809, 711
	713, 663
	713, 711
	329, 283
	283, 286
	425, 347
	347, 349
	286, 425
	115, 135
	116, 115
	813, 812
	319, 432
	79, 77
	79, 325
	325, 403
	320, 403
	320, 319
	451, 484
	451, 454
	494, 705
	494, 454
	705, 484
	634, 636
	634, 519
	477, 479
	519, 479
	91, 90
	486, 91
	697, 90
	708, 157
	708, 709
	795, 640
	640, 639
	158, 157
	639, 158
	838, 709
	318, 316
	318, 431
	803, 431
	803, 72
	71, 72
	643, 645
	820, 819
	787, 786
	787, 302
	303, 786
	303, 302
	724, 628
	628, 627
	806, 805
	765, 806
	764, 765
	655, 798
	655, 657
	657, 650
	650, 653
	660, 658
	589, 675
	589, 588
	712, 588
	658, 712
	591, 368
	843, 643
	643, 642
	368, 367
	450, 817
	448, 450
	817, 746
	746, 749
	842, 697
	697, 117
	117, 119
	178, 177
	627, 178
	185, 184
	185, 177
	764, 627
	764, 725
	184, 725
	472, 716
	472, 292
	293, 292
	716, 717
	717, 293
	662, 491
	662, 809
	739, 809
	623, 739
	623, 490
	491, 490
	282, 327
	327, 544
	284, 547
	284, 282
	544, 547
	482, 76
	839, 430
	432, 430
	432, 77
	77, 76
	86, 499
	86, 85
	501, 499
	592, 521
	521, 85
	729, 730
	829, 729
	829, 830
	469, 468
	468, 108
	106, 608
	106, 108
	608, 469
	722, 633
	515, 689
	515, 513
	635, 633
	591, 642
	591, 592
	500, 642
	500, 501
	501, 592
	189, 191
	189, 265
	503, 267
	267, 265
	191, 216
	216, 503
	827, 790
	827, 823
	583, 682
	581, 583
	684, 682
	684, 790
	823, 581
	538, 475
	192, 538
	298, 193
	475, 298
	193, 192
	401, 811
	400, 401
	811, 831
	375, 374
	374, 400
	822, 821
	187, 186
	187, 792
	263, 821
	263, 186
	335, 334
	335, 569
	136, 572
	136, 137
	569, 572
	825, 707
	824, 825
	710, 742
	707, 710
	742, 781
	795, 838
	796, 795
	840, 841
	838, 837
	606, 107
	107, 109
	735, 149
	735, 147
	149, 109
	145, 606
	147, 145
	788, 743
	557, 788
	549, 548
	548, 558
	557, 558
	743, 549
	103, 660
	660, 675
	674, 723
	675, 674
	104, 103
	726, 183
	183, 181
	181, 426
	426, 726
	314, 444
	314, 313
	696, 313
	445, 696
	444, 445
	336, 332
	332, 565
	227, 556
	565, 226
	227, 226
	804, 276
	441, 443
	441, 274
	274, 276
	329, 349
	329, 330
	754, 348
	828, 330
	348, 349
	1, 5
	492, 453
	492, 5
	453, 452
	321, 701
	780, 778
	480, 481
	321, 322
	778, 322
	830, 730
	730, 576
	826, 830
	826, 768
	580, 768
	576, 580
	527, 384
	527, 683
	398, 385
	398, 397
	384, 385
	683, 397
	396, 534
	396, 395
	395, 798
	653, 649
	798, 653
	536, 534
	649, 536
	203, 121
	204, 203
	120, 617
	120, 121
	617, 594
	595, 594
	464, 668
	464, 465
	217, 465
	217, 218
	218, 668
	636, 477
	636, 635
	690, 476
	690, 689
	689, 635
	477, 476
	766, 351
	111, 766
	111, 112
	133, 112
	351, 133
	478, 520
	436, 478
	436, 439
	654, 153
	654, 439
	520, 152
	153, 152
	510, 776
	510, 508
	777, 718
	776, 777
	508, 718
	804, 410
	804, 443
	7, 6
	7, 201
	6, 443
	201, 410
	738, 781
	738, 741
	824, 741
	824, 781
	794, 793
	789, 794
	843, 367
	844, 843
	370, 789
	367, 370
	249, 251
	251, 0
	0, 1
	280, 452
	280, 278
	278, 249
	1, 452
	82, 146
	82, 81
	813, 135
	135, 134
	134, 143
	146, 143
	81, 813
	800, 802
	622, 800
	814, 621
	621, 622
	834, 563
	563, 562
	69, 407
	70, 69
	70, 562
	834, 836
	842, 841
	842, 845
	835, 797
	796, 797
	796, 841
	844, 793
	844, 820
	793, 792
	792, 822
	822, 820
	482, 839
	839, 772
	771, 772
	771, 779
	481, 482
	780, 481
	780, 779
	10, 9
	10, 204
	598, 692
	598, 595
	692, 9
	204, 595
	609, 691
	691, 767
	767, 815
	815, 814
	607, 609
	814, 802
	802, 607
	648, 561
	647, 648
	832, 647
	564, 832
	564, 561
	770, 342
	342, 341
	836, 407
	341, 836
	409, 407
	35, 36
	35, 32
	714, 593
	32, 31
	593, 31
	36, 105
	759, 315
	68, 71
	408, 68
	315, 316
	71, 316
	336, 556
	336, 334
	137, 334
	137, 138
	556, 138
	244, 447
	244, 243
	194, 196
	243, 194
	196, 447
	759, 758
	759, 408
	408, 409
	769, 770
	770, 409
	721, 722
	512, 721
	512, 513
	722, 513
	289, 360
	289, 290
	359, 414
	414, 411
	290, 411
	359, 360
	245, 248
	799, 245
	676, 799
	676, 248
	733, 769
	734, 733
	758, 365
	769, 758
	365, 363
	363, 734
	104, 723
	104, 105
	714, 105
	715, 714
	723, 715
	828, 670
	828, 754
	753, 672
	754, 753
	672, 670
	645, 819
	645, 644
	174, 819
	174, 175
	175, 375
	644, 831
	375, 831
	418, 420
	420, 762
	762, 745
	745, 30
	30, 29
	29, 418
	805, 724
	805, 807
	807, 574
	574, 417
	416, 724
	416, 417
	486, 840
	840, 837
	297, 486
	297, 294
	473, 294
	473, 837
	74, 700
	74, 73
	480, 701
	73, 480
	700, 701
	229, 448
	228, 229
	228, 489
	749, 448
	749, 748
	791, 665
	625, 489
	665, 625
	413, 835
	412, 413
	119, 122
	845, 119
	412, 122
	835, 845
	250, 253
	250, 686
	748, 631
	631, 253
	791, 748
	791, 686
	540, 114
	114, 116
	200, 540
	200, 125
	24, 23
	23, 125
	812, 24
	116, 812
Facet Neighbors: 1267
	-3, 2
	3, 8
	-1, 9
	-1, 10
	-4, 10
	-4, 12
	7, 15
	6, 19
	-4, 21
	4, 23
	21, 25
	20, 28
	-3, 29
	12, 32
	8, 33
	3, 33
	-1, 37
	23, 38
	1, 39
	32, 40
	12, 40
	31, 41
	36, 42
	38, 43
	-1, 43
	29, 47
	-3, 47
	-1, 48
	-1, 50
	9, 50
	6, 51
	41, 51
	36, 52
	35, 52
	-4, 53
	41, 54
	51, 54
	47, 57
	37, 60
	-3, 61
	24, 62
	49, 63
	4, 65
	7, 65
	15, 65
	14, 66
	57, 67
	-2, 68
	50, 70
	43, 70
	38, 70
	23, 70
	25, 72
	27, 72
	0, 73
	34, 77
	12, 79
	-4, 79
	-2, 79
	40, 80
	32, 80
	-2, 81
	5, 82
	64, 84
	13, 85
	39, 86
	80, 87
	32, 87
	58, 88
	-3, 89
	57, 89
	36, 90
	52, 90
	53, 90
	-4, 90
	35, 90
	10, 91
	-4, 91
	64, 92
	44, 93
	1, 95
	11, 95
	61, 96
	73, 97
	48, 97
	45, 98
	56, 99
	54, 100
	5, 100
	82, 100
	84, 101
	66, 101
	69, 102
	60, 102
	-2, 103
	79, 103
	12, 103
	40, 103
	18, 104
	59, 106
	69, 107
	102, 107
	60, 107
	94, 108
	14, 109
	56, 110
	99, 110
	59, 111
	17, 111
	45, 112
	99, 113
	16, 114
	104, 114
	62, 115
	24, 115
	42, 116
	-2, 118
	81, 118
	102, 119
	69, 119
	89, 120
	-3, 120
	2, 120
	71, 120
	-3, 121
	108, 121
	16, 122
	55, 122
	102, 123
	60, 123
	83, 124
	87, 124
	80, 124
	80, 125
	46, 126
	26, 127
	107, 128
	-1, 128
	91, 129
	38, 129
	46, 130
	46, 131
	44, 132
	93, 132
	33, 132
	26, 133
	112, 134
	45, 134
	127, 135
	26, 135
	44, 135
	-2, 136
	136, 138
	44, 138
	132, 138
	19, 139
	6, 139
	51, 139
	-2, 140
	87, 141
	12, 141
	32, 141
	140, 142
	24, 143
	62, 143
	114, 144
	16, 144
	62, 144
	115, 144
	70, 145
	50, 145
	30, 146
	122, 147
	76, 147
	129, 148
	91, 148
	21, 148
	-4, 148
	54, 149
	82, 149
	127, 149
	100, 149
	132, 150
	93, 150
	41, 150
	31, 150
	33, 150
	88, 151
	5, 151
	-3, 153
	94, 154
	3, 154
	8, 154
	107, 155
	128, 155
	-1, 155
	69, 155
	20, 156
	46, 157
	131, 157
	22, 158
	-4, 159
	112, 160
	34, 161
	77, 161
	157, 162
	3, 162
	153, 163
	49, 163
	154, 164
	3, 164
	162, 164
	157, 164
	-3, 165
	74, 166
	115, 167
	24, 167
	-1, 168
	78, 168
	133, 169
	94, 170
	131, 170
	157, 170
	154, 170
	164, 170
	114, 171
	19, 172
	139, 172
	134, 173
	112, 173
	110, 174
	56, 174
	160, 174
	11, 175
	42, 175
	172, 176
	146, 177
	30, 177
	3, 178
	33, 178
	31, 178
	150, 178
	162, 178
	61, 179
	96, 179
	48, 179
	18, 180
	104, 180
	169, 180
	66, 181
	14, 181
	158, 181
	71, 182
	173, 182
	134, 182
	177, 183
	30, 183
	166, 183
	26, 184
	127, 184
	133, 184
	169, 184
	125, 185
	56, 186
	49, 186
	174, 186
	98, 187
	182, 187
	134, 187
	45, 187
	143, 188
	18, 188
	104, 188
	118, 189
	8, 189
	143, 190
	83, 190
	185, 190
	51, 191
	6, 191
	5, 191
	54, 191
	100, 191
	27, 192
	72, 192
	156, 192
	0, 193
	123, 193
	113, 193
	73, 193
	142, 194
	140, 194
	133, 194
	26, 194
	152, 195
	63, 196
	49, 196
	0, 196
	22, 197
	158, 197
	17, 197
	130, 198
	51, 198
	139, 198
	7, 199
	65, 199
	43, 200
	-1, 200
	91, 200
	10, 200
	38, 200
	129, 200
	-2, 201
	125, 201
	110, 202
	117, 202
	170, 203
	57, 203
	131, 203
	29, 203
	47, 203
	106, 204
	172, 205
	176, 205
	151, 206
	88, 206
	166, 206
	117, 207
	-2, 208
	-3, 208
	165, 208
	166, 209
	183, 209
	206, 209
	177, 209
	124, 210
	161, 210
	77, 210
	87, 210
	35, 211
	-4, 211
	142, 212
	194, 212
	180, 212
	18, 212
	133, 212
	169, 212
	195, 213
	175, 213
	105, 213
	11, 213
	-2, 214
	142, 214
	119, 215
	28, 216
	7, 216
	199, 216
	60, 217
	37, 217
	97, 217
	123, 217
	193, 217
	73, 217
	210, 218
	77, 218
	124, 218
	83, 218
	116, 219
	159, 219
	-4, 219
	53, 219
	160, 220
	43, 221
	70, 221
	-1, 221
	50, 221
	30, 222
	204, 222
	81, 223
	33, 223
	132, 223
	82, 224
	5, 224
	163, 225
	12, 226
	141, 226
	-4, 226
	-2, 227
	125, 227
	185, 227
	201, 227
	182, 228
	71, 228
	169, 229
	180, 229
	114, 229
	171, 229
	104, 229
	195, 230
	28, 230
	152, 230
	61, 231
	-3, 231
	-1, 231
	118, 232
	81, 232
	189, 232
	8, 232
	223, 232
	33, 232
	84, 233
	64, 233
	75, 233
	224, 234
	16, 234
	234, 235
	88, 235
	211, 236
	-4, 236
	41, 237
	149, 237
	54, 237
	127, 237
	196, 238
	73, 238
	0, 238
	179, 238
	96, 238
	192, 239
	72, 239
	-4, 239
	142, 240
	212, 240
	18, 240
	28, 241
	230, 241
	20, 241
	105, 241
	195, 241
	213, 241
	215, 242
	119, 242
	69, 242
	78, 243
	215, 244
	119, 244
	102, 244
	235, 245
	55, 245
	88, 245
	58, 245
	244, 246
	215, 246
	123, 247
	102, 247
	193, 247
	244, 247
	113, 247
	202, 248
	117, 248
	247, 248
	113, 248
	244, 248
	246, 248
	126, 249
	172, 249
	176, 249
	139, 249
	198, 249
	23, 250
	145, 250
	70, 250
	220, 251
	146, 251
	30, 251
	222, 251
	42, 252
	116, 252
	105, 252
	-2, 253
	227, 253
	111, 254
	101, 254
	17, 254
	84, 254
	63, 255
	61, 255
	96, 255
	153, 256
	-3, 256
	255, 256
	136, 257
	-2, 257
	68, 257
	138, 257
	215, 258
	75, 258
	207, 258
	246, 258
	93, 259
	44, 259
	135, 259
	41, 259
	150, 259
	81, 260
	-2, 260
	223, 260
	179, 261
	238, 261
	73, 261
	97, 261
	48, 261
	76, 262
	95, 262
	130, 263
	46, 263
	178, 263
	31, 263
	162, 263
	157, 263
	227, 264
	253, 264
	185, 264
	174, 265
	186, 265
	47, 266
	-3, 266
	57, 266
	89, 266
	195, 267
	213, 267
	11, 267
	95, 267
	1, 267
	197, 268
	17, 268
	66, 268
	101, 268
	158, 268
	254, 268
	268, 269
	158, 269
	181, 269
	66, 269
	42, 270
	175, 270
	36, 270
	68, 271
	-2, 271
	140, 271
	166, 272
	74, 272
	140, 273
	-2, 273
	214, 273
	142, 273
	82, 274
	171, 274
	224, 274
	234, 274
	61, 275
	179, 275
	-1, 275
	231, 275
	252, 276
	219, 276
	116, 276
	159, 276
	78, 277
	9, 277
	-1, 277
	168, 277
	173, 278
	176, 278
	182, 278
	228, 278
	205, 278
	256, 279
	153, 279
	163, 279
	49, 279
	255, 279
	63, 279
	174, 280
	110, 280
	202, 280
	220, 280
	160, 280
	252, 281
	276, 281
	156, 281
	105, 281
	175, 282
	270, 282
	11, 282
	95, 282
	262, 282
	78, 283
	168, 283
	13, 283
	137, 283
	120, 284
	182, 284
	71, 284
	187, 284
	86, 285
	55, 285
	245, 285
	58, 285
	235, 286
	245, 286
	55, 286
	122, 286
	234, 286
	16, 286
	147, 287
	76, 287
	95, 287
	262, 287
	55, 287
	122, 287
	-4, 288
	130, 289
	46, 289
	249, 289
	126, 289
	198, 289
	189, 290
	154, 290
	94, 290
	8, 290
	108, 290
	131, 291
	67, 291
	46, 291
	126, 291
	201, 292
	-2, 292
	103, 292
	40, 292
	86, 293
	22, 293
	39, 293
	171, 294
	274, 294
	16, 294
	234, 294
	114, 294
	216, 295
	199, 295
	14, 295
	181, 295
	251, 296
	220, 296
	205, 296
	146, 296
	145, 297
	50, 297
	9, 297
	143, 298
	190, 298
	83, 298
	24, 298
	27, 299
	15, 299
	7, 299
	216, 299
	65, 300
	15, 300
	4, 300
	-4, 301
	159, 301
	243, 302
	297, 302
	9, 302
	277, 302
	78, 302
	-3, 303
	225, 303
	34, 304
	143, 305
	188, 305
	18, 305
	120, 306
	2, 306
	284, 306
	187, 306
	220, 307
	117, 307
	280, 307
	74, 308
	166, 308
	58, 308
	88, 308
	206, 308
	198, 309
	51, 309
	263, 309
	31, 309
	41, 309
	130, 309
	240, 310
	18, 310
	305, 310
	181, 311
	28, 311
	216, 311
	295, 311
	230, 311
	126, 312
	249, 312
	291, 312
	176, 312
	67, 312
	-2, 313
	264, 313
	253, 313
	310, 313
	106, 314
	117, 314
	307, 314
	204, 314
	207, 314
	288, 315
	-4, 315
	226, 315
	141, 315
	117, 316
	202, 316
	280, 316
	307, 316
	2, 317
	-3, 317
	98, 317
	187, 317
	306, 317
	303, 317
	258, 318
	207, 318
	75, 318
	59, 318
	243, 319
	302, 319
	145, 319
	250, 319
	297, 319
	52, 320
	35, 320
	304, 320
	34, 320
	152, 321
	230, 321
	311, 321
	181, 321
	158, 321
	24, 322
	298, 322
	167, 322
	104, 323
	114, 323
	144, 323
	143, 323
	188, 323
	62, 323
	65, 324
	23, 324
	250, 324
	4, 324
	-1, 325
	137, 325
	74, 326
	86, 326
	272, 326
	292, 327
	201, 327
	40, 327
	80, 327
	125, 327
	237, 328
	127, 328
	135, 328
	259, 328
	41, 328
	155, 329
	-1, 329
	325, 329
	69, 329
	106, 330
	204, 330
	84, 331
	233, 331
	59, 331
	318, 331
	254, 331
	75, 331
	111, 331
	92, 332
	78, 332
	283, 332
	243, 332
	303, 333
	-3, 333
	163, 333
	153, 333
	225, 333
	173, 334
	296, 334
	278, 334
	205, 334
	67, 335
	57, 335
	120, 335
	71, 335
	89, 335
	25, 336
	21, 336
	300, 336
	92, 337
	14, 337
	66, 337
	101, 337
	84, 337
	64, 337
	110, 338
	99, 338
	248, 338
	113, 338
	202, 338
	165, 339
	-3, 339
	108, 339
	121, 339
	17, 340
	111, 340
	197, 340
	222, 341
	204, 341
	272, 341
	166, 341
	30, 341
	183, 341
	330, 341
	64, 342
	92, 342
	332, 342
	283, 342
	13, 342
	167, 343
	304, 343
	256, 344
	-3, 344
	255, 344
	61, 344
	210, 345
	161, 345
	288, 345
	-4, 345
	236, 345
	274, 346
	171, 346
	229, 346
	169, 346
	172, 347
	177, 347
	146, 347
	296, 347
	205, 347
	147, 348
	343, 348
	167, 348
	76, 348
	317, 349
	98, 349
	303, 349
	225, 349
	340, 350
	197, 350
	22, 350
	34, 351
	161, 351
	35, 351
	320, 351
	345, 351
	236, 351
	211, 351
	314, 352
	106, 352
	59, 352
	207, 352
	318, 352
	173, 353
	334, 353
	296, 353
	220, 353
	160, 353
	112, 353
	67, 354
	291, 354
	203, 354
	57, 354
	131, 354
	109, 355
	332, 355
	92, 355
	337, 355
	14, 355
	144, 356
	16, 356
	115, 356
	147, 356
	122, 356
	214, 357
	-2, 357
	313, 357
	105, 358
	241, 358
	156, 358
	20, 358
	281, 358
	208, 359
	189, 359
	118, 359
	165, 359
	348, 360
	147, 360
	167, 360
	115, 360
	356, 360
	36, 361
	90, 361
	219, 361
	53, 361
	42, 361
	116, 361
	313, 362
	310, 362
	190, 362
	143, 362
	185, 362
	264, 362
	305, 362
	128, 363
	-1, 363
	60, 363
	107, 363
	37, 363
	298, 364
	83, 364
	322, 364
	77, 364
	218, 364
	304, 365
	36, 365
	270, 365
	320, 365
	52, 365
	68, 366
	271, 366
	194, 366
	26, 366
	140, 366
	314, 367
	307, 367
	222, 367
	204, 367
	251, 367
	341, 368
	272, 368
	340, 368
	330, 368
	156, 369
	20, 369
	216, 369
	299, 369
	28, 369
	192, 369
	27, 369
	260, 370
	-2, 370
	132, 370
	138, 370
	136, 370
	223, 370
	172, 371
	347, 371
	209, 371
	177, 371
	19, 371
	211, 372
	35, 372
	90, 372
	-4, 372
	255, 373
	63, 373
	196, 373
	238, 373
	96, 373
	68, 374
	257, 374
	135, 374
	138, 374
	44, 374
	285, 375
	95, 375
	287, 375
	55, 375
	335, 376
	67, 376
	228, 376
	312, 376
	71, 376
	0, 377
	113, 377
	193, 377
	99, 377
	199, 378
	250, 378
	109, 378
	65, 378
	324, 378
	357, 379
	214, 379
	313, 379
	310, 379
	240, 379
	142, 379
	125, 380
	185, 380
	124, 380
	83, 380
	80, 380
	190, 380
	149, 381
	82, 381
	274, 381
	169, 381
	346, 381
	127, 381
	184, 381
	293, 382
	39, 382
	158, 382
	22, 382
	321, 382
	152, 382
	213, 383
	105, 383
	252, 383
	42, 383
	175, 383
	339, 384
	165, 384
	290, 384
	189, 384
	359, 384
	108, 384
	239, 385
	-4, 385
	21, 385
	25, 385
	72, 385
	121, 386
	108, 386
	94, 386
	203, 386
	170, 386
	-3, 386
	29, 386
	248, 387
	117, 387
	258, 387
	246, 387
	207, 387
	285, 388
	375, 388
	1, 388
	39, 388
	95, 388
	86, 388
	251, 389
	220, 389
	307, 389
	367, 389
	270, 390
	282, 390
	348, 390
	343, 390
	262, 390
	76, 390
	49, 391
	196, 391
	0, 391
	99, 391
	56, 391
	186, 391
	377, 391
	299, 392
	15, 392
	336, 392
	25, 392
	72, 392
	27, 392
	300, 392
	281, 393
	276, 393
	301, 393
	159, 393
	325, 394
	137, 394
	85, 394
	13, 394
	283, 394
	329, 394
	340, 395
	350, 395
	326, 395
	272, 395
	368, 395
	390, 396
	343, 396
	270, 396
	365, 396
	304, 396
	355, 397
	332, 397
	243, 397
	319, 397
	109, 397
	378, 397
	250, 397
	1, 398
	39, 398
	195, 398
	152, 398
	267, 398
	382, 398
	192, 399
	239, 399
	-4, 399
	301, 399
	156, 399
	393, 399
	281, 399
	283, 400
	168, 400
	-1, 400
	325, 400
	137, 400
	242, 401
	69, 401
	394, 401
	329, 401
	85, 401
	6, 402
	191, 402
	206, 402
	5, 402
	151, 402
	19, 402
	233, 403
	13, 403
	85, 403
	64, 403
	342, 403
	374, 404
	68, 404
	366, 404
	26, 404
	135, 404
	97, 405
	48, 405
	37, 405
	-1, 405
	217, 405
	233, 406
	403, 406
	85, 406
	242, 406
	401, 406
	208, 407
	-2, 407
	118, 407
	359, 407
	308, 408
	58, 408
	326, 408
	86, 408
	285, 408
	74, 408
	48, 409
	-1, 409
	275, 409
	179, 409
	242, 410
	215, 410
	233, 410
	406, 410
	75, 410
	258, 410
	371, 411
	19, 411
	402, 411
	206, 411
	209, 411
	312, 412
	376, 412
	278, 412
	228, 412
	176, 412
	343, 413
	167, 413
	304, 413
	34, 413
	77, 413
	322, 413
	364, 413
	88, 414
	235, 414
	234, 414
	224, 414
	5, 414
	151, 414
	345, 415
	288, 415
	315, 415
	141, 415
	210, 415
	87, 415
	340, 416
	368, 416
	111, 416
	59, 416
	106, 416
	330, 416
	295, 417
	14, 417
	378, 417
	109, 417
	199, 417
	98, 418
	45, 418
	112, 418
	349, 418
	225, 418
	265, 418
	160, 418
	174, 418
	326, 419
	86, 419
	22, 419
	350, 419
	293, 419
	395, 419
	49, 420
	186, 420
	225, 420
	163, 420
	418, 420
	265, 420
	148, 421
	21, 421
	129, 421
	38, 421
	4, 421
	23, 421
	300, 421
	336, 421
Mesh Regions: 422
	54, 286, 297, 425, 1011, 1091
	18, 80, 533, 1075, 1130
	0, 122, 684, 731
	1, 15, 191, 206, 210, 238
	9, 42, 669, 767, 1263
	62, 88, 188, 280, 382, 1156, 1220
	7, 30, 156, 279, 1153
	6, 43, 304, 355, 665
	1, 14, 192, 274, 407, 630
	2, 29, 569, 658, 674
	3, 4, 76, 309
	81, 233, 350, 531, 594
	5, 13, 20, 56, 96, 160, 384
	64, 599, 846, 1110, 1160
	45, 104, 250, 650, 818, 905, 1235
	6, 44, 664, 668, 1097
	111, 126, 166, 414, 614, 645, 907
	108, 300, 483, 535, 832
	98, 246, 271, 344, 433, 682, 702
	7, 155, 226, 987, 1158, 1200
	11, 197, 436, 917, 971
	8, 10, 176, 815, 1058, 1260
	200, 298, 641, 877, 1042, 1249
	9, 17, 51, 469, 765, 1264
	40, 114, 163, 216, 662, 755
	10, 52, 814, 1059, 1099
	135, 145, 149, 258, 293, 959, 1167
	53, 283, 663, 976, 1101
	11, 354, 399, 434, 705, 974
	12, 25, 319, 1067
	171, 237, 256, 376, 474, 839
	21, 185, 240, 517, 698
	13, 19, 60, 67, 161
	14, 15, 144, 186, 239, 379, 409
	55, 203, 679, 749, 878, 1212
	33, 75, 339, 747, 880, 989
	22, 32, 71, 546, 928, 952
	16, 38, 358, 945, 1171
	17, 23, 50, 139, 310, 1262
	18, 65, 642, 1040, 1076, 1131
	19, 20, 59, 97, 639, 775
	21, 31, 35, 184, 419, 502, 699, 782
	22, 115, 234, 476, 544, 932, 1048
	23, 24, 49, 306, 372
	79, 142, 150, 153, 500, 1001
	85, 109, 147, 269, 1240
	134, 140, 141, 198, 515, 623, 634
	25, 26, 37, 320, 525
	27, 84, 245, 511, 1170, 1189
	41, 208, 264, 296, 580, 1089, 1253
	28, 29, 48, 170, 375, 657
	30, 31, 36, 157, 278, 302, 696
	32, 33, 72, 746, 955
	34, 73, 370, 931
	35, 36, 87, 178, 281, 421
	127, 448, 606, 611, 619, 1005
	86, 105, 231, 263, 1093
	37, 46, 70, 317, 527, 810, 899
	68, 450, 608, 692, 1184
	99, 107, 740, 791, 887, 1231
	38, 93, 102, 129, 357, 943
	39, 82, 243, 401, 486, 560, 852
	40, 113, 164, 167, 763
	41, 295, 485, 582, 993
	63, 78, 411, 822, 842, 1162
	42, 43, 44, 305, 667, 764, 1018
	45, 91, 249, 536, 543, 819
	46, 633, 713, 809, 896, 1007
	47, 493, 547, 956, 997, 1165
	92, 100, 119, 196, 442, 786, 1149
	48, 49, 50, 51, 169, 373, 471
	123, 252, 392, 603, 812, 1010
	52, 53, 284, 429, 1060, 1100
	54, 83, 289, 362, 424, 509
	214, 551, 690, 770, 1188
	412, 496, 739, 794, 1197
	173, 512, 616, 870, 1088
	55, 204, 337, 364, 949, 1213
	218, 443, 568, 597, 676, 797
	56, 57, 58, 95
	59, 60, 66, 132, 133, 776, 1030
	61, 117, 378, 405, 504
	62, 89, 179, 381, 556, 1033
	130, 276, 366, 661, 947, 1029
	63, 90, 410, 484, 789, 821
	64, 1109, 1152, 1161, 1176
	65, 605, 640, 771, 1078, 1186, 1248
	66, 67, 131, 159, 338, 1227
	68, 187, 325, 416, 449, 693, 1216
	69, 70, 120, 528, 813
	71, 72, 73, 74, 75, 929, 990
	76, 77, 138, 175, 308
	78, 796, 817, 843, 903
	79, 143, 183, 499
	103, 190, 220, 629, 1063
	80, 81, 513, 532, 595, 617, 1003, 1077
	82, 244, 427, 487, 996
	83, 84, 359, 510, 1169
	85, 266, 733, 872, 1239
	86, 106, 110, 824, 1014, 1092
	87, 88, 89, 181, 282
	90, 91, 482, 537, 820
	92, 93, 101, 118, 128, 446, 454
	94, 95, 96, 97, 638
	98, 112, 247, 272, 397, 758
	349, 437, 478, 591, 914, 1046
	99, 321, 718, 787, 886, 1232
	100, 101, 102, 136, 193, 944
	103, 125, 631, 830, 1055, 1062
	104, 901, 1017, 1127, 1237
	105, 106, 230, 314, 584, 823
	107, 108, 481, 795, 833, 1230
	109, 146, 202, 229, 895, 1241
	110, 288, 457, 461, 826, 1012
	111, 112, 165, 225, 395, 647, 759
	113, 114, 168, 215, 908, 926
	115, 367, 477, 566, 933
	315, 327, 459, 688, 719, 727, 1069
	116, 117, 273, 404, 921, 1181
	118, 119, 353, 441, 445
	120, 121, 122, 123, 601, 683, 811
	124, 125, 831, 1061
	126, 127, 172, 612, 620, 910
	128, 129, 287, 360, 453
	130, 131, 132, 335, 365, 1028
	133, 262, 313, 388, 777, 1026
	134, 464, 625, 635, 709
	135, 148, 180, 259, 422, 779, 1037
	136, 137, 194, 941
	138, 139, 174, 311, 1261
	140, 301, 514, 622, 700
	141, 199, 221, 318, 632, 900
	142, 143, 144, 154, 182, 380, 979
	145, 219, 260, 292, 345
	146, 147, 228, 254, 268
	148, 149, 150, 501, 780, 999, 1168
	151, 152, 491, 981
	600, 769, 1108, 1147
	152, 153, 154, 494, 980, 1000
	155, 156, 157, 227, 303, 467
	158, 162, 291, 549, 552, 960
	159, 160, 161, 385, 726, 1225
	162, 290, 341, 352, 431, 555, 1025
	163, 164, 270, 275, 659, 680, 761, 937
	165, 166, 167, 168, 760, 906
	169, 170, 470, 656, 743
	171, 236, 473, 655, 864
	172, 173, 615, 867, 909, 924
	174, 175, 176, 177, 1259
	178, 179, 180, 181, 420, 1032
	182, 183, 184, 185, 186, 241, 503
	187, 188, 324, 1157, 1221
	294, 400, 750, 1044, 1133
	189, 207, 488, 578, 803
	190, 191, 192, 209, 223, 628
	193, 194, 195, 196, 783
	197, 285, 590, 916, 970, 1140
	198, 199, 205, 212, 222, 519
	200, 251, 299, 538, 541, 754, 1041
	201, 368, 567, 671, 1106
	202, 232, 371, 587, 894, 1245
	203, 204, 336, 854, 879
	205, 206, 211, 242, 518
	207, 208, 383, 579, 802, 1256
	209, 210, 211, 212, 224
	213, 330, 828, 922, 1051
	214, 257, 326, 331, 550, 691, 838
	215, 216, 757, 847, 869, 925, 1210
	217, 218, 571, 598, 1144
	219, 248, 261, 346, 393, 861, 1035
	220, 221, 222, 223, 224, 316, 1065
	225, 396, 557, 643, 859
	226, 227, 235, 322, 465, 862, 983
	228, 229, 253, 572, 805, 890
	230, 231, 232, 265, 523, 583, 1246
	233, 234, 348, 545, 592, 1049
	235, 323, 466, 573, 712, 1208
	236, 237, 255, 334, 863, 986
	238, 239, 240, 241, 242, 516
	243, 244, 245, 426, 507, 561, 1192
	246, 247, 248, 343, 394
	249, 250, 251, 542, 651, 704, 753
	252, 253, 254, 267, 391, 574, 602
	255, 256, 257, 332, 840
	258, 259, 260, 261, 1038
	262, 277, 389, 522, 938, 1027
	263, 264, 265, 524, 1094, 1254
	266, 267, 268, 269, 604, 686, 734
	270, 271, 272, 681, 762
	273, 274, 406, 627, 920, 1053
	275, 276, 277, 660, 936, 1031
	278, 279, 280, 281, 282, 1154
	283, 284, 285, 428, 975, 1136
	286, 287, 288, 289, 361, 455, 1013
	290, 291, 292, 293, 342, 958
	294, 347, 398, 438, 529, 1132
	295, 296, 297, 423, 994, 1090
	298, 299, 300, 534, 834, 876
	301, 302, 303, 468, 626, 695
	304, 305, 356, 649, 1015, 1238
	306, 307, 308, 309, 310, 311
	312, 313, 390, 636, 774
	314, 315, 458, 585, 728, 827
	316, 317, 318, 319, 320, 898, 1064
	321, 377, 721, 788, 836, 964
	322, 323, 576, 654, 808, 866
	324, 325, 326, 333, 694, 1155, 1202
	327, 497, 722, 738, 888, 1072
	328, 329, 330, 919, 1179
	331, 332, 333, 334, 985, 1203
	335, 336, 337, 338, 363, 853, 1226
	339, 340, 417, 884, 988
	341, 342, 343, 344, 345, 346, 432
	347, 348, 349, 350, 439, 530, 1045
	351, 352, 554, 911, 1021
	353, 440, 444, 452, 495, 1194
	354, 355, 356, 648, 666, 706, 972
	357, 358, 359, 360, 361, 362, 1173
	363, 364, 365, 366, 950
	367, 368, 369, 370, 565, 930
	371, 472, 586, 653, 687, 893, 1080
	372, 373, 374, 375
	376, 377, 475, 835, 963
	378, 379, 380, 408, 506, 982
	381, 382, 413, 558, 1219
	383, 678, 804, 874, 1243, 1255
	384, 385, 386, 725
	387, 388, 389, 390, 480, 520
	391, 392, 575, 1008, 1207
	393, 394, 395, 396, 397, 860
	398, 399, 400, 435, 708, 751
	401, 402, 403, 563
	404, 405, 406, 407, 408, 409
	410, 411, 412, 790, 1159, 1174, 1195
	413, 414, 415, 559, 613, 646, 1218
	415, 416, 447, 609, 1217
	417, 418, 857, 883
	419, 420, 421, 422, 778
	423, 424, 425, 426, 427, 508, 995
	428, 429, 430, 1056, 1137
	431, 432, 433, 701, 1024
	434, 435, 436, 437, 438, 439, 915
	440, 441, 442, 1148, 1177, 1193
	443, 672, 741, 799, 1125
	444, 445, 446, 451, 456, 462
	447, 448, 449, 450, 607, 610
	451, 452, 463, 498, 1071
	453, 454, 455, 456, 457, 460
	458, 459, 460, 461, 462, 463, 825, 1068
	464, 465, 466, 467, 468, 624, 710
	469, 470, 471, 744, 766, 1016, 1129
	472, 473, 474, 475, 652, 965, 1079
	476, 477, 478, 564, 588, 1047
	479, 480, 521, 716
	481, 482, 483, 484, 539, 793
	485, 486, 487, 490, 581, 851, 992
	488, 489, 490, 577, 849
	491, 492, 493, 494, 998
	495, 496, 497, 498, 737, 1070, 1198
	499, 500, 501, 502, 503, 781
	504, 505, 506, 977
	507, 508, 509, 510, 511
	512, 513, 596, 618, 1087
	514, 515, 516, 517, 518, 519, 697
	520, 521, 522, 715, 939
	523, 524, 1244, 1258
	525, 526, 527, 528
	529, 530, 531, 532, 533, 1134
	534, 535, 536, 537, 538, 539, 540
	540, 541, 542, 543
	544, 545, 546, 593, 953, 1083, 1120
	547, 548, 549, 957
	550, 551, 772, 837, 967, 1116
	552, 553, 554, 555
	556, 557, 558, 559, 644, 858, 1034
	560, 561, 562, 563, 1191
	564, 565, 566, 567, 589, 1104
	568, 569, 570, 571, 675
	572, 573, 574, 575, 576, 807, 1206
	577, 578, 579, 580, 581, 582
	583, 584, 585, 586, 587, 689, 729
	588, 589, 590, 591, 918, 1103, 1142
	592, 593, 594, 595, 596, 1084
	597, 598, 599, 600, 798, 845, 1111, 1143
	601, 602, 603, 604, 685
	605, 606, 607, 608, 1002, 1073, 1187
	609, 610, 611, 612, 613, 614
	615, 616, 617, 618, 619, 620, 1004
	621, 723, 855, 1223
	622, 623, 624, 625, 626
	627, 628, 629, 630, 631, 1052
	632, 633, 634, 635, 711, 897
	636, 637, 638, 639, 773
	640, 641, 642, 1039, 1251
	643, 644, 645, 646, 647
	648, 649, 650, 651, 707, 1234
	652, 653, 654, 655, 806, 865, 892
	656, 657, 658, 673, 745
	659, 660, 661, 662, 756, 946
	663, 664, 665, 666, 973, 1096
	667, 668, 669, 816, 1102, 1265
	670, 671, 1105, 1139
	672, 673, 674, 675, 676, 742
	677, 678, 736, 800, 873
	679, 748, 848, 951, 1122, 1211
	680, 681, 682, 703, 940
	683, 684, 685, 686, 735
	687, 688, 689, 720, 730, 962, 1081
	690, 691, 692, 693, 694, 1183
	695, 696, 697, 698, 699, 700
	701, 702, 703, 717, 935, 1023
	704, 705, 706, 707, 708, 752
	709, 710, 711, 712, 713, 1009, 1204
	714, 715, 716, 717, 913, 934, 1022
	718, 719, 720, 721, 722, 885, 961
	723, 724, 725, 726, 1224
	727, 728, 729, 730
	731, 732, 733, 734, 735, 736, 871
	737, 738, 739, 740, 792, 889
	741, 742, 743, 744, 745, 1126
	746, 747, 748, 749, 881, 954
	750, 751, 752, 753, 754, 1043
	755, 756, 757, 948, 1214
	758, 759, 760, 761, 762, 763
	764, 765, 766, 767, 1019
	768, 769, 785, 1107, 1146
	770, 771, 772, 1115, 1185, 1247
	773, 774, 775, 776, 777
	778, 779, 780, 781, 782
	783, 784, 785, 786, 1112, 1151
	787, 788, 841, 969, 1233
	789, 790, 791, 792, 793, 794, 795
	796, 797, 798, 799, 844, 902, 1124
	800, 801, 802, 803, 804
	805, 806, 807, 808, 891
	809, 810, 811, 812, 813, 1006
	814, 815, 816, 1098, 1266
	817, 818, 819, 820, 821, 822, 904
	823, 824, 825, 826, 827
	828, 829, 830, 831, 1050
	832, 833, 834, 875, 968, 1113, 1228
	835, 836, 837, 838, 839, 840, 841, 966
	842, 843, 844, 845, 846, 1163
	847, 848, 868, 1086, 1119, 1209
	849, 850, 851, 852
	853, 854, 855, 856, 857, 882, 1222
	858, 859, 860, 861, 1036
	862, 863, 864, 865, 866, 984
	867, 868, 869, 870, 923, 1085
	871, 872, 873, 874, 1242
	875, 876, 877, 1114, 1250
	878, 879, 880, 881, 882, 883, 884
	885, 886, 887, 888, 889
	890, 891, 892, 893, 894, 895
	896, 897, 898, 899, 900
	901, 902, 903, 904, 905, 1123
	906, 907, 908, 909, 910, 927
	911, 912, 913, 1020
	914, 915, 916, 917, 918
	919, 920, 921, 922, 1054, 1182
	923, 924, 925, 926, 927
	928, 929, 930, 931, 932, 933
	934, 935, 936, 937, 938, 939, 940
	941, 942, 943, 944, 945
	946, 947, 948, 949, 950, 1215
	951, 952, 953, 954, 955, 1121
	956, 957, 958, 959, 960, 1166
	961, 962, 963, 964, 965, 1082
	966, 967, 968, 969, 1117, 1229
	970, 971, 972, 973, 974, 975, 976
	977, 978, 979, 980, 981, 982
	983, 984, 985, 986, 987, 1199
	988, 989, 990, 991
	992, 993, 994, 995, 996
	997, 998, 999, 1000, 1001, 1164
	1002, 1003, 1004, 1005, 1074
	1006, 1007, 1008, 1009, 1010, 1205
	1011, 1012, 1013, 1014, 1095
	1015, 1016, 1017, 1018, 1019, 1128, 1236
	1020, 1021, 1022, 1023, 1024, 1025
	1026, 1027, 1028, 1029, 1030, 1031
	1032, 1033, 1034, 1035, 1036, 1037, 1038
	1039, 1040, 1041, 1042, 1043, 1044, 1135
	1045, 1046, 1047, 1048, 1049
	1050, 1051, 1052, 1053, 1054, 1055
	1056, 1057, 1058, 1059, 1060
	1061, 1062, 1063, 1064, 1065, 1066, 1067
	1068, 1069, 1070, 1071, 1072
	1073, 1074, 1075, 1076, 1077, 1078
	1079, 1080, 1081, 1082
	1083, 1084, 1085, 1086, 1087, 1088, 1118
	1089, 1090, 1091, 1092, 1093, 1094, 1095
	1096, 1097, 1098, 1099, 1100, 1101, 1102
	1103, 1104, 1105, 1106, 1141
	1107, 1108, 1109, 1110, 1111, 1112, 1150
	1113, 1114, 1115, 1116, 1117, 1252
	1118, 1119, 1120, 1121, 1122
	1123, 1124, 1125, 1126, 1127, 1128, 1129
	1130, 1131, 1132, 1133, 1134, 1135
	1136, 1137, 1138, 1139, 1140, 1141, 1142
	1143, 1144, 1145, 1146, 1147
	1148, 1149, 1150, 1151, 1152, 1178
	1153, 1154, 1155, 1156, 1157, 1158, 1201
	1159, 1160, 1161, 1162, 1163, 1175
	1164, 1165, 1166, 1167, 1168
	1169, 1170, 1171, 1172, 1173
	1174, 1175, 1176, 1177, 1178, 1196
	1179, 1180, 1181, 1182
	1183, 1184, 1185, 1186, 1187, 1188
	1189, 1190, 1191, 1192
	1193, 1194, 1195, 1196, 1197, 1198
	1199, 1200, 1201, 1202, 1203
	1204, 1205, 1206, 1207, 1208
	1209, 1210, 1211, 1212, 1213, 1214, 1215
	1216, 1217, 1218, 1219, 1220, 1221
	1222, 1223, 1224, 1225, 1226, 1227
	1228, 1229, 1230, 1231, 1232, 1233
	1234, 1235, 1236, 1237, 1238
	1239, 1240, 1241, 1242, 1243, 1244, 1245, 1246, 1257
	1247, 1248, 1249, 1250, 1251, 1252
	1253, 1254, 1255, 1256, 1257, 1258
	1259, 1260, 1261, 1262, 1263, 1264, 1265, 1266
Seed Numbers: 422
	0
	1
	2
	3
	4
	5
	6
	7
	8
	9
	10
	11
	12
	13
	14
	15
	16
	17
	18
	19
	20
	21
	22
	23
	24
	25
	26
	27
	28
	29
	30
	31
	32
	33
	34
	35
	36
	37
	38
	39
	40
	41
	42
	43
	44
	45
	46
	47
	48
	49
	50
	51
	52
	53
	54
	55
	56
	57
	58
	59
	60
	61
	62
	63
	64
	65
	66
	67
	68
	69
	70
	71
	72
	73
	74
	75
	76
	77
	78
	79
	80
	81
	82
	83
	84
	85
	86
	87
	88
	89
	90
	91
	92
	93
	94
	95
	96
	97
	98
	99
	100
	101
	102
	103
	104
	105
	106
	107
	108
	109
	110
	111
	112
	113
	114
	115
	116
	117
	118
	119
	120
	121
	122
	123
	124
	125
	126
	127
	128
	129
	130
	131
	132
	133
	134
	135
	136
	137
	138
	139
	140
	141
	142
	143
	144
	145
	146
	147
	148
	149
	150
	151
	152
	153
	154
	155
	156
	157
	158
	159
	160
	161
	162
	163
	164
	165
	166
	167
	168
	169
	170
	171
	172
	173
	174
	175
	176
	177
	178
	179
	180
	181
	182
	183
	184
	185
	186
	187
	188
	189
	190
	191
	192
	193
	194
	195
	196
	197
	198
	199
	200
	201
	202
	203
	204
	205
	206
	207
	208
	209
	210
	211
	212
	213
	214
	215
	216
	217
	218
	219
	220
	221
	222
	223
	224
	225
	226
	227
	228
	229
	230
	231
	232
	233
	234
	235
	236
	237
	238
	239
	240
	241
	242
	243
	244
	245
	246
	247
	248
	249
	250
	251
	252
	253
	254
	255
	256
	257
	258
	259
	260
	261
	262
	263
	264
	265
	266
	267
	268
	269
	270
	271
	272
	273
	274
	275
	276
	277
	278
	279
	280
	281
	282
	283
	284
	285
	286
	287
	288
	289
	290
	291
	292
	293
	294
	295
	296
	297
	298
	299
	300
	301
	302
	303
	304
	305
	306
	307
	308
	309
	310
	311
	312
	313
	314
	315
	316
	317
	318
	319
	320
	321
	322
	323
	324
	325
	326
	327
	328
	329
	330
	331
	332
	333
	334
	335
	336
	337
	338
	339
	340
	341
	342
	343
	344
	345
	346
	347
	348
	349
	350
	351
	352
	353
	354
	355
	356
	357
	358
	359
	360
	361
	362
	363
	364
	365
	366
	367
	368
	369
	370
	371
	372
	373
	374
	375
	376
	377
	378
	379
	380
	381
	382
	383
	384
	385
	386
	387
	388
	389
	390
	391
	392
	393
	394
	395
	396
	397
	398
	399
	400
	401
	402
	403
	404
	405
	406
	407
	408
	409
	410
	411
	412
	413
	414
	415
	416
	417
	418
	419
	420
	421
Phase Numbers: 422
	2
	2
	1
	3
	2
	3
	2
	2
	0
	2
	2
	1
	3
	2
	0
	2
	0
	0
	2
	3
	3
	3
	2
	2
	2
	3
	1
	2
	3
	3
	3
	3
	3
	3
	2
	3
	2
	3
	0
	2
	2
	2
	2
	2
	3
	3
	1
	2
	0
	2
	0
	2
	0
	2
	2
	3
	1
	3
	2
	3
	2
	1
	2
	3
	2
	2
	3
	3
	2
	2
	3
	2
	3
	3
	3
	2
	3
	2
	3
	2
	1
	2
	0
	0
	2
	3
	2
	3
	2
	2
	2
	2
	3
	2
	2
	2
	0
	0
	1
	3
	0
	0
	3
	3
	0
	2
	2
	3
	2
	3
	1
	2
	1
	3
	2
	2
	2
	3
	2
	3
	3
	3
	2
	3
	3
	3
	1
	3
	2
	2
	2
	3
	2
	1
	3
	2
	2
	0
	2
	2
	0
	2
	3
	2
	2
	2
	2
	2
	3
	3
	2
	3
	0
	3
	3
	0
	2
	3
	2
	0
	2
	3
	2
	3
	2
	2
	3
	3
	3
	0
	3
	2
	3
	3
	3
	3
	3
	2
	3
	3
	3
	0
	3
	2
	0
	1
	2
	1
	2
	2
	3
	2
	0
	2
	1
	2
	0
	3
	3
	3
	3
	1
	2
	3
	3
	2
	2
	0
	3
	3
	3
	2
	3
	3
	2
	1
	3
	3
	3
	3
	3
	2
	2
	2
	3
	3
	2
	0
	2
	3
	2
	0
	3
	3
	3
	1
	1
	2
	3
	0
	3
	2
	1
	1
	3
	0
	2
	1
	3
	1
	3
	2
	3
	3
	1
	2
	3
	2
	3
	3
	3
	0
	3
	1
	2
	3
	2
	2
	3
	2
	3
	0
	3
	3
	2
	1
	2
	3
	1
	3
	3
	2
	3
	3
	2
	3
	1
	2
	1
	3
	2
	2
	3
	2
	3
	1
	0
	2
	2
	3
	2
	3
	2
	3
	3
	3
	1
	2
	3
	2
	3
	2
	3
	3
	3
	2
	3
	2
	2
	3
	2
	3
	3
	2
	3
	2
	3
	2
	2
	3
	2
	0
	3
	3
	3
	2
	2
	3
	0
	3
	1
	3
	3
	2
	2
	2
	2
	1
	2
	2
	3
	2
	2
	3
	0
	3
	1
	3
	3
	3
	2
	1
	3
	0
	3
	3
	3
	1
	3
	2
	2
	2
	2
	2
	2
	3
	3
	3
	3
	0
	2
	2
	2
	3
	3
	0
	2
	2
	1
	2
	1
	2
	3
	3
	2
	2
	1
	2
	2
	3
	3
	3
	0
	3
	3
	3
	3
	2
	2
	2
	3
	3
	2
	3
	0
	2
	1
	2
	3
	3
	2
	2
Volumes: 422
	0.00224326959003761
	0.0023457298005120832
	0.0016231718021803296
	0.002427097435341828
	0.0030496152242724716
	0.003239817242272347
	0.002338873216389298
	0.0024058186807747127
	0.0025650509162213615
	0.0011372866229607914
	0.0016889621184565098
	0.0021265744155643893
	0.0018150943954648362
	0.0021845413603528434
	0.0029589385542757914
	0.0024996409517715834
	0.003218889728967431
	0.001524800173915748
	0.0021979430530235647
	0.001986862195704284
	0.002363671708268128
	0.0029212160619052152
	0.0031368488436067637
	0.0028306879287805686
	0.002226036017828977
	0.002808582406379701
	0.0030199035836864546
	0.0019479407109975265
	0.0025417515667288
	0.0016866044595261957
	0.0022159897495970964
	0.0025521162165890047
	0.0017752594447389425
	0.0031369852543639823
	0.0025621201784455355
	0.002685953390447033
	0.003143907793813718
	0.002134481186537159
	0.00315590136534848
	0.0022411797563038002
	0.002407473286572092
	0.0038627878132990673
	0.002882469819519982
	0.0023153102379671305
	0.0022923872137234247
	0.0017746894433035127
	0.002383333362360685
	0.0031650148353541347
	0.0017255796447759148
	0.0029409320219522723
	0.0011034096024937397
	0.0035932602065539207
	0.0016289013455540653
	0.0010350228569899994
	0.002855396444357442
	0.0027128242750766975
	0.0023583301167632996
	0.002175674774218472
	0.002346744784215999
	0.002461910651344589
	0.002673030658070616
	0.0024588883239946217
	0.001878235895881946
	0.002471954187134825
	0.0019651603679252537
	0.003277282929291838
	0.0025094838484460967
	0.0023136134028520737
	0.0018266503156944482
	0.0031901046687076305
	0.0027892282814060204
	0.0021962739647786
	0.00237960840228796
	0.0027169938282390425
	0.0022947884424136724
	0.0023657556791466996
	0.0016784545388789304
	0.003169207741271045
	0.002591946063258185
	0.0009244505994301261
	0.0027060705522855243
	0.0027069902554253964
	0.0027766841610131526
	0.0024369122153793713
	0.002282728648910007
	0.0018755309736740154
	0.0028539353493318735
	0.002346772723707536
	0.002670073260417683
	0.0027462481969073964
	0.0022722050729676833
	0.001890181200350578
	0.0024067197060256467
	0.0020260045838289527
	0.0019487406745664414
	0.0024091124391911003
	0.0025337076286464995
	0.001917293771919524
	0.002453566015950779
	0.0016760495928534816
	0.0021748908086915903
	0.0021671538758815845
	0.0027781808947503284
	0.0011902742847954737
	0.0022440438838477314
	0.0018627520297986486
	0.00166936802114419
	0.0026215173847243915
	0.0022043201449433525
	0.0022648155356765924
	0.002486420449328672
	0.002054141900151403
	0.002725823706366778
	0.0026011077751575515
	0.0030255772003855057
	0.0023543562340790566
	0.00231485756564678
	0.003103438323586994
	0.003003263551991131
	0.002254319893001526
	0.0030501463198880593
	0.0014414391010056683
	0.0021943648616606134
	0.0032064077352757627
	0.00218927040513372
	0.002399835721111396
	0.001539682025820892
	0.003207633289533895
	0.0012801562693635147
	0.0021792732026881785
	0.002657171404862855
	0.0029222017831324635
	0.0030299151485698957
	0.0018858004998157205
	0.0017381065312200373
	0.002551391235205307
	0.0015308326770715295
	0.0018592637960244392
	0.002699382022017607
	0.0029621264982571203
	0.0025535652362890728
	0.0016639304282440033
	0.0027401363281136897
	0.0030878255116969706
	0.002018359723469873
	0.002474781142809574
	0.002405036526955176
	0.0025598755685038864
	0.0022411544246798525
	0.0024487554235033196
	0.0025284003448934776
	0.002466151880977921
	0.0024605684834253126
	0.00286103781673313
	0.0016521093412159564
	0.0022822677821475634
	0.002811282362850714
	0.0028529236576387133
	0.003079511744448451
	0.0011359515284149278
	0.003212767258259689
	0.0021332637205880656
	0.0024356293799843182
	0.0028821860513342295
	0.0025892639196731463
	0.0029187562786968883
	0.003253720558156721
	0.0028720036824863644
	0.0017895259108944262
	0.0025742975583444697
	0.0026490701994009522
	0.0018588972579844563
	0.003449625367315334
	0.002488080207916175
	0.0030258410757155038
	0.00309547583458947
	0.002824085186293698
	0.002298352153162574
	0.0019228129999394202
	0.0027994415983431165
	0.0015959495046215318
	0.0026263971371504966
	0.0024618720871199904
	0.0016752142113369084
	0.002985950346796863
	0.0026496918020367383
	0.0020109686483266234
	0.0029149033345611877
	0.001837433728182414
	0.002475420637666308
	0.0019404337148761239
	0.0025254149622795418
	0.0024673906851576206
	0.002895002579854457
	0.0032436316131374274
	0.0027806346181116965
	0.0019031743238886374
	0.0028113691472858747
	0.0030249663628545117
	0.0019069838892833114
	0.0024374604387022054
	0.0014076954003308167
	0.0024106266183818543
	0.003069592640172375
	0.0017535918498885784
	0.003020920978004352
	0.003554400924227925
	0.002765845042735432
	0.0021672758588792956
	0.0023213592162654186
	0.0023760333114543637
	0.0011197353097932342
	0.0025891732994633623
	0.003182988951224051
	0.0010332395243648825
	0.002038069619543806
	0.0029314960478036543
	0.0034627210566751773
	0.0015016101165446268
	0.0017741914499434677
	0.002824505904167481
	0.0009925231339246385
	0.0018687106473979339
	0.0022829279918449475
	0.0022605479281064805
	0.0026763016528379225
	0.001192357610131144
	0.001943922507336912
	0.0017972282601238098
	0.0023126601446143195
	0.003171229863787564
	0.0012559354901128896
	0.002843207758961846
	0.0024090870875654617
	0.0019927052273884032
	0.0025270994691340464
	0.002184601999407016
	0.001958319258939081
	0.0025218062498471557
	0.0025261933465928095
	0.0019531557179894507
	0.0026592916855426208
	0.0018832738932813339
	0.002438079057953222
	0.0026220290966256243
	0.002249633357210812
	0.0018116574711642998
	0.0030749607435568327
	0.0028046405293927733
	0.003295897972910999
	0.0032002679237651825
	0.002828129888833659
	0.0026618115186541184
	0.0007944765460873174
	0.002404042070995707
	0.0021758306180295834
	0.002527852673303275
	0.0012190414789715
	0.0028186598960133796
	0.0026148592565006443
	0.0010444904547188866
	0.0016943642791967637
	0.001803014188914901
	0.0025241022314017813
	0.0018775374829989781
	0.0023906048106593606
	0.0030251893433681084
	0.0026284804413396847
	0.002637404378476786
	0.0017837636306968334
	0.00280641722290282
	0.001073534692690115
	0.0023036069612538635
	0.0008862615394605529
	0.0021916783697559583
	0.002646109145437758
	0.0022492158814615645
	0.0013717044253457463
	0.0025467248284650784
	0.002916846935524088
	0.003194341965683459
	0.0029176171749579517
	0.0023267125813977068
	0.0027892329936564106
	0.002837751285507451
	0.002725376171947148
	0.001999632094520943
	0.0030183321911931714
	0.0016377272622169919
	0.0020612858452587913
	0.0023893338507817003
	0.0027351198783165526
	0.0015204701892186467
	0.0015713182790689023
	0.002408657321853214
	0.002140842493333626
	0.002830102709881032
	0.0019351987406833865
	0.0019815897042214548
	0.0020814075328598864
	0.0026846559000701454
	0.0009248970250752865
	0.0024054969531125603
	0.0022689620133583446
	0.0021625245297294936
	0.002605579016414293
	0.0022549160399253205
	0.0023137511950139075
	0.0027978776055364797
	0.00288914890908695
	0.0027115607514289768
	0.0026296934199745133
	0.0027057978309726234
	0.0030180211962594437
	0.002379188746522893
	0.0012311014670511984
	0.0016403559500610416
	0.0035944425715359733
	0.002497876493004858
	0.0027137835275431394
	0.0020017075615057257
	0.002839884646666689
	0.0019937934710269963
	0.0026397687718730323
	0.0021906099076273054
	0.001754800418016841
	0.0030507288953124157
	0.002314761439186255
	0.002766503933923233
	0.003532085520099503
	0.0023224496605960174
	0.0025655535521256264
	0.0028916532905705395
	0.0020730101452493812
	0.0017601071882703866
	0.002141621176989821
	0.0020743323656440176
	0.002865172894555143
	0.0016141860606669171
	0.0016100100809481569
	0.002225218759669856
	0.002990913258571124
	0.0021296787282798816
	0.002022539848684936
	0.0021006940509289227
	0.0028839484392615537
	0.001620690539874116
	0.0026157287081765984
	0.00252397944975911
	0.003109060884561676
	0.0020019482960981798
	0.0026873582508941587
	0.0016113745470464368
	0.002118727351807409
	0.0019754211514161034
	0.003311081583126588
	0.0017961029033576276
	0.0012915961140219988
	0.0016388338264576188
	0.0024540370737448523
	0.0014849586270861818
	0.00265055140836
	0.003058705896165241
	0.002217640460362895
	0.0021030940064325487
	0.0021978679039809305
	0.0022970670057864606
	0.0022777280842683823
	0.002309520624378569
	0.0030095404969370217
	0.003131172913753374
	0.0026818132894653526
	0.0011460246120005174
	0.0019134309017636401
	0.0023233584639858113
	0.002743638202069996
	0.0031399564129233047
	0.0018924927045903053
	0.003337158573834484
	0.0026063224835148214
	0.002635963770553191
	0.002939108145356024
	0.0026761539763597653
	0.0019154853298457143
	0.0019006397316058004
	0.001862804964311799
	0.0032871793966317724
	0.0028620186325491355
	0.0023271128714974433
	0.0019077112559017853
	0.002483571013490786
	0.002541184904562401
	0.0018537716453130356
	0.0026756804829734604
	0.0029756672332200834
	0.00219557469759972
	0.0017063042763049397
	0.003196129668104103
	0.0029000655386749357
	0.0032378478212098023
	0.0012609725497929806
	0.0025406614647660213
	0.0032226922659561543
	0.0018684170405591219
	0.002001839302360249
	0.002110775389049668
	0.002378959566943003
	0.0013752125458502233
	0.0022908442169226407
	0.0015599075947314008
	0.0028987577170183393
	0.0028228274528028963
	0.0016932032547110273
	0.0026397197886924733
	0.002122059769670462
	0.0014435350756946586
	0.0018314700991017426
	0.0022375099023224836
	0.0032830685356386516
	0.0024218677293332096
	0.0024083106136704177
	0.0033957159309467985
