Mesh Points: 846
	 5.000000e-01,  1.445877e-01
	 4.749388e-01,  1.243423e-01
	 5.000000e-01,  1.533618e-01
	 4.417124e-01,  1.756854e-01
	 4.588624e-01,  1.866230e-01
	 4.461344e-01,  1.308295e-01
	-8.304237e-02,  2.080635e-01
	-9.635709e-02,  1.762506e-01
	-1.022566e-01,  2.402725e-01
	-1.365939e-01,  2.269896e-01
	-1.324440e-01,  1.831392e-01
	-1.074759e-01,  1.738392e-01
	-4.621968e-01, -2.436060e-01
	-4.619534e-01, -2.525778e-01
	-5.000000e-01, -2.143100e-01
	-5.000000e-01, -2.802376e-01
	-4.913771e-01, -2.802868e-01
	 1.018595e-01, -1.865628e-01
	 6.354043e-02, -1.977291e-01
	 9.084268e-02, -1.417383e-01
	 4.442256e-02, -1.681248e-01
	 4.184884e-02, -1.818271e-01
	-4.457670e-01,  4.590494e-01
	-4.386576e-01,  4.147482e-01
	-4.800310e-01,  3.945404e-01
	-5.000000e-01,  4.506721e-01
	-4.758682e-01,  4.640623e-01
	-5.000000e-01,  4.027974e-01
	-9.070379e-02,  2.979044e-01
	-1.102532e-01,  3.263197e-01
	-5.183056e-02,  3.056142e-01
	-8.479077e-02,  3.603235e-01
	-6.664591e-02,  3.621032e-01
	-4.352040e-02,  3.275454e-01
	-3.812757e-01,  4.261310e-02
	-3.812844e-01,  5.989140e-02
	-4.195550e-01,  2.335588e-02
	-4.269857e-01,  9.288437e-02
	-4.170720e-01,  9.970202e-02
	-4.391681e-01,  4.886962e-02
	-9.934607e-02,  2.708197e-01
	-1.384981e-01,  2.719793e-01
	-1.560949e-01,  3.012258e-01
	-1.183704e-01,  3.273040e-01
	-1.564157e-01,  2.989479e-01
	 4.870914e-01,  2.572653e-01
	 5.000000e-01,  2.533153e-01
	 4.696008e-01,  2.917137e-01
	 4.854673e-01,  3.137113e-01
	 5.000000e-01,  3.138490e-01
	 5.000000e-01, -5.000000e-01
	 5.000000e-01, -4.702685e-01
	 4.585946e-01, -5.000000e-01
	 4.749947e-01, -4.736296e-01
	 5.000000e-01,  4.199824e-01
	 4.612099e-01,  4.200942e-01
	 5.000000e-01,  4.696160e-01
	 4.690152e-01,  4.678195e-01
	 4.543404e-01,  4.504716e-01
	 4.570088e-01,  4.251658e-01
	 7.045798e-02, -4.038233e-01
	 6.746689e-02, -3.538427e-01
	 8.748643e-02, -3.398589e-01
	 9.895534e-02, -3.414145e-01
	 1.092691e-01, -3.789853e-01
	 7.922593e-02, -4.054795e-01
	 2.914001e-01,  2.362439e-01
	 3.124655e-01,  2.715852e-01
	 2.674618e-01,  2.332742e-01
	 2.650380e-01,  2.857688e-01
	 2.930810e-01,  2.969600e-01
	 2.544684e-01,  2.475834e-01
	-1.458570e-01, -1.675784e-01
	-1.665337e-01, -1.682725e-01
	-1.283898e-01, -1.316132e-01
	-1.897006e-01, -1.376578e-01
	-1.789356e-01, -1.177402e-01
	-1.488106e-01, -1.118055e-01
	 4.971843e-02, -2.923426e-01
	 5.978298e-02, -2.477445e-01
	 8.105134e-03, -2.810273e-01
	-4.454115e-03, -2.603312e-01
	 2.136682e-02, -2.374244e-01
	-2.643074e-01,  3.388726e-01
	-2.409576e-01,  3.230116e-01
	-2.944828e-01,  3.306613e-01
	-2.785820e-01,  2.791198e-01
	-2.977347e-01,  2.901330e-01
	-2.528329e-01,  2.896475e-01
	 2.583614e-01, -2.607603e-01
	 2.459027e-01, -2.662189e-01
	 2.277315e-01, -2.619110e-01
	 2.363225e-01, -1.999028e-01
	 2.555259e-01, -1.976743e-01
	 2.090054e-01, -2.330949e-01
	 2.723819e-01, -2.239466e-01
	 3.885028e-01,  2.825670e-01
	 3.864523e-01,  2.812730e-01
	 3.888588e-01,  3.350670e-01
	 3.496879e-01,  3.426206e-01
	 3.770794e-01,  3.445850e-01
	 3.424849e-01,  3.324767e-01
	 3.612114e-01,  2.847906e-01
	-7.527428e-02, -3.105791e-01
	-4.055220e-02, -3.308629e-01
	-9.916914e-02, -3.318693e-01
	-8.747907e-02, -3.617402e-01
	-5.308859e-02, -3.638828e-01
	-4.249401e-02, -3.549669e-01
	 2.347874e-01,  2.489655e-01
	 2.063377e-01,  2.884244e-01
	 2.297774e-01,  3.021863e-01
	-5.000000e-01, -3.374013e-01
	-4.725781e-01, -3.289771e-01
	-5.000000e-01, -3.976792e-01
	-4.460649e-01, -3.564313e-01
	-4.602659e-01, -3.847704e-01
	-3.569490e-01, -4.518685e-01
	-3.329986e-01, -4.222872e-01
	-3.881316e-01, -4.561343e-01
	-3.935935e-01, -3.946327e-01
	-3.727222e-01, -3.839502e-01
	-4.088569e-01, -4.219398e-01
	-3.334506e-01, -4.037391e-01
	-4.414474e-01, -1.847783e-01
	-4.221753e-01, -1.654174e-01
	-5.000000e-01, -1.817721e-01
	-5.000000e-01, -1.416924e-01
	-4.486667e-01, -1.280937e-01
	-2.635691e-01,  5.000000e-01
	-2.651215e-01,  4.728459e-01
	-3.263239e-01,  5.000000e-01
	-2.906031e-01,  4.677486e-01
	 2.885965e-01,  4.052792e-01
	 2.538554e-01,  3.928011e-01
	 2.933880e-01,  4.415718e-01
	 2.332927e-01,  4.172422e-01
	 2.753162e-01,  4.571045e-01
	 2.505687e-01,  3.938632e-01
	 5.668913e-02, -8.279883e-02
	 4.177787e-02, -7.109851e-02
	 9.706633e-02, -6.892777e-02
	 4.353438e-02, -3.316573e-02
	 9.827366e-02, -2.540502e-02
	 4.727776e-01, -1.490945e-01
	 5.000000e-01, -1.043590e-01
	 4.255951e-01, -1.279819e-01
	 4.233567e-01, -1.244687e-01
	 4.296150e-01, -1.003347e-01
	 5.000000e-01, -1.028534e-01
	 4.399452e-01, -9.341116e-02
	-4.011350e-02, -9.348012e-02
	-6.474201e-02, -5.138786e-02
	-4.999236e-02, -1.109504e-01
	-9.911397e-02, -7.248776e-02
	-8.946666e-02, -1.125615e-01
	-2.791625e-01,  4.057646e-01
	-2.782339e-01,  3.953818e-01
	-3.103864e-01,  4.324957e-01
	-3.307121e-01,  4.301594e-01
	-3.338377e-01,  3.766345e-01
	-3.257049e-01,  3.677867e-01
	 9.323862e-02, -1.362102e-01
	 5.652174e-02, -1.084033e-01
	 1.043809e-01, -1.296432e-01
	 1.128113e-01, -8.426416e-02
	-3.580893e-01,  3.204606e-01
	-3.710544e-01,  3.269436e-01
	-3.251552e-01,  3.504110e-01
	-3.868713e-01,  3.688210e-01
	-3.705025e-01,  3.829855e-01
	 4.322193e-01, -4.384119e-01
	 4.178335e-01, -4.488444e-01
	 4.404349e-01, -4.075544e-01
	 4.306513e-01, -3.920029e-01
	 3.982339e-01, -3.879379e-01
	 3.734309e-01, -4.128851e-01
	 3.730383e-01, -4.156772e-01
	 3.977707e-01, -4.464011e-01
	-2.518804e-01, -8.286013e-03
	-2.697039e-01, -2.851788e-02
	-3.108976e-01, -8.360886e-03
	-2.663419e-01,  2.837931e-02
	-3.053167e-01,  2.534545e-02
	 1.655873e-01, -3.358004e-01
	 1.682497e-01, -3.004495e-01
	 2.120622e-01, -3.485502e-01
	 1.775910e-01, -2.922327e-01
	 1.971615e-01, -2.913977e-01
	 2.227150e-01, -3.165234e-01
	 1.388132e-01,  2.974306e-02
	 1.170410e-01,  4.790399e-02
	 1.690053e-01,  3.726385e-02
	 1.162139e-01,  5.282560e-02
	 1.326844e-01,  8.581199e-02
	 1.519767e-01,  9.199320e-02
	 1.846546e-01,  7.086857e-02
	-3.216311e-01,  2.824952e-01
	-3.576589e-01,  3.179164e-01
	-2.134139e-01,  2.072106e-01
	-2.461627e-01,  1.678874e-01
	-2.405575e-01,  2.371967e-01
	-2.754050e-01,  2.299825e-01
	-2.746602e-01,  2.308020e-01
	-2.771877e-01,  2.007006e-01
	 4.322060e-01,  1.766012e-01
	 3.970052e-01,  2.172068e-01
	 4.443362e-01,  2.400176e-01
	 4.484240e-01,  2.379561e-01
	 4.608932e-01,  1.911060e-01
	 4.396490e-01, -5.000000e-01
	 3.723293e-01, -5.000000e-01
	 3.693362e-01, -4.884882e-01
	-1.057376e-01, -4.160896e-01
	-1.167054e-01, -4.635924e-01
	-1.194762e-01, -3.941610e-01
	-1.713242e-01, -4.218582e-01
	-1.679922e-01, -4.352367e-01
	-1.269757e-01, -4.639726e-01
	-3.611024e-01, -2.900681e-01
	-3.570483e-01, -2.504608e-01
	-3.447951e-01, -3.104263e-01
	-3.438050e-01, -2.388109e-01
	-3.072969e-01, -2.456891e-01
	-3.045444e-01, -2.955858e-01
	-2.307196e-01, -3.520049e-01
	-2.296026e-01, -3.920557e-01
	-2.452341e-01, -3.407726e-01
	-2.774888e-01, -3.498820e-01
	-2.786979e-01, -3.954776e-01
	-2.767969e-01, -3.971138e-01
	 4.330374e-02,  3.271677e-01
	 1.271020e-02,  3.051357e-01
	 2.169784e-02,  3.715040e-01
	-1.787848e-03,  3.674017e-01
	 1.493291e-02,  3.747351e-01
	-1.313734e-02,  3.383976e-01
	-2.104685e-01, -2.986897e-01
	-2.409565e-01, -3.090387e-01
	-2.180994e-01, -2.618002e-01
	-2.485473e-01, -2.487494e-01
	-2.617132e-01, -2.897697e-01
	 1.561295e-01, -3.810484e-01
	 1.511196e-01, -3.878370e-01
	 1.576809e-01, -3.442839e-01
	 1.129972e-01, -3.329357e-01
	 1.204792e-01, -2.855904e-01
	 1.162830e-01, -2.798723e-01
	 1.152130e-01, -2.568981e-01
	 1.684502e-01, -2.498578e-01
	 1.527999e-01, -2.419072e-01
	-2.784613e-01, -4.771851e-01
	-2.803150e-01, -5.000000e-01
	-2.271598e-01, -4.837794e-01
	-2.250687e-01, -5.000000e-01
	-5.304674e-02, -4.221455e-01
	-6.154425e-02, -4.626343e-01
	-1.015998e-01, -4.777099e-01
	-3.810534e-01,  4.326747e-01
	-3.457587e-01,  4.389606e-01
	 2.367722e-01,  3.380169e-01
	 1.970280e-01,  3.569625e-01
	 2.237266e-01,  3.530524e-01
	 1.843227e-01,  3.178621e-01
	 2.015065e-01,  2.886926e-01
	 2.454079e-01,  1.117625e-01
	 2.419534e-01,  9.903358e-02
	 2.053961e-01,  8.863883e-02
	 2.210879e-01,  1.488249e-01
	 1.918751e-01,  1.285512e-01
	 2.157813e-01,  1.919975e-01
	 2.152368e-01,  1.903219e-01
	 2.085634e-01,  2.184935e-01
	 1.756542e-01,  2.376737e-01
	 1.480420e-01,  1.957763e-01
	 1.543706e-01,  1.807255e-01
	-3.859419e-01, -2.761591e-02
	-3.983461e-01, -4.683252e-02
	-4.216847e-01,  1.430872e-02
	-4.504361e-01, -1.110941e-02
	-4.158599e-01, -4.991508e-02
	 2.133882e-01, -3.514119e-01
	 2.034704e-01, -3.812412e-01
	-1.750278e-01,  4.545318e-01
	-1.654800e-01,  4.429403e-01
	-1.671241e-01,  5.000000e-01
	-1.204187e-01,  5.000000e-01
	-1.211073e-01,  4.689701e-01
	 1.065504e-01, -2.479397e-01
	 7.037204e-02, -2.407168e-01
	 1.149629e-01, -1.945519e-01
	 2.151124e-01, -4.187141e-01
	 1.916007e-01, -4.346240e-01
	 2.187411e-01, -4.054645e-01
	 1.506971e-01, -4.223753e-01
	 4.248096e-01, -2.630694e-01
	 4.038443e-01, -2.568688e-01
	 4.429235e-01, -3.021719e-01
	 3.788012e-01, -2.977466e-01
	 4.010603e-01, -3.249987e-01
	-3.758535e-01, -7.812364e-02
	-3.442102e-01, -7.302409e-02
	-3.268569e-01, -1.228288e-01
	-3.873434e-01, -1.094384e-01
	-3.760953e-01, -1.335867e-01
	-3.534303e-01, -1.408326e-01
	-3.811921e-01, -5.000000e-01
	-3.906592e-01, -4.627893e-01
	-4.299395e-01, -5.000000e-01
	-4.313129e-01, -4.839152e-01
	-3.816378e-01,  4.329243e-01
	-3.928482e-01,  4.541892e-01
	-3.785160e-01,  5.000000e-01
	-3.394825e-01,  5.000000e-01
	 6.943196e-02, -3.023890e-01
	 5.186133e-02, -2.962043e-01
	 2.678734e-02, -3.351793e-01
	 2.810718e-02, -3.431561e-01
	-3.003345e-01,  1.179292e-01
	-3.534164e-01,  1.253739e-01
	-2.959505e-01,  1.397171e-01
	-3.584378e-01,  1.468528e-01
	-3.275083e-01,  1.784107e-01
	-3.165275e-01,  1.750232e-01
	 3.104321e-01, -1.505759e-01
	 3.355896e-01, -1.063760e-01
	 3.130461e-01, -1.674282e-01
	 3.516865e-01, -1.014572e-01
	 3.793977e-01, -1.344921e-01
	 3.654275e-01, -1.739451e-01
	 3.535879e-01, -1.790534e-01
	 3.195374e-01, -1.734686e-01
	-3.197709e-01, -3.943409e-01
	-3.155163e-01, -3.575299e-01
	-3.506990e-01, -3.289035e-01
	-3.671023e-01, -3.423852e-01
	-3.539237e-01, -1.976812e-01
	-3.917966e-01, -2.011503e-01
	-4.162859e-01, -1.657938e-01
	-3.428614e-01, -1.830454e-01
	 4.823683e-01,  9.092784e-02
	 5.000000e-01,  9.066877e-02
	 2.819964e-01, -1.233772e-01
	 2.536260e-01, -1.276069e-01
	 2.471883e-01, -1.488619e-01
	 2.636494e-01, -1.800986e-01
	-2.124982e-01, -1.416817e-02
	-2.183947e-01, -5.739170e-02
	-2.665232e-01, -5.106023e-02
	 1.958908e-01, -4.595137e-01
	 1.741884e-01, -4.826811e-01
	 1.496175e-01, -4.713109e-01
	 1.475489e-01, -4.256197e-01
	-4.785666e-01,  1.484581e-02
	-4.539083e-01, -1.150562e-02
	-4.707407e-01,  4.831769e-02
	-4.723355e-01,  2.536351e-01
	-4.452752e-01,  2.454272e-01
	-4.810994e-01,  2.844247e-01
	-4.491654e-01,  2.987066e-01
	-4.316827e-01,  2.900118e-01
	 4.016468e-01,  1.555698e-01
	 3.597858e-01,  1.762980e-01
	 3.820112e-01,  2.187383e-01
	 3.840064e-01,  2.198437e-01
	-3.782083e-01,  2.106400e-01
	-3.444632e-01,  2.115984e-01
	-3.970881e-01,  2.457898e-01
	-3.887126e-01,  2.668001e-01
	-3.764440e-01,  2.719010e-01
	-3.364173e-01,  2.540662e-01
	-3.315460e-01,  2.357048e-01
	 3.861280e-01, -1.323611e-02
	 4.065191e-01, -3.493353e-02
	 3.951801e-01, -7.224290e-02
	 3.452756e-01, -4.676448e-02
	 3.613401e-01, -7.870378e-02
	-2.081137e-01, -7.457093e-02
	-2.822136e-01, -7.318317e-02
	-2.435035e-01, -1.093738e-01
	-2.786082e-01, -9.717218e-02
	-2.127185e-01,  4.654370e-01
	-2.422922e-01,  4.513812e-01
	-2.095841e-01,  5.000000e-01
	 2.940224e-01, -8.178951e-02
	 3.196072e-01, -3.669694e-02
	 2.986386e-01, -9.223763e-02
	 2.735137e-01, -2.728890e-02
	 2.490231e-01, -5.236468e-02
	 2.622936e-01,  9.442043e-04
	 2.302518e-01, -2.654702e-03
	 2.261107e-01, -3.938773e-02
	-3.818949e-03,  2.119334e-01
	-2.375590e-02,  2.017610e-01
	-5.097578e-02,  2.199814e-01
	-5.432523e-02,  2.486585e-01
	-2.923505e-02,  2.746671e-01
	-2.308548e-02,  2.739494e-01
	-1.344439e-03,  2.519999e-01
	 1.076948e-01, -4.356122e-01
	 3.959327e-01, -1.904710e-01
	 4.053564e-01, -2.229588e-01
	 3.980527e-01, -2.404892e-01
	 3.511217e-01, -2.313591e-01
	 2.570010e-01, -4.595543e-01
	 2.476745e-01, -4.591265e-01
	 2.761365e-01, -4.485842e-01
	 2.555188e-01, -3.897236e-01
	 2.612838e-01, -3.922879e-01
	 2.813603e-01, -4.327439e-01
	-2.201093e-01,  3.271392e-01
	-2.111207e-01,  3.208956e-01
	-2.073122e-01,  3.645138e-01
	-1.725706e-01,  3.707930e-01
	-1.582594e-01,  3.598941e-01
	-1.719846e-01,  3.226767e-01
	-4.381831e-01,  2.356857e-01
	-4.228452e-01,  2.921128e-01
	 2.742540e-01,  4.621672e-01
	 2.440673e-01,  4.830298e-01
	 2.105435e-01,  4.559577e-01
	 2.159162e-01,  4.224996e-01
	 2.984730e-01,  3.202457e-01
	 2.805527e-01,  3.469900e-01
	 9.878430e-02, -2.459890e-02
	 7.883367e-02,  1.956637e-02
	 1.330232e-01, -1.438893e-02
	-1.729368e-01,  4.184104e-01
	-1.650018e-01,  4.284232e-01
	-2.156439e-01,  4.079976e-01
	-2.425575e-01,  4.484090e-01
	-4.367401e-01, -2.220730e-01
	 4.025199e-02,  2.641572e-01
	 4.325128e-02,  2.630762e-01
	 2.217768e-02,  2.056727e-01
	 4.907050e-02,  2.411157e-01
	 3.026368e-01, -3.056538e-01
	 2.794230e-01, -3.281743e-01
	 2.959769e-01, -2.806652e-01
	 2.451685e-01, -3.079985e-01
	 8.755811e-03, -3.768732e-01
	 6.086839e-02, -4.075611e-01
	-5.801246e-03, -4.192174e-01
	 4.346120e-02, -4.306843e-01
	-6.380355e-02, -4.845693e-02
	-1.228926e-01, -2.959954e-02
	-1.037198e-01, -5.686769e-03
	-1.119630e-01, -6.799631e-02
	-9.926510e-02, -4.669975e-03
	 1.369139e-01,  3.013244e-01
	 1.487028e-01,  2.674745e-01
	 1.534939e-01,  3.224496e-01
	 1.685496e-01,  2.617426e-01
	 3.185993e-01,  5.000000e-01
	 3.486352e-01,  4.518908e-01
	 3.761887e-01,  5.000000e-01
	 3.743449e-01,  4.602249e-01
	-4.689866e-01,  9.458433e-02
	-4.875809e-01,  6.545476e-02
	 2.161871e-01,  1.464252e-02
	 1.922166e-01,  1.339583e-02
	 2.261884e-01,  4.149880e-02
	 1.973590e-01,  7.535322e-02
	-2.208034e-01, -1.959973e-01
	-2.304968e-01, -2.014506e-01
	-2.256225e-01, -1.468844e-01
	-2.850131e-01, -1.758719e-01
	-2.834286e-01, -1.687366e-01
	-2.323191e-01, -1.426006e-01
	-4.385209e-01, -3.554732e-01
	-4.707934e-01, -3.216500e-01
	-4.264634e-01, -2.885091e-01
	-4.098400e-01, -3.245498e-01
	-4.171491e-01, -2.905704e-01
	 1.179336e-01,  4.523027e-01
	 1.424111e-01,  4.585249e-01
	 1.608267e-01,  4.144434e-01
	 9.661930e-02,  4.210526e-01
	 1.352676e-01,  3.873362e-01
	-4.041335e-01,  1.817905e-01
	-4.349052e-01,  1.888462e-01
	-4.412561e-01,  1.988061e-01
	-4.675775e-02, -2.212624e-01
	-9.081881e-02, -2.402920e-01
	-6.578549e-02, -1.739509e-01
	-7.842303e-02, -1.721535e-01
	-1.147406e-01, -2.021358e-01
	-3.411631e-02, -1.504361e-01
	-1.027175e-01, -1.294918e-01
	 5.000000e-01, -2.560745e-01
	 4.866288e-01, -2.563945e-01
	 5.000000e-01, -1.939350e-01
	 4.653734e-01, -2.322487e-01
	 4.664766e-01, -2.385530e-01
	 8.269034e-02,  2.810370e-01
	 1.091252e-01,  3.092710e-01
	 6.934600e-02,  2.827225e-01
	 5.810296e-02,  3.231855e-01
	 9.447928e-02,  3.452090e-01
	-4.095912e-01,  3.189953e-01
	-4.316674e-01,  3.496369e-01
	-4.142213e-01,  3.714282e-01
	 3.263920e-01, -2.428237e-01
	 3.329864e-01, -2.434655e-01
	 3.072013e-01, -2.227781e-01
	-1.960405e-02,  1.474068e-01
	-7.773276e-03,  1.390046e-01
	-6.550282e-02,  1.262391e-01
	-7.356056e-02,  1.041347e-01
	-3.923047e-02,  8.675283e-02
	-1.584492e-02,  1.002179e-01
	-4.190456e-01,  1.191243e-01
	-4.165930e-01,  1.007660e-01
	-4.540175e-01,  1.531824e-01
	-4.666718e-01,  1.489665e-01
	-4.819460e-01,  1.160556e-01
	 1.143674e-01,  1.460120e-01
	 1.469105e-01,  1.537770e-01
	 8.608391e-02,  1.886458e-01
	 8.832264e-02,  1.935089e-01
	 1.284395e-01,  2.061038e-01
	-1.870412e-01, -2.124875e-01
	-1.931982e-01, -2.033306e-01
	-1.535514e-01, -2.226882e-01
	-1.221845e-01, -2.006309e-01
	-2.215792e-01, -4.737614e-01
	-2.281139e-01, -4.347791e-01
	-2.931914e-01, -4.599737e-01
	-2.931844e-01, -4.595267e-01
	-2.715940e-01, -4.308132e-01
	-3.642918e-01,  3.138762e-02
	-3.625957e-01, -1.936562e-02
	 2.485311e-01, -3.629657e-01
	 2.976246e-01,  1.256857e-01
	 2.881570e-01,  1.334321e-01
	 2.793938e-01,  1.622418e-01
	 2.831204e-01,  1.717584e-01
	 3.194176e-01,  1.931224e-01
	 3.540225e-01,  1.736406e-01
	 3.426398e-01,  1.340722e-01
	 3.300458e-01,  1.246126e-01
	 3.371842e-01, -4.327377e-01
	 3.096174e-01, -3.754532e-01
	 3.396068e-01, -3.646190e-01
	 3.097916e-01, -4.160686e-01
	 3.438775e-01, -3.662790e-01
	-2.028390e-01,  4.144708e-02
	-1.964816e-01,  4.522384e-02
	-2.345340e-01,  5.419961e-02
	-2.293481e-01,  1.019039e-01
	-1.782223e-01,  1.067731e-01
	-1.746368e-01,  1.050341e-01
	-2.459258e-01,  1.647897e-01
	-2.028677e-01,  1.470194e-01
	-2.376232e-01,  1.104858e-01
	-2.319933e-01,  1.485913e-01
	 7.699340e-02,  8.335342e-02
	 7.293664e-02,  8.206947e-02
	 4.924733e-02,  4.359677e-02
	 5.054572e-02,  3.007507e-02
	 2.254883e-01,  1.618346e-01
	 2.601152e-01,  2.097414e-01
	-5.000000e-01,  1.177086e-01
	-5.000000e-01,  1.644948e-01
	 1.242343e-02,  3.033068e-01
	 3.285243e-01, -4.692903e-01
	 3.188698e-01, -4.739841e-01
	 3.122292e-01, -5.000000e-01
	-4.649930e-02,  3.872653e-01
	-1.864582e-02,  4.340680e-01
	 1.728243e-02,  4.190545e-01
	-4.560944e-02,  4.218340e-01
	-5.105711e-02,  4.117826e-01
	-3.230302e-02,  5.348533e-05
	-7.440056e-02,  2.890184e-02
	-7.362175e-03,  2.799011e-02
	-3.532483e-02,  5.989782e-02
	-1.358964e-02,  5.055913e-02
	 3.330571e-01,  2.677189e-01
	 3.417977e-01,  2.335095e-01
	 4.395658e-01,  2.923955e-01
	 4.281552e-01,  2.816008e-01
	 4.159961e-01,  3.224841e-02
	 4.144439e-01,  3.546158e-02
	 3.860666e-01, -1.202750e-02
	 3.642397e-01,  4.237907e-02
	 3.569529e-01,  1.413870e-02
	-9.104795e-02,  9.596351e-02
	-1.203837e-01,  1.166189e-01
	-8.163584e-02,  1.670124e-01
	 4.343434e-01,  3.709706e-01
	 4.364943e-01,  3.429209e-01
	 4.011319e-01,  3.966543e-01
	 3.937989e-01,  3.927519e-01
	-1.010387e-01,  6.329232e-02
	-1.632006e-01,  1.067563e-01
	-1.580230e-01,  1.113381e-01
	-1.333839e-01,  5.602040e-02
	-1.192584e-01, -3.917952e-01
	-1.186160e-01, -3.241049e-01
	-1.465618e-01, -3.589245e-01
	-1.453803e-01, -3.451423e-01
	-4.103159e-01, -2.859590e-01
	-3.954022e-01, -2.453955e-01
	-4.056412e-01, -2.246429e-01
	-2.234031e-01,  3.880764e-01
	-2.649642e-01,  3.832121e-01
	 5.000000e-01, -4.295531e-01
	 4.822962e-01, -4.281173e-01
	 5.000000e-01, -3.685288e-01
	 4.911014e-01, -3.689703e-01
	 4.704111e-01, -4.063727e-01
	 2.808681e-01,  3.494839e-01
	 3.311522e-01,  3.869904e-01
	 3.141669e-01,  3.855429e-01
	 4.663359e-01, -3.533414e-01
	 4.404725e-01, -3.617130e-01
	 4.648757e-01, -3.073846e-01
	 4.012872e-01, -3.390319e-01
	 7.909456e-02,  2.267960e-01
	 1.057778e-01,  2.520223e-01
	 1.331637e-01,  3.679165e-01
	 7.788235e-02,  4.170844e-01
	 7.040189e-02,  3.827745e-01
	 9.647454e-02,  3.503991e-01
	-1.434360e-01, -8.267278e-02
	-2.489642e-01, -2.479679e-01
	-2.954611e-01, -2.360831e-01
	-2.970377e-01, -1.874302e-01
	 2.710069e-01,  6.636217e-02
	 2.668566e-01,  5.365392e-02
	-2.262358e-01,  2.598303e-01
	-1.986603e-01,  2.656048e-01
	-1.955419e-01,  2.745459e-01
	-3.311427e-01, -5.000000e-01
	-3.274490e-01, -4.837325e-01
	-1.858382e-01, -3.110481e-01
	-1.855920e-01, -3.126686e-01
	-1.976905e-01, -3.412129e-01
	 1.883914e-02, -1.946144e-01
	-2.429613e-02, -1.524879e-01
	 1.281373e-02, -1.299355e-01
	 6.893484e-04, -1.910473e-01
	 2.551152e-02, -1.335470e-01
	 8.520231e-02, -4.748428e-01
	 4.405755e-02, -4.629762e-01
	 1.005017e-01, -4.657645e-01
	-2.852852e-01, -3.454698e-01
	 4.331908e-02,  1.720296e-01
	 4.705744e-01,  7.987208e-02
	 4.432582e-01,  8.441606e-02
	 4.342652e-01,  1.204424e-01
	-4.491708e-03, -8.500303e-02
	 4.393975e-01, -1.817858e-01
	 4.284205e-01, -1.745090e-01
	 4.772055e-01, -1.639950e-01
	 2.792943e-01, -3.306882e-01
	 3.066709e-01, -3.742137e-01
	 8.141063e-03, -3.742602e-01
	 2.545854e-01, -6.923491e-02
	 1.953667e-01, -8.566577e-02
	 1.987202e-01, -4.858625e-02
	 2.363863e-01, -1.029179e-01
	 2.115844e-01, -1.024689e-01
	 3.553257e-02,  1.473528e-01
	 3.166675e-02,  1.438095e-01
	-3.030601e-02,  1.728859e-01
	-3.945089e-01,  1.618858e-01
	-4.545758e-01, -4.452448e-01
	-4.573399e-01, -4.640976e-01
	-5.000000e-01, -4.922370e-01
	-5.000000e-01, -4.145161e-01
	-1.822939e-01, -4.672421e-01
	-2.120355e-01, -4.091314e-01
	-1.941369e-01, -4.073964e-01
	-9.797584e-02,  4.182700e-01
	-1.166707e-01,  4.005778e-01
	-1.166525e-01,  3.981216e-01
	-9.742930e-02,  4.504469e-01
	 4.206411e-01,  5.000000e-01
	 4.150271e-01,  4.664253e-01
	 3.907940e-01,  4.547084e-01
	 1.933687e-01,  4.089198e-01
	 1.873158e-01,  4.731053e-01
	 1.425707e-01,  4.587970e-01
	 4.056637e-01,  4.095454e-01
	 3.403573e-01,  4.411562e-01
	 3.427839e-01,  4.021697e-01
	-4.381681e-01, -9.958938e-02
	-9.733603e-02, -2.652635e-01
	-3.941702e-02, -2.239024e-01
	-1.855448e-02, -2.572946e-01
	-4.035481e-02, -2.820113e-01
	-7.714194e-02, -2.835822e-01
	 3.576584e-01, -2.966945e-01
	 3.336393e-01, -3.118406e-01
	 5.000000e-01, -3.105164e-01
	 4.696624e-01, -3.044951e-01
	-1.845153e-03, -3.124955e-01
	 1.954669e-01,  3.586590e-01
	 1.441423e-01,  3.590344e-01
	-4.315222e-01,  5.000000e-01
	-4.381114e-01,  4.655898e-01
	-4.836148e-01,  5.000000e-01
	 5.000000e-01, -7.242155e-02
	 4.763333e-01, -5.135719e-02
	 4.499945e-01, -5.875490e-02
	 5.000000e-01, -1.783189e-01
	 3.199372e-01,  7.165675e-03
	 3.160781e-01, -3.111256e-02
	 1.634515e-01,  1.343859e-01
	-3.564731e-01,  8.289832e-02
	-3.630557e-01,  1.097062e-01
	 1.471633e-01, -8.182122e-02
	 1.646417e-01, -3.281812e-02
	 1.560789e-01, -9.070218e-02
	 1.661440e-01, -3.261065e-02
	 9.818673e-02,  1.229194e-01
	-1.794994e-01, -3.684668e-01
	 3.942701e-01, -3.494079e-01
	 2.785040e-01,  2.579047e-02
	 3.141532e-01,  1.561630e-02
	-3.126766e-02, -3.189984e-01
	 1.538686e-01, -1.329790e-01
	 1.914008e-01, -1.406033e-01
	 4.410528e-01, -2.120027e-01
	-2.999617e-01, -2.978666e-01
	 1.999185e-01, -2.311018e-01
	 1.189179e-01,  2.498905e-01
	 2.275134e-01, -4.723437e-01
	 2.218224e-01, -5.000000e-01
	 1.790549e-01, -5.000000e-01
	 4.180209e-01,  6.537266e-02
	 3.888889e-01,  9.748301e-02
	 3.902919e-01,  1.090384e-01
	 4.048123e-01,  1.227279e-01
	 1.442995e-01, -1.397270e-01
	 2.531489e-02, -1.629254e-02
	 3.088876e-02,  1.304755e-02
	-1.602823e-01,  1.725370e-01
	-1.733376e-01,  1.760761e-01
	-1.405270e-01,  1.715399e-02
	-7.461342e-02,  2.890128e-02
	-1.448484e-01,  4.053124e-02
	-1.686148e-01, -6.178571e-02
	-1.598883e-01, -2.687413e-02
	 2.033693e-01, -1.701844e-01
	 1.756300e-01, -1.950810e-01
	 1.582207e-01, -1.960897e-01
	 2.045545e-01, -1.636725e-01
	 1.459785e-01, -1.881039e-01
	-4.709686e-01, -2.863377e-02
	-5.000000e-01, -2.141202e-02
	-5.000000e-01,  1.116767e-02
	-1.528854e-01, -2.736603e-01
	-1.544789e-01, -2.742047e-01
	-1.929669e-01, -2.500604e-01
	 1.729258e-02,  7.430787e-02
	 4.068224e-02,  9.769267e-02
	 5.132798e-02,  4.378528e-01
	 7.910693e-02,  4.804611e-01
	-2.076254e-01, -7.472140e-02
	-7.121891e-02,  5.000000e-01
	-6.153114e-02,  4.743272e-01
	-6.699829e-02,  4.620831e-01
	 8.301938e-02, -5.000000e-01
	 3.852525e-02, -4.679189e-01
	 3.273266e-02, -5.000000e-01
	-1.672790e-01, -1.519805e-02
	-2.017038e-01, -5.195659e-03
	 3.445334e-01,  6.808226e-02
	 4.669319e-01, -4.461245e-01
	 1.782435e-02,  4.754970e-01
	-1.210789e-02,  4.717638e-01
	-2.392938e-02,  4.814086e-01
	-2.528996e-02,  5.000000e-01
	 2.993890e-02,  5.000000e-01
	 3.901421e-02,  4.383137e-01
	-1.500929e-01,  3.601309e-01
	 4.298669e-01, -3.401444e-02
	-1.282660e-01, -2.792268e-01
	-3.302586e-01, -5.336513e-02
	-3.345271e-01, -2.931492e-02
	-2.454203e-01,  5.167854e-02
	-2.834745e-01,  9.831397e-02
	-2.928144e-01,  1.010118e-01
	 2.271903e-03, -7.474369e-02
	-8.710739e-03, -3.249079e-02
	-9.526121e-02,  2.598747e-01
	-1.530847e-01,  2.396862e-01
	 9.821607e-02,  1.152217e-01
	-1.626231e-01, -4.906736e-01
	 5.000000e-01,  5.000000e-01
	 4.640175e-01,  5.000000e-01
	-2.642915e-02, -4.938790e-01
	-2.618756e-02, -5.000000e-01
	-9.803512e-02, -5.000000e-01
	 4.375579e-01,  3.418147e-01
	-5.000000e-01, -7.954765e-02
	-4.726203e-01, -6.941309e-02
	-4.443869e-01, -8.164962e-02
	 2.641983e-01, -5.000000e-01
	-2.658319e-02, -2.500882e-02
	 5.000000e-01,  2.038295e-01
	-3.185225e-01,  4.107375e-02
	-3.189156e-01,  6.586825e-02
	-5.000000e-01,  2.926023e-01
	-5.000000e-01,  3.345900e-01
	-4.551517e-01,  3.450058e-01
	-4.672489e-01,  3.506867e-01
	-4.861926e-02, -4.190776e-01
	-1.946449e-01,  2.082685e-01
	-5.000000e-01,  2.339088e-01
	-1.793905e-01,  2.381552e-01
	 5.000000e-01,  3.691878e-01
	 4.622506e-01,  3.952238e-01
	-3.037836e-01, -1.235748e-01
	 2.853669e-01,  7.444400e-02
	 1.110084e-02,  7.427767e-02
	 4.766366e-01,  4.988514e-02
	 4.407536e-01,  2.090877e-02
	 4.516797e-01,  7.632088e-04
	 3.444811e-01,  6.809420e-02
	 3.328556e-01,  6.304190e-02
	 7.547434e-02,  5.000000e-01
	 1.271289e-01, -4.827718e-01
	 1.266830e-01, -5.000000e-01
	 3.179226e-01,  2.125845e-01
	-1.638381e-01, -5.000000e-01
	-5.000000e-01,  2.010264e-01
	-5.000000e-01,  6.519646e-02
	 2.412683e-01,  5.000000e-01
	 1.885561e-01,  5.000000e-01
	-4.279500e-01,  4.099292e-01
	 1.399637e-01,  5.000000e-01
	-5.000000e-01,  5.000000e-01
	 4.897752e-01, -1.172908e-02
	 4.745297e-01,  3.378766e-01
	 2.992481e-01,  5.000000e-01
	 5.000000e-01, -8.523244e-03
	 5.000000e-01,  3.922635e-02
	-4.312495e-01, -4.238865e-01
	 5.000000e-01,  3.674661e-01
	-6.771595e-03, -4.629334e-01
	-1.282820e-02, -4.247083e-01
	-5.000000e-01, -5.000000e-01
Mesh Facets: 1267
	2, 0
	15, 14
	27, 25
	28, 29
	49, 46
	51, 50
	50, 52
	56, 54
	69, 71
	114, 112
	126, 127
	131, 129
	149, 145
	141, 139
	160, 161
	85, 87
	166, 168
	3, 4
	210, 211
	178, 172
	64, 63
	187, 185
	254, 252
	213, 214
	170, 160
	159, 160
	111, 110
	244, 242
	184, 186
	285, 286
	18, 17
	242, 282
	242, 243
	306, 308
	312, 313
	259, 258
	62, 61
	123, 121
	304, 305
	1, 0
	0, 341
	324, 326
	179, 180
	294, 292
	39, 36
	278, 279
	205, 206
	348, 347
	245, 63
	63, 62
	247, 246
	62, 314
	129, 130
	129, 383
	327, 325
	375, 376
	294, 352
	243, 294
	64, 243
	65, 64
	330, 329
	291, 293
	360, 357
	368, 367
	137, 136
	70, 69
	260, 111
	69, 111
	191, 190
	284, 283
	382, 381
	126, 124
	14, 126
	12, 14
	398, 392
	90, 89
	152, 154
	263, 264
	453, 455
	355, 39
	37, 39
	192, 196
	115, 113
	416, 367
	367, 365
	484, 485
	155, 153
	491, 489
	169, 167
	330, 403
	330, 331
	457, 37
	38, 37
	274, 275
	89, 95
	504, 502
	438, 89
	73, 72
	253, 251
	36, 278
	36, 34
	276, 278
	407, 293
	282, 281
	282, 293
	177, 176
	382, 430
	158, 156
	130, 382
	132, 130
	320, 323
	204, 200
	550, 549
	485, 486
	485, 488
	524, 72
	72, 74
	193, 191
	191, 425
	535, 536
	270, 271
	562, 563
	514, 515
	285, 283
	383, 285
	383, 381
	283, 381
	398, 397
	432, 398
	212, 211
	211, 567
	234, 235
	102, 97
	364, 363
	208, 207
	47, 45
	507, 508
	11, 7
	100, 98
	587, 588
	106, 105
	12, 431
	12, 13
	473, 471
	429, 430
	157, 156
	430, 156
	609, 607
	423, 422
	99, 101
	299, 297
	496, 494
	433, 435
	478, 477
	155, 488
	154, 155
	447, 154
	74, 77
	74, 488
	466, 464
	461, 462
	267, 266
	88, 84
	410, 411
	252, 251
	252, 634
	251, 527
	225, 227
	237, 238
	20, 21
	399, 65
	60, 65
	443, 441
	229, 228
	332, 333
	518, 519
	434, 435
	619, 435
	5, 1
	1, 340
	32, 33
	234, 236
	568, 234
	641, 640
	151, 153
	487, 153
	144, 146
	306, 307
	635, 634
	117, 119
	634, 306
	407, 532
	407, 408
	61, 60
	317, 61
	441, 60
	441, 440
	391, 388
	393, 392
	434, 648
	434, 392
	506, 505
	366, 365
	479, 365
	322, 321
	670, 671
	216, 217
	526, 525
	412, 410
	606, 605
	83, 84
	84, 410
	568, 32
	32, 31
	572, 568
	284, 287
	428, 284
	676, 675
	455, 679
	455, 456
	476, 475
	420, 421
	456, 681
	456, 454
	592, 593
	303, 304
	304, 338
	128, 125
	483, 482
	502, 503
	436, 438
	438, 502
	609, 610
	696, 609
	617, 615
	316, 315
	78, 80
	640, 642
	487, 640
	487, 484
	482, 690
	482, 484
	261, 263
	263, 451
	703, 701
	22, 26
	149, 150
	704, 149
	145, 707
	144, 145
	655, 144
	586, 584
	375, 385
	372, 375
	402, 403
	503, 403
	503, 694
	296, 298
	201, 203
	86, 88
	88, 631
	517, 275
	271, 560
	271, 275
	268, 269
	35, 38
	38, 512
	322, 366
	322, 323
	366, 371
	202, 204
	204, 323
	661, 660
	648, 518
	518, 516
	664, 648
	216, 674
	215, 216
	600, 598
	413, 412
	412, 605
	429, 605
	429, 427
	397, 396
	236, 232
	33, 236
	30, 33
	564, 397
	426, 424
	141, 143
	714, 713
	141, 165
	174, 175
	616, 618
	417, 368
	369, 368
	499, 167
	167, 166
	198, 166
	470, 471
	16, 13
	471, 13
	637, 638
	601, 600
	600, 718
	161, 157
	168, 161
	157, 606
	83, 85
	606, 83
	168, 85
	708, 709
	389, 387
	317, 658
	316, 317
	698, 316
	108, 104
	715, 660
	660, 663
	402, 296
	402, 401
	296, 295
	492, 493
	647, 333
	224, 221
	333, 334
	187, 249
	91, 94
	188, 187
	494, 620
	494, 495
	449, 450
	349, 350
	730, 731
	651, 650
	723, 715
	165, 713
	165, 164
	715, 713
	544, 541
	565, 566
	406, 409
	520, 274
	728, 450
	273, 274
	450, 452
	143, 424
	143, 142
	559, 425
	425, 424
	596, 595
	551, 550
	553, 550
	446, 448
	597, 594
	447, 625
	445, 447
	723, 724
	723, 736
	752, 753
	354, 353
	224, 223
	626, 627
	240, 241
	224, 726
	597, 743
	595, 597
	551, 595
	551, 547
	521, 523
	558, 557
	622, 477
	477, 474
	76, 77
	625, 77
	744, 625
	710, 269
	195, 196
	462, 196
	267, 462
	267, 269
	725, 401
	400, 401
	654, 653
	656, 532
	186, 189
	437, 439
	532, 281
	281, 186
	729, 349
	405, 291
	349, 292
	291, 292
	10, 11
	11, 588
	739, 596
	588, 596
	337, 336
	604, 603
	222, 220
	479, 667
	480, 479
	511, 513
	286, 287
	286, 762
	678, 287
	615, 610
	610, 611
	616, 615
	616, 174
	174, 173
	673, 526
	526, 529
	230, 226
	644, 645
	765, 767
	542, 543
	656, 437
	437, 436
	436, 695
	657, 656
	719, 175
	175, 176
	176, 545
	547, 546
	547, 743
	743, 741
	733, 732
	583, 585
	173, 171
	173, 611
	611, 608
	250, 248
	288, 290
	748, 750
	544, 409
	409, 408
	657, 542
	408, 657
	544, 542
	146, 654
	654, 400
	328, 329
	147, 146
	400, 329
	273, 452
	452, 264
	264, 110
	272, 273
	109, 110
	775, 776
	570, 569
	773, 772
	31, 677
	31, 29
	43, 29
	148, 150
	374, 373
	706, 150
	601, 599
	601, 637
	636, 637
	755, 754
	378, 348
	181, 180
	180, 348
	179, 182
	179, 346
	548, 546
	769, 546
	73, 522
	463, 465
	75, 73
	571, 572
	572, 675
	678, 764
	678, 675
	552, 320
	555, 554
	320, 318
	737, 142
	140, 142
	40, 28
	28, 30
	30, 396
	396, 395
	8, 9
	41, 40
	40, 788
	148, 147
	147, 328
	376, 374
	327, 376
	328, 327
	374, 148
	556, 557
	665, 664
	557, 758
	664, 717
	439, 90
	439, 189
	91, 90
	91, 188
	189, 188
	217, 218
	672, 217
	56, 57
	792, 56
	793, 792
	636, 755
	636, 237
	237, 239
	756, 755
	256, 257
	795, 796
	120, 121
	335, 121
	469, 472
	580, 581
	98, 591
	98, 96
	379, 377
	75, 76
	75, 465
	465, 468
	761, 76
	688, 128
	128, 127
	127, 798
	801, 730
	729, 405
	729, 730
	405, 404
	652, 151
	787, 786
	152, 444
	151, 152
	470, 113
	16, 470
	15, 16
	112, 15
	113, 112
	301, 300
	531, 276
	782, 781
	276, 277
	635, 527
	635, 117
	118, 117
	527, 528
	689, 693
	599, 780
	599, 105
	103, 105
	208, 209
	208, 45
	45, 46
	46, 803
	711, 35
	34, 35
	530, 34
	548, 783
	548, 549
	554, 784
	554, 549
	806, 807
	359, 358
	519, 619
	519, 520
	728, 520
	728, 620
	619, 620
	384, 385
	709, 385
	709, 387
	659, 388
	388, 387
	106, 598
	106, 107
	215, 598
	213, 215
	255, 213
	799, 798
	752, 751
	798, 752
	627, 223
	628, 627
	339, 336
	223, 222
	222, 336
	553, 555
	740, 553
	200, 199
	555, 552
	200, 552
	265, 268
	560, 268
	560, 535
	534, 535
	44, 42
	411, 415
	411, 633
	491, 492
	707, 491
	655, 707
	653, 725
	653, 655
	492, 725
	335, 334
	335, 472
	472, 473
	219, 221
	602, 473
	221, 334
	504, 331
	504, 95
	326, 331
	345, 326
	95, 93
	483, 689
	486, 483
	523, 754
	523, 524
	524, 486
	754, 780
	689, 780
	742, 594
	587, 508
	508, 509
	576, 574
	594, 587
	679, 680
	679, 793
	793, 57
	57, 58
	722, 104
	693, 103
	693, 692
	103, 104
	806, 358
	812, 806
	356, 358
	43, 778
	43, 42
	42, 415
	415, 414
	78, 315
	78, 79
	314, 315
	314, 247
	248, 247
	248, 288
	289, 288
	811, 199
	201, 631
	199, 201
	631, 632
	54, 814
	55, 54
	467, 466
	305, 339
	305, 302
	628, 339
	466, 628
	468, 379
	468, 467
	380, 379
	467, 816
	629, 266
	265, 534
	266, 265
	534, 533
	738, 559
	575, 577
	757, 558
	558, 559
	649, 650
	582, 583
	732, 583
	732, 650
	495, 449
	495, 498
	624, 621
	451, 449
	700, 451
	811, 813
	811, 740
	10, 9
	10, 739
	739, 740
	789, 9
	373, 779
	373, 372
	584, 372
	584, 582
	582, 820
	53, 52
	771, 171
	210, 172
	52, 210
	172, 171
	533, 540
	817, 533
	777, 772
	776, 772
	776, 824
	760, 759
	802, 787
	575, 738
	575, 573
	737, 787
	738, 737
	586, 585
	586, 708
	823, 822
	770, 585
	708, 721
	351, 350
	350, 731
	731, 826
	118, 528
	118, 123
	332, 229
	229, 230
	529, 230
	529, 528
	123, 332
	414, 778
	414, 413
	413, 427
	427, 428
	428, 676
	677, 778
	677, 676
	659, 384
	662, 659
	386, 384
	342, 343
	51, 53
	607, 51
	771, 608
	608, 607
	53, 771
	512, 511
	511, 667
	667, 321
	319, 321
	712, 512
	578, 579
	66, 67
	257, 796
	796, 828
	218, 214
	214, 257
	791, 218
	59, 58
	680, 58
	685, 681
	681, 680
	513, 514
	513, 480
	563, 829
	481, 480
	514, 563
	355, 458
	355, 353
	753, 830
	353, 753
	419, 420
	683, 420
	832, 831
	700, 621
	700, 699
	476, 682
	478, 621
	478, 476
	298, 299
	298, 694
	695, 694
	695, 543
	299, 618
	543, 545
	618, 719
	719, 545
	500, 501
	24, 23
	808, 809
	220, 219
	219, 602
	603, 220
	602, 603
	406, 404
	406, 566
	566, 567
	567, 801
	801, 404
	100, 593
	100, 99
	99, 613
	593, 687
	691, 690
	642, 639
	690, 642
	81, 82
	571, 764
	569, 571
	763, 764
	774, 773
	773, 569
	536, 537
	536, 561
	68, 66
	827, 66
	259, 159
	259, 313
	313, 131
	131, 132
	132, 158
	158, 159
	55, 815
	592, 685
	592, 590
	59, 55
	59, 685
	613, 687
	613, 614
	686, 687
	133, 135
	651, 735
	361, 205
	5, 651
	3, 5
	205, 3
	207, 581
	207, 206
	581, 96
	97, 96
	364, 97
	364, 206
	80, 698
	80, 81
	691, 81
	692, 691
	722, 692
	698, 722
	244, 184
	244, 245
	185, 184
	246, 185
	245, 246
	262, 261
	261, 699
	138, 136
	421, 682
	421, 136
	699, 682
	102, 101
	102, 578
	70, 422
	422, 101
	67, 578
	67, 70
	832, 683
	834, 832
	684, 683
	351, 825
	352, 351
	352, 399
	646, 399
	747, 746
	92, 94
	727, 94
	565, 541
	565, 212
	178, 212
	178, 177
	177, 541
	808, 500
	359, 808
	499, 417
	500, 499
	359, 360
	417, 360
	800, 799
	751, 799
	751, 354
	279, 280
	354, 279
	474, 475
	474, 760
	760, 824
	824, 834
	834, 684
	475, 684
	665, 506
	665, 758
	510, 506
	758, 757
	757, 818
	26, 25
	26, 703
	25, 835
	835, 703
	169, 170
	169, 501
	310, 258
	501, 833
	170, 258
	92, 746
	92, 93
	746, 749
	344, 345
	345, 93
	270, 272
	561, 270
	109, 71
	272, 109
	68, 561
	68, 71
	249, 727
	249, 250
	748, 747
	250, 748
	727, 747
	779, 821
	706, 779
	705, 706
	47, 580
	47, 48
	797, 580
	370, 369
	369, 198
	198, 197
	418, 419
	831, 419
	831, 838
	840, 839
	820, 821
	820, 819
	836, 821
	612, 423
	262, 138
	260, 262
	423, 260
	134, 138
	761, 744
	761, 377
	768, 769
	745, 744
	347, 377
	347, 346
	346, 769
	164, 736
	164, 162
	17, 19
	750, 290
	736, 750
	17, 290
	493, 295
	493, 490
	295, 297
	617, 297
	697, 617
	668, 671
	671, 114
	114, 116
	674, 673
	718, 674
	226, 225
	673, 226
	225, 638
	638, 718
	696, 697
	489, 696
	490, 489
	697, 490
	540, 539
	540, 822
	733, 770
	734, 733
	770, 822
	814, 842
	814, 815
	815, 590
	797, 591
	837, 797
	591, 590
	481, 829
	481, 416
	812, 356
	829, 812
	357, 416
	356, 357
	238, 227
	238, 241
	241, 726
	647, 726
	228, 647
	227, 228
	531, 530
	782, 531
	804, 530
	181, 782
	183, 181
	666, 505
	505, 507
	507, 589
	41, 789
	44, 41
	44, 633
	789, 813
	632, 813
	632, 633
	318, 785
	319, 318
	805, 711
	319, 712
	712, 711
	756, 239
	239, 240
	521, 756
	522, 521
	240, 626
	522, 463
	463, 464
	626, 464
	371, 370
	202, 371
	197, 87
	87, 86
	86, 203
	202, 203
	370, 197
	833, 23
	310, 833
	22, 702
	310, 311
	23, 22
	804, 805
	805, 785
	783, 182
	783, 784
	784, 785
	182, 183
	183, 804
	231, 233
	498, 624
	498, 497
	623, 624
	301, 781
	301, 302
	781, 378
	380, 378
	380, 816
	302, 816
	195, 710
	195, 194
	790, 717
	717, 516
	517, 710
	516, 517
	311, 312
	311, 702
	701, 702
	701, 312
	125, 124
	125, 338
	337, 604
	337, 338
	431, 604
	431, 124
	704, 705
	839, 704
	836, 839
	705, 836
	840, 819
	341, 840
	340, 649
	340, 341
	819, 649
	303, 688
	300, 303
	800, 280
	688, 800
	280, 277
	300, 277
	255, 810
	255, 256
	794, 256
	24, 809
	24, 27
	807, 27
	807, 809
	576, 509
	576, 577
	510, 818
	510, 509
	818, 577
	344, 343
	344, 749
	724, 663
	663, 662
	749, 724
	662, 343
	791, 828
	828, 254
	672, 791
	672, 525
	254, 253
	253, 525
	774, 763
	774, 775
	762, 763
	762, 775
	233, 623
	233, 235
	235, 570
	570, 777
	622, 759
	622, 623
	759, 777
	716, 714
	192, 190
	192, 460
	426, 190
	426, 714
	445, 446
	445, 745
	741, 446
	768, 741
	745, 768
	457, 515
	457, 458
	562, 515
	830, 562
	458, 830
	289, 79
	18, 289
	18, 21
	82, 639
	79, 82
	21, 639
	137, 418
	418, 838
	838, 453
	453, 454
	135, 686
	135, 137
	454, 686
	139, 163
	786, 140
	652, 786
	643, 641
	641, 652
	140, 139
	433, 432
	496, 433
	564, 232
	432, 564
	497, 496
	497, 231
	232, 231
	766, 645
	443, 645
	442, 443
	843, 844
	391, 661
	391, 390
	661, 716
	716, 460
	460, 459
	49, 48
	842, 49
	837, 842
	48, 837
	362, 363
	579, 363
	827, 579
	827, 537
	538, 537
	720, 389
	389, 390
	461, 630
	459, 390
	459, 461
	107, 108
	108, 658
	844, 442
	844, 810
	810, 107
	442, 440
	658, 440
	614, 612
	133, 614
	134, 133
	612, 134
	19, 162
	19, 20
	643, 163
	643, 20
	163, 162
	395, 788
	395, 394
	8, 788
	6, 8
	735, 734
	361, 735
	362, 538
	362, 361
	539, 734
	539, 538
	630, 629
	630, 720
	817, 823
	629, 817
	823, 721
	720, 721
	2, 4
	803, 2
	209, 4
	209, 803
	841, 668
	122, 119
	669, 668
	307, 309
	307, 119
	324, 325
	324, 342
	386, 325
	342, 386
	193, 556
	193, 194
	556, 790
	790, 194
	767, 766
	767, 795
	843, 794
	843, 766
	795, 794
	308, 309
	308, 845
	670, 669
	845, 670
	669, 309
	825, 826
	826, 765
	646, 825
	646, 644
	765, 644
	120, 122
	120, 469
	115, 469
	841, 122
	841, 116
	116, 115
	7, 589
	7, 6
	6, 394
	394, 393
	666, 393
	666, 589
	448, 742
	448, 444
	802, 444
	573, 802
	573, 574
	574, 742
Facet Neighbors: 1267
	-2, 0
	-1, 2
	-1, 4
	5, 7
	-2, 8
	-2, 9
	-3, 9
	-2, 10
	12, 19
	-1, 20
	-1, 22
	-4, 23
	-2, 26
	25, 29
	28, 30
	15, 35
	30, 35
	0, 37
	-3, 38
	31, 38
	11, 44
	33, 45
	-3, 46
	39, 47
	30, 48
	28, 48
	19, 49
	44, 53
	33, 53
	-4, 54
	3, 55
	53, 56
	44, 56
	-3, 59
	-4, 60
	48, 60
	11, 61
	21, 64
	58, 65
	0, 66
	-2, 66
	63, 67
	32, 68
	56, 69
	6, 70
	52, 70
	37, 72
	68, 75
	44, 76
	11, 76
	45, 76
	61, 76
	23, 77
	-4, 77
	63, 78
	74, 78
	69, 81
	56, 81
	44, 81
	11, 81
	63, 82
	56, 83
	71, 85
	73, 85
	24, 86
	12, 87
	49, 87
	19, 87
	34, 88
	54, 89
	77, 89
	22, 90
	-1, 90
	2, 90
	80, 91
	16, 92
	27, 94
	49, 95
	-4, 96
	70, 97
	6, 97
	34, 98
	20, 100
	85, 102
	73, 102
	103, 104
	27, 104
	-2, 105
	30, 107
	82, 108
	63, 108
	97, 110
	6, 110
	51, 111
	16, 112
	108, 112
	92, 112
	13, 113
	46, 114
	70, 115
	6, 115
	52, 115
	83, 116
	53, 116
	56, 116
	31, 118
	89, 119
	28, 119
	77, 119
	23, 119
	62, 121
	36, 121
	120, 122
	103, 123
	104, 123
	113, 123
	13, 123
	34, 124
	88, 124
	117, 125
	51, 125
	-1, 126
	110, 126
	54, 127
	-4, 127
	77, 127
	89, 127
	80, 128
	91, 128
	38, 129
	-3, 129
	42, 130
	17, 132
	72, 132
	37, 133
	8, 133
	109, 135
	1, 135
	17, 136
	135, 137
	18, 138
	90, 139
	2, 139
	100, 139
	89, 140
	28, 140
	119, 140
	-2, 141
	87, 142
	17, 142
	57, 143
	106, 144
	91, 144
	101, 145
	104, 146
	27, 146
	94, 146
	13, 146
	123, 146
	99, 147
	98, 148
	50, 148
	15, 149
	84, 149
	46, 150
	-3, 150
	114, 150
	41, 151
	43, 151
	3, 152
	81, 153
	11, 153
	93, 153
	41, 154
	64, 154
	111, 155
	91, 155
	144, 155
	0, 156
	66, 156
	5, 157
	42, 157
	130, 157
	152, 158
	27, 158
	104, 158
	26, 159
	59, 160
	150, 160
	21, 160
	-3, 160
	116, 161
	83, 161
	11, 162
	61, 162
	153, 162
	93, 162
	79, 163
	80, 164
	155, 164
	91, 164
	109, 164
	73, 165
	102, 165
	62, 165
	-1, 166
	39, 167
	114, 167
	84, 168
	140, 168
	15, 168
	149, 168
	157, 169
	5, 169
	130, 169
	54, 170
	89, 170
	169, 170
	-4, 171
	96, 171
	101, 172
	86, 172
	171, 173
	96, 173
	136, 173
	58, 174
	65, 174
	22, 174
	103, 175
	108, 176
	92, 176
	112, 176
	141, 177
	-2, 177
	143, 177
	61, 178
	14, 178
	152, 179
	158, 179
	104, 179
	175, 179
	103, 179
	49, 180
	95, 180
	-4, 181
	4, 181
	26, 182
	-2, 182
	-2, 183
	26, 183
	159, 183
	134, 184
	78, 184
	74, 184
	82, 185
	108, 185
	176, 185
	57, 185
	36, 186
	15, 186
	149, 186
	111, 187
	125, 187
	51, 187
	50, 187
	6, 188
	110, 188
	165, 189
	62, 189
	73, 189
	36, 189
	121, 189
	163, 190
	155, 191
	111, 191
	164, 191
	167, 192
	39, 192
	138, 192
	84, 193
	168, 193
	140, 193
	89, 193
	80, 194
	42, 194
	157, 194
	5, 194
	128, 194
	88, 195
	25, 195
	190, 195
	29, 195
	31, 196
	143, 196
	85, 197
	73, 197
	107, 197
	30, 197
	35, 197
	100, 198
	2, 198
	139, 198
	151, 199
	138, 199
	192, 199
	28, 200
	30, 200
	140, 200
	15, 200
	168, 200
	35, 200
	184, 201
	79, 201
	162, 202
	61, 202
	178, 202
	18, 202
	190, 203
	163, 203
	185, 204
	82, 204
	57, 204
	105, 204
	154, 205
	40, 205
	64, 205
	45, 206
	16, 206
	33, 206
	144, 207
	106, 207
	95, 207
	69, 208
	-3, 208
	156, 209
	203, 210
	195, 210
	29, 210
	190, 210
	118, 211
	129, 211
	83, 211
	111, 212
	207, 212
	51, 212
	95, 212
	195, 213
	25, 213
	124, 213
	88, 213
	137, 214
	120, 214
	122, 214
	94, 215
	137, 215
	146, 216
	94, 216
	203, 217
	210, 217
	-1, 218
	70, 218
	40, 219
	147, 219
	43, 219
	205, 219
	215, 220
	137, 220
	214, 220
	120, 220
	113, 221
	124, 222
	145, 223
	101, 223
	13, 224
	146, 224
	216, 224
	187, 225
	34, 225
	98, 225
	148, 225
	50, 225
	204, 226
	82, 226
	159, 226
	161, 227
	33, 227
	92, 227
	116, 227
	53, 227
	208, 228
	83, 228
	69, 228
	56, 228
	1, 229
	135, 229
	214, 229
	137, 229
	65, 230
	139, 230
	40, 230
	165, 231
	102, 231
	110, 231
	54, 232
	-4, 232
	170, 232
	177, 233
	141, 233
	143, 233
	196, 233
	31, 233
	167, 234
	114, 234
	41, 234
	153, 235
	-3, 235
	118, 236
	227, 236
	92, 236
	176, 236
	161, 236
	196, 237
	31, 237
	118, 237
	120, 238
	220, 238
	215, 238
	209, 239
	134, 239
	31, 240
	233, 240
	141, 240
	45, 241
	55, 241
	217, 241
	211, 242
	83, 242
	236, 242
	161, 242
	118, 242
	159, 243
	226, 243
	63, 243
	26, 243
	82, 243
	212, 244
	95, 244
	49, 244
	51, 244
	19, 244
	-4, 245
	130, 246
	245, 246
	169, 247
	5, 247
	7, 247
	26, 248
	74, 248
	182, 248
	138, 249
	199, 249
	151, 249
	221, 249
	75, 250
	32, 250
	68, 250
	32, 251
	68, 251
	120, 251
	238, 251
	113, 252
	99, 252
	13, 252
	130, 253
	169, 253
	232, 253
	170, 253
	121, 254
	122, 254
	62, 254
	213, 255
	25, 255
	7, 256
	5, 256
	194, 256
	80, 256
	1, 257
	7, 257
	256, 257
	26, 258
	243, 258
	74, 258
	78, 258
	63, 258
	248, 258
	124, 259
	164, 259
	222, 259
	191, 259
	92, 260
	227, 260
	16, 260
	206, 260
	33, 260
	39, 261
	167, 261
	10, 262
	-2, 262
	-4, 262
	249, 263
	151, 263
	43, 263
	221, 263
	47, 264
	-3, 264
	21, 265
	64, 265
	100, 265
	133, 266
	136, 266
	17, 266
	75, 267
	13, 267
	252, 267
	99, 267
	224, 267
	174, 268
	22, 268
	-1, 268
	-3, 269
	228, 269
	208, 269
	83, 269
	158, 270
	255, 270
	94, 270
	27, 270
	100, 271
	198, 271
	2, 271
	-1, 271
	20, 271
	58, 272
	115, 272
	250, 272
	52, 272
	150, 273
	160, 273
	21, 273
	114, 273
	175, 274
	249, 274
	138, 274
	18, 274
	37, 275
	133, 275
	8, 275
	-2, 275
	188, 276
	6, 276
	115, 276
	251, 277
	120, 277
	254, 277
	122, 277
	-1, 278
	71, 278
	155, 279
	111, 279
	212, 279
	207, 279
	144, 279
	78, 280
	184, 280
	201, 280
	163, 280
	79, 280
	138, 281
	18, 281
	192, 281
	39, 281
	47, 281
	268, 282
	218, 282
	-1, 282
	219, 283
	147, 283
	65, 283
	40, 283
	230, 283
	122, 284
	214, 284
	36, 284
	254, 284
	121, 284
	50, 285
	187, 285
	125, 285
	117, 285
	7, 286
	84, 286
	149, 286
	105, 287
	-2, 287
	183, 287
	226, 287
	159, 287
	204, 287
	64, 288
	265, 288
	100, 288
	40, 288
	139, 288
	205, 288
	108, 289
	112, 289
	63, 289
	67, 289
	16, 289
	175, 290
	103, 290
	221, 290
	113, 290
	123, 290
	249, 290
	274, 290
	215, 291
	135, 291
	109, 291
	131, 291
	137, 291
	171, 292
	-4, 292
	262, 292
	10, 292
	202, 293
	274, 293
	175, 293
	18, 293
	278, 294
	-1, 294
	71, 294
	247, 295
	7, 295
	286, 295
	84, 295
	178, 296
	14, 296
	61, 296
	76, 296
	45, 296
	241, 296
	55, 296
	284, 297
	186, 297
	36, 297
	149, 297
	-2, 298
	10, 298
	99, 299
	65, 299
	58, 299
	283, 299
	147, 299
	267, 300
	99, 300
	75, 300
	299, 300
	148, 301
	285, 301
	50, 301
	117, 301
	213, 302
	131, 302
	222, 302
	124, 302
	156, 303
	134, 303
	239, 303
	209, 303
	207, 304
	106, 304
	145, 304
	95, 304
	180, 304
	297, 305
	284, 305
	1, 305
	229, 305
	214, 305
	257, 305
	248, 306
	74, 306
	184, 306
	134, 306
	303, 306
	9, 307
	240, 307
	38, 307
	-3, 307
	31, 307
	117, 308
	301, 308
	246, 309
	245, 309
	-4, 309
	223, 309
	270, 310
	302, 310
	131, 310
	255, 310
	213, 310
	134, 311
	184, 311
	308, 311
	239, 311
	201, 311
	69, 312
	208, 312
	-3, 312
	273, 313
	21, 313
	154, 313
	41, 313
	234, 313
	114, 313
	64, 313
	295, 314
	84, 314
	193, 314
	89, 314
	170, 314
	247, 314
	169, 314
	280, 315
	163, 315
	78, 315
	67, 315
	9, 316
	-2, 316
	240, 316
	141, 316
	307, 316
	110, 317
	231, 317
	165, 317
	62, 317
	188, 317
	132, 318
	12, 318
	264, 319
	-3, 319
	39, 319
	47, 319
	261, 319
	10, 320
	292, 320
	173, 320
	171, 320
	110, 321
	231, 321
	-1, 321
	102, 321
	126, 321
	97, 322
	70, 322
	-1, 322
	218, 322
	86, 323
	172, 323
	-4, 323
	304, 324
	180, 324
	172, 324
	145, 324
	101, 324
	57, 325
	185, 325
	176, 325
	236, 325
	143, 325
	118, 325
	196, 325
	237, 325
	107, 326
	4, 326
	278, 326
	40, 327
	288, 327
	230, 327
	139, 327
	83, 328
	211, 328
	129, 328
	-3, 328
	269, 328
	136, 329
	17, 329
	142, 329
	173, 329
	175, 330
	152, 330
	179, 330
	14, 330
	253, 331
	130, 331
	232, 331
	245, 331
	246, 331
	117, 332
	125, 332
	12, 332
	318, 332
	48, 333
	60, 333
	-4, 333
	23, 333
	119, 333
	28, 333
	298, 334
	173, 334
	136, 334
	10, 334
	320, 334
	329, 335
	142, 335
	173, 335
	24, 335
	209, 336
	72, 336
	156, 336
	0, 336
	37, 336
	133, 337
	37, 337
	266, 337
	17, 337
	132, 337
	72, 337
	178, 338
	14, 338
	330, 338
	175, 338
	293, 338
	202, 338
	53, 339
	44, 339
	33, 339
	45, 339
	76, 339
	49, 340
	180, 340
	24, 340
	172, 340
	86, 340
	324, 340
	17, 341
	132, 341
	87, 341
	142, 341
	318, 341
	12, 341
	323, 342
	-4, 342
	172, 342
	312, 343
	69, 343
	81, 343
	153, 343
	217, 344
	16, 344
	206, 344
	211, 345
	129, 345
	38, 345
	31, 345
	118, 345
	326, 346
	278, 346
	197, 346
	107, 346
	71, 346
	85, 346
	268, 347
	282, 347
	218, 347
	52, 347
	70, 347
	101, 348
	223, 348
	309, 348
	-4, 348
	342, 348
	172, 348
	164, 349
	259, 349
	109, 349
	222, 349
	302, 349
	4, 350
	181, 350
	-1, 350
	-4, 350
	30, 351
	107, 351
	60, 351
	326, 351
	48, 351
	344, 352
	16, 352
	217, 352
	67, 352
	289, 352
	51, 353
	125, 353
	19, 353
	244, 353
	332, 353
	12, 353
	206, 354
	45, 354
	217, 354
	241, 354
	344, 354
	306, 355
	248, 355
	182, 355
	133, 356
	8, 356
	266, 356
	73, 357
	197, 357
	35, 357
	86, 358
	323, 358
	-4, 358
	-2, 359
	306, 359
	303, 359
	355, 359
	142, 360
	340, 360
	49, 360
	87, 360
	24, 360
	224, 361
	267, 361
	238, 361
	216, 361
	75, 361
	68, 361
	251, 361
	210, 362
	29, 362
	3, 362
	241, 362
	217, 362
	55, 362
	204, 363
	105, 363
	57, 363
	143, 363
	177, 363
	166, 364
	-1, 364
	20, 364
	167, 365
	192, 365
	41, 365
	234, 365
	151, 365
	199, 365
	177, 366
	-2, 366
	105, 366
	363, 366
	117, 367
	308, 367
	239, 367
	209, 367
	311, 367
	-2, 368
	298, 368
	334, 368
	266, 368
	356, 368
	136, 368
	321, 369
	102, 369
	294, 369
	-1, 369
	85, 369
	71, 369
	151, 370
	43, 370
	219, 370
	205, 370
	154, 370
	41, 370
	115, 371
	272, 371
	276, 371
	250, 371
	32, 371
	164, 372
	109, 372
	135, 372
	257, 373
	7, 373
	286, 373
	305, 373
	297, 373
	149, 373
	254, 374
	62, 374
	276, 374
	317, 374
	188, 374
	263, 375
	43, 375
	221, 375
	113, 375
	219, 375
	252, 375
	99, 375
	147, 375
	73, 376
	189, 376
	35, 376
	15, 376
	186, 376
	36, 376
	357, 376
	326, 377
	351, 377
	181, 377
	60, 377
	4, 377
	276, 378
	374, 378
	251, 378
	277, 378
	254, 378
	32, 378
	371, 378
	42, 379
	304, 379
	106, 379
	145, 379
	272, 380
	58, 380
	250, 380
	75, 380
	300, 380
	299, 380
	225, 381
	34, 381
	259, 381
	191, 381
	187, 381
	111, 381
	60, 382
	377, 382
	181, 382
	-4, 382
	22, 383
	174, 383
	230, 383
	65, 383
	139, 383
	90, 383
	182, 384
	-2, 384
	359, 384
	355, 384
	359, 385
	-2, 385
	156, 385
	66, 385
	303, 385
	174, 386
	58, 386
	347, 386
	268, 386
	52, 386
	272, 386
	281, 387
	47, 387
	264, 387
	326, 388
	4, 388
	-1, 388
	278, 388
	291, 389
	131, 389
	349, 389
	109, 389
	302, 389
	67, 390
	352, 390
	203, 390
	163, 390
	217, 390
	315, 390
	319, 391
	-3, 391
	261, 391
	167, 391
	46, 391
	114, 391
	331, 392
	245, 392
	232, 392
	-4, 392
	379, 393
	42, 393
	130, 393
	246, 393
	223, 393
	145, 393
	309, 393
	190, 394
	34, 394
	98, 394
	88, 394
	195, 394
	94, 395
	216, 395
	215, 395
	238, 395
	361, 395
	110, 396
	97, 396
	126, 396
	-1, 396
	322, 396
	296, 397
	55, 397
	3, 397
	330, 397
	14, 397
	152, 397
	86, 398
	358, 398
	-4, 398
	96, 398
	335, 398
	24, 398
	173, 398
	29, 399
	255, 399
	270, 399
	152, 399
	158, 399
	25, 399
	91, 400
	144, 400
	194, 400
	128, 400
	106, 400
	379, 400
	42, 400
	235, 401
	153, 401
	93, 401
	387, 401
	163, 402
	79, 402
	190, 402
	394, 402
	98, 402
	8, 403
	-2, 403
	368, 403
	356, 403
	72, 404
	132, 404
	318, 404
	332, 404
	117, 404
	201, 405
	79, 405
	148, 405
	402, 405
	98, 405
	18, 406
	202, 406
	401, 406
	387, 406
	281, 406
	93, 406
	162, 406
	142, 407
	335, 407
	24, 407
	360, 407
	362, 408
	3, 408
	399, 408
	152, 408
	29, 408
	256, 409
	80, 409
	257, 409
	1, 409
	209, 410
	336, 410
	404, 410
	72, 410
	367, 410
	117, 410
	148, 411
	405, 411
	308, 411
	301, 411
	311, 411
	201, 411
	0, 412
	-2, 412
	37, 412
	275, 412
	364, 413
	21, 413
	166, 413
	59, 413
	160, 413
	63, 414
	67, 414
	78, 414
	315, 414
	124, 415
	34, 415
	259, 415
	381, 415
	235, 416
	-3, 416
	387, 416
	401, 416
	264, 416
	59, 417
	-3, 417
	166, 417
	-1, 417
	413, 417
	312, 418
	-3, 418
	343, 418
	153, 418
	235, 418
	21, 419
	265, 419
	100, 419
	413, 419
	364, 419
	20, 419
	135, 420
	1, 420
	409, 420
	80, 420
	164, 420
	372, 420
	215, 421
	94, 421
	270, 421
	310, 421
	131, 421
	291, 421
Mesh Regions: 422
	0, 17, 39, 178, 831, 1217
	137, 393, 486, 687, 1204, 1256
	1, 73, 142, 300, 539
	30, 169, 954, 1138, 1197
	2, 245, 785, 899, 1037, 1090
	3, 180, 213, 286, 454, 483
	44, 80, 92, 100, 265, 559
	3, 455, 482, 487, 599, 643, 1008
	4, 135, 556, 928, 1171
	5, 6, 696, 738
	7, 506, 634, 658, 755, 822
	20, 36, 49, 59, 171, 193
	8, 65, 749, 811, 861, 918
	97, 116, 157, 373, 472, 522
	236, 647, 803, 840, 1140
	15, 162, 210, 259, 308, 1029
	75, 94, 327, 501, 618, 870, 909
	132, 138, 149, 520, 797, 836, 856
	140, 316, 553, 578, 638, 1185
	8, 26, 67, 449, 915
	9, 82, 541, 965, 1254
	37, 189, 515, 548, 721, 1222, 1249
	10, 71, 227, 527, 1065
	11, 52, 109, 816
	64, 827, 852, 944, 1147, 1194
	13, 289, 347, 481, 1154
	12, 186, 246, 249, 443, 456, 489
	76, 86, 155, 184, 536
	14, 25, 107, 145, 305, 818
	13, 291, 337, 953, 1149, 1200
	14, 16, 24, 88, 297, 306, 903
	19, 105, 292, 410, 422, 429, 700, 875
	42, 464, 466, 1003, 1043
	21, 28, 328, 385, 503, 847
	68, 81, 117, 377, 1056, 1122, 1231
	15, 16, 298, 310, 932, 1028
	111, 258, 270, 592, 655, 1031
	17, 46, 134, 554, 832, 834, 1219
	18, 19, 129, 698, 874
	23, 206, 277, 504, 580, 752
	324, 361, 399, 588, 611, 787
	167, 173, 413, 723, 968, 998
	131, 181, 284, 1045, 1115, 1161
	168, 363, 511, 994, 1019
	20, 27, 32, 48, 58, 846
	21, 50, 326, 432, 650, 848, 920
	22, 98, 164, 1108
	23, 513, 581, 753, 1087
	24, 25, 35, 813, 907
	26, 66, 77, 242, 447, 850, 942
	161, 264, 380, 595, 670
	93, 120, 263, 344, 448, 913
	45, 101, 545, 886, 1084
	27, 28, 31, 103, 388, 845
	29, 69, 123, 215, 403
	30, 433, 652, 957, 1137
	31, 32, 43, 57, 61, 104, 392
	150, 257, 321, 776, 960
	38, 225, 542, 661, 1050, 1081
	33, 187, 1224, 1239
	34, 35, 814, 905, 1036, 1061
	36, 51, 194, 235, 314, 648
	110, 204, 268, 479, 746, 1014
	41, 54, 60, 90, 442, 493, 616, 1226
	37, 174, 325, 516, 608, 726
	38, 226, 397, 587, 660, 1068
	39, 40, 179, 1078
	41, 617, 737, 911, 1098, 1227
	42, 47, 465, 467, 950
	43, 56, 332, 391, 717, 866
	44, 45, 79, 99, 360, 765, 887
	62, 566, 641, 881, 992
	46, 133, 829, 838, 1175, 1208
	63, 84, 202, 269, 295, 930, 1026
	55, 253, 457, 491, 692
	47, 463, 521, 666, 949, 1052
	48, 49, 50, 51, 649, 849
	52, 53, 70, 108, 125
	54, 55, 252, 492, 572, 736, 1228
	197, 312, 576, 1167, 1181
	74, 127, 198, 283, 485, 1202, 1258
	56, 57, 58, 59, 170, 867
	60, 89, 254, 320, 382, 444
	61, 102, 192, 341, 390, 436, 532, 791
	163, 208, 279, 600, 645, 728
	62, 63, 83, 294, 882, 991
	64, 221, 768, 854, 933, 1142
	65, 66, 67, 148, 858, 943
	68, 118, 288, 349, 1124
	69, 70, 106, 126, 144, 216, 282, 730
	71, 72, 73, 141, 1070
	74, 128, 152, 176, 200, 1155
	75, 96, 230, 386, 418, 499
	172, 196, 1164, 1190
	76, 156, 353, 356, 535, 1126, 1262
	77, 243, 331, 345, 446, 683
	78, 219, 223, 1145
	79, 80, 91, 764, 1132
	81, 160, 378, 1123, 1170, 1184
	159, 471, 524, 659, 665, 1024
	82, 143, 299, 517, 537, 610, 1251
	153, 220, 372, 775, 888
	83, 84, 203, 401, 762, 988
	85, 113, 228, 241, 620
	85, 86, 114, 154, 185, 239
	87, 322, 602, 959, 974
	151, 330, 681, 1047, 1159
	88, 296, 784, 880, 904
	89, 90, 95, 229, 255, 614
	136, 201, 628, 896, 1005, 1096
	91, 92, 122, 266, 402, 743, 759, 1131
	93, 175, 261, 274, 342, 568, 1060
	94, 95, 96, 231, 615
	97, 115, 369, 470, 622, 1021
	98, 166, 207, 412, 549, 725, 1109
	99, 100, 101, 543, 560, 999
	102, 103, 104, 191, 387
	119, 598, 671, 701, 809, 976, 1179, 1210
	105, 339, 416, 423, 439, 781, 876
	106, 107, 108, 109, 146, 817
	112, 351, 368, 424, 468, 562
	110, 111, 271, 477, 594
	112, 352, 478, 564, 590
	113, 114, 115, 116, 158, 623
	117, 118, 348, 370, 495, 675, 1230
	119, 120, 262, 597, 810, 914
	121, 122, 763, 1133
	123, 124, 125, 126
	127, 128, 287, 1158
	129, 130, 340, 793, 873
	131, 182, 214, 451, 473, 805, 1116
	629, 673, 709, 1094, 1265
	132, 133, 748, 837, 857, 1176
	134, 135, 518, 555, 833, 927
	251, 428, 677, 694, 712
	136, 137, 139, 394, 627, 1006, 1255
	138, 224, 519, 796, 821, 986
	139, 350, 354, 366, 396, 630
	140, 278, 303, 459, 552, 577
	141, 142, 143, 301, 398, 612, 790, 1069
	144, 145, 146, 209, 281, 307
	147, 232, 407, 431, 741
	148, 149, 798, 825, 859, 940, 1192
	150, 234, 293, 408, 780, 961
	151, 152, 177, 329, 571, 1156
	153, 371, 682, 774, 1048, 1119
	154, 155, 156, 157, 158, 355, 374
	159, 362, 586, 663, 1025
	160, 161, 379, 668, 1182, 1211
	162, 163, 211, 260, 601, 656, 1012
	164, 165, 166, 188, 546
	167, 168, 302, 461, 510, 970, 993
	169, 183, 237, 801, 1141, 1152, 1199
	170, 171, 172, 195, 414, 868, 1163, 1247
	173, 174, 323, 722, 997
	175, 176, 177, 199, 273, 567
	178, 179, 334, 676, 830, 1077
	180, 181, 182, 212, 285
	183, 184, 185, 238, 533, 1153
	186, 250, 383, 440, 606
	187, 188, 189, 190, 547, 1225
	191, 192, 384, 420, 438
	193, 194, 195, 196, 313, 1191
	197, 272, 318, 575, 735, 1101, 1166
	198, 199, 200, 201, 275, 496, 894, 1004, 1259
	202, 203, 204, 267, 400, 745
	205, 963, 1223, 1241
	206, 207, 276, 411, 505, 966, 1107
	208, 209, 210, 211, 280, 309
	212, 213, 214, 217, 453, 474, 733
	215, 216, 217, 405, 476, 731
	218, 219, 222, 631, 758
	220, 221, 769, 773, 853, 864, 893
	222, 223, 224, 757, 799, 820, 826, 1148
	225, 226, 227, 526, 1066, 1080
	228, 240, 550, 619, 637, 800, 842
	229, 230, 231, 256, 419, 778
	232, 233, 234, 406, 962, 972
	235, 236, 315, 646, 839
	237, 238, 239, 240, 241, 802
	242, 243, 684, 772, 851
	244, 245, 900, 1035, 1063
	246, 247, 458, 926, 1071
	248, 249, 250, 604
	251, 252, 253, 311, 573, 693, 713
	254, 255, 256, 257, 319, 777
	258, 259, 260, 654, 1030
	261, 262, 263, 264, 376, 596, 1059
	265, 266, 558, 747, 1017
	267, 268, 269, 270, 271, 1027
	272, 290, 317, 338, 1121, 1168
	273, 274, 275, 498, 1058
	276, 277, 278, 304, 579, 967
	279, 280, 281, 282, 729
	283, 284, 285, 286, 287, 484, 1157
	288, 289, 290, 291, 336, 346, 1125
	292, 293, 409, 421, 782
	294, 295, 296, 297, 298, 879, 931
	299, 300, 301, 538
	302, 303, 304, 460, 971
	305, 306, 307, 308, 309, 310
	311, 312, 574, 716, 1180, 1216
	313, 314, 315, 316, 635, 844, 1186
	317, 318, 335, 357, 1100
	319, 320, 321, 322, 381, 607, 958
	323, 324, 325, 364, 613, 996
	326, 327, 328, 502, 871, 919
	329, 330, 331, 343, 570, 680
	332, 333, 389, 531, 718
	334, 427, 679, 828, 979, 1205
	335, 336, 337, 338, 358, 952
	339, 340, 341, 435, 792, 872
	342, 343, 344, 345, 445, 569
	346, 347, 348, 349, 480, 672, 711
	350, 351, 352, 367, 395, 591, 689
	353, 354, 365, 426, 626, 1128, 1261
	355, 356, 375, 948, 1127
	357, 358, 434, 869, 910, 921, 956, 1102
	359, 360, 583, 767, 885
	361, 362, 363, 364, 585, 995, 1022
	365, 366, 367, 368, 425
	369, 462, 512, 621, 1020
	370, 497, 674, 897
	371, 372, 706, 889, 1118
	373, 374, 375, 525, 945
	376, 377, 378, 379, 380, 1055
	381, 382, 383, 441, 605
	384, 385, 386, 387, 388, 417, 500
	389, 390, 391, 392, 530
	393, 394, 395, 396, 688
	397, 398, 399, 589, 789, 1067
	400, 401, 402, 744, 760
	403, 404, 405, 475, 806, 1112
	406, 407, 408, 409, 410, 430
	411, 412, 413, 724, 969
	414, 415, 1162, 1234, 1248
	416, 417, 418, 419, 420, 437, 779
	421, 422, 423, 783
	424, 425, 426, 469, 947, 1129
	427, 428, 678, 715, 978
	429, 430, 431, 697, 740
	432, 433, 434, 651, 922, 955
	435, 436, 437, 438, 439
	440, 441, 442, 443, 444, 490
	445, 446, 447, 448, 449, 916
	450, 452, 704, 807, 1111
	451, 452, 703, 808, 1117
	453, 454, 455, 642, 732
	456, 457, 458, 494, 691, 925
	459, 460, 461, 462, 509, 551, 624
	463, 464, 465, 544, 1002, 1051
	466, 467, 468, 469, 561, 951, 1040
	470, 471, 472, 523, 1023
	473, 474, 475, 476, 804
	477, 478, 479, 563, 593, 1013, 1042
	480, 481, 534, 710, 1150
	482, 483, 484, 485, 488, 1201
	486, 487, 488, 690, 1007, 1203
	489, 490, 491, 492, 493, 494
	495, 496, 497, 498, 895, 1057, 1232
	499, 500, 501, 502, 503
	504, 505, 754, 1106
	506, 507, 508, 633
	509, 510, 511, 512, 1018
	513, 514, 750, 1088, 1238
	515, 516, 517, 609, 1250
	518, 519, 520, 835, 929, 984
	521, 522, 523, 524, 525, 664, 946
	526, 527, 528, 582, 883, 1083
	529, 530, 531, 532, 795
	533, 534, 535, 536, 707, 1151, 1263
	537, 538, 539, 540, 541
	542, 543, 544, 545, 1000, 1049, 1085
	546, 547, 548, 549, 720
	550, 551, 552, 553, 625, 636
	554, 555, 556, 557, 1220
	558, 559, 560, 1001, 1015, 1038
	561, 562, 563, 564, 1041
	565, 566, 639, 786, 878, 1092
	567, 568, 569, 570, 571
	572, 573, 574, 575, 576, 734
	577, 578, 579, 580, 581, 1086, 1189
	582, 583, 584, 884
	585, 586, 587, 588, 589, 662
	590, 591, 592, 593, 594, 653, 686
	595, 596, 597, 598, 669
	599, 600, 601, 644, 1009
	602, 603, 604, 605, 606, 607
	608, 609, 610, 611, 612, 613, 788
	614, 615, 616, 617, 618, 912
	619, 620, 621, 622, 623, 624, 625
	626, 627, 628, 629, 630, 1093, 1266
	631, 632, 633, 634, 756
	635, 636, 637, 638, 843
	639, 640, 641, 989
	642, 643, 644, 645, 727
	646, 647, 648, 649, 650, 651, 652, 1136
	653, 654, 655, 656, 685, 1011
	657, 658, 819, 982
	659, 660, 661, 662, 663, 667, 1054
	664, 665, 666, 667, 1053
	668, 669, 670, 671, 702, 1214
	672, 673, 674, 675, 708, 898, 1097
	676, 677, 678, 679, 695, 938, 1079
	680, 681, 682, 683, 684, 771, 1046
	685, 686, 687, 688, 689, 690, 1010
	691, 692, 693, 694, 695, 924, 937
	696, 697, 698, 699, 700, 742
	701, 702, 714, 977, 1213
	703, 704, 705, 706, 890, 1120
	707, 708, 709, 710, 711, 1264
	712, 713, 714, 715, 716, 980, 1215
	717, 718, 719, 865, 1244
	720, 721, 722, 723, 724, 725, 726
	727, 728, 729, 730, 731, 732, 733
	734, 735, 736, 737, 1103, 1229
	738, 739, 740, 741, 742
	743, 744, 745, 746, 747, 1016
	748, 749, 812, 860, 1177
	750, 751, 752, 753, 754, 1104
	755, 756, 757, 758, 823
	759, 760, 761, 762, 763, 987
	764, 765, 766, 767, 1135
	768, 769, 770, 862, 934
	771, 772, 773, 774, 775, 855
	776, 777, 778, 779, 780, 781, 782, 783
	784, 785, 786, 877, 906, 1033, 1089
	787, 788, 789, 790
	791, 792, 793, 794, 795
	796, 797, 798, 799, 824
	800, 801, 802, 803, 841, 1139
	804, 805, 806, 807, 808, 1110
	809, 810, 811, 812, 917, 1178
	813, 814, 815, 816, 817, 818
	819, 820, 821, 822, 823, 983
	824, 825, 826, 827, 1146, 1193
	828, 829, 830, 831, 832, 1206
	833, 834, 835, 836, 837, 838
	839, 840, 841, 842, 843, 844
	845, 846, 847, 848, 849
	850, 851, 852, 853, 854, 855, 941
	856, 857, 858, 859, 860, 861
	862, 863, 864, 892
	865, 866, 867, 868, 1246
	869, 870, 871, 908, 923
	872, 873, 874, 875, 876
	877, 878, 879, 880, 881, 882
	883, 884, 885, 886, 887, 1082
	888, 889, 890, 891, 892, 893
	894, 895, 896, 897, 898, 1095
	899, 900, 901, 902
	903, 904, 905, 906, 907, 1034
	908, 909, 910, 911, 912, 1099
	913, 914, 915, 916, 917, 918
	919, 920, 921, 922, 923
	924, 925, 926, 939, 1074
	927, 928, 929, 985, 1174
	930, 931, 932, 1032
	933, 934, 935, 1143
	936, 937, 938, 939, 1073, 1075
	940, 941, 942, 943, 944, 1195
	945, 946, 947, 948, 949, 950, 951, 1130
	952, 953, 954, 955, 956, 957, 1196
	958, 959, 960, 961, 962, 975
	963, 964, 965, 1221, 1253
	966, 967, 968, 969, 970, 971
	972, 973, 974, 975
	976, 977, 978, 979, 980, 1209
	981, 982, 983, 984, 985, 986, 1173
	987, 988, 989, 990, 991, 992
	993, 994, 995, 996, 997, 998
	999, 1000, 1001, 1002, 1003, 1044
	1004, 1005, 1006, 1260
	1007, 1008, 1009, 1010, 1011, 1012
	1013, 1014, 1015, 1016, 1017, 1039
	1018, 1019, 1020, 1021, 1022, 1023, 1024, 1025
	1026, 1027, 1028, 1029, 1030, 1031, 1032
	1033, 1034, 1035, 1036, 1037, 1062
	1038, 1039, 1040, 1041, 1042, 1043, 1044
	1045, 1046, 1047, 1048, 1114, 1160
	1049, 1050, 1051, 1052, 1053, 1054
	1055, 1056, 1057, 1058, 1059, 1060, 1233
	1061, 1062, 1063, 1064
	1065, 1066, 1067, 1068, 1069, 1070
	1071, 1072, 1073, 1074
	1075, 1076, 1077, 1078, 1079
	1080, 1081, 1082, 1083, 1084, 1085
	1086, 1087, 1088, 1165, 1188, 1236
	1089, 1090, 1091, 1092
	1093, 1094, 1095, 1096, 1097
	1098, 1099, 1100, 1101, 1102, 1103
	1104, 1105, 1106, 1107, 1108, 1109
	1110, 1111, 1112, 1113
	1114, 1115, 1116, 1117, 1118, 1119, 1120
	1121, 1122, 1123, 1124, 1125, 1169
	1126, 1127, 1128, 1129, 1130
	1131, 1132, 1133, 1134, 1135
	1136, 1137, 1138, 1139, 1140, 1141
	1142, 1143, 1144, 1145, 1146, 1147, 1148
	1149, 1150, 1151, 1152, 1153, 1154, 1198
	1155, 1156, 1157, 1158, 1159, 1160, 1161
	1162, 1163, 1164, 1165, 1187, 1237
	1166, 1167, 1168, 1169, 1170, 1183
	1171, 1172, 1173, 1174
	1175, 1176, 1177, 1178, 1179, 1207
	1180, 1181, 1182, 1183, 1184, 1212
	1185, 1186, 1187, 1188, 1189, 1190, 1191
	1192, 1193, 1194, 1195
	1196, 1197, 1198, 1199, 1200
	1201, 1202, 1203, 1204, 1257
	1205, 1206, 1207, 1208, 1209, 1210
	1211, 1212, 1213, 1214, 1215, 1216
	1217, 1218, 1219, 1220
	1221, 1222, 1223, 1224, 1225, 1243, 1252
	1226, 1227, 1228, 1229
	1230, 1231, 1232, 1233
	1234, 1235, 1236, 1237, 1238
	1239, 1240, 1241, 1242, 1243
	1244, 1245, 1246, 1247, 1248
	1249, 1250, 1251, 1252, 1253, 1254
	1255, 1256, 1257, 1258, 1259, 1260
	1261, 1262, 1263, 1264, 1265, 1266
Seed Numbers: 422
	0
	1
	2
	3
	4
	5
	6
	7
	8
	9
	10
	11
	12
	13
	14
	15
	16
	17
	18
	19
	20
	21
	22
	23
	24
	25
	26
	27
	28
	29
	30
	31
	32
	33
	34
	35
	36
	37
	38
	39
	40
	41
	42
	43
	44
	45
	46
	47
	48
	49
	50
	51
	52
	53
	54
	55
	56
	57
	58
	59
	60
	61
	62
	63
	64
	65
	66
	67
	68
	69
	70
	71
	72
	73
	74
	75
	76
	77
	78
	79
	80
	81
	82
	83
	84
	85
	86
	87
	88
	89
	90
	91
	92
	93
	94
	95
	96
	97
	98
	99
	100
	101
	102
	103
	104
	105
	106
	107
	108
	109
	110
	111
	112
	113
	114
	115
	116
	117
	118
	119
	120
	121
	122
	123
	124
	125
	126
	127
	128
	129
	130
	131
	132
	133
	134
	135
	136
	137
	138
	139
	140
	141
	142
	143
	144
	145
	146
	147
	148
	149
	150
	151
	152
	153
	154
	155
	156
	157
	158
	159
	160
	161
	162
	163
	164
	165
	166
	167
	168
	169
	170
	171
	172
	173
	174
	175
	176
	177
	178
	179
	180
	181
	182
	183
	184
	185
	186
	187
	188
	189
	190
	191
	192
	193
	194
	195
	196
	197
	198
	199
	200
	201
	202
	203
	204
	205
	206
	207
	208
	209
	210
	211
	212
	213
	214
	215
	216
	217
	218
	219
	220
	221
	222
	223
	224
	225
	226
	227
	228
	229
	230
	231
	232
	233
	234
	235
	236
	237
	238
	239
	240
	241
	242
	243
	244
	245
	246
	247
	248
	249
	250
	251
	252
	253
	254
	255
	256
	257
	258
	259
	260
	261
	262
	263
	264
	265
	266
	267
	268
	269
	270
	271
	272
	273
	274
	275
	276
	277
	278
	279
	280
	281
	282
	283
	284
	285
	286
	287
	288
	289
	290
	291
	292
	293
	294
	295
	296
	297
	298
	299
	300
	301
	302
	303
	304
	305
	306
	307
	308
	309
	310
	311
	312
	313
	314
	315
	316
	317
	318
	319
	320
	321
	322
	323
	324
	325
	326
	327
	328
	329
	330
	331
	332
	333
	334
	335
	336
	337
	338
	339
	340
	341
	342
	343
	344
	345
	346
	347
	348
	349
	350
	351
	352
	353
	354
	355
	356
	357
	358
	359
	360
	361
	362
	363
	364
	365
	366
	367
	368
	369
	370
	371
	372
	373
	374
	375
	376
	377
	378
	379
	380
	381
	382
	383
	384
	385
	386
	387
	388
	389
	390
	391
	392
	393
	394
	395
	396
	397
	398
	399
	400
	401
	402
	403
	404
	405
	406
	407
	408
	409
	410
	411
	412
	413
	414
	415
	416
	417
	418
	419
	420
	421
Phase Numbers: 422
	2
	2
	1
	3
	2
	3
	2
	2
	0
	2
	2
	1
	3
	2
	0
	2
	0
	0
	2
	3
	3
	3
	2
	2
	2
	3
	1
	2
	3
	3
	3
	3
	3
	3
	2
	3
	2
	3
	0
	2
	2
	2
	2
	2
	3
	3
	1
	2
	0
	2
	0
	2
	0
	2
	2
	3
	1
	3
	2
	3
	2
	1
	2
	3
	2
	2
	3
	3
	2
	2
	3
	2
	3
	3
	3
	2
	3
	2
	3
	2
	1
	2
	0
	0
	2
	3
	2
	3
	2
	2
	2
	2
	3
	2
	2
	2
	0
	0
	1
	3
	0
	0
	3
	3
	0
	2
	2
	3
	2
	3
	1
	2
	1
	3
	2
	2
	2
	3
	2
	3
	3
	3
	2
	3
	3
	3
	1
	3
	2
	2
	2
	3
	2
	1
	3
	2
	2
	0
	2
	2
	0
	2
	3
	2
	2
	2
	2
	2
	3
	3
	2
	3
	0
	3
	3
	0
	2
	3
	2
	0
	2
	3
	2
	3
	2
	2
	3
	3
	3
	0
	3
	2
	3
	3
	3
	3
	3
	2
	3
	3
	3
	0
	3
	2
	0
	1
	2
	1
	2
	2
	3
	2
	0
	2
	1
	2
	0
	3
	3
	3
	3
	1
	2
	3
	3
	2
	2
	0
	3
	3
	3
	2
	3
	3
	2
	1
	3
	3
	3
	3
	3
	2
	2
	2
	3
	3
	2
	0
	2
	3
	2
	0
	3
	3
	3
	1
	1
	2
	3
	0
	3
	2
	1
	1
	3
	0
	2
	1
	3
	1
	3
	2
	3
	3
	1
	2
	3
	2
	3
	3
	3
	0
	3
	1
	2
	3
	2
	2
	3
	2
	3
	0
	3
	3
	2
	1
	2
	3
	1
	3
	3
	2
	3
	3
	2
	3
	1
	2
	1
	3
	2
	2
	3
	2
	3
	1
	0
	2
	2
	3
	2
	3
	2
	3
	3
	3
	1
	2
	3
	2
	3
	2
	3
	3
	3
	2
	3
	2
	2
	3
	2
	3
	3
	2
	3
	2
	3
	2
	2
	3
	2
	0
	3
	3
	3
	2
	2
	3
	0
	3
	1
	3
	3
	2
	2
	2
	2
	1
	2
	2
	3
	2
	2
	3
	0
	3
	1
	3
	3
	3
	2
	1
	3
	0
	3
	3
	3
	1
	3
	2
	2
	2
	2
	2
	2
	3
	3
	3
	3
	0
	2
	2
	2
	3
	3
	0
	2
	2
	1
	2
	1
	2
	3
	3
	2
	2
	1
	2
	2
	3
	3
	3
	0
	3
	3
	3
	3
	2
	2
	2
	3
	3
	2
	3
	0
	2
	1
	2
	3
	3
	2
	2
Volumes: 422
	0.002377282876168866
	0.0025171327818657024
	0.0015403676849663943
	0.002028745438121719
	0.00333403735479354
	0.0028074116853873737
	0.002703346330683072
	0.0025079540626481507
	0.001266633784839525
	0.0009176608369225759
	0.0020238799791373286
	0.0018994483820100035
	0.0024073445479387617
	0.0023112787357767875
	0.0023018796936726824
	0.002426793617118835
	0.002828841130570966
	0.0022344798117197727
	0.002193555371667157
	0.001938449871154596
	0.002585002701773844
	0.0037138602430574594
	0.0032934770773820924
	0.0013539752259131845
	0.002300872831871768
	0.0025728640533886193
	0.0026714551853509573
	0.0024010066031262857
	0.0023454439887126786
	0.002588338099983826
	0.002556728752653688
	0.0028510501408477076
	0.002327211694474939
	0.0023515989247488065
	0.0027732732677139293
	0.0026879505634754297
	0.0027071730343021187
	0.0023763947413667887
	0.002517291749472817
	0.002736066569049329
	0.0031679479587748425
	0.0023432567305386462
	0.002292544590793837
	0.002022710625675725
	0.0023847193351336266
	0.002539511190690658
	0.0010393930269614704
	0.002793934328452527
	0.0024312126772160947
	0.002506377594909296
	0.001957400230257719
	0.0023841705048199043
	0.002172116384110353
	0.002059105469865731
	0.0022748459258801245
	0.002338468778601482
	0.002906551864290697
	0.00254422118252152
	0.0028115452669107877
	0.0012484226035528211
	0.0028005850104191187
	0.0021360716268031595
	0.0025030819101925354
	0.003593895316643144
	0.0029031835813633747
	0.0033138977255110754
	0.0009692517938530972
	0.002530036949662305
	0.002177214464551305
	0.0020918841332098308
	0.0024016460423316
	0.0017079349005617004
	0.0025775950867449994
	0.002848588541477385
	0.002452746059673413
	0.002924464515653471
	0.00192675669219174
	0.0021280070589512912
	0.003018818348438448
	0.0017642661148460181
	0.0027467474518952225
	0.002810413677658634
	0.0026625233573721206
	0.0029130212441658985
	0.0022368191813686876
	0.0020040489306178463
	0.0024663434718219775
	0.0030120096958327455
	0.002807403364780517
	0.002975083649830826
	0.0028938429766388815
	0.002130938467852569
	0.0026237324714266574
	0.001996052836592591
	0.002308339906235316
	0.0025778567614096427
	0.0018889088571066946
	0.0020691792002442365
	0.002254586752307797
	0.0021867919216790313
	0.002473714590728591
	0.0026251789569956318
	0.0028489127796504947
	0.002716519563583936
	0.002897560184922632
	0.0012943507317120838
	0.001979620635753859
	0.0020885761858261947
	0.0024367827641305025
	0.0024741242713004173
	0.002662486484886361
	0.002715277720195621
	0.0025011014429017295
	0.002421506918807963
	0.0028223546514871503
	0.002727576780369974
	0.0018137810410264348
	0.003630454288926715
	0.002895312096762287
	0.002598809669524393
	0.0026864343354890347
	0.0022929406473230014
	0.0019484543227812885
	0.003025177433935319
	0.0024972895085416773
	0.0022354924069028295
	0.0010893613470835022
	0.0016337322163988322
	0.0016922342778917792
	0.001239007873327984
	0.003306203091709631
	0.0022207492205820285
	0.0025876135100553078
	0.0020761218049785216
	0.0018790981264696742
	0.002917151534461187
	0.002421957622411726
	0.0028209354737730296
	0.0024176385204803287
	0.003010962392921191
	0.0025039281855837297
	0.0012486158815728761
	0.0028966977642392146
	0.0027510194116004056
	0.0021567027152988904
	0.0029355750114846138
	0.002751907537765915
	0.003267689433300459
	0.0026237882798726027
	0.0025715935208376036
	0.0014359703649564322
	0.0021915113588432725
	0.002807147850729792
	0.0032902403092360277
	0.0017344135207993253
	0.002838848172456223
	0.001793696412644594
	0.0023235803774783537
	0.0027541041905698917
	0.0016897497496824198
	0.0022805231135292047
	0.001960154975288393
	0.002548779384777029
	0.002819809030800039
	0.003980207948380898
	0.003265179643923729
	0.002128444978824828
	0.0029274076663252857
	0.0029153158267784607
	0.002754845367567778
	0.0029838183645094743
	0.0017127977534182027
	0.0032638007479517516
	0.003351104741092159
	0.0030053688997117496
	0.0033544147707305614
	0.002604794519731948
	0.0019145275375963217
	0.0016745586880521253
	0.0027993729990548146
	0.001632809973312675
	0.0016982457798816065
	0.0022139060627122268
	0.0011447926700073688
	0.0027944467502058782
	0.0030741809504789023
	0.002090829666703325
	0.003489860295546936
	0.0016888543366875143
	0.0029399098814101793
	0.002085188439955333
	0.0030456086383643497
	0.002792630514882183
	0.0020519014866230527
	0.0024855347922751246
	0.003577071580183452
	0.0016594927839880028
	0.002447209540556462
	0.002278210855961267
	0.0016687738275126761
	0.0027729898789194776
	0.0024575486339124303
	0.0029315494000565073
	0.0023497993875705313
	0.0022234850088306167
	0.0025372687330759047
	0.002334553396747004
	0.002483020033425108
	0.001583843999041008
	0.002067442708211126
	0.0024049946385209927
	0.0021774872740612395
	0.002636463907361475
	0.0031330919130793276
	0.002084056760463327
	0.0030898960228076034
	0.002224821840502581
	0.002855824667425983
	0.0013888054709689226
	0.002679827644645392
	0.0025115825160366093
	0.0017027503221447365
	0.0015382970532470592
	0.002352250745779775
	0.0022597380711752335
	0.002255121328088941
	0.0015011599161543912
	0.002278937011285181
	0.001717696650264658
	0.002921908849635219
	0.002446869086760454
	0.0024158436736534854
	0.002323709183517619
	0.0022392651227304368
	0.0020967775737502172
	0.0015358241294144205
	0.0028610187993091504
	0.0019508755580329613
	0.002918329941514089
	0.0028213215955357482
	0.0014350579141996285
	0.0026009578628942197
	0.0017802664109662115
	0.002930826564549901
	0.0026992465408572416
	0.0012271556420367753
	0.002178043563450245
	0.002462647491247985
	0.002390502867846154
	0.0029285729740265018
	0.0028599065704521835
	0.003351486848137447
	0.0026378808934347437
	0.0018318416315815545
	0.00309405191366935
	0.002280754009140888
	0.0026860461784436345
	0.001821926340278503
	0.003269522838806292
	0.0026027482008777495
	0.0017337025778408535
	0.0015421110012257123
	0.0010496886063669937
	0.002302966492504898
	0.0019193016809920392
	0.0030126670306007035
	0.002798817927970863
	0.0028115250341594782
	0.0033843814799032973
	0.0012942751045601486
	0.0029863691176869695
	0.0011055495536092396
	0.0028085559272248515
	0.0019453424290510682
	0.0024479021643733457
	0.0024725410824695693
	0.00229895919582602
	0.001830641825217048
	0.002592539323106005
	0.0019017971425825929
	0.0024939400014729247
	0.0032258346739819526
	0.0013937705435008024
	0.0029755412440363484
	0.002837805631972175
	0.0023041195912935374
	0.0015965491818234756
	0.002668719896645721
	0.0028524209116646553
	0.0025506463563595605
	0.0036090897583406292
	0.003148886567313749
	0.0020584025847443285
	0.0015737655998477693
	0.0010670010924462917
	0.0017155322923101378
	0.0029119914530952246
	0.0023219478288560667
	0.0014410374088092413
	0.0033362341471416847
	0.003117989837350495
	0.0021914176942956325
	0.002479500181741685
	0.002726925336028138
	0.00260044535206558
	0.003067882857041378
	0.0027384486307733017
	0.002364246786225469
	0.002648167643520538
	0.002626265808409599
	0.0025587648121376217
	0.0019236610457309521
	0.0011275179868425577
	0.0027664169095131313
	0.0024091602634205233
	0.0023953388708439606
	0.0012010561115490966
	0.002662568000289382
	0.0018146022344807374
	0.001669061868101449
	0.0024976002007489253
	0.002571065212988209
	0.0012433276811901583
	0.0018061098848363173
	0.0028349652879432205
	0.0034286789024464866
	0.0031029460513978813
	0.0017985886323581158
	0.0023014331148159257
	0.0025284257171705503
	0.0027281782739037898
	0.0022091561588029637
	0.0024920385090051347
	0.002599640599388579
	0.0020175353363767255
	0.002521298571600444
	0.0019149237396202533
	0.002935364164072759
	0.002046252948072068
	0.002354204844836209
	0.0028089889089947637
	0.002966584219814708
	0.001593908116136248
	0.002025072665337018
	0.002034964187294504
	0.0030599874202514124
	0.001842030577789294
	0.002491456121776028
	0.002385015967200716
	0.002808709792886614
	0.0008896085198494173
	0.0024335976516988845
	0.001881975584247084
	0.002125502438345801
	0.001647804114360394
	0.002236194020002651
	0.0019165475663174708
	0.0018624232440412102
	0.0013237074230298376
	0.0025051420727173752
	0.0017302052125100595
	0.0029422762445925955
	0.0027737813226912525
	0.002594806956291433
	0.00238666203186141
	0.0025354152727917606
	0.0011446854631967825
	0.0022101097854914783
	0.002439961542051638
	0.0027908084764724315
	0.0025070809085182403
	0.0031675485992811747
	0.0017918199588013313
	0.002305935675895046
	0.0028082757936158534
	0.0028107856072094872
	0.0028234186824188383
	0.0022894039695533067
	0.0036186454567948773
	0.0027151963592341967
	0.003091943981134077
	0.002954921356988921
	0.0020304487056005986
	0.0020083185832991705
	0.0009371805979871536
	0.001173847163117384
	0.00282388698422552
	0.002788823871592923
	0.0015020181413368354
	0.0015092404452120387
	0.0025662392805895096
	0.0016686131112980665
	0.0009439138181226608
	0.003110203674168829
	0.002689875604916478
	0.0017755831409019115
	0.0011758796645156976
	0.0025062264659079757
	0.0029598906728571413
	0.0027316408144881393
	0.002170177054781778
	0.00217967880702102
	0.002784279125369467
	0.0008591674669143021
	0.002371018780795986
	0.002404659135005988
	0.0031080625007998547
	0.0017105973200918702
	0.002135191820867773
	0.0017726710915679528
	0.002671304136441101
	0.002588284865824785
	0.0011127970599003481
	0.0027789559010092655
	0.0016635204583651956
	0.0017595749321281965
	0.0018969119895669217
	0.0016189668100568266
	0.0011631198468016676
	0.002635757712668391
	0.0026843000435653294
	0.0031521188944506496
