Mesh Points: 838
	-3.678874e-01, -2.957550e-01
	-3.750830e-01, -3.335460e-01
	-4.079984e-01, -3.437715e-01
	-4.002402e-01, -2.819117e-01
	-4.316154e-01, -3.057274e-01
	 1.967769e-01,  1.222483e-01
	 1.790055e-01,  1.077116e-01
	 1.827313e-01,  1.638348e-01
	 1.376165e-01,  1.480370e-01
	 1.574207e-01,  1.097983e-01
	 1.812351e-01,  1.644930e-01
	 1.252264e-01,  2.726597e-01
	 1.417886e-01,  2.785340e-01
	 8.760579e-02,  3.059691e-01
	 1.156056e-01,  3.335574e-01
	 1.454791e-01,  3.294315e-01
	 1.550392e-01,  3.125399e-01
	-2.706569e-01, -4.194152e-01
	-3.181392e-01, -4.122094e-01
	-2.680129e-01, -3.820628e-01
	-3.133906e-01, -3.684378e-01
	-2.874133e-01, -3.629482e-01
	 2.271863e-01,  1.939462e-01
	 2.526883e-01,  2.071131e-01
	 2.070774e-01,  2.177375e-01
	 2.204468e-01,  2.508755e-01
	 2.533662e-01,  2.375860e-01
	 3.972445e-01, -3.100822e-01
	 3.878024e-01, -3.204252e-01
	 3.560469e-01, -3.213242e-01
	 3.380014e-01, -2.933938e-01
	 3.456514e-01, -2.764864e-01
	 3.852849e-01, -2.824670e-01
	-4.005602e-01,  4.275812e-01
	-3.986478e-01,  4.228614e-01
	-4.468467e-01,  4.291539e-01
	-4.568283e-01,  4.153684e-01
	-4.387855e-01,  3.743174e-01
	-4.341513e-01,  3.721869e-01
	-2.356100e-01,  2.093174e-01
	-2.366587e-01,  2.091487e-01
	-2.187718e-01,  2.534550e-01
	-2.266523e-01,  2.782104e-01
	-2.700708e-01,  2.671282e-01
	-2.785101e-01,  2.324575e-01
	 4.058563e-01,  5.000000e-01
	 4.157971e-01,  4.744985e-01
	 3.706074e-01,  5.000000e-01
	 3.631062e-01,  4.694027e-01
	 4.074766e-01,  4.587590e-01
	 3.756748e-01,  4.562502e-01
	-3.405559e-01,  5.000000e-01
	-3.596836e-01,  4.610859e-01
	-3.846218e-01,  5.000000e-01
	-3.945268e-01,  4.611600e-01
	-3.931327e-01,  4.584737e-01
	-9.986484e-02,  6.330156e-02
	-1.319800e-01,  8.873580e-02
	-1.084949e-01,  3.160093e-02
	-1.598217e-01,  6.802193e-02
	-1.499715e-01,  8.752681e-02
	-1.489846e-01,  2.157982e-02
	-1.467201e-01,  1.957938e-02
	 6.403166e-02,  2.282782e-01
	 6.658298e-02,  2.380380e-01
	 3.352925e-02,  2.095079e-01
	 1.754362e-02,  2.714683e-01
	-7.572558e-03,  2.354977e-01
	 6.070628e-02,  2.521343e-01
	-4.793157e-03,  2.228749e-01
	-3.234762e-01, -4.595359e-01
	-3.316139e-01, -4.677602e-01
	-3.694057e-01, -4.636924e-01
	-3.296405e-01, -4.205987e-01
	-3.648039e-01, -4.139690e-01
	-3.772015e-01, -4.336960e-01
	-8.342471e-02, -1.232811e-01
	-1.317593e-01, -9.206170e-02
	-6.814487e-02, -7.276297e-02
	-1.130802e-01, -5.513315e-02
	-1.261414e-01, -6.439909e-02
	 2.562574e-01,  3.090019e-01
	 2.938191e-01,  3.203464e-01
	 2.418100e-01,  3.536864e-01
	 2.635821e-01,  3.767305e-01
	 3.023624e-01,  3.491144e-01
	 2.792795e-01,  3.771307e-01
	-5.000000e-01, -7.085260e-02
	-4.789970e-01, -6.931544e-02
	-5.000000e-01, -1.246667e-01
	-4.393328e-01, -9.659611e-02
	-4.399562e-01, -1.287663e-01
	-3.890679e-01, -2.191782e-01
	-3.938520e-01, -1.978617e-01
	-3.705072e-01, -1.576977e-01
	-3.272393e-01, -1.779935e-01
	-3.219711e-01, -1.957066e-01
	-3.480505e-01, -2.298417e-01
	 1.044046e-01,  4.302649e-01
	 1.008476e-01,  4.072290e-01
	 6.554267e-02,  4.450615e-01
	 4.200613e-02,  4.346159e-01
	 4.865624e-02,  3.903311e-01
	 6.186319e-02,  3.836214e-01
	-1.236487e-01,  3.514394e-01
	-1.498801e-01,  3.793989e-01
	-1.472810e-01,  3.169914e-01
	-1.571747e-01,  3.161060e-01
	-1.832251e-01,  3.440754e-01
	 5.000000e-01, -3.208521e-01
	 4.727854e-01, -3.089378e-01
	 5.000000e-01, -2.774606e-01
	 4.846998e-01, -2.774313e-01
	-8.527702e-02,  3.694850e-01
	-8.795072e-02,  3.533077e-01
	-1.103800e-01,  4.158570e-01
	-1.502757e-01,  3.901404e-01
	 5.000000e-01,  1.420615e-01
	 4.702066e-01,  1.346555e-01
	 5.000000e-01,  1.834220e-01
	 4.767705e-01,  1.887316e-01
	 4.622597e-01,  1.428229e-01
	-4.786339e-01, -4.695467e-01
	-5.000000e-01, -4.733060e-01
	-4.680354e-01, -4.501448e-01
	-5.000000e-01, -4.225683e-01
	-4.895804e-01, -4.217422e-01
	-1.974407e-01, -1.075866e-01
	-2.284777e-01, -1.115598e-01
	-1.914333e-01, -9.723899e-02
	-2.387603e-01, -5.222054e-02
	-2.390499e-01, -5.237775e-02
	-1.955589e-01, -6.251081e-02
	-2.450433e-01, -9.768149e-02
	 5.000000e-01,  2.424079e-01
	 4.801938e-01,  2.332994e-01
	 5.000000e-01,  2.878182e-01
	 4.518043e-01,  2.481812e-01
	 4.518443e-01,  2.875407e-01
	 4.774155e-01,  2.957494e-01
	-4.630794e-01, -3.890359e-01
	-4.719298e-01, -3.901752e-01
	-5.000000e-01, -3.699803e-01
	-5.000000e-01, -3.394647e-01
	-4.576965e-01, -3.391216e-01
	-4.443618e-01, -3.606081e-01
	 4.106957e-02, -3.155149e-01
	 2.581464e-02, -2.990124e-01
	 7.115460e-02, -3.129557e-01
	 2.901084e-02, -2.781782e-01
	 4.470545e-02, -2.677296e-01
	 8.508902e-02, -2.858696e-01
	 2.541836e-02,  3.793022e-01
	-3.275146e-03,  3.911896e-01
	-8.162602e-03,  4.244014e-01
	 4.110142e-02,  4.351270e-01
	-2.638699e-01,  5.000000e-01
	-2.651465e-01,  4.889886e-01
	-3.267092e-01,  5.000000e-01
	-3.038955e-01,  4.710255e-01
	-8.333958e-02,  4.321426e-01
	-5.175933e-02,  4.127994e-01
	-1.068027e-01,  4.260420e-01
	-5.099861e-02,  3.989075e-01
	 1.772747e-01, -1.170205e-01
	 1.509350e-01, -1.056019e-01
	 2.011540e-01, -7.904572e-02
	 1.721465e-01, -5.471906e-02
	 1.940373e-01, -6.296352e-02
	 1.437702e-01, -8.955503e-02
	-4.366257e-01, -1.341446e-01
	-4.111627e-01, -6.849400e-02
	-3.883198e-01, -7.080329e-02
	-3.793131e-01, -1.324540e-01
	-3.788079e-01, -8.399364e-02
	 9.433741e-02,  9.576581e-02
	 4.885775e-02,  1.050495e-01
	 1.009685e-01,  1.007361e-01
	 5.236082e-02,  1.504448e-01
	 7.926797e-02,  1.618610e-01
	 1.107192e-01,  1.445895e-01
	 3.898990e-02,  9.702603e-02
	 9.254141e-03,  1.049973e-01
	-1.114664e-02,  1.429609e-01
	 2.453620e-03,  1.611740e-01
	 2.646046e-02,  1.659740e-01
	 1.562529e-01, -4.118941e-01
	 1.290914e-01, -4.207993e-01
	 1.754826e-01, -4.294781e-01
	 1.576139e-01, -4.588906e-01
	 1.277554e-01, -4.414416e-01
	-5.000000e-01, -1.101686e-03
	-4.777252e-01,  4.440579e-04
	-4.399833e-01, -3.535309e-02
	-3.727633e-01, -4.253412e-02
	-3.854752e-01, -8.784738e-03
	-4.118037e-01, -5.843148e-06
	-4.367331e-01, -3.534091e-02
	-2.276748e-01, -3.131431e-01
	-2.362381e-01, -3.307180e-01
	-1.972085e-01, -3.120473e-01
	-2.032782e-01, -3.632369e-01
	-2.197886e-01, -3.667915e-01
	-1.848979e-01, -3.366449e-01
	-2.205492e-01, -3.664120e-01
	 1.012979e-03, -2.550745e-01
	-3.531744e-02, -2.670684e-01
	 1.310297e-02, -2.201544e-01
	-5.774696e-02, -2.458103e-01
	-3.464377e-02, -1.962075e-01
	-4.572101e-01, -2.894507e-01
	-4.372024e-01, -3.055794e-01
	-5.000000e-01, -2.976946e-01
	-3.238348e-01,  9.190154e-02
	-3.049247e-01,  1.208170e-01
	-3.498412e-01,  8.985168e-02
	-3.756485e-01,  1.191675e-01
	-3.738552e-01,  1.384239e-01
	-3.097962e-01,  1.355105e-01
	-3.497652e-01,  1.567035e-01
	 1.004133e-01,  9.922323e-03
	 6.119467e-02, -2.826879e-03
	 8.982637e-02,  4.708416e-02
	 5.108550e-02,  4.346419e-02
	 5.350292e-02,  1.133178e-03
	 2.659999e-01,  1.549585e-01
	 2.295943e-01,  1.633821e-01
	 2.859838e-01,  1.877753e-01
	 2.225392e-01,  1.756558e-01
	 2.301511e-01, -1.697907e-01
	 2.313548e-01, -1.441967e-01
	 1.927391e-01, -1.898257e-01
	 1.858557e-01, -1.353644e-01
	 2.241226e-01, -1.371362e-01
	 1.727760e-01, -1.611433e-01
	-4.537567e-01,  2.392451e-02
	-4.157197e-01,  1.078814e-02
	 2.728089e-01,  1.325465e-01
	 2.399210e-01,  1.047572e-01
	 2.172999e-01,  1.226413e-01
	-2.781930e-01, -3.323930e-01
	-3.199221e-01, -3.090395e-01
	-2.959022e-01, -3.017509e-01
	-3.342888e-01, -3.555628e-01
	-3.456024e-02, -2.893033e-01
	-6.366256e-02, -3.169156e-01
	-7.134199e-02, -2.467822e-01
	-1.073816e-01, -2.745714e-01
	-7.762121e-02, -3.177427e-01
	-1.072944e-01, -2.904950e-01
	-2.079397e-01, -5.000000e-01
	-2.017690e-01, -4.711539e-01
	-2.755405e-01, -5.000000e-01
	-2.758624e-01, -4.672407e-01
	-2.613787e-01, -4.478664e-01
	 1.835137e-02, -2.181421e-01
	 4.911640e-02, -2.334602e-01
	-2.280575e-01,  1.313392e-04
	-2.419382e-01,  5.170173e-03
	-2.834124e-01, -1.378123e-02
	-2.780041e-01, -4.347647e-02
	 5.897695e-02,  3.225549e-01
	 4.308970e-02,  3.217813e-01
	 1.824104e-02,  3.480687e-01
	 6.873301e-02,  3.710086e-01
	 2.425368e-01,  9.270690e-02
	 2.825486e-01,  7.687221e-02
	 2.998335e-01,  1.208636e-01
	 3.412956e-02, -1.607624e-01
	 1.078633e-02, -1.540613e-01
	-3.575717e-02, -1.915311e-01
	 2.984437e-01, -1.117613e-01
	 2.801503e-01, -1.218526e-01
	 2.426794e-01, -9.068829e-02
	 2.614063e-01, -5.509620e-02
	 2.994484e-01, -5.408869e-02
	-3.914557e-02, -1.885077e-01
	-8.165071e-02, -1.808074e-01
	-9.134183e-02, -1.415503e-01
	-8.205785e-02, -1.271643e-01
	-5.151024e-02, -1.338267e-01
	 1.909979e-01,  6.045297e-02
	 2.256933e-01,  6.684219e-02
	 5.000000e-01,  5.076380e-02
	 4.863803e-01,  4.896846e-02
	 5.000000e-01,  9.950379e-02
	 4.729934e-01,  1.079684e-01
	 4.493890e-01,  7.763858e-02
	 2.747782e-01, -1.340108e-01
	 2.353916e-01, -9.333227e-02
	 2.438526e-01, -2.245778e-01
	 2.761715e-01, -2.668269e-01
	 2.596395e-01, -2.017697e-01
	 2.602642e-01, -2.015897e-01
	 2.942170e-01, -2.117312e-01
	 3.058292e-01, -2.433828e-01
	 1.650090e-01,  2.152257e-01
	 1.713744e-01,  2.585891e-01
	 2.103225e-01,  2.728553e-01
	 3.940985e-01,  2.700711e-01
	 3.577663e-01,  2.616962e-01
	 3.985502e-01,  2.805085e-01
	 3.304404e-01,  2.949665e-01
	 3.550650e-01,  3.201408e-01
	 3.774750e-01,  3.203870e-01
	-1.344758e-01,  2.081494e-01
	-1.713204e-01,  2.042591e-01
	-1.238862e-01,  2.567174e-01
	-1.769320e-01,  2.371032e-01
	-1.558050e-01,  2.607672e-01
	 1.309288e-01,  1.509462e-01
	 1.303351e-01,  2.000071e-01
	 8.589590e-02,  1.939580e-01
	 3.681442e-01,  4.238991e-01
	 4.176107e-01,  4.396310e-01
	 3.962181e-01,  3.950440e-01
	-2.313667e-01,  3.099751e-01
	-2.599172e-01,  3.267237e-01
	-2.634762e-01,  3.669712e-01
	-2.561531e-01,  3.737013e-01
	-2.035080e-01,  3.557062e-01
	-1.990915e-01,  3.475302e-01
	-3.225648e-01,  3.383086e-01
	-2.984796e-01,  3.715926e-01
	-3.575269e-01,  3.459513e-01
	-3.266463e-01,  3.980316e-01
	-3.142697e-01,  3.958424e-01
	-3.639542e-01,  3.565443e-01
	 3.180279e-01, -1.905625e-01
	 2.873098e-01, -1.635746e-01
	 3.163097e-01, -1.725392e-01
	-2.672006e-01, -1.510434e-01
	-2.445107e-01, -1.475114e-01
	-2.207540e-01, -1.693711e-01
	-2.279024e-01, -2.069318e-01
	-2.331213e-01, -2.082300e-01
	-2.695868e-01, -1.859564e-01
	-2.273997e-01,  7.084225e-02
	-2.065884e-01,  5.362732e-02
	-2.316751e-01,  6.982164e-02
	-2.570926e-01,  3.888954e-02
	-2.036115e-01,  1.681978e-02
	-2.106130e-01,  5.966044e-03
	 1.994804e-01,  3.087985e-01
	 1.637854e-01,  3.610203e-01
	 2.025574e-01,  3.610043e-01
	 2.051933e-01,  3.582949e-01
	 4.708045e-01,  1.969138e-01
	 2.062465e-01, -3.870139e-01
	 1.863742e-01, -4.273049e-01
	 2.059621e-01, -3.859066e-01
	 1.688960e-01, -3.667656e-01
	 1.761022e-01, -3.653768e-01
	 3.709614e-01,  3.381838e-02
	 3.933661e-01,  6.928120e-02
	 4.077171e-01,  1.554816e-02
	 4.266160e-01,  2.670400e-02
	 4.296782e-01,  6.776595e-02
	 4.456195e-01, -3.503872e-01
	 4.344272e-01, -3.667695e-01
	 4.453173e-01, -3.211230e-01
	 4.300753e-01, -3.092059e-01
	 3.920694e-01, -3.569633e-01
	-4.915313e-02,  2.679273e-02
	-7.786315e-02,  2.022429e-03
	-6.955822e-02,  7.198932e-02
	 8.084888e-02,  4.835285e-01
	 1.110978e-01,  4.627327e-01
	 1.077017e-01,  4.330921e-01
	 5.000000e-01, -2.272751e-01
	 4.678624e-01, -2.494571e-01
	-1.771057e-01, -2.860797e-01
	-1.775617e-01, -2.666713e-01
	-1.953111e-01, -2.546758e-01
	-2.443040e-01, -2.771182e-01
	-1.662422e-01,  4.011740e-01
	-1.706662e-01,  4.425102e-01
	-1.473942e-01,  4.567244e-01
	-1.277228e-01,  4.518791e-01
	-3.221824e-01,  2.426687e-01
	-2.951793e-01,  2.245822e-01
	-2.973824e-01,  1.974148e-01
	-3.497382e-01,  2.291088e-01
	-3.568791e-01,  1.998734e-01
	-3.481714e-01,  1.848213e-01
	-3.219115e-03,  4.331562e-02
	-1.921051e-02,  8.201371e-02
	 3.517031e-02,  5.713178e-02
	 4.637986e-01, -2.485096e-01
	 4.305452e-01, -2.722429e-01
	 3.710168e-01, -1.293997e-01
	 3.394978e-01, -1.122180e-01
	 4.089120e-01, -1.090021e-01
	 3.837341e-01, -6.476048e-02
	 3.736276e-01, -6.026902e-02
	 3.489886e-01, -7.219851e-02
	-4.291553e-01, -4.371251e-01
	-4.071213e-01, -3.833919e-01
	-3.706292e-01, -3.977327e-01
	-4.330175e-01, -4.115762e-01
	 1.414260e-01,  6.245505e-02
	 1.333647e-01,  5.515162e-02
	 1.392794e-01,  9.178467e-02
	 9.848777e-02,  5.806889e-02
	-1.620544e-01,  1.462310e-01
	-1.732039e-01,  1.291972e-01
	-1.759734e-01,  1.986566e-01
	-2.124181e-01,  1.921903e-01
	-2.181858e-01,  1.518523e-01
	 2.038549e-01,  4.083467e-01
	 1.580154e-01,  4.077950e-01
	 1.482916e-01,  3.861822e-01
	-1.075386e-01, -2.016962e-01
	-1.348673e-01, -1.591505e-01
	-1.355416e-01, -1.619387e-01
	-4.607074e-02,  1.351717e-01
	-6.513577e-02,  1.665499e-01
	-4.599522e-02,  2.005498e-01
	-2.048166e-02,  2.011825e-01
	-1.686784e-01, -1.836069e-01
	-1.930088e-01, -1.588010e-01
	-1.849105e-01, -1.344595e-01
	-1.479316e-01, -1.387218e-01
	 3.991323e-01, -4.573259e-01
	 4.161140e-01, -4.410013e-01
	 3.912387e-01, -4.583961e-01
	 3.596247e-01, -4.315591e-01
	 3.776340e-01, -3.945957e-01
	 4.163862e-01, -4.042594e-01
	-4.020218e-01,  5.072711e-02
	-4.574749e-01,  6.307732e-02
	 3.258510e-01, -1.192326e-01
	 3.675466e-01, -1.599118e-01
	 3.292441e-01, -1.587608e-01
	-3.220838e-01, -8.734605e-02
	-3.320675e-01, -1.258401e-01
	-3.736727e-01, -1.380555e-01
	 5.000000e-01, -3.963069e-01
	 4.728460e-01, -4.096877e-01
	 5.000000e-01, -3.664263e-01
	 4.344180e-01, -3.862190e-01
	-3.490375e-01, -3.578227e-01
	 2.745420e-01, -2.745780e-01
	 2.466379e-01, -2.879807e-01
	 2.422342e-01, -2.250601e-01
	 2.153001e-01, -2.639097e-01
	 4.403989e-01,  1.450815e-01
	 4.385172e-01,  7.600206e-02
	 4.108615e-01,  1.176607e-01
	-6.054296e-02,  2.848629e-01
	-4.618874e-02,  3.325591e-01
	-1.000210e-01,  2.948793e-01
	-8.241367e-02,  3.451279e-01
	-2.984234e-01,  4.839826e-02
	-2.695943e-01,  8.429349e-02
	 3.386871e-01, -2.482043e-01
	 3.491645e-01, -2.342515e-01
	 3.492966e-01, -2.146938e-01
	-1.641378e-02, -1.150162e-01
	-1.453055e-01, -3.326876e-01
	-1.427552e-01, -3.203990e-01
	-4.618193e-01, -1.817969e-01
	-4.453667e-01, -1.704463e-01
	-5.000000e-01, -1.545146e-01
	-4.088808e-01,  2.043490e-01
	-4.163157e-01,  1.983565e-01
	-4.045786e-01,  2.418641e-01
	-4.270738e-01,  2.613263e-01
	-4.681912e-01,  2.558547e-01
	-4.506135e-01,  1.976931e-01
	 4.105239e-01,  2.345175e-01
	 3.673602e-01,  2.027210e-01
	 3.491046e-01,  2.439264e-01
	 4.940745e-02, -4.757757e-01
	 4.593146e-02, -5.000000e-01
	 2.654457e-02, -4.535394e-01
	-6.255459e-03, -4.698839e-01
	-3.812263e-03, -5.000000e-01
	 2.544894e-01,  4.340416e-03
	 2.465415e-01,  2.419343e-02
	 3.054696e-01, -3.786009e-03
	 2.472050e-01,  2.674604e-02
	 2.930890e-01,  5.759414e-02
	 3.114876e-01,  4.914305e-02
	 8.297955e-02, -9.203531e-02
	 7.629904e-02, -4.974733e-02
	 9.282771e-02, -9.822685e-02
	 1.230205e-01, -8.224656e-02
	 1.100105e-01, -4.238471e-02
	-3.080350e-01, -7.216486e-02
	-3.328133e-01, -1.955683e-02
	-2.939948e-01, -6.451296e-03
	-3.365478e-01, -3.303753e-02
	-3.087874e-01, -7.665011e-02
	 4.566638e-01,  7.364464e-03
	 4.647567e-01,  9.633646e-03
	-2.765597e-01,  1.752336e-01
	-2.765626e-01,  1.738802e-01
	-2.149104e-01, -4.098047e-01
	-2.617315e-01, -4.325880e-01
	-2.025773e-01, -4.169497e-01
	-1.934885e-01, -4.645167e-01
	-1.379985e-01, -9.715986e-02
	-1.695111e-01,  2.900608e-01
	-2.256676e-01,  2.809264e-01
	-1.626751e-01, -3.953437e-01
	-1.633857e-01, -3.952780e-01
	-1.329871e-01, -3.575316e-01
	 1.428306e-01, -3.565172e-01
	 1.059270e-01, -4.014566e-01
	 1.049114e-01, -3.913536e-01
	-3.702865e-01,  5.377128e-02
	-3.994165e-01,  9.749515e-02
	-3.934484e-01,  5.653583e-02
	-1.467503e-02,  2.404560e-02
	-5.676929e-02,  9.531023e-02
	 7.567751e-02, -2.222781e-01
	 3.533455e-02, -1.603809e-01
	 8.090779e-02, -1.879845e-01
	 2.497369e-01,  5.000000e-01
	 2.493457e-01,  4.779262e-01
	 1.872460e-01,  5.000000e-01
	 2.095512e-01,  4.656778e-01
	-3.712484e-02, -4.330944e-01
	-2.131358e-02, -4.024681e-01
	-6.182983e-02, -4.418638e-01
	-9.392505e-02, -4.087162e-01
	-8.662826e-02, -3.801970e-01
	-5.234443e-02, -3.768020e-01
	-8.485943e-02, -4.300840e-01
	 4.370288e-01, -2.090831e-01
	 4.443472e-01, -1.908683e-01
	 5.000000e-01, -1.967912e-01
	-2.765551e-01, -1.051774e-01
	-2.792687e-01, -1.416543e-01
	 1.583072e-01,  4.463573e-01
	 2.016490e-01,  4.465977e-01
	 1.443035e-01,  4.812895e-01
	 1.497450e-01,  5.000000e-01
	-3.863873e-02, -3.451155e-01
	-9.657471e-02, -3.675265e-01
	 4.575520e-01,  4.898480e-01
	 4.599869e-01,  5.000000e-01
	-1.090532e-01,  2.902052e-01
	-1.190388e-01,  2.595786e-01
	-3.120166e-01, -1.471547e-01
	 3.705269e-01, -3.775216e-01
	 3.349986e-01, -3.620676e-01
	 3.376044e-01, -3.668188e-01
	 2.488181e-03,  2.930073e-01
	-2.132945e-02,  3.337102e-01
	 8.916643e-03,  2.906991e-01
	 3.126383e-01,  4.682981e-01
	 3.167520e-01,  4.732885e-01
	 2.594065e-01,  4.683323e-01
	 3.165842e-01,  5.000000e-01
	-6.056828e-02, -4.739430e-01
	-4.427287e-02, -4.823034e-01
	-1.476740e-02, -4.675677e-01
	 7.380404e-02, -3.670500e-01
	 8.601514e-02, -3.404187e-01
	 1.297079e-01, -3.337990e-01
	-3.528645e-01,  1.005734e-02
	-3.483782e-01,  3.118647e-02
	 4.443643e-01,  3.817728e-01
	 4.421956e-01,  3.436736e-01
	 3.963942e-01,  3.943497e-01
	 3.840083e-01,  3.743183e-01
	 3.923405e-01,  3.372954e-01
	 4.312224e-01,  3.320696e-01
	 4.368810e-01, -3.282066e-02
	 4.057261e-01, -6.594335e-03
	 1.620510e-01,  2.126213e-01
	-3.041339e-01,  4.308888e-02
	 2.384359e-02,  4.720283e-01
	-1.108729e-02,  4.728441e-01
	 3.764299e-02,  5.000000e-01
	-1.527079e-02,  5.000000e-01
	 1.569348e-01, -1.631879e-01
	 1.259619e-01, -1.387691e-01
	 2.414160e-01, -5.000000e-01
	 2.324194e-01, -4.584152e-01
	 1.930264e-01, -5.000000e-01
	 2.263445e-01, -4.586478e-01
	 1.923350e-01, -4.853471e-01
	-2.195822e-01,  9.941098e-02
	-2.416958e-01,  1.323142e-01
	-2.763030e-01,  1.090510e-01
	-2.406448e-01,  1.371438e-01
	 4.853358e-02, -1.050460e-01
	 3.032811e-02, -9.045829e-02
	 3.180567e-02, -5.695226e-02
	 7.364456e-02, -4.831372e-02
	 3.671855e-01,  2.020389e-01
	 3.062970e-01,  1.950913e-01
	 3.081345e-01,  2.430032e-01
	-1.730380e-01,  1.202890e-01
	-1.044916e-01, -5.000000e-01
	-1.122450e-01, -4.606662e-01
	-1.412479e-01, -5.000000e-01
	-1.445116e-01, -4.395702e-01
	-1.709087e-01, -4.630947e-01
	-2.452426e-01, -2.767163e-01
	-2.553152e-01, -2.335807e-01
	-2.894676e-01, -2.891278e-01
	-2.844748e-01, -2.314378e-01
	-3.018141e-01, -2.540882e-01
	 5.471617e-02, -3.724394e-01
	 5.909931e-02, -4.186001e-01
	 8.070511e-02, -4.245074e-01
	 2.833946e-02, -4.382707e-01
	 3.255345e-02, -3.643913e-01
	 1.732659e-02, -3.687868e-01
	-2.878012e-03, -3.992914e-01
	 1.971994e-01, -3.180193e-01
	 1.843952e-01, -2.978308e-01
	 1.331273e-01, -3.156353e-01
	 1.065917e-01,  3.618534e-01
	 1.197189e-01,  3.834583e-01
	-1.041026e-01,  1.730293e-01
	-1.078938e-01,  1.876551e-01
	-6.997802e-02,  2.306535e-01
	 1.146510e-01,  2.471999e-01
	 8.262447e-02,  3.055114e-01
	-2.954493e-01, -2.029815e-01
	-3.059383e-01,  2.926782e-01
	-3.031115e-01,  3.039481e-01
	-1.011869e-01,  5.000000e-01
	-7.317817e-02,  5.000000e-01
	-6.455272e-02,  4.753968e-01
	-4.520720e-01,  4.901746e-01
	-4.535951e-01,  5.000000e-01
	-4.611386e-01,  1.862010e-01
	-4.384165e-01,  1.350939e-01
	-4.064201e-01,  1.519536e-01
	-1.960740e-01,  3.913868e-01
	-2.485870e-01,  4.160038e-01
	-2.238427e-01,  4.175015e-01
	 1.707547e-01, -2.529125e-01
	 1.864855e-01, -2.704228e-01
	 1.687750e-01, -2.281767e-01
	 1.923064e-01, -2.017559e-01
	 4.763312e-01, -1.385174e-01
	 5.000000e-01, -1.391742e-01
	 4.399149e-01, -1.041042e-01
	 4.530716e-01, -8.001858e-02
	 5.000000e-01, -7.351221e-02
	 3.159110e-02, -7.106426e-03
	 1.787619e-02, -4.405256e-02
	 3.101227e-01,  4.164369e-01
	 3.108317e-01,  4.167320e-01
	 3.209471e-01,  4.116006e-01
	 3.408421e-01,  3.663424e-01
	 3.375213e-01,  3.594937e-01
	-1.079327e-01, -2.043149e-01
	-1.389411e-01, -2.312822e-01
	-1.407151e-01, -2.496393e-01
	 9.301877e-02, -4.672642e-01
	 9.468562e-02, -4.624280e-01
	 2.381421e-01, -2.868119e-02
	 3.101202e-01, -1.134386e-02
	 3.007762e-01, -5.309575e-02
	-1.553115e-02, -1.109731e-01
	-6.630938e-03, -4.337228e-02
	-2.931872e-02, -8.107469e-02
	 4.664781e-01, -4.494188e-01
	-5.000000e-01,  4.970445e-02
	-4.686664e-01,  6.557441e-02
	-4.582293e-01,  6.400911e-02
	 1.595384e-01, -4.676958e-01
	 9.722597e-02, -1.318631e-01
	 1.063423e-01, -1.403805e-01
	 2.986478e-01,  2.558674e-01
	 3.245983e-01,  2.941908e-01
	 1.084225e-01, -2.751146e-01
	 1.138654e-01, -3.746736e-02
	 1.608710e-01, -3.264775e-02
	 4.216333e-01, -1.633866e-01
	 3.801554e-01, -1.764964e-01
	 4.156994e-01, -1.113330e-01
	-3.007912e-01,  4.761598e-02
	 7.615573e-02,  5.000000e-01
	-1.073120e-01, -2.396915e-02
	-7.842539e-02, -1.315456e-03
	-6.200841e-02, -7.028361e-02
	-5.108629e-02, -3.102141e-02
	 2.440333e-01, -4.490526e-01
	 2.926453e-01, -4.654714e-01
	 2.845416e-01, -5.000000e-01
	 2.449330e-01, -3.599589e-01
	 2.447213e-01, -3.328722e-01
	 2.351809e-01, -3.211747e-01
	 5.000000e-01, -3.717690e-02
	 4.424789e-01, -4.026724e-02
	 4.530885e-01,  3.880683e-01
	 5.000000e-01,  3.838025e-01
	 4.523152e-01,  4.291773e-01
	 4.785153e-01,  4.501952e-01
	 5.000000e-01,  4.449755e-01
	 4.995116e-02, -1.395221e-01
	-3.445458e-01,  4.183052e-01
	-3.674215e-01,  3.585121e-01
	-3.770871e-01,  4.103827e-01
	-4.233983e-01,  3.553937e-01
	-3.158113e-01,  2.851111e-01
	-3.736535e-01,  2.926879e-01
	-3.726470e-01,  2.933843e-01
	-3.769574e-01,  2.561027e-01
	-1.467614e-02, -3.368109e-01
	-5.000000e-01,  9.946618e-02
	-5.000000e-01,  1.244221e-01
	-4.439353e-01,  1.223505e-01
	-4.397183e-01,  1.114965e-01
	 4.373849e-01, -3.543840e-02
	 3.698496e-01, -2.138990e-02
	-2.049112e-01, -2.191109e-01
	-1.722381e-01, -1.997425e-01
	 2.992611e-01, -3.072566e-01
	 3.039360e-01, -3.474948e-01
	 2.942931e-01, -3.261624e-01
	 3.785957e-01, -1.889919e-01
	 4.071754e-01, -2.202566e-01
	 3.971202e-01, -2.403427e-01
	-1.557333e-01,  5.000000e-01
	-1.946539e-01,  4.486825e-01
	-2.096498e-01,  4.792063e-01
	-2.033066e-01,  5.000000e-01
	-2.552719e-01,  4.231306e-01
	-2.475792e-01,  4.697425e-01
	 5.000000e-01, -4.618845e-01
	 4.727427e-01, -4.589676e-01
	 3.264647e-01,  5.455043e-02
	 3.430124e-01,  9.395811e-02
	 3.675282e-01,  3.273781e-02
	 3.770112e-01,  9.824624e-02
	 3.034633e-01,  1.912054e-01
	 2.804037e-01,  2.585420e-01
	-3.405274e-01,  4.399374e-01
	 4.405322e-01, -1.756843e-01
	 2.537071e-01,  3.045746e-01
	 2.152693e-01,  2.903840e-01
	-5.000000e-01,  3.585128e-01
	-5.000000e-01,  3.326025e-01
	-4.300905e-01,  3.248599e-01
	-4.649998e-01,  3.108454e-01
	 1.052256e-01, -2.447862e-01
	 1.109328e-01, -2.689945e-01
	-5.000000e-01,  4.498829e-01
	-4.594902e-01,  4.729060e-01
	-5.000000e-01,  4.177603e-01
	 9.560563e-02, -1.801530e-01
	-3.430100e-01, -2.399884e-01
	-1.451441e-01,  5.777362e-03
	-1.754733e-01, -3.391762e-02
	-1.751123e-01, -4.034668e-02
	-2.591824e-02,  3.783469e-01
	-2.940216e-02,  3.374503e-01
	-2.856120e-01,  4.276906e-01
	-3.057031e-01,  4.560812e-01
	 3.913123e-01,  1.195933e-01
	 4.187916e-01,  1.772782e-01
	 3.770261e-01,  1.725503e-01
	 3.718225e-01,  1.607010e-01
	 1.859265e-01,  1.082731e-02
	 1.720543e-01,  2.410110e-03
	 1.874279e-01,  1.371156e-02
	 1.855917e-01,  5.333901e-02
	 1.342831e-01,  1.930844e-02
	 1.053488e-01,  7.485603e-03
	 1.332313e-01, -1.977437e-01
	 1.376827e-01, -2.119113e-01
	-4.068026e-01,  2.980096e-01
	 4.244767e-01,  2.294388e-01
	 4.372027e-01,  2.955338e-01
	-3.928977e-01, -5.000000e-01
	-4.160690e-01, -5.000000e-01
	-4.313189e-01, -4.406683e-01
	-1.232265e-02,  1.818933e-02
	-1.038885e-01, -5.000000e-01
	-4.557922e-01, -5.000000e-01
	 2.593415e-01,  4.286552e-01
	 2.452001e-01,  4.150818e-01
	 2.107384e-01,  4.171712e-01
	 1.356804e-01, -5.000000e-01
	 3.205281e-01,  1.264521e-01
	 2.283559e-01, -2.926560e-02
	 1.110603e-01, -5.000000e-01
	-2.061523e-02, -2.705188e-02
	 4.356197e-01,  2.017774e-01
	-3.592776e-01, -2.922365e-01
	-4.082741e-01, -2.400249e-01
	 5.000000e-01, -5.000000e-01
	 4.535184e-01, -5.000000e-01
	 4.309819e-01, -5.000000e-01
	 3.633321e-01, -5.000000e-01
	-1.136268e-01,  1.564772e-01
	-4.697327e-01,  2.568619e-01
	 4.763773e-01,  3.321266e-01
	 3.572338e-01, -8.677995e-03
	 3.301823e-01,  1.467242e-01
	-5.963650e-02,  1.080662e-01
	-1.027679e-01,  1.201169e-01
	 1.497933e-01,  4.297775e-01
	-2.127232e-02,  4.331453e-01
	-4.284664e-02, -5.000000e-01
	-4.648767e-01, -1.896524e-01
	-4.523421e-01, -2.384799e-01
	 1.383310e-01,  2.100054e-01
	-4.661520e-02,  2.632454e-01
	-4.670376e-02,  2.611141e-01
	-7.001689e-02,  2.319756e-01
	 3.003451e-01, -4.612706e-01
	 2.506875e-01, -4.192850e-01
	 2.718619e-01, -4.017493e-01
	 2.979926e-01, -4.122610e-01
	-4.671438e-01,  1.846857e-01
	-5.000000e-01,  1.959432e-01
	-5.000000e-01,  1.476327e-01
	 3.220622e-01, -4.032672e-01
	 3.568768e-01, -4.318079e-01
	 3.271089e-01, -4.662169e-01
	-9.935192e-03, -3.121073e-01
	-5.000000e-01, -2.026138e-01
	-2.357720e-02,  4.578980e-01
	-3.286644e-01, -5.000000e-01
	 4.013305e-01, -2.564998e-01
	-4.578395e-01, -2.441263e-01
	-5.000000e-01, -2.482619e-01
	-5.000000e-01, -5.000000e-01
	-5.000000e-01,  5.000000e-01
	 2.695056e-01, -3.810478e-01
	 5.000000e-01, -1.360387e-02
	 3.509584e-01, -5.000000e-01
	 5.000000e-01,  5.000000e-01
	-5.000000e-01,  2.537878e-01
	 5.000000e-01,  3.487787e-01
	-1.429152e-01, -4.243844e-01
	-4.162229e-01, -3.599095e-01
Mesh Facets: 1255
	47, 45
	53, 51
	89, 87
	111, 109
	104, 105
	119, 117
	123, 125
	136, 134
	142, 143
	101, 102
	158, 156
	113, 115
	91, 90
	176, 178
	87, 191
	88, 87
	172, 171
	143, 212
	144, 143
	22, 23
	197, 196
	193, 192
	226, 225
	21, 20
	208, 206
	250, 252
	205, 207
	150, 149
	130, 131
	102, 103
	102, 152
	238, 237
	255, 207
	207, 209
	238, 265
	238, 239
	6, 5
	285, 283
	273, 272
	230, 233
	24, 25
	180, 179
	50, 49
	294, 293
	257, 258
	16, 15
	119, 120
	134, 119
	135, 134
	186, 188
	28, 27
	58, 56
	100, 98
	111, 112
	369, 111
	200, 198
	115, 116
	162, 115
	182, 181
	370, 112
	112, 110
	360, 361
	74, 75
	175, 177
	345, 344
	278, 277
	183, 184
	413, 414
	236, 235
	391, 390
	173, 174
	439, 437
	358, 359
	20, 18
	398, 74
	243, 20
	73, 74
	290, 291
	286, 287
	121, 118
	340, 339
	128, 127
	333, 332
	420, 421
	295, 294
	294, 328
	269, 270
	280, 276
	200, 371
	203, 200
	89, 91
	463, 89
	170, 91
	299, 300
	474, 477
	260, 259
	492, 489
	172, 194
	174, 172
	434, 174
	356, 357
	287, 284
	287, 447
	381, 384
	218, 219
	254, 251
	422, 421
	129, 127
	421, 127
	321, 316
	108, 107
	203, 201
	203, 459
	351, 186
	186, 187
	216, 215
	385, 386
	363, 365
	256, 255
	255, 268
	521, 519
	532, 369
	369, 370
	370, 388
	128, 332
	133, 128
	331, 332
	538, 521
	521, 522
	528, 527
	248, 245
	46, 45
	45, 542
	106, 107
	503, 107
	309, 307
	534, 533
	434, 493
	434, 435
	28, 362
	29, 28
	263, 262
	519, 520
	519, 555
	525, 523
	510, 508
	195, 196
	513, 511
	196, 236
	236, 429
	356, 494
	355, 356
	296, 24
	22, 228
	24, 22
	7, 10
	431, 433
	288, 272
	272, 271
	330, 329
	491, 490
	563, 562
	577, 576
	436, 435
	435, 545
	95, 94
	164, 165
	232, 234
	329, 293
	288, 329
	230, 288
	229, 230
	293, 292
	580, 582
	337, 339
	454, 339
	214, 218
	218, 497
	586, 587
	484, 485
	472, 471
	586, 588
	405, 408
	585, 586
	8, 9
	180, 310
	180, 177
	402, 177
	597, 599
	559, 510
	510, 509
	607, 608
	352, 351
	508, 351
	508, 561
	264, 103
	103, 99
	417, 416
	64, 68
	11, 13
	331, 336
	95, 96
	95, 545
	545, 534
	331, 534
	42, 43
	317, 316
	316, 504
	378, 162
	627, 628
	160, 162
	53, 54
	631, 53
	469, 465
	320, 319
	444, 445
	646, 643
	592, 591
	221, 224
	86, 85
	558, 523
	475, 476
	523, 524
	613, 610
	246, 247
	610, 475
	610, 608
	473, 475
	609, 608
	275, 274
	478, 480
	590, 591
	591, 648
	440, 438
	424, 428
	192, 191
	191, 666
	192, 235
	430, 235
	583, 584
	189, 188
	188, 349
	451, 452
	104, 114
	543, 106
	106, 104
	165, 579
	169, 165
	486, 487
	472, 595
	302, 300
	472, 300
	219, 217
	465, 464
	383, 384
	384, 219
	465, 634
	616, 561
	561, 560
	148, 151
	169, 487
	167, 169
	487, 488
	390, 392
	432, 390
	214, 587
	213, 214
	454, 453
	454, 587
	367, 366
	681, 538
	538, 537
	78, 79
	175, 403
	175, 176
	176, 181
	387, 181
	222, 223
	141, 142
	125, 142
	126, 125
	580, 581
	688, 580
	352, 614
	350, 352
	239, 5
	239, 226
	228, 226
	7, 228
	5, 7
	184, 418
	185, 184
	69, 65
	646, 645
	692, 646
	698, 695
	670, 486
	589, 484
	484, 486
	325, 327
	38, 34
	702, 701
	379, 382
	613, 524
	524, 528
	612, 613
	528, 539
	668, 667
	709, 710
	570, 571
	394, 393
	655, 656
	373, 372
	30, 29
	29, 547
	61, 59
	341, 338
	457, 456
	382, 707
	382, 383
	466, 464
	383, 464
	627, 378
	723, 627
	378, 377
	723, 377
	726, 723
	377, 376
	725, 724
	637, 636
	437, 729
	437, 438
	665, 438
	354, 353
	672, 595
	23, 227
	23, 26
	595, 594
	709, 667
	666, 709
	667, 666
	55, 52
	702, 34
	700, 702
	34, 33
	679, 677
	642, 644
	59, 338
	60, 59
	585, 596
	585, 337
	337, 338
	736, 26
	25, 298
	25, 26
	302, 673
	302, 303
	85, 653
	85, 82
	37, 38
	742, 741
	703, 38
	256, 516
	150, 256
	151, 150
	151, 674
	749, 747
	36, 35
	518, 517
	699, 670
	670, 671
	721, 720
	678, 677
	677, 738
	530, 531
	97, 96
	605, 606
	624, 96
	79, 80
	682, 79
	553, 552
	50, 48
	50, 313
	651, 650
	290, 444
	292, 290
	229, 292
	231, 229
	641, 444
	153, 152
	152, 263
	263, 550
	159, 157
	727, 728
	446, 448
	400, 401
	401, 403
	401, 767
	222, 403
	222, 220
	231, 641
	234, 231
	234, 578
	640, 641
	324, 327
	703, 701
	743, 703
	706, 705
	327, 701
	470, 299
	299, 301
	138, 137
	614, 615
	691, 614
	639, 445
	445, 443
	326, 325
	325, 700
	758, 757
	700, 737
	72, 75
	774, 775
	75, 396
	224, 223
	224, 647
	514, 385
	385, 387
	387, 223
	556, 525
	529, 525
	778, 597
	597, 598
	726, 725
	156, 726
	156, 157
	728, 157
	725, 728
	775, 779
	775, 776
	122, 124
	314, 49
	46, 541
	46, 49
	697, 696
	715, 373
	373, 374
	603, 602
	335, 334
	536, 522
	522, 520
	520, 554
	323, 326
	326, 757
	757, 727
	318, 319
	319, 636
	636, 727
	83, 84
	782, 781
	346, 345
	409, 345
	582, 584
	582, 783
	669, 584
	731, 732
	266, 267
	482, 483
	274, 273
	273, 289
	659, 274
	166, 168
	786, 474
	657, 473
	474, 473
	159, 758
	159, 158
	52, 51
	51, 158
	758, 737
	52, 737
	532, 531
	643, 532
	642, 643
	642, 738
	531, 738
	363, 364
	363, 514
	777, 514
	685, 683
	462, 170
	94, 93
	170, 173
	173, 436
	94, 436
	772, 137
	137, 135
	135, 347
	635, 637
	637, 724
	724, 376
	376, 375
	247, 249
	460, 371
	371, 372
	656, 247
	656, 372
	559, 607
	560, 559
	146, 148
	560, 148
	607, 611
	36, 749
	36, 37
	741, 749
	741, 37
	699, 517
	699, 589
	662, 590
	269, 458
	590, 589
	268, 269
	517, 268
	114, 113
	114, 452
	113, 163
	450, 452
	756, 755
	0, 3
	97, 751
	92, 97
	168, 167
	168, 785
	764, 763
	676, 167
	760, 761
	471, 593
	471, 470
	470, 772
	788, 772
	278, 413
	278, 279
	413, 422
	77, 76
	502, 422
	729, 791
	791, 792
	730, 729
	31, 30
	291, 442
	291, 295
	455, 295
	717, 30
	793, 794
	425, 423
	406, 404
	306, 305
	620, 619
	467, 468
	744, 743
	743, 771
	62, 58
	364, 683
	683, 682
	58, 364
	752, 682
	242, 241
	751, 606
	789, 751
	604, 606
	138, 773
	139, 138
	565, 569
	155, 101
	576, 574
	576, 681
	100, 101
	366, 100
	366, 681
	763, 765
	785, 763
	479, 478
	785, 659
	659, 478
	731, 733
	660, 480
	480, 483
	483, 731
	734, 732
	762, 759
	732, 784
	649, 650
	780, 554
	554, 552
	552, 650
	764, 676
	764, 767
	768, 767
	676, 675
	233, 232
	233, 289
	166, 164
	166, 289
	164, 232
	80, 77
	80, 754
	129, 132
	502, 129
	77, 502
	6, 281
	9, 6
	400, 402
	400, 766
	402, 9
	195, 562
	562, 490
	194, 195
	194, 492
	492, 490
	651, 313
	651, 652
	313, 315
	566, 567
	416, 415
	416, 619
	795, 619
	258, 259
	258, 340
	453, 680
	453, 340
	259, 491
	491, 573
	409, 782
	409, 410
	535, 536
	536, 782
	567, 568
	652, 653
	652, 567
	304, 303
	303, 653
	707, 466
	466, 467
	705, 771
	705, 707
	467, 771
	153, 755
	153, 154
	163, 161
	755, 163
	605, 603
	605, 624
	624, 336
	336, 335
	335, 603
	476, 477
	558, 476
	558, 557
	477, 804
	540, 248
	460, 249
	459, 460
	248, 249
	507, 459
	44, 43
	379, 704
	43, 625
	379, 380
	571, 714
	571, 355
	733, 353
	733, 798
	355, 353
	93, 92
	462, 93
	462, 461
	790, 92
	395, 394
	394, 714
	661, 660
	714, 798
	798, 660
	198, 199
	374, 198
	242, 604
	240, 242
	602, 374
	604, 602
	769, 770
	516, 745
	516, 518
	750, 518
	762, 799
	594, 735
	594, 593
	593, 761
	761, 762
	787, 777
	777, 647
	647, 648
	648, 663
	296, 572
	296, 297
	11, 622
	11, 12
	750, 769
	750, 671
	671, 579
	579, 578
	578, 769
	654, 655
	414, 412
	655, 716
	419, 414
	544, 543
	449, 451
	543, 451
	500, 498
	202, 201
	201, 506
	687, 686
	817, 816
	814, 811
	306, 406
	308, 306
	39, 41
	406, 407
	759, 448
	734, 759
	354, 734
	357, 447
	357, 354
	448, 447
	205, 149
	149, 147
	244, 206
	206, 205
	463, 461
	822, 463
	461, 805
	271, 431
	271, 275
	275, 661
	395, 661
	395, 391
	391, 431
	628, 629
	628, 577
	577, 575
	684, 685
	685, 787
	787, 663
	663, 664
	386, 515
	182, 386
	800, 415
	415, 183
	182, 183
	817, 815
	710, 817
	632, 633
	711, 710
	485, 592
	488, 485
	221, 592
	221, 220
	768, 675
	675, 488
	220, 768
	70, 71
	253, 252
	252, 824
	347, 120
	120, 121
	760, 788
	788, 347
	121, 446
	446, 760
	439, 358
	109, 439
	110, 360
	110, 109
	360, 358
	82, 673
	673, 672
	82, 81
	672, 736
	736, 739
	155, 154
	155, 574
	823, 575
	575, 574
	803, 154
	479, 481
	479, 765
	766, 281
	765, 766
	281, 282
	427, 426
	548, 546
	819, 818
	440, 428
	440, 359
	362, 546
	362, 359
	427, 546
	428, 427
	456, 722
	455, 456
	31, 455
	31, 32
	822, 805
	827, 822
	806, 805
	81, 739
	739, 740
	346, 83
	343, 346
	81, 83
	717, 719
	717, 442
	691, 443
	690, 691
	442, 443
	773, 569
	773, 301
	304, 568
	568, 569
	301, 304
	237, 225
	267, 237
	227, 735
	225, 227
	799, 784
	735, 799
	784, 267
	266, 482
	266, 265
	282, 265
	481, 282
	481, 482
	779, 122
	779, 828
	123, 122
	828, 123
	499, 254
	73, 18
	18, 17
	70, 73
	70, 253
	254, 253
	720, 457
	457, 328
	328, 330
	432, 678
	433, 432
	720, 678
	330, 433
	368, 367
	367, 537
	537, 535
	535, 802
	285, 286
	117, 285
	118, 117
	118, 286
	204, 199
	240, 199
	21, 240
	19, 21
	161, 160
	803, 161
	629, 160
	629, 823
	803, 823
	631, 630
	829, 631
	747, 829
	747, 748
	418, 417
	417, 621
	809, 810
	67, 69
	69, 418
	813, 812
	350, 689
	350, 348
	634, 217
	634, 633
	216, 512
	711, 633
	217, 216
	712, 711
	210, 212
	827, 826
	212, 827
	501, 251
	599, 601
	599, 250
	250, 251
	388, 389
	530, 388
	530, 721
	825, 722
	722, 721
	33, 35
	35, 748
	748, 630
	630, 54
	55, 33
	54, 55
	241, 243
	241, 789
	0, 1
	0, 789
	243, 441
	563, 511
	573, 563
	215, 511
	215, 213
	213, 680
	573, 680
	754, 132
	753, 754
	342, 257
	130, 257
	130, 132
	72, 774
	72, 71
	71, 824
	824, 774
	810, 621
	544, 810
	307, 544
	307, 305
	620, 305
	621, 620
	692, 693
	831, 692
	495, 494
	570, 494
	713, 570
	832, 688
	687, 811
	687, 688
	811, 820
	756, 450
	756, 550
	450, 449
	808, 449
	550, 549
	697, 698
	697, 541
	541, 542
	542, 833
	833, 698
	90, 171
	90, 88
	193, 197
	193, 88
	197, 171
	430, 668
	430, 429
	712, 668
	712, 512
	512, 513
	429, 513
	426, 425
	425, 794
	426, 819
	832, 820
	794, 832
	819, 820
	14, 15
	617, 618
	411, 344
	15, 344
	662, 458
	662, 664
	279, 76
	280, 279
	458, 280
	76, 78
	78, 684
	684, 664
	744, 742
	744, 796
	834, 742
	317, 626
	323, 318
	322, 323
	317, 318
	10, 572
	10, 8
	310, 311
	8, 310
	807, 572
	136, 139
	835, 136
	139, 797
	792, 730
	792, 793
	665, 730
	424, 665
	793, 423
	423, 424
	348, 349
	348, 812
	812, 686
	349, 583
	583, 581
	581, 686
	47, 48
	48, 553
	553, 555
	555, 47
	556, 778
	556, 557
	557, 804
	804, 778
	298, 297
	298, 740
	16, 343
	16, 12
	343, 740
	297, 12
	497, 588
	497, 496
	40, 39
	39, 407
	407, 408
	408, 588
	210, 211
	210, 826
	806, 790
	826, 806
	3, 4
	3, 790
	185, 178
	185, 65
	65, 63
	178, 179
	312, 179
	190, 189
	786, 657
	657, 658
	189, 669
	783, 786
	669, 783
	527, 526
	540, 527
	505, 507
	540, 507
	746, 745
	770, 745
	770, 640
	640, 638
	441, 398
	1, 441
	2, 1
	397, 398
	399, 397
	397, 837
	140, 145
	246, 208
	246, 654
	654, 412
	208, 209
	209, 270
	270, 276
	412, 277
	277, 276
	32, 825
	825, 389
	389, 361
	32, 27
	361, 27
	309, 308
	309, 503
	42, 504
	504, 503
	308, 41
	41, 42
	84, 86
	84, 781
	781, 780
	780, 649
	649, 86
	202, 498
	498, 499
	204, 202
	499, 17
	17, 19
	204, 19
	500, 506
	501, 500
	505, 836
	505, 506
	501, 601
	600, 601
	615, 639
	615, 616
	746, 638
	746, 674
	616, 674
	638, 639
	623, 13
	264, 617
	264, 261
	13, 14
	617, 14
	716, 715
	715, 334
	333, 420
	333, 334
	716, 419
	420, 419
	261, 623
	262, 261
	68, 66
	623, 68
	551, 262
	124, 126
	126, 141
	140, 399
	399, 396
	776, 396
	776, 124
	141, 140
	62, 752
	62, 61
	342, 341
	753, 342
	753, 752
	341, 61
	807, 311
	311, 312
	622, 64
	622, 807
	63, 64
	312, 63
	40, 496
	44, 40
	380, 44
	381, 380
	496, 381
	66, 67
	67, 809
	549, 551
	808, 549
	809, 808
	551, 66
	245, 244
	244, 821
	708, 539
	539, 245
	211, 4
	211, 144
	145, 837
	145, 144
	4, 2
	2, 837
	489, 260
	260, 131
	533, 493
	533, 133
	131, 133
	493, 489
	831, 495
	283, 831
	284, 283
	495, 284
	598, 600
	600, 836
	598, 529
	836, 526
	526, 529
	515, 365
	365, 56
	57, 56
	800, 801
	800, 515
	190, 658
	658, 609
	190, 187
	509, 187
	609, 509
	696, 694
	314, 696
	314, 315
	315, 566
	564, 566
	797, 835
	797, 565
	694, 564
	694, 695
	695, 835
	564, 565
	830, 689
	719, 718
	690, 719
	689, 690
	611, 612
	146, 611
	821, 147
	708, 821
	146, 147
	612, 708
	815, 632
	815, 816
	468, 469
	468, 796
	469, 632
	816, 834
	834, 796
	801, 57
	801, 795
	405, 404
	405, 596
	795, 404
	60, 596
	57, 60
	706, 324
	706, 704
	324, 322
	322, 626
	704, 625
	625, 626
	321, 108
	321, 320
	635, 375
	375, 116
	108, 105
	116, 105
	635, 320
	548, 818
	818, 814
	718, 547
	830, 718
	548, 547
	830, 813
	814, 813
	98, 368
	98, 99
	368, 802
	802, 410
	99, 618
	410, 411
	411, 618
	679, 644
	679, 392
	693, 713
	693, 645
	645, 644
	392, 393
	393, 713
Facet Neighbors: 1255
	-4, 8
	-4, 9
	-1, 15
	-2, 19
	18, 20
	-2, 21
	-1, 22
	-2, 24
	-1, 25
	17, 27
	-4, 28
	20, 29
	15, 31
	32, 33
	-1, 35
	15, 35
	31, 36
	-1, 39
	25, 39
	4, 42
	36, 44
	35, 44
	42, 45
	3, 46
	38, 47
	-3, 48
	38, 49
	26, 49
	23, 50
	17, 51
	27, 51
	45, 52
	49, 53
	38, 53
	52, 56
	45, 56
	1, 56
	-2, 57
	54, 58
	43, 58
	4, 60
	32, 63
	8, 64
	59, 67
	50, 69
	2, 70
	21, 71
	-2, 71
	24, 71
	34, 72
	5, 74
	10, 75
	17, 76
	19, 77
	-2, 77
	37, 78
	20, 79
	29, 79
	33, 81
	77, 82
	19, 82
	74, 82
	12, 84
	32, 85
	70, 87
	55, 88
	33, 89
	88, 90
	44, 92
	83, 93
	31, 94
	-2, 95
	74, 95
	3, 96
	84, 96
	46, 96
	12, 96
	59, 97
	57, 98
	21, 98
	69, 100
	23, 101
	68, 101
	90, 101
	59, 102
	67, 102
	53, 103
	55, 103
	78, 104
	37, 104
	15, 105
	-1, 105
	31, 105
	61, 107
	-3, 108
	50, 111
	111, 112
	36, 112
	31, 112
	94, 112
	73, 113
	57, 113
	98, 113
	80, 114
	40, 114
	48, 115
	90, 116
	23, 116
	101, 116
	65, 117
	18, 117
	37, 118
	104, 118
	72, 119
	34, 119
	40, 120
	81, 121
	75, 121
	49, 122
	53, 122
	-4, 123
	-2, 125
	77, 125
	82, 125
	101, 126
	23, 126
	68, 126
	-4, 127
	123, 127
	124, 128
	47, 128
	8, 129
	-4, 129
	18, 130
	117, 130
	62, 130
	126, 131
	112, 131
	94, 131
	74, 132
	5, 132
	51, 133
	123, 134
	-4, 134
	124, 135
	119, 136
	36, 137
	120, 137
	44, 137
	92, 137
	113, 139
	73, 139
	60, 140
	42, 140
	4, 140
	1, 140
	93, 141
	58, 141
	54, 141
	67, 141
	111, 142
	137, 142
	-4, 143
	94, 144
	131, 144
	16, 144
	30, 145
	43, 145
	67, 146
	141, 146
	58, 146
	43, 146
	59, 146
	-3, 147
	69, 148
	100, 148
	40, 149
	114, 149
	148, 149
	110, 150
	107, 151
	149, 152
	86, 152
	148, 152
	1, 153
	63, 153
	32, 153
	85, 153
	-3, 154
	136, 156
	119, 156
	156, 157
	72, 158
	119, 158
	136, 158
	51, 159
	17, 159
	89, 160
	11, 161
	2, 161
	68, 162
	16, 162
	144, 162
	131, 162
	126, 162
	7, 163
	65, 163
	117, 163
	79, 164
	-4, 164
	29, 164
	9, 165
	-4, 165
	106, 166
	65, 167
	97, 168
	-2, 169
	150, 170
	41, 170
	14, 171
	135, 172
	108, 172
	124, 172
	157, 172
	47, 173
	172, 174
	157, 174
	108, 174
	156, 174
	54, 175
	109, 175
	150, 176
	170, 176
	95, 177
	91, 177
	35, 178
	-1, 178
	44, 178
	92, 178
	147, 179
	34, 179
	72, 179
	99, 180
	20, 180
	130, 180
	18, 180
	145, 181
	30, 181
	110, 181
	151, 182
	61, 182
	107, 182
	40, 183
	106, 183
	80, 183
	114, 183
	166, 183
	158, 184
	136, 184
	26, 184
	181, 185
	30, 185
	110, 185
	83, 186
	93, 186
	149, 187
	40, 187
	100, 187
	148, 187
	76, 188
	-4, 188
	127, 188
	13, 189
	85, 190
	32, 190
	33, 190
	81, 190
	41, 190
	25, 191
	-1, 191
	22, 191
	147, 192
	-3, 192
	158, 193
	72, 193
	56, 194
	45, 194
	42, 194
	140, 194
	1, 194
	89, 195
	33, 195
	11, 195
	169, 196
	-2, 196
	-2, 197
	181, 198
	150, 198
	110, 198
	66, 199
	6, 200
	199, 200
	80, 201
	172, 202
	124, 202
	157, 202
	128, 202
	178, 203
	-1, 203
	139, 204
	83, 204
	173, 205
	78, 205
	5, 206
	132, 206
	10, 207
	69, 207
	102, 208
	201, 209
	80, 209
	106, 209
	183, 209
	164, 210
	-4, 210
	79, 210
	210, 211
	-4, 211
	79, 211
	211, 212
	167, 212
	-2, 213
	95, 213
	177, 213
	73, 214
	182, 215
	42, 215
	4, 215
	151, 215
	203, 216
	-1, 216
	178, 216
	9, 217
	200, 217
	199, 217
	6, 217
	186, 218
	169, 218
	207, 219
	10, 219
	152, 219
	148, 219
	69, 219
	215, 220
	60, 220
	4, 220
	182, 221
	61, 221
	171, 221
	14, 221
	6, 222
	-1, 222
	200, 222
	122, 223
	49, 223
	26, 223
	184, 223
	-1, 224
	6, 224
	122, 225
	198, 225
	181, 225
	208, 226
	186, 226
	218, 226
	125, 226
	16, 227
	155, 227
	162, 227
	13, 228
	189, 228
	134, 229
	8, 229
	64, 229
	171, 229
	97, 230
	59, 230
	146, 230
	43, 230
	168, 230
	27, 231
	51, 231
	133, 231
	28, 232
	212, 232
	98, 233
	85, 234
	85, 235
	234, 235
	190, 235
	41, 235
	230, 236
	43, 236
	145, 236
	168, 236
	66, 237
	200, 237
	222, 237
	201, 237
	199, 237
	107, 238
	61, 238
	24, 238
	158, 239
	193, 239
	168, 239
	97, 239
	66, 240
	199, 240
	232, 240
	217, 240
	12, 241
	-3, 241
	84, 241
	41, 242
	170, 242
	121, 242
	81, 242
	190, 242
	135, 243
	124, 243
	-3, 243
	154, 243
	211, 244
	-4, 244
	28, 244
	232, 244
	212, 244
	-3, 245
	241, 245
	22, 245
	64, 246
	129, 246
	8, 246
	197, 246
	205, 247
	78, 247
	155, 247
	68, 247
	127, 248
	123, 248
	134, 248
	66, 249
	240, 249
	232, 249
	65, 249
	167, 249
	212, 249
	14, 250
	248, 250
	70, 250
	87, 250
	147, 251
	-3, 251
	179, 251
	214, 252
	52, 252
	109, 252
	54, 253
	58, 253
	175, 253
	30, 253
	-3, 254
	174, 254
	108, 254
	232, 255
	28, 255
	9, 255
	-4, 255
	240, 255
	217, 255
	125, 256
	-2, 256
	169, 256
	218, 256
	226, 256
	75, 257
	121, 257
	242, 257
	189, 257
	105, 258
	16, 258
	31, 258
	94, 258
	144, 258
	238, 259
	24, 259
	71, 259
	167, 260
	212, 260
	211, 260
	79, 260
	47, 261
	104, 261
	78, 261
	173, 261
	205, 261
	156, 262
	136, 262
	26, 262
	184, 262
	157, 262
	224, 263
	6, 263
	-1, 263
	222, 263
	225, 264
	198, 264
	176, 264
	103, 264
	150, 264
	53, 264
	122, 264
	20, 265
	180, 265
	29, 265
	99, 265
	231, 265
	0, 266
	227, 266
	16, 266
	30, 267
	253, 267
	234, 267
	185, 267
	233, 268
	151, 268
	107, 268
	238, 268
	259, 268
	88, 269
	55, 269
	90, 269
	13, 269
	116, 269
	-2, 270
	-3, 270
	213, 270
	5, 271
	97, 271
	59, 271
	102, 271
	206, 271
	-3, 272
	91, 272
	86, 273
	62, 273
	160, 273
	106, 274
	222, 274
	237, 274
	10, 275
	257, 275
	189, 275
	75, 275
	228, 275
	46, 276
	227, 276
	266, 276
	155, 276
	238, 277
	24, 277
	138, 277
	27, 278
	143, 278
	-4, 278
	17, 278
	76, 278
	188, 278
	234, 279
	267, 279
	109, 279
	253, 279
	175, 279
	214, 280
	175, 280
	109, 280
	252, 280
	214, 281
	233, 281
	252, 281
	171, 282
	248, 282
	134, 282
	229, 282
	267, 283
	234, 283
	235, 283
	185, 283
	43, 284
	58, 284
	30, 284
	253, 284
	145, 284
	13, 285
	228, 285
	23, 285
	116, 285
	269, 285
	56, 286
	1, 286
	85, 286
	234, 286
	153, 286
	137, 287
	142, 287
	36, 287
	112, 287
	111, 287
	229, 288
	171, 288
	64, 288
	138, 288
	89, 289
	160, 289
	273, 289
	50, 290
	69, 290
	187, 290
	100, 290
	111, 290
	142, 290
	250, 291
	87, 291
	127, 291
	248, 291
	138, 292
	171, 292
	288, 292
	61, 292
	221, 292
	209, 293
	106, 293
	237, 293
	201, 293
	274, 293
	231, 294
	27, 294
	29, 294
	265, 294
	155, 295
	227, 295
	162, 295
	68, 295
	247, 295
	108, 296
	172, 296
	135, 296
	-3, 296
	128, 297
	261, 297
	104, 297
	47, 297
	118, 297
	7, 298
	201, 298
	163, 298
	80, 298
	204, 299
	139, 299
	214, 299
	280, 299
	73, 299
	16, 300
	258, 300
	105, 300
	266, 300
	83, 301
	204, 301
	175, 301
	299, 301
	280, 301
	37, 302
	78, 302
	276, 302
	46, 302
	247, 302
	155, 302
	236, 303
	223, 303
	122, 303
	225, 303
	281, 304
	215, 304
	151, 304
	268, 304
	233, 304
	257, 305
	242, 305
	170, 305
	176, 305
	140, 306
	60, 306
	161, 306
	2, 306
	303, 307
	225, 307
	181, 307
	145, 307
	236, 307
	173, 308
	88, 308
	205, 308
	90, 308
	130, 309
	99, 309
	180, 309
	115, 310
	37, 310
	118, 310
	192, 311
	-1, 312
	311, 313
	273, 314
	62, 314
	7, 314
	86, 314
	233, 315
	281, 315
	214, 315
	113, 315
	73, 315
	98, 315
	49, 316
	26, 316
	47, 316
	38, 316
	105, 317
	-1, 317
	300, 317
	141, 318
	54, 318
	175, 318
	301, 318
	83, 318
	93, 318
	164, 319
	-4, 319
	143, 319
	189, 320
	257, 320
	305, 320
	176, 320
	121, 321
	81, 321
	289, 321
	89, 321
	33, 321
	312, 322
	-1, 322
	166, 322
	203, 322
	150, 323
	110, 323
	170, 323
	41, 323
	283, 323
	185, 323
	235, 323
	12, 324
	48, 324
	-3, 324
	71, 325
	21, 325
	268, 325
	259, 325
	98, 325
	233, 325
	95, 326
	-2, 326
	82, 326
	19, 326
	74, 326
	221, 327
	182, 327
	14, 327
	215, 327
	220, 327
	27, 328
	278, 328
	319, 328
	143, 328
	294, 328
	109, 329
	279, 329
	286, 329
	234, 329
	56, 329
	91, 330
	132, 330
	313, 330
	177, 331
	95, 331
	132, 331
	74, 331
	330, 331
	91, 331
	208, 332
	102, 332
	271, 332
	5, 332
	317, 333
	-1, 333
	300, 333
	327, 334
	220, 334
	250, 334
	70, 334
	14, 334
	206, 335
	271, 335
	239, 335
	193, 335
	97, 335
	277, 336
	238, 336
	292, 336
	138, 336
	61, 336
	45, 337
	52, 337
	215, 337
	42, 337
	281, 337
	304, 337
	252, 337
	252, 338
	52, 338
	56, 338
	329, 338
	109, 338
	245, 339
	-3, 339
	22, 339
	-1, 339
	115, 340
	96, 340
	3, 340
	12, 340
	324, 340
	48, 340
	208, 341
	102, 341
	67, 341
	186, 341
	93, 341
	226, 341
	141, 341
	76, 342
	188, 342
	127, 342
	291, 342
	57, 343
	-2, 343
	21, 343
	98, 343
	37, 344
	302, 344
	46, 344
	3, 344
	29, 345
	294, 345
	164, 345
	319, 345
	328, 345
	165, 346
	-4, 346
	-1, 346
	224, 346
	89, 347
	160, 347
	309, 347
	11, 347
	195, 347
	311, 348
	193, 348
	72, 348
	183, 349
	166, 349
	120, 349
	322, 349
	40, 349
	203, 349
	39, 350
	333, 350
	-1, 350
	115, 351
	154, 351
	-3, 351
	48, 351
	82, 352
	125, 352
	226, 352
	332, 352
	208, 352
	6, 353
	224, 353
	346, 353
	165, 353
	217, 353
	9, 353
	46, 354
	276, 354
	0, 354
	266, 354
	96, 354
	137, 355
	142, 355
	120, 355
	40, 355
	187, 355
	290, 355
	285, 356
	228, 356
	69, 356
	50, 356
	23, 356
	241, 357
	12, 357
	324, 357
	-3, 357
	347, 358
	309, 358
	130, 358
	62, 358
	273, 358
	160, 358
	196, 359
	-2, 359
	113, 359
	139, 359
	204, 359
	-3, 360
	311, 360
	192, 360
	313, 360
	265, 361
	231, 361
	99, 361
	309, 361
	133, 361
	197, 362
	246, 362
	129, 362
	-4, 362
	-2, 362
	31, 363
	15, 363
	44, 363
	35, 363
	36, 363
	178, 364
	92, 364
	203, 364
	349, 364
	120, 364
	137, 364
	91, 365
	272, 365
	330, 365
	360, 365
	-3, 365
	313, 365
	2, 366
	159, 366
	87, 366
	70, 366
	264, 367
	176, 367
	269, 367
	55, 367
	103, 367
	13, 367
	189, 367
	320, 367
	222, 368
	274, 368
	-1, 368
	163, 369
	249, 369
	66, 369
	65, 369
	140, 370
	1, 370
	63, 370
	153, 370
	306, 370
	24, 371
	-2, 371
	277, 371
	270, 372
	-3, 372
	213, 372
	177, 372
	272, 372
	91, 372
	72, 373
	348, 373
	311, 373
	179, 373
	147, 373
	192, 373
	8, 374
	229, 374
	134, 374
	-4, 374
	243, 375
	135, 375
	296, 375
	-3, 375
	60, 376
	220, 376
	70, 376
	2, 376
	334, 376
	306, 376
	149, 377
	114, 377
	7, 377
	314, 377
	86, 377
	152, 377
	39, 378
	350, 378
	300, 378
	333, 378
	0, 378
	266, 378
	33, 379
	195, 379
	11, 379
	32, 379
	63, 379
	34, 380
	254, 380
	174, 380
	179, 380
	-3, 380
	251, 380
	124, 381
	128, 381
	118, 381
	297, 381
	223, 382
	303, 382
	236, 382
	168, 382
	96, 383
	354, 383
	0, 383
	84, 383
	84, 384
	383, 384
	25, 384
	47, 385
	173, 385
	308, 385
	38, 385
	53, 385
	103, 385
	88, 385
	55, 385
	332, 386
	352, 386
	82, 386
	5, 386
	74, 386
	62, 387
	130, 387
	163, 387
	117, 387
	314, 387
	7, 387
	14, 388
	250, 388
	248, 388
	282, 388
	171, 388
	310, 389
	115, 389
	37, 389
	340, 389
	3, 389
	344, 389
	310, 390
	115, 390
	381, 390
	118, 390
	351, 390
	154, 390
	239, 391
	158, 391
	382, 391
	223, 391
	184, 391
	168, 391
	161, 392
	159, 392
	51, 392
	2, 392
	366, 392
	205, 393
	247, 393
	101, 393
	68, 393
	308, 393
	90, 393
	392, 394
	51, 394
	11, 394
	161, 394
	133, 394
	22, 395
	191, 395
	384, 395
	84, 395
	241, 395
	245, 395
	25, 395
	275, 396
	10, 396
	69, 396
	356, 396
	228, 396
	207, 396
	370, 397
	63, 397
	161, 397
	306, 397
	11, 397
	379, 397
	377, 398
	7, 398
	298, 398
	80, 398
	114, 398
	11, 399
	347, 399
	133, 399
	361, 399
	309, 399
	394, 399
	47, 400
	316, 400
	202, 400
	128, 400
	378, 401
	39, 401
	384, 401
	25, 401
	0, 401
	383, 401
	111, 402
	50, 402
	131, 402
	126, 402
	23, 402
	112, 402
	359, 403
	-2, 403
	57, 403
	113, 403
	154, 404
	390, 404
	243, 404
	381, 404
	124, 404
	121, 405
	75, 405
	10, 405
	289, 405
	321, 405
	380, 406
	174, 406
	34, 406
	119, 406
	156, 406
	197, 407
	246, 407
	64, 407
	288, 407
	138, 407
	371, 408
	277, 408
	407, 408
	197, 408
	-2, 408
	138, 408
	348, 409
	206, 409
	335, 409
	193, 409
	157, 410
	262, 410
	316, 410
	400, 410
	26, 410
	202, 410
	322, 411
	312, 411
	106, 411
	274, 411
	166, 411
	-1, 411
	368, 411
	405, 412
	289, 412
	86, 412
	152, 412
	273, 412
	219, 412
	10, 412
	237, 413
	201, 413
	66, 413
	369, 413
	298, 413
	163, 413
	117, 414
	65, 414
	260, 414
	79, 414
	18, 414
	20, 414
	167, 414
	330, 415
	313, 415
	206, 415
	409, 415
	132, 415
	348, 415
	311, 415
	76, 416
	17, 416
	342, 416
	291, 416
	159, 416
	87, 416
	366, 416
	218, 417
	186, 417
	359, 417
	196, 417
	169, 417
	83, 417
	204, 417
Mesh Regions: 418
	527, 912, 1035, 1058, 1159
	36, 155, 184, 289, 609, 992
	45, 199, 703, 972, 1022, 1108
	23, 73, 846, 868, 1091
	19, 40, 154, 336, 354
	50, 140, 313, 547, 809, 1074
	300, 344, 359, 367, 512, 904
	205, 663, 724, 1027, 1081, 1141
	0, 42, 131, 381, 442, 1011
	1, 211, 341, 476, 909
	51, 315, 348, 560, 1129, 1178, 1220
	198, 292, 881, 1039, 1118, 1138, 1145
	62, 76, 420, 768, 847, 927
	272, 378, 542, 603, 981
	219, 358, 457, 784, 817, 1082
	2, 12, 15, 90, 956
	165, 201, 375, 490, 529, 672
	9, 29, 52, 196, 575, 1242
	4, 110, 133, 245, 1231
	3, 53, 60, 780
	4, 11, 56, 243, 522, 1232
	5, 46, 79, 772, 863
	6, 280, 439, 842, 1121
	28, 81, 107, 125, 605, 925, 1165
	7, 48, 411, 495, 570, 996
	8, 18, 278, 1062, 1127, 1158
	27, 259, 364, 508, 733, 1205
	9, 30, 389, 572, 646, 787
	10, 392, 434, 475
	11, 57, 210, 524, 647, 869
	166, 247, 261, 470, 530, 600
	12, 16, 70, 92, 98, 491, 955
	13, 41, 63, 186, 274, 1040
	13, 58, 66, 275, 291, 756, 1037
	49, 114, 240, 1042, 1183
	14, 15, 21, 235, 958
	16, 20, 97, 146, 615, 959
	55, 89, 111, 681, 717, 865, 1089
	24, 26, 33, 735, 1066
	17, 18, 892, 1031, 1156
	104, 115, 176, 252, 266, 890, 918
	218, 277, 399, 423, 764
	19, 22, 153, 287, 335, 831
	39, 167, 171, 387, 401, 598
	20, 21, 68, 148, 237, 957
	22, 31, 35, 286, 828
	23, 75, 565, 684, 867, 910
	24, 130, 224, 501, 661, 734, 1063, 1151
	25, 105, 769, 849, 898
	26, 27, 32, 118, 363, 732
	28, 44, 95, 625, 924, 1162
	29, 30, 141, 195, 390, 1107, 1117
	31, 34, 465, 829, 836
	32, 33, 86, 119, 520, 1067
	38, 158, 229, 467, 740
	65, 87, 540, 979, 1070
	34, 35, 36, 285, 608, 796, 837
	37, 78, 101, 861, 1169
	38, 39, 157, 170, 468, 599
	43, 77, 84, 172, 385, 549
	40, 152, 353, 701, 1019
	93, 250, 356, 410, 638, 827
	135, 555, 723, 933, 1076
	41, 185, 993, 1041, 1135
	42, 382, 440, 620, 1188
	109, 206, 214, 454, 990, 1228
	299, 404, 416, 451, 989, 1223
	43, 85, 159, 168, 852
	82, 126, 200, 447, 652, 1113
	44, 80, 174, 316, 351, 626, 923, 1130
	45, 64, 459, 816, 975, 1021
	46, 47, 48, 496, 771
	49, 113, 192, 241, 284, 885, 1005
	100, 151, 333, 671, 730
	50, 61, 72, 139, 781, 803, 1075
	51, 117, 485, 563, 1177
	52, 269, 576, 857, 1241
	53, 54, 59, 122
	55, 88, 312, 445, 503, 682
	56, 57, 208, 324, 327, 500, 1230
	103, 254, 302, 319, 666, 1143
	58, 116, 276, 426, 753
	59, 60, 61, 123, 779, 899, 1073
	69, 263, 310, 676, 743, 1253
	62, 74, 422, 1059, 1060, 1124
	63, 187, 273, 395, 396, 610
	182, 554, 725, 1029, 1216
	64, 460, 632, 974, 1246
	65, 67, 539, 710, 1069
	66, 197, 290, 622, 755, 878
	67, 83, 106, 541, 712, 1115
	234, 553, 797, 805, 966, 1004
	68, 149, 238, 961
	69, 156, 264, 744, 854
	70, 99, 138, 163, 492
	71, 72, 233, 331, 777, 801
	73, 74, 75, 76, 845, 914, 1056
	77, 215, 384, 415, 548, 822
	78, 79, 102, 394, 731, 775, 864
	242, 525, 714, 947
	80, 175, 267, 628
	81, 82, 83, 108, 124, 1112
	84, 85, 317, 550, 807, 851
	86, 87, 518, 980, 1068
	88, 89, 112, 502, 660
	90, 91, 92, 489, 674, 736
	213, 253, 320, 557, 641, 1209
	93, 180, 251, 409, 536
	94, 221, 227, 473, 654
	230, 466, 580, 585, 792, 839
	179, 248, 262, 298, 762
	95, 96, 160, 617, 629, 1161
	96, 97, 98, 99, 137, 616, 1166
	100, 101, 102, 150, 729, 938, 1170
	103, 104, 177, 255, 1026, 1144
	105, 716, 844, 895, 1088, 1094
	106, 107, 108, 543, 606
	109, 110, 134, 207, 1079, 1227
	111, 112, 662, 718, 1050, 1096
	113, 114, 145, 190, 193, 1184
	115, 147, 888, 917, 964
	116, 117, 425, 486, 752, 1176
	118, 119, 362, 368, 521, 689
	120, 128, 142, 449
	129, 144, 222, 304, 429, 1048, 1175
	121, 122, 123, 374, 480, 900
	124, 125, 126, 136, 204, 1164
	127, 128, 271, 448, 633, 859
	129, 130, 306, 658, 1049, 1154
	131, 132, 441, 952
	133, 134, 135, 244, 713, 932, 1077
	136, 137, 138, 164, 203, 1163
	139, 140, 314, 798, 802, 1238
	141, 391, 949, 1120, 1147
	142, 143, 380, 450, 592, 1013
	144, 220, 428, 656, 1016
	145, 189, 194, 258, 507
	146, 147, 148, 149, 161, 613, 915, 965
	571, 621, 635, 826, 1190, 1196
	150, 151, 309, 668, 939
	152, 153, 154, 155, 288, 700, 991
	156, 157, 158, 159, 169, 739, 856
	160, 161, 614, 630, 916
	162, 573, 747, 790
	163, 164, 165, 202, 493
	166, 167, 246, 402, 602, 707
	168, 169, 170, 171, 172, 386
	173, 239, 281, 461, 1009
	174, 175, 178, 183, 268, 350
	176, 177, 178, 181, 265, 1025
	179, 217, 231, 297, 519, 761
	180, 249, 337, 535, 693
	181, 182, 183, 349, 1030, 1217
	184, 185, 186, 187, 612, 994
	188, 431, 896, 1098, 1171
	376, 446, 568, 649, 686
	189, 190, 191, 228, 506, 1185
	191, 223, 226, 305, 510, 1201
	192, 193, 194, 257, 283, 412, 1100
	195, 196, 973, 1106, 1245
	197, 556, 623, 879, 935
	198, 199, 702, 1105, 1119, 1136
	200, 201, 202, 203, 204, 377, 651
	205, 206, 207, 665, 987, 1078, 1226
	208, 209, 210, 322, 745, 871
	211, 212, 874, 907
	213, 256, 759, 887, 1211
	214, 329, 455, 497, 1233
	215, 388, 403, 414, 1055, 1104
	216, 293, 346, 482, 1252
	217, 218, 232, 424, 698, 763
	219, 357, 383, 590, 619, 636, 1086
	220, 221, 222, 223, 225, 303, 655
	224, 311, 504, 709, 1064
	225, 226, 227, 228, 472, 1044, 1182
	229, 230, 469, 582, 584, 678, 741
	231, 232, 517, 699, 751, 977
	233, 234, 332, 800, 1002
	235, 236, 237, 238, 307, 340, 960
	239, 240, 241, 463, 1008, 1045
	242, 243, 244, 245, 523, 715
	246, 247, 248, 260, 296, 370, 706
	249, 250, 251, 334, 355, 783
	252, 253, 254, 255, 256, 321, 886
	257, 258, 259, 365, 509, 1103
	260, 261, 262, 533, 597, 766
	263, 264, 345, 372, 853, 1249
	265, 266, 267, 268, 627, 919
	269, 270, 271, 577, 858
	272, 379, 488, 562, 748, 982
	273, 274, 275, 276, 277, 398, 427
	278, 279, 280, 1122
	281, 282, 719, 943, 1010
	283, 284, 413, 821, 884, 1200
	285, 286, 287, 288, 289
	290, 291, 292, 882, 1038
	293, 294, 936, 1251
	295, 443, 950, 1186, 1194
	296, 297, 298, 369, 516
	299, 301, 343, 408, 417
	300, 301, 342, 361, 405
	302, 318, 407, 643, 664, 1222
	303, 304, 305, 306, 1153, 1206
	307, 308, 338, 760, 891, 962
	309, 310, 667, 677, 940, 1254
	311, 312, 444, 505, 711, 1110
	313, 314, 551, 818, 1198, 1236
	315, 316, 347, 1133
	317, 371, 806, 850, 903
	318, 319, 320, 321, 640
	322, 323, 324, 325
	325, 326, 327, 328, 432, 499
	328, 329, 393, 436, 456, 498
	330, 331, 332, 546, 1001
	333, 464, 583, 587, 669, 728
	334, 335, 336, 337, 352, 692, 785, 830
	338, 339, 340
	341, 342, 343, 344, 419, 479, 908
	345, 346, 373, 483, 1248
	347, 348, 349, 350, 351, 1219
	352, 353, 354, 786, 814, 1020
	355, 356, 357, 358, 639, 782
	359, 360, 361, 406, 514, 558, 984
	362, 363, 364, 365, 688, 1052, 1102
	366, 367, 511, 877, 905
	368, 369, 370, 515, 690, 705
	371, 372, 373, 374, 484, 855, 901
	375, 376, 377, 528, 566, 650
	378, 379, 564, 604, 922, 1132
	380, 381, 382, 383, 593, 618, 1012
	384, 385, 386, 387, 388, 400
	389, 390, 391, 526, 645, 946
	392, 393, 418, 435, 453, 474
	394, 534, 588, 695, 726, 776
	395, 397, 532, 578, 595, 611, 795
	396, 397, 398, 399, 596, 767
	400, 401, 402, 403, 687, 708, 1054
	404, 405, 406, 407, 408, 559, 642, 1221
	409, 410, 411, 494, 537, 569, 824
	412, 413, 414, 415, 820, 1099
	416, 417, 418, 419, 452, 478
	420, 421, 422, 438, 926, 1125
	423, 424, 425, 426, 427, 487, 697
	428, 429, 430, 431, 1015, 1173
	432, 433, 434, 435, 436
	437, 438, 439, 840, 1126
	440, 441, 442, 443, 951, 1187
	444, 445, 446, 447, 653, 685, 1111
	448, 449, 450, 458, 591, 634, 1084
	451, 452, 453, 454, 455, 456, 988
	457, 458, 459, 460, 631, 815, 1083
	461, 462, 463, 1047
	464, 465, 466, 586, 589, 834, 835
	467, 468, 469, 470, 531, 581, 601
	471, 472, 473, 1043
	474, 475, 476, 477, 478, 479
	480, 481, 482, 483, 484
	485, 486, 487, 488, 561, 696, 749
	489, 490, 491, 492, 493, 673
	494, 495, 496, 538, 774
	497, 498, 499, 500, 1229
	501, 502, 503, 504, 505, 659
	506, 507, 508, 509, 510, 1202
	511, 512, 513, 514
	515, 516, 517, 518, 519, 520, 521, 976
	522, 523, 524, 525, 526, 648, 945
	527, 528, 529, 567, 675, 913, 1036
	530, 531, 532, 533, 579, 594
	534, 535, 536, 537, 538, 694, 773
	539, 540, 541, 542, 543, 607, 978
	544, 545, 546, 999
	547, 548, 549, 550, 551, 808, 819
	552, 553, 967, 1003
	554, 555, 556, 624, 722, 934, 1218
	557, 558, 559, 644, 985, 1210
	560, 561, 562, 563, 564, 1128
	565, 566, 567, 568, 683, 911
	569, 570, 571, 823, 998, 1192
	572, 573, 574, 575, 576, 577, 788
	578, 579, 580, 581, 582, 793
	583, 584, 585, 586, 670, 680
	587, 588, 589, 691, 727, 832
	590, 591, 592, 593, 1085
	594, 595, 596, 597, 765
	598, 599, 600, 601, 602
	603, 604, 605, 606, 607, 921
	608, 609, 610, 611, 612, 794
	613, 614, 615, 616, 617
	618, 619, 620, 621, 637, 1189
	622, 623, 624, 754, 1179, 1215
	625, 626, 627, 628, 629, 630, 920
	631, 632, 633, 634, 860, 1244
	635, 636, 637, 638, 639, 825
	640, 641, 642, 643, 644
	645, 646, 647, 648, 791, 870
	649, 650, 651, 652, 653
	654, 655, 656, 657, 1017
	658, 659, 660, 661, 662, 1051
	663, 664, 665, 666, 1142, 1225
	667, 668, 669, 670, 671, 679
	672, 673, 674, 675, 738, 812, 1033
	676, 677, 678, 679, 680, 742
	681, 682, 683, 684, 685, 686, 866
	687, 688, 689, 690, 704, 1053
	691, 692, 693, 694, 695, 833
	696, 697, 698, 699, 750
	700, 701, 702, 703, 995, 1024, 1137
	704, 705, 706, 707, 708
	709, 710, 711, 712, 1065, 1114
	713, 714, 715, 880, 931, 948, 1149
	716, 717, 718, 1087, 1093
	719, 721, 883, 942, 1007, 1240
	720, 757, 1208
	721, 799, 944, 971, 1235
	722, 723, 724, 725, 1028, 1080
	726, 727, 728, 729, 730, 731
	732, 733, 734, 735, 1152, 1203
	736, 737, 738, 810
	739, 740, 741, 742, 743, 744
	745, 746, 747, 789, 872
	748, 749, 750, 751, 983
	752, 753, 754, 755, 756, 1180
	757, 758, 759, 760, 889, 1207
	761, 762, 763, 764, 765, 766, 767
	768, 769, 770, 848, 928
	771, 772, 773, 774, 775, 776
	777, 778, 779, 780, 781
	782, 783, 784, 785, 786, 813
	787, 788, 789, 790, 791, 873
	792, 793, 794, 795, 796, 838
	797, 798, 799, 804, 968, 1234
	800, 801, 802, 803, 804, 805
	806, 807, 808, 809, 902, 1071
	810, 811, 812, 893, 1034
	813, 814, 815, 816, 817, 1023
	818, 819, 820, 821, 822, 1199
	823, 824, 825, 826, 827
	828, 829, 830, 831, 832, 833, 834
	835, 836, 837, 838, 839
	840, 841, 842, 843
	844, 845, 846, 847, 848, 849, 1090
	850, 851, 852, 853, 854, 855, 856
	857, 858, 859, 860, 1243
	861, 862, 863, 864
	865, 866, 867, 868, 1092
	869, 870, 871, 872, 873
	874, 875, 876, 877, 906
	878, 879, 880, 881, 882, 930, 1146
	883, 884, 885, 1006, 1197, 1239
	886, 887, 888, 889, 890, 891, 963
	892, 893, 894, 1032
	895, 896, 897, 898, 1097
	899, 900, 901, 902, 903, 1072
	904, 905, 906, 907, 908, 909
	910, 911, 912, 913, 914, 1057
	915, 916, 917, 918, 919, 920
	921, 922, 923, 924, 925, 1131
	926, 927, 928, 929
	930, 931, 932, 933, 934, 935
	936, 937, 938, 939, 940, 1167, 1250
	941, 942, 943, 944, 969
	945, 946, 947, 948, 949, 1148
	950, 951, 952, 953, 954
	955, 956, 957, 958, 959
	960, 961, 962, 963, 964, 965
	966, 967, 968, 969, 970, 971
	972, 973, 974, 975, 1109, 1247
	976, 977, 978, 979, 980, 981, 982, 983
	984, 985, 986, 1213
	987, 988, 989, 990, 1224
	991, 992, 993, 994, 995, 1134
	996, 997, 998, 1191
	999, 1000, 1001, 1002, 1003, 1004
	1005, 1006, 1007, 1008, 1009, 1010
	1011, 1012, 1013, 1014
	1015, 1016, 1017, 1018
	1019, 1020, 1021, 1022, 1023, 1024
	1025, 1026, 1027, 1028, 1029, 1030, 1140
	1031, 1032, 1033, 1034, 1035, 1036, 1155
	1037, 1038, 1039, 1040, 1041, 1139
	1042, 1043, 1044, 1045, 1046, 1047, 1181
	1048, 1049, 1050, 1051, 1095, 1174
	1052, 1053, 1054, 1055, 1101
	1056, 1057, 1058, 1059, 1061, 1160
	1060, 1061, 1062, 1123, 1157
	1063, 1064, 1065, 1066, 1067, 1068, 1069, 1070
	1071, 1072, 1073, 1074, 1075
	1076, 1077, 1078, 1079, 1080, 1081
	1082, 1083, 1084, 1085, 1086
	1087, 1088, 1089, 1090, 1091, 1092
	1093, 1094, 1095, 1096, 1097, 1098, 1172
	1099, 1100, 1101, 1102, 1103, 1104
	1105, 1106, 1107, 1108, 1109, 1116
	1110, 1111, 1112, 1113, 1114, 1115
	1116, 1117, 1118, 1119, 1120, 1150
	1121, 1122, 1123, 1124, 1125, 1126, 1127
	1128, 1129, 1130, 1131, 1132, 1133
	1134, 1135, 1136, 1137, 1138, 1139
	1140, 1141, 1142, 1143, 1144
	1145, 1146, 1147, 1148, 1149, 1150
	1151, 1152, 1153, 1154, 1204
	1155, 1156, 1157, 1158, 1159, 1160
	1161, 1162, 1163, 1164, 1165, 1166
	1167, 1168, 1169, 1170
	1171, 1172, 1173, 1174, 1175
	1176, 1177, 1178, 1179, 1180, 1214
	1181, 1182, 1183, 1184, 1185
	1186, 1187, 1188, 1189, 1190, 1193
	1191, 1192, 1193, 1194, 1195, 1196
	1197, 1198, 1199, 1200, 1237
	1201, 1202, 1203, 1204, 1205, 1206
	1207, 1208, 1209, 1210, 1211, 1212, 1213
	1214, 1215, 1216, 1217, 1218, 1219, 1220
	1221, 1222, 1223, 1224, 1225, 1226
	1227, 1228, 1229, 1230, 1231, 1232, 1233
	1234, 1235, 1236, 1237, 1238, 1239, 1240
	1241, 1242, 1243, 1244, 1245, 1246, 1247
	1248, 1249, 1250, 1251, 1252, 1253, 1254
Seed Numbers: 418
	0
	1
	2
	3
	4
	5
	6
	7
	8
	9
	10
	11
	12
	13
	14
	15
	16
	17
	18
	19
	20
	21
	22
	23
	24
	25
	26
	27
	28
	29
	30
	31
	32
	33
	34
	35
	36
	37
	38
	39
	40
	41
	42
	43
	44
	45
	46
	47
	48
	49
	50
	51
	52
	53
	54
	55
	56
	57
	58
	59
	60
	61
	62
	63
	64
	65
	66
	67
	68
	69
	70
	71
	72
	73
	74
	75
	76
	77
	78
	79
	80
	81
	82
	83
	84
	85
	86
	87
	88
	89
	90
	91
	92
	93
	94
	95
	96
	97
	98
	99
	100
	101
	102
	103
	104
	105
	106
	107
	108
	109
	110
	111
	112
	113
	114
	115
	116
	117
	118
	119
	120
	121
	122
	123
	124
	125
	126
	127
	128
	129
	130
	131
	132
	133
	134
	135
	136
	137
	138
	139
	140
	141
	142
	143
	144
	145
	146
	147
	148
	149
	150
	151
	152
	153
	154
	155
	156
	157
	158
	159
	160
	161
	162
	163
	164
	165
	166
	167
	168
	169
	170
	171
	172
	173
	174
	175
	176
	177
	178
	179
	180
	181
	182
	183
	184
	185
	186
	187
	188
	189
	190
	191
	192
	193
	194
	195
	196
	197
	198
	199
	200
	201
	202
	203
	204
	205
	206
	207
	208
	209
	210
	211
	212
	213
	214
	215
	216
	217
	218
	219
	220
	221
	222
	223
	224
	225
	226
	227
	228
	229
	230
	231
	232
	233
	234
	235
	236
	237
	238
	239
	240
	241
	242
	243
	244
	245
	246
	247
	248
	249
	250
	251
	252
	253
	254
	255
	256
	257
	258
	259
	260
	261
	262
	263
	264
	265
	266
	267
	268
	269
	270
	271
	272
	273
	274
	275
	276
	277
	278
	279
	280
	281
	282
	283
	284
	285
	286
	287
	288
	289
	290
	291
	292
	293
	294
	295
	296
	297
	298
	299
	300
	301
	302
	303
	304
	305
	306
	307
	308
	309
	310
	311
	312
	313
	314
	315
	316
	317
	318
	319
	320
	321
	322
	323
	324
	325
	326
	327
	328
	329
	330
	331
	332
	333
	334
	335
	336
	337
	338
	339
	340
	341
	342
	343
	344
	345
	346
	347
	348
	349
	350
	351
	352
	353
	354
	355
	356
	357
	358
	359
	360
	361
	362
	363
	364
	365
	366
	367
	368
	369
	370
	371
	372
	373
	374
	375
	376
	377
	378
	379
	380
	381
	382
	383
	384
	385
	386
	387
	388
	389
	390
	391
	392
	393
	394
	395
	396
	397
	398
	399
	400
	401
	402
	403
	404
	405
	406
	407
	408
	409
	410
	411
	412
	413
	414
	415
	416
	417
Phase Numbers: 418
	2
	2
	1
	3
	2
	3
	2
	2
	0
	2
	2
	1
	3
	2
	0
	2
	0
	0
	2
	3
	3
	3
	2
	2
	2
	3
	1
	2
	3
	3
	3
	3
	3
	3
	2
	3
	2
	3
	0
	2
	2
	2
	2
	2
	3
	3
	1
	2
	0
	2
	0
	2
	0
	2
	2
	3
	1
	3
	2
	3
	2
	1
	2
	3
	2
	2
	3
	3
	2
	2
	3
	2
	3
	3
	3
	2
	3
	2
	3
	2
	1
	2
	0
	0
	2
	3
	2
	3
	2
	2
	2
	2
	3
	2
	2
	2
	0
	0
	1
	3
	0
	0
	3
	3
	0
	2
	2
	3
	2
	3
	1
	2
	1
	3
	2
	2
	2
	3
	2
	3
	3
	3
	2
	3
	3
	3
	1
	3
	2
	2
	2
	3
	2
	1
	3
	2
	2
	0
	2
	2
	0
	2
	3
	2
	2
	2
	2
	2
	3
	3
	2
	3
	0
	3
	3
	0
	2
	3
	2
	0
	2
	3
	2
	3
	2
	2
	3
	3
	3
	0
	3
	2
	3
	3
	3
	3
	3
	2
	3
	3
	3
	0
	3
	2
	0
	1
	2
	1
	2
	2
	3
	2
	0
	2
	1
	2
	0
	3
	3
	3
	3
	1
	2
	3
	3
	2
	2
	0
	3
	3
	3
	2
	3
	3
	2
	1
	3
	3
	3
	3
	3
	2
	2
	2
	3
	3
	2
	0
	2
	3
	2
	0
	3
	3
	3
	1
	1
	2
	3
	0
	3
	2
	1
	1
	3
	0
	2
	1
	3
	1
	3
	2
	3
	3
	1
	2
	3
	2
	3
	3
	3
	0
	3
	1
	2
	3
	2
	2
	3
	2
	3
	0
	3
	3
	2
	1
	2
	3
	1
	3
	3
	2
	3
	3
	2
	3
	1
	2
	1
	3
	2
	2
	3
	2
	3
	1
	0
	2
	2
	3
	2
	3
	2
	3
	3
	3
	1
	2
	3
	2
	3
	2
	3
	3
	3
	2
	3
	2
	2
	3
	2
	3
	3
	2
	3
	2
	3
	2
	2
	3
	2
	0
	3
	3
	3
	2
	2
	3
	0
	3
	1
	3
	3
	2
	2
	2
	2
	1
	2
	2
	3
	2
	2
	3
	0
	3
	1
	3
	3
	3
	2
	1
	3
	0
	3
	3
	3
	1
	3
	2
	2
	2
	2
	2
	2
	3
	3
	3
	3
	0
	2
	2
	2
	3
	3
	0
	2
	2
	1
	2
	1
	2
	3
	3
	2
	2
	1
	2
	2
	3
	3
	3
	0
	3
	3
	3
	3
	2
	2
	2
	3
	3
	2
	3
	0
	2
	1
	2
Volumes: 418
	0.0025175798330839567
	0.0021268680438278438
	0.0025601474251364565
	0.0022233133549086903
	0.0017685761760862732
	0.0019128835815724681
	0.0018883746827968056
	0.002685393497503858
	0.0018548049730480363
	0.0015811608398517828
	0.0028732509589602896
	0.002913260033450525
	0.0022312642981571094
	0.002608378193701387
	0.0027836489871163263
	0.00291643768448235
	0.003358493992050679
	0.0026020434665249637
	0.0020184718301439098
	0.0008316449181612623
	0.0026521672046243457
	0.001503314626763487
	0.0011551268420595129
	0.0024765230692795456
	0.002512745571308516
	0.0021141601400891264
	0.0019287356379147176
	0.002318875519701882
	0.0011122423131134781
	0.0021973396667080624
	0.002131612971320661
	0.0034094859231848977
	0.003054194016472768
	0.0031152716430942378
	0.0014040346308123591
	0.002847635479010133
	0.0029176069861154537
	0.001932683558586044
	0.003063432826006361
	0.00244503471250603
	0.003178132076717974
	0.001869194592413537
	0.0021314546542539805
	0.002248854290089874
	0.0021875734430924633
	0.0020575311688509233
	0.002545774097153806
	0.0035939356289892976
	0.0029340960548491298
	0.0018845216614852955
	0.00217391885648112
	0.0024314489819642904
	0.0019665966817878204
	0.0025781677001916856
	0.002760305820832489
	0.0021844221765720912
	0.002826245905558574
	0.0019712880471931893
	0.001793767027662387
	0.0023561751529178943
	0.0022690205233477038
	0.0025911982394526477
	0.002220735828892028
	0.0022316472518295284
	0.0019922860514696057
	0.002530773315034299
	0.002279280288349098
	0.0016825685917814634
	0.0020622217704670746
	0.0025787293166230395
	0.0024842937994943707
	0.0012578258795365909
	0.001959880183287872
	0.002192040737763355
	0.002738668589917606
	0.002538825865279505
	0.0014654070403736694
	0.00102017901924713
	0.0026635308998651315
	0.0028160765229423347
	0.0024939237148051793
	0.0024406947593571264
	0.0027075984960456137
	0.002998556417397282
	0.0026046990719680646
	0.0017372210830781613
	0.002658046878105725
	0.0022812125116753543
	0.0018282076242834944
	0.002992343054012444
	0.0018146775176922866
	0.0025063636639040196
	0.0019121615303312935
	0.001689537698025559
	0.00240257797704241
	0.0027284201907086343
	0.00269722872677221
	0.0020478143216943506
	0.00276420557910097
	0.0020341401238772308
	0.0016492327036512864
	0.0025099870879060483
	0.0021503847989582862
	0.0026529582933217063
	0.001647480296098233
	0.0026028227606771656
	0.003057386947714937
	0.0024806270584892265
	0.001984998256014149
	0.002669738036665153
	0.0017712751544009993
	0.002371319628676517
	0.002992208650304931
	0.0027426620514093697
	0.0028772863994171475
	0.002595652058339396
	0.0019298651329010229
	0.0032411143291666347
	0.0026526585942704536
	0.002551398777408521
	0.0020666248773649554
	0.003131847130800269
	0.0029513594611474962
	0.0015092257645953492
	0.0033106054219878356
	0.0025464931864122914
	0.0019658558410156155
	0.0027392902955709984
	0.0024353132574641417
	0.00088346492202543
	0.002446785993344878
	0.0027159075316109697
	0.0022868948856482724
	0.002006805243706421
	0.0020705689382015946
	0.0015059132627351277
	0.0023971934900000724
	0.003070562760841205
	0.0029037413423756283
	0.001785795034464388
	0.0024001612976012466
	0.0024196811202406854
	0.00252141873785583
	0.0012126276655559155
	0.0019786363767828425
	0.002118140412459736
	0.002448453708609976
	0.0013862656590783846
	0.002201946195531615
	0.002494689083070183
	0.00225920299567833
	0.0023284956455798898
	0.0020536272391841817
	0.0022189303104506192
	0.002499363621711737
	0.002306411204190524
	0.00200161691965096
	0.003011830683747935
	0.003023959080351174
	0.001519458445989266
	0.0022878584997371564
	0.002667094759376436
	0.002732943151471072
	0.0030832109914846724
	0.003064616097861656
	0.001600069612100141
	0.0023028519638880443
	0.002553823477888185
	0.0031622669566027336
	0.002890299050073487
	0.002164454362586035
	0.0024174474265792707
	0.002933142273452389
	0.0026984348069935397
	0.0026749747339468812
	0.0032035385879290498
	0.0028651364908788162
	0.0026234883332044837
	0.0024072565763552994
	0.002263525234473232
	0.0025283351785897017
	0.002330638267825219
	0.0019328851683678872
	0.003393775424826613
	0.00268012213267878
	0.0023457597610795113
	0.0025877100312410623
	0.0023155572892777296
	0.0018317177690329429
	0.0028302971734570936
	0.003167328113907659
	0.0008952462986856181
	0.0022879438647095632
	0.003209231767973024
	0.0016728942975001162
	0.002202017384629449
	0.0020122161849193084
	0.0027152626435718343
	0.0017509960316211672
	0.0017579056940996154
	0.0029191586505427783
	0.0028562093970267177
	0.0028324313844263023
	0.0025243954245611076
	0.002340761256322418
	0.0028211904753030694
	0.0027060014992166784
	0.0021763956649898672
	0.0019038913703982082
	0.0023988160205031007
	0.0017178548745643489
	0.0027718238501417487
	0.0026296451078967895
	0.0017169699243881915
	0.002804655383596047
	0.003080526342021056
	0.0007796059604281569
	0.002296369831975845
	0.002617018239550209
	0.003269304279826641
	0.0029460518382135857
	0.0025264669198330984
	0.0034388677998343953
	0.0028815802413764092
	0.002194961803291519
	0.0025166600330369417
	0.002483154170741713
	0.002350640682071715
	0.002816056994390276
	0.0031820168304850815
	0.0020941274367044806
	0.0022047985302366437
	0.0026395915823744336
	0.0027242326826358975
	0.0025380569117434406
	0.0017316159664053157
	0.002546835684130076
	0.003582958206028886
	0.002709216071732399
	0.002631336761064886
	0.0021849413571301316
	0.003008966518608176
	0.0029407288306918748
	0.0023066521167265045
	0.001389581404691391
	0.0025346571364934893
	0.002721097826399424
	0.0026990720631940132
	0.0028787140923144093
	0.0028274806021251746
	0.003023753996252845
	0.0011604377325237132
	0.003050030846630137
	0.0026511891722898204
	0.0015794570022824438
	0.0021217545434146904
	0.0025760019435790557
	0.0027034759593347842
	0.0034349295194367824
	0.0019244431045547937
	0.002143848426718376
	0.0031001773570806315
	0.0023386030988505674
	0.0026779424348756437
	0.0030477864640467275
	0.0028041243252787786
	0.0034987416492729324
	0.0028947979946860624
	0.002773168616178056
	0.0025999623963282583
	0.0014730892970893786
	0.0030954515276146455
	0.0015927168905940459
	0.0031801447250024185
	0.002995173512921478
	0.002182290459835597
	0.0032089752445796232
	0.0019805514717808033
	0.0025909219488610778
	0.0021258156549989575
	0.0030881621731840827
	0.0031477957455660352
	0.0024062095511705136
	0.002742453259306929
	0.0023034437803121583
	0.0029368611856239873
	0.002154089171834306
	0.0017183320330767995
	0.00279688570041752
	0.002988934445986382
	0.002502844174691052
	0.002016079142162656
	0.0021284312172281266
	0.0020162683358830443
	0.0017413444261031924
	0.0018498438900795419
	0.0010299111277646546
	0.003257519789800351
	0.0023470250996928247
	0.0018280844548200208
	0.0036866689402431448
	0.0035356708078961665
	0.0027012888568158163
	0.0025125797313371176
	0.0026984958632560855
	0.0021211014636499754
	0.0026924980555688557
	0.0022516065822878644
	0.002510628520772752
	0.0028283510415982125
	0.0017526116517642984
	0.002551965693799308
	0.0007936507762602385
	0.0024540701251667967
	0.002681532615787672
	0.002061110267075275
	0.0025118429867461807
	0.001036372513164251
	0.0024450245074950153
	0.0018484583382883818
	0.0019552146485579706
	0.0027526900083846653
	0.0025952244538965945
	0.002209785484456602
	0.0019967715027018277
	0.0023185791022444736
	0.002368777698504715
	0.0027133167606755793
	0.0023229375441700525
	0.0023236808498367334
	0.002180915005275836
	0.002113606276764396
	0.0022745973274992237
	0.002134132268316492
	0.002780713480691135
	0.0024985025801723703
	0.002313377494491152
	0.002970685963919404
	0.002503377312804339
	0.0009583079777369342
	0.002912990652459112
	0.0024802859609916743
	0.0018004142919961635
	0.0009825391278240484
	0.002404842409504227
	0.0024359974561072016
	0.0016933589006418418
	0.0024702932523088285
	0.00215871954977504
	0.002520467198560505
	0.0020143616031283265
	0.0017199191085413327
	0.002578688745577892
	0.002764742366290993
	0.0024112456241787796
	0.0027137049212285907
	0.002799742004022193
	0.0017692807479230688
	0.002579292147192263
	0.002184379388603677
	0.001795151498022834
	0.0027534882026593343
	0.0017422003837563758
	0.002131488365404513
	0.0026322511354462848
	0.002461631683180458
	0.0023188924284443095
	0.0028894472902824177
	0.0021889611493430814
	0.0028418917489974214
	0.0023488661881337046
	0.0011266895615946063
	0.0028357103592490177
	0.0026425398943290476
	0.0014452475872576767
	0.0009335089881258843
	0.0027646733545292302
	0.002721313818094869
	0.0030803354803095742
	0.003141320870464718
	0.002526050346585096
	0.003289172589204838
	0.00234744160000041
	0.00274759287732489
	0.0017916152278041868
	0.0029676778278014525
	0.0017982454567071857
	0.0024658909063535895
	0.001990749292933668
	0.0025278341658039206
	0.0027858225495139685
	0.0032067353276377586
	0.00248759846094104
	0.002359496070208226
	0.003173398359038335
	0.0024093016344838656
	0.0021130173792060004
	0.002661491961559715
	0.001966617312923188
	0.0018982001411458659
	0.0017658111921635329
	0.001712765171636801
	0.0029169137989168187
	0.0013827172611957299
	0.0018220433935477306
	0.0027017574819411983
	0.0017815459583967563
	0.0022767328373860867
	0.002657160177401912
	0.002136801641089918
	0.002618364790553826
	0.0027224368859084737
	0.0033132979053918134
	0.0029068715784139683
	0.0019664868079727186
	0.0028446184187028455
	0.0021996131182715813
	0.003237152806966111
