Mesh Points: 846
	 2.329010e-01, -2.918678e-01
	 2.057399e-01, -3.181654e-01
	 2.128133e-01, -2.559604e-01
	 2.059445e-01, -2.531152e-01
	 1.852190e-01, -3.138172e-01
	 1.689969e-01, -2.757675e-01
	 1.696910e-01, -2.738617e-01
	 1.525024e-01, -1.366291e-01
	 1.384946e-01, -1.560718e-01
	 1.390412e-01, -8.889418e-02
	 1.179262e-01, -9.261064e-02
	 9.638246e-02, -1.304737e-01
	 9.922084e-02, -1.376941e-01
	 2.575779e-01, -5.000000e-01
	 2.568735e-01, -4.633210e-01
	 1.979053e-01, -5.000000e-01
	 2.067414e-01, -4.711779e-01
	 5.000000e-01,  4.842540e-01
	 4.645523e-01,  4.622890e-01
	 5.000000e-01,  5.000000e-01
	 4.409979e-01,  4.763545e-01
	 4.465221e-01,  5.000000e-01
	-1.892013e-01,  4.166311e-01
	-1.913861e-01,  4.516694e-01
	-2.090092e-01,  4.030704e-01
	-2.069388e-01,  4.689566e-01
	-2.579076e-01,  4.506415e-01
	-2.514107e-01,  4.108308e-01
	-2.581774e-01,  4.185506e-01
	-1.258232e-01, -7.438143e-02
	-1.117447e-01, -4.104342e-02
	-1.369573e-01, -8.047922e-02
	-1.685258e-01, -1.719250e-02
	-1.261566e-01, -1.660040e-02
	-1.704997e-01, -5.070144e-02
	 3.427003e-01, -6.831065e-02
	 2.907437e-01, -6.179160e-02
	 2.876474e-01, -4.642265e-02
	 3.368090e-01, -9.945067e-03
	 3.176166e-01, -1.002939e-02
	 3.538163e-01, -5.468148e-02
	-4.252314e-01,  3.744140e-02
	-4.405093e-01,  7.718618e-02
	-4.595697e-01,  2.081844e-02
	-4.695931e-01,  7.934863e-02
	-4.577273e-01,  8.407882e-02
	-4.845251e-01,  5.002971e-02
	 4.410006e-01,  1.100718e-01
	 4.640566e-01,  1.419107e-01
	 4.460716e-01,  8.282449e-02
	 5.000000e-01,  1.090844e-01
	 4.545192e-01,  7.589542e-02
	 5.000000e-01,  7.757142e-02
	-1.999206e-01,  3.431530e-01
	-2.356877e-01,  3.190244e-01
	-2.152205e-01,  3.656170e-01
	-2.759216e-01,  3.457242e-01
	-2.487947e-01,  3.720228e-01
	-2.701109e-01,  3.338841e-01
	-1.011461e-01, -4.539104e-01
	-9.907941e-02, -4.535903e-01
	-1.238778e-01, -5.000000e-01
	-6.620205e-02, -4.683475e-01
	-5.419284e-02, -5.000000e-01
	-3.087463e-01, -2.117676e-01
	-3.394717e-01, -1.899254e-01
	-2.843035e-01, -1.921432e-01
	-3.198663e-01, -1.609688e-01
	-2.889416e-01, -1.649181e-01
	 1.288603e-01,  4.190571e-01
	 1.098821e-01,  3.934963e-01
	 1.745460e-01,  4.006826e-01
	 1.311381e-01,  3.658996e-01
	 1.749333e-01,  3.804146e-01
	 3.624661e-01,  4.586906e-01
	 3.103032e-01,  4.585081e-01
	 3.579642e-01,  5.000000e-01
	 3.176300e-01,  5.000000e-01
	 2.249258e-01,  3.152588e-01
	 1.862140e-01,  2.931002e-01
	 2.237337e-01,  3.578568e-01
	 1.856808e-01,  3.667198e-01
	 1.663998e-01,  3.127297e-01
	-3.490354e-01, -2.431590e-01
	-3.101190e-01, -2.317091e-01
	-3.647054e-01, -2.239108e-01
	-3.553641e-01, -1.921466e-01
	 3.177984e-02,  1.859971e-01
	 2.637545e-02,  1.851850e-01
	-5.551660e-03,  2.259362e-01
	 1.046677e-02,  2.559259e-01
	 2.915958e-02,  2.602721e-01
	 4.019703e-02,  2.543921e-01
	 5.434661e-02,  2.126344e-01
	 1.659483e-02, -5.000000e-01
	 3.317956e-02, -4.735099e-01
	-1.223218e-02, -5.000000e-01
	 1.397713e-02, -4.401893e-01
	-9.752482e-03, -4.573521e-01
	 2.425284e-01, -3.435080e-01
	 2.572909e-01, -3.188634e-01
	 2.183278e-01, -3.416193e-01
	 2.384141e-01, -2.928369e-01
	-1.712072e-01, -3.534587e-01
	-2.015939e-01, -3.719306e-01
	-1.695631e-01, -3.420529e-01
	-2.024030e-01, -3.224223e-01
	-2.307680e-01, -3.441102e-01
	 2.617686e-03,  1.293324e-01
	-3.443883e-02,  1.337869e-01
	 1.723361e-02,  1.771791e-01
	-4.897979e-02,  1.563710e-01
	-3.849675e-02,  1.858197e-01
	-3.786109e-02,  1.862418e-01
	 4.153964e-01,  4.663027e-01
	 4.324210e-01,  4.230674e-01
	 4.130177e-01,  4.672818e-01
	 3.709044e-01,  4.331230e-01
	 3.700839e-01,  4.517719e-01
	 3.963499e-01,  4.101924e-01
	 5.000000e-01, -2.919469e-01
	 4.646651e-01, -2.939007e-01
	 4.443020e-01, -2.625331e-01
	 4.836403e-01, -2.321374e-01
	 5.000000e-01, -2.345798e-01
	-4.283040e-01, -1.648281e-01
	-4.197431e-01, -1.336943e-01
	-4.701414e-01, -1.639832e-01
	-4.612900e-01, -1.220116e-01
	-4.476810e-01, -1.146067e-01
	-4.720698e-01, -1.618711e-01
	-3.444752e-02, -3.193507e-01
	-7.438545e-02, -3.401874e-01
	-4.562290e-02, -2.867841e-01
	-8.860086e-02, -2.875780e-01
	-9.100644e-02, -2.897339e-01
	-8.344383e-02, -3.341628e-01
	-3.549939e-01, -3.331127e-01
	-3.457093e-01, -3.364018e-01
	-3.854323e-01, -3.593418e-01
	-3.315077e-01, -3.672422e-01
	-3.462198e-01, -3.936537e-01
	-3.727255e-01, -3.958147e-01
	 5.755739e-02, -1.177142e-01
	 4.594443e-02, -1.290487e-01
	 5.715646e-03, -1.234304e-01
	 9.817202e-03, -8.465937e-02
	 4.339397e-02, -6.778267e-02
	 5.454591e-02, -7.606317e-02
	 4.622444e-01,  3.314326e-01
	 4.596529e-01,  3.666599e-01
	 5.000000e-01,  3.173881e-01
	 5.000000e-01,  3.845326e-01
	 1.904369e-01,  8.785652e-02
	 1.888377e-01,  8.679659e-02
	 2.039018e-01,  1.448956e-01
	 1.578544e-01,  1.454330e-01
	 1.425215e-01,  1.014891e-01
	 1.431750e-01,  1.005785e-01
	-1.859043e-01, -2.855178e-01
	-1.857509e-01, -2.621344e-01
	-2.022199e-01, -2.981655e-01
	-2.137468e-01, -2.455521e-01
	-2.435094e-01, -2.724724e-01
	-2.436307e-01, -2.785416e-01
	-1.406979e-01,  1.210247e-01
	-9.925149e-02,  1.498644e-01
	-8.570265e-02,  1.094030e-01
	-1.225448e-01,  8.448256e-02
	-1.143807e-01,  8.252784e-02
	-3.959428e-01, -1.254885e-01
	-4.399612e-01, -7.817221e-02
	-3.840150e-01, -9.622137e-02
	-3.886606e-01, -7.842153e-02
	-4.359716e-01, -7.459081e-02
	-3.770118e-01,  1.121885e-02
	-4.037651e-01,  1.490730e-02
	-4.161654e-01,  3.467777e-02
	-3.767796e-01,  6.454106e-02
	-3.561313e-01,  3.315840e-02
	-3.592751e-01, -4.629981e-01
	-3.572761e-01, -4.517577e-01
	-3.746779e-01, -4.756145e-01
	-3.980282e-01, -4.190481e-01
	-4.198745e-01, -4.686072e-01
	-3.902919e-01, -4.182920e-01
	 2.518585e-01, -9.307671e-02
	 2.266530e-01, -8.072740e-02
	 2.826183e-01, -8.061735e-02
	 2.571181e-01, -2.543588e-02
	 2.155925e-01, -5.601808e-02
	-2.563434e-01, -2.943994e-01
	-2.487042e-01, -3.444139e-01
	-3.601867e-01,  2.349811e-01
	-3.468798e-01,  2.342998e-01
	-3.866990e-01,  1.985103e-01
	-3.120333e-01,  2.034724e-01
	-3.135320e-01,  1.942550e-01
	-3.515650e-01,  1.706051e-01
	-3.847182e-01,  1.890102e-01
	-4.018320e-01,  1.255298e-01
	-3.997388e-01,  9.910665e-02
	-4.182616e-01,  1.438206e-01
	-4.205493e-01,  1.441486e-01
	-4.539493e-01,  1.230491e-01
	 1.288543e-01, -2.904503e-01
	 1.146660e-01, -3.182263e-01
	 1.167829e-01, -2.595434e-01
	 8.747884e-02, -2.525536e-01
	 6.163214e-02, -2.742571e-01
	 6.024254e-02, -2.825598e-01
	 1.127803e-01, -3.191937e-01
	-3.372355e-01, -2.989401e-02
	-3.189901e-01, -9.162412e-03
	-3.373055e-01, -5.508720e-02
	-2.728348e-01, -3.756527e-02
	-2.898626e-01, -6.192319e-02
	-3.273308e-01, -6.392078e-02
	 2.012336e-01,  7.072721e-04
	 1.859540e-01, -1.897679e-02
	 2.023548e-01,  3.350539e-02
	 1.871040e-01,  4.934200e-02
	 1.320880e-01,  3.351175e-02
	 1.366350e-01,  1.736692e-02
	 2.394400e-02,  5.429352e-02
	-1.955195e-02,  7.033763e-02
	 3.453127e-02,  5.902253e-02
	 4.349796e-02,  7.526633e-02
	 3.756439e-02,  1.095765e-01
	 7.384273e-03,  1.221296e-01
	 2.498998e-01, -1.343480e-01
	 2.368364e-01, -1.470626e-01
	 2.125689e-01, -1.508179e-01
	 1.955053e-01, -1.135935e-01
	 1.952292e-01, -1.297575e-01
	-4.038558e-01,  5.000000e-01
	-4.125708e-01,  4.549931e-01
	-4.454985e-01,  5.000000e-01
	-4.513496e-01,  4.567457e-01
	-4.525046e-01,  4.583148e-01
	-1.573022e-01,  3.864139e-01
	-1.991964e-01,  3.429806e-01
	-1.592430e-01,  3.985137e-01
	 4.451680e-01,  3.741703e-01
	 4.123948e-01,  3.628667e-01
	 4.084469e-01,  3.290471e-01
	 4.372861e-01,  3.113291e-01
	 5.000000e-01,  1.670399e-01
	 4.704105e-01,  1.613620e-01
	 4.638689e-01,  1.537662e-01
	-1.225280e-01, -3.911998e-01
	-1.276261e-01, -3.871310e-01
	-7.987472e-02, -3.910503e-01
	-1.191622e-01, -3.448829e-01
	-6.579518e-02, -3.651617e-01
	 3.025659e-01,  8.492921e-02
	 3.382899e-01,  1.021914e-01
	 2.767692e-01,  1.317946e-01
	 2.823719e-01,  1.445346e-01
	 3.216562e-01,  1.563451e-01
	 3.416731e-01,  1.395780e-01
	-6.989014e-02, -4.124480e-01
	-1.194431e-01, -4.390120e-01
	 1.221024e-01,  2.586525e-01
	 9.301523e-02,  2.536312e-01
	 1.244510e-01,  3.056634e-01
	 7.911880e-02,  2.652674e-01
	 7.721709e-02,  3.030184e-01
	-1.316308e-01,  1.865573e-01
	-1.671312e-01,  1.771742e-01
	-1.266162e-01,  2.382938e-01
	-1.756888e-01,  2.249542e-01
	-1.818709e-01,  2.021090e-01
	 5.000000e-01,  2.332571e-01
	 4.687751e-01,  2.697724e-01
	 5.000000e-01,  2.993616e-01
	-3.304825e-02, -3.689096e-01
	-1.808435e-02, -3.271131e-01
	 2.536898e-01, -2.785628e-03
	 2.001027e-01, -4.852906e-02
	 1.859201e-01, -1.931735e-02
	 2.997824e-01,  5.285133e-02
	 2.958671e-01,  7.206807e-02
	 3.525320e-01,  4.009423e-02
	 3.552482e-01,  8.841930e-02
	 3.594272e-01,  4.778201e-02
	 2.652218e-01, -2.000503e-01
	 2.474096e-01, -2.120035e-01
	 2.670150e-01, -1.837233e-01
	 2.062859e-01, -1.656474e-01
	 2.188647e-01, -2.052060e-01
	-2.938791e-01, -3.994151e-01
	-3.067106e-01, -3.709730e-01
	-2.559710e-01, -3.870834e-01
	-2.895804e-01, -3.456327e-01
	-2.536252e-01, -3.487980e-01
	 8.888448e-02, -2.095549e-01
	 4.723365e-02, -2.124244e-01
	 3.768711e-02, -2.443532e-01
	 2.417060e-01,  8.221532e-02
	 2.349614e-01,  4.296732e-02
	 9.971279e-02, -3.065598e-02
	 8.379073e-02, -1.964083e-02
	 1.212682e-01, -2.708257e-02
	 7.890713e-02,  2.337303e-02
	 1.301399e-01,  3.519063e-02
	 9.946108e-02,  3.787944e-02
	 3.054449e-01, -4.099434e-01
	 3.308364e-01, -3.929654e-01
	 2.651334e-01, -3.825710e-01
	 3.163397e-01, -3.465489e-01
	 3.036059e-01, -3.400920e-01
	 2.655218e-01, -3.789341e-01
	-6.689978e-02,  4.369000e-01
	-8.056132e-02,  4.554186e-01
	-6.938107e-02,  4.161231e-01
	-1.282307e-01,  4.472983e-01
	-1.292400e-01,  4.222387e-01
	-9.935227e-02,  4.030153e-01
	-3.377673e-01,  3.270139e-01
	-3.815521e-01,  3.391688e-01
	-3.840119e-01,  3.440855e-01
	-3.452348e-01,  3.925926e-01
	-3.084834e-01,  3.674631e-01
	-3.712504e-01,  3.845560e-01
	-3.057433e-01,  3.586167e-01
	 1.381636e-03, -3.226466e-01
	-3.260811e-03, -2.706492e-01
	-3.081467e-02, -2.662468e-01
	 1.487911e-02, -3.005050e-01
	 3.519010e-01,  3.667052e-03
	 4.141565e-01,  2.627572e-02
	 4.077910e-01,  6.423389e-03
	 3.973445e-01,  5.051116e-02
	 3.867357e-01, -5.725184e-03
	 2.948534e-01,  2.583895e-01
	 2.945002e-01,  2.596315e-01
	 3.268584e-01,  2.977646e-01
	 3.686357e-01,  2.640380e-01
	 3.340530e-01,  2.398742e-01
	 3.795295e-01, -3.471699e-01
	 3.587113e-01, -3.954054e-01
	 3.576784e-01, -3.303453e-01
	-4.507822e-01,  3.961662e-01
	-4.638927e-01,  4.124684e-01
	-4.743752e-01,  3.558156e-01
	-5.000000e-01,  4.082896e-01
	-5.000000e-01,  3.672324e-01
	 3.924276e-01,  9.712284e-02
	 4.004387e-01,  1.205586e-01
	 3.815265e-01,  1.475531e-01
	 3.920337e-01,  1.424979e-01
	 3.064795e-01, -1.145641e-01
	 3.446246e-01, -1.060453e-01
	 2.082731e-01,  1.850293e-01
	 1.580606e-01,  1.975605e-01
	 2.196152e-01,  2.171652e-01
	 1.762489e-01,  2.340017e-01
	 1.577697e-01,  1.984016e-01
	 2.832685e-01, -2.564570e-01
	 3.292028e-01, -2.527804e-01
	 3.333140e-01, -2.949981e-01
	 2.793634e-01, -2.597148e-01
	 2.780949e-01, -2.649036e-01
	 2.976079e-01, -3.124904e-01
	-3.514079e-01,  1.346404e-01
	-3.476300e-01,  1.396219e-01
	 4.062348e-01,  7.420757e-02
	 3.952382e-01, -5.318837e-02
	 1.395681e-01, -2.333143e-01
	 9.444292e-02, -2.042860e-01
	 1.395206e-01, -2.284832e-01
	 1.168957e-01, -2.032403e-01
	-4.611897e-01, -2.620352e-01
	-5.000000e-01, -2.715066e-01
	-4.696778e-01, -2.098607e-01
	-5.000000e-01, -2.121596e-01
	-4.637580e-01,  3.276596e-01
	-4.603967e-01,  3.252365e-01
	-4.298672e-01,  3.908229e-01
	-4.167491e-01,  3.561346e-01
	-1.754467e-01, -1.016156e-01
	-1.824518e-01, -1.350118e-01
	-1.972150e-01, -8.334172e-02
	-2.229098e-01, -1.015780e-01
	-2.119052e-01, -1.275276e-01
	-3.975210e-01,  4.114313e-01
	-3.933694e-01,  4.398683e-01
	 2.956018e-01, -3.178166e-01
	-4.312743e-01, -2.695392e-01
	-4.108260e-01, -2.527430e-01
	-4.121977e-01, -3.162264e-01
	-3.684268e-01, -3.102241e-01
	-3.610173e-01, -2.790273e-01
	 2.006378e-01, -2.230791e-01
	 1.755292e-01, -2.094145e-01
	 1.469305e-01,  1.628109e-01
	 2.139240e-01,  1.657703e-01
	 2.073227e-01,  1.473616e-01
	-1.757340e-01, -1.452465e-01
	-1.813414e-01, -1.672292e-01
	-2.240728e-01, -1.789178e-01
	-2.355041e-01, -1.532814e-01
	 2.958937e-01, -1.418203e-01
	 4.466358e-01,  3.126016e-02
	 3.274315e-01,  3.070441e-01
	 3.117614e-01,  3.290214e-01
	 3.675674e-01,  3.231211e-01
	 3.530895e-01,  3.696075e-01
	 3.152887e-01,  3.472471e-01
	 3.528296e-01,  3.697242e-01
	 2.793306e-01,  2.160737e-01
	 3.237991e-01,  1.923137e-01
	 2.702209e-01,  2.115355e-01
	 2.623567e-01,  1.706366e-01
	-1.431512e-02, -3.944647e-01
	-5.006713e-02, -4.185503e-01
	-4.261453e-02,  3.165520e-01
	-6.338244e-02,  3.090415e-01
	-3.529805e-02,  3.437583e-01
	-8.456921e-02,  3.533141e-01
	-5.215073e-02,  3.632702e-01
	-8.999307e-02,  3.346667e-01
	 1.974931e-01, -3.813551e-01
	 1.618928e-01, -3.364321e-01
	 1.690563e-01, -3.807600e-01
	-3.703348e-01,  2.489325e-01
	-4.082873e-01,  2.556351e-01
	-3.661641e-01,  2.784493e-01
	-4.119826e-01,  2.910575e-01
	-3.977682e-01,  2.995400e-01
	-1.406076e-01, -8.930337e-02
	-1.952044e-01, -6.729130e-02
	 5.000000e-01,  4.098561e-01
	 4.608008e-01,  4.292808e-01
	 4.387625e-01,  4.202712e-01
	 5.000000e-01, -4.969587e-02
	 4.783021e-01, -4.075327e-02
	 5.000000e-01,  2.480163e-02
	 4.625436e-01, -1.141931e-02
	 4.689444e-01,  1.063723e-02
	 3.345363e-01, -5.000000e-01
	 3.390429e-01, -4.554835e-01
	 3.141103e-01, -5.000000e-01
	 2.864759e-01, -4.542829e-01
	 3.026294e-01, -4.366630e-01
	 3.721941e-02, -3.393517e-02
	-1.524928e-02, -3.405924e-02
	-2.850837e-02, -4.927488e-02
	 3.333258e-02, -2.992538e-02
	-2.222238e-02, -7.176773e-02
	 4.237312e-01,  1.646717e-01
	 4.172457e-01,  1.967260e-01
	 3.816028e-01,  2.037096e-01
	 3.836297e-01,  2.052904e-01
	 1.427984e-01, -8.529058e-02
	 1.671928e-01, -8.363333e-02
	 1.746170e-01, -1.836429e-01
	 1.402915e-01, -1.673000e-01
	 1.540807e-01, -5.000000e-01
	 1.955088e-01, -4.512122e-01
	 1.426177e-01, -4.641064e-01
	 1.735497e-01, -4.437130e-01
	-2.949781e-01,  4.045580e-01
	-3.075253e-01,  4.624850e-01
	-3.195003e-01,  4.309677e-01
	-2.757556e-01,  4.643853e-01
	-1.132082e-01,  2.293519e-02
	-1.513716e-01,  3.909217e-02
	-9.877142e-02,  6.027001e-02
	-1.540904e-01,  6.141763e-02
	 1.217827e-01,  3.456754e-01
	 6.978716e-02,  3.566880e-01
	 8.038417e-02,  3.908263e-01
	-1.258251e-01,  3.238592e-01
	-1.323078e-01,  3.271617e-01
	-1.321182e-01,  3.652510e-01
	-1.058960e-01,  3.762022e-01
	 8.326042e-02,  4.926110e-01
	 3.765435e-02,  4.570493e-01
	 1.698370e-02,  4.786120e-01
	 1.794235e-02,  5.000000e-01
	 8.553958e-02,  5.000000e-01
	-2.478162e-01, -9.625447e-02
	-2.626485e-01, -1.411611e-01
	 5.000000e-01, -8.007528e-02
	 4.714470e-01, -1.008312e-01
	 4.519866e-01, -9.664970e-02
	 4.395584e-01, -7.496792e-02
	 3.802923e-01,  3.173595e-01
	 3.922608e-01,  3.789999e-01
	 3.379361e-01,  2.051680e-01
	-1.390018e-01,  4.600551e-01
	-1.360020e-01,  5.000000e-01
	-2.033719e-01,  5.000000e-01
	 8.325576e-02,  7.522062e-02
	 6.582023e-02,  2.478978e-02
	-2.941678e-01,  1.377507e-01
	-2.888269e-01,  1.513096e-01
	-2.436160e-01,  1.699564e-01
	-2.193782e-01,  1.455805e-01
	-2.331925e-01,  1.023196e-01
	-2.884823e-01,  1.104872e-01
	-2.492404e-01,  8.429719e-03
	-2.518210e-01,  2.085781e-02
	-2.082392e-01, -1.924573e-02
	-2.100715e-01,  4.097981e-02
	-1.768801e-01,  1.014122e-02
	-1.770843e-01, -8.654557e-03
	 9.620758e-02,  1.639358e-01
	 6.405425e-02,  1.607749e-01
	 9.665521e-02,  2.013814e-01
	 8.126685e-02,  2.163434e-01
	-5.000000e-01,  1.384524e-01
	-5.000000e-01,  1.434770e-01
	-4.600921e-01,  1.881238e-01
	-4.571832e-01,  1.875933e-01
	-4.175534e-02, -1.739266e-01
	-4.308927e-02, -1.844110e-01
	-7.543134e-02, -1.457126e-01
	-1.164575e-01, -1.822872e-01
	-1.151960e-01, -1.730917e-01
	-8.361421e-02, -2.026466e-01
	-5.340482e-02,  1.007361e-01
	-9.726446e-02,  1.553396e-01
	 7.964922e-02, -1.687764e-01
	 2.575498e-01,  2.813091e-01
	 2.337660e-01,  2.614848e-01
	 2.300242e-01,  2.238524e-01
	 2.494761e-01,  3.720257e-01
	 2.541359e-01,  3.708985e-01
	 2.326197e-01,  4.238635e-01
	 2.401931e-01,  4.398499e-01
	 3.048713e-01,  4.116251e-01
	 2.944047e-01,  4.448225e-01
	 2.849613e-01,  3.811787e-01
	 2.747062e-01,  4.507044e-01
	-2.792057e-01,  2.274069e-01
	-2.865345e-01,  2.684085e-01
	-2.434199e-01,  2.131976e-01
	-2.128989e-01,  2.647949e-01
	-2.305766e-01,  2.794526e-01
	 4.740205e-01, -5.000000e-01
	 4.821874e-01, -4.778967e-01
	 4.371515e-01, -5.000000e-01
	 4.566779e-01, -4.594514e-01
	 4.373220e-01, -4.705830e-01
	-3.990960e-01, -3.567051e-01
	-4.151057e-01, -3.218839e-01
	 2.516890e-01,  1.170936e-01
	-3.215360e-01,  5.000000e-01
	-3.201106e-01,  4.749991e-01
	-3.713122e-01,  5.000000e-01
	-3.594874e-01,  4.717555e-01
	-2.647848e-02, -2.139835e-01
	-1.862838e-03, -2.173874e-01
	 1.262048e-02, -2.448260e-01
	-3.980749e-02, -2.408001e-01
	 2.449119e-01,  8.455235e-02
	 1.069908e-01, -4.198317e-01
	 7.488658e-02, -4.303050e-01
	 1.078545e-01, -3.714330e-01
	 5.325701e-02, -3.822484e-01
	 1.001155e-01, -3.616500e-01
	 5.723365e-02, -4.195705e-01
	-1.088680e-01,  1.328581e-02
	 5.000000e-01, -1.339589e-01
	 4.915218e-01, -1.341144e-01
	-4.660526e-01, -2.053977e-01
	-4.179074e-01, -2.048939e-01
	-4.120121e-01, -1.880728e-01
	 6.094138e-02,  3.182225e-01
	 6.869107e-02,  3.557053e-01
	 1.319706e-01,  3.140727e-01
	 2.854298e-01,  2.290459e-02
	 3.528040e-01, -3.053565e-01
	-8.008630e-02,  2.052130e-01
	-8.266030e-02,  2.238479e-01
	-5.693355e-02,  2.489605e-01
	-2.471448e-02,  2.236099e-01
	-4.949118e-02,  2.481525e-01
	-2.227603e-01, -4.539776e-01
	-1.847042e-01, -4.204727e-01
	-2.408495e-01, -4.540547e-01
	-2.432194e-01, -4.000514e-01
	-2.480146e-01, -4.444268e-01
	-2.060316e-01, -3.948224e-01
	-3.305802e-01,  2.937575e-01
	 9.987228e-02,  4.458881e-01
	 1.225668e-01,  4.388393e-01
	 6.487569e-02,  4.175964e-01
	 5.253603e-02,  1.183784e-01
	-1.655356e-01,  1.281614e-01
	-1.031796e-01,  1.711498e-01
	-1.777142e-01,  1.484170e-01
	 2.637603e-01,  1.564147e-02
	-1.647271e-01, -2.480663e-01
	-1.677087e-01, -2.078116e-01
	-2.161589e-01, -2.172119e-01
	-1.755498e-01,  2.885573e-01
	-2.025295e-01,  2.653800e-01
	-1.711558e-01,  3.137043e-01
	-3.142852e-01,  2.797898e-01
	-2.951145e-01,  2.767730e-01
	-2.637482e-01, -2.449067e-01
	-2.998114e-01, -2.459258e-01
	-2.492366e-01, -2.086196e-01
	 4.311888e-01, -1.712066e-02
	-1.637638e-01, -4.404954e-01
	-1.439199e-01, -3.869922e-01
	-1.764077e-01, -4.223406e-01
	-2.999395e-01, -4.358086e-01
	-3.075906e-01, -4.272104e-01
	 4.024651e-01, -2.739409e-01
	 4.286285e-01, -2.574777e-01
	 3.887160e-01, -2.716626e-01
	 3.809592e-01, -2.091747e-01
	 4.024764e-01, -2.040708e-01
	 3.613506e-01, -2.419872e-01
	 4.272070e-01, -2.241800e-01
	 1.074917e-01, -5.000000e-01
	 1.308396e-01, -4.595962e-01
	 1.026076e-01, -4.816835e-01
	-4.202708e-01,  2.187238e-01
	-2.462906e-01, -4.957915e-02
	-2.673018e-01, -3.592078e-02
	-2.186798e-01, -4.290882e-02
	-3.862698e-01, -7.468292e-02
	-3.952813e-01, -3.035471e-02
	-3.724222e-01, -1.466243e-02
	-3.093655e-01, -3.217441e-01
	 3.888919e-01,  2.567186e-01
	 3.783596e-01,  2.640826e-01
	 4.243704e-01,  2.602345e-01
	 4.400969e-01,  2.750065e-01
	 2.366555e-01, -4.020947e-01
	 2.224421e-01, -4.012903e-01
	-1.891396e-01,  8.074442e-02
	-2.027980e-01,  7.687199e-02
	-1.109470e-01,  2.805988e-01
	-1.276914e-01,  2.595615e-01
	 4.060801e-01,  5.000000e-01
	-7.333096e-02,  5.000000e-01
	-7.247680e-02, -4.427408e-02
	-6.827693e-02,  6.050923e-03
	-6.694636e-02, -4.038910e-02
	 3.385251e-01,  4.006769e-01
	-2.620610e-01,  2.963218e-02
	-3.169993e-01,  2.131214e-02
	-1.177957e-01, -2.319951e-01
	-1.390944e-01, -2.614455e-01
	-1.338330e-01, -1.987469e-01
	-1.627457e-01, -2.011105e-01
	-2.587035e-01, -4.960925e-01
	-1.959225e-01, -4.766124e-01
	-1.972621e-01, -5.000000e-01
	-2.580790e-01, -5.000000e-01
	-2.975273e-01, -4.748232e-01
	 4.128390e-01, -3.096478e-01
	 3.860317e-01, -3.461912e-01
	 4.798087e-02, -1.609511e-01
	 2.887325e-02, -1.791705e-01
	 2.869690e-02, -1.955893e-01
	-1.266162e-01,  2.382939e-01
	 3.271694e-02, -3.626971e-01
	 3.287331e-02, -3.650838e-01
	-9.768144e-03, -3.956709e-01
	-2.756271e-01, -1.451998e-01
	-3.067317e-01, -1.120809e-01
	-2.801252e-01, -8.668830e-02
	-2.487207e-01, -9.511635e-02
	-2.703215e-01,  5.000000e-01
	 2.609421e-01, -4.588982e-01
	-8.008064e-03, -1.330813e-01
	-3.921147e-02, -1.009697e-01
	 8.635442e-02, -6.928120e-02
	 1.359398e-01, -3.755243e-02
	-3.762086e-01,  7.487874e-02
	 5.000000e-01, -5.000000e-01
	 5.000000e-01, -4.722900e-01
	 2.736311e-01,  3.257716e-01
	 2.545944e-01,  2.972859e-01
	-3.267319e-01, -5.000000e-01
	-1.333792e-01, -1.389628e-01
	-3.223005e-01, -1.112830e-01
	-4.837453e-02,  3.941936e-01
	 4.773995e-01, -3.936297e-01
	 4.316933e-01, -3.781023e-01
	 5.000000e-01, -3.769496e-01
	 4.524551e-01, -3.342893e-01
	 4.294488e-01, -3.676967e-01
	 5.000000e-01, -3.506191e-01
	 1.876528e-01,  5.000000e-01
	 1.878394e-01,  4.698513e-01
	 1.326722e-01,  5.000000e-01
	 1.478046e-01,  4.675099e-01
	 1.775058e-01,  4.622697e-01
	-3.444716e-01,  9.408235e-02
	-3.107835e-01,  8.548493e-02
	-3.223114e-01,  2.719421e-02
	-3.182386e-01, -4.269246e-01
	 3.551524e-01, -1.748586e-01
	 3.894195e-01, -1.617094e-01
	 4.075249e-01, -1.776560e-01
	 1.194984e-02,  3.711538e-01
	 1.920581e-03,  3.532956e-01
	 1.565157e-02,  3.167580e-01
	 3.503542e-02,  3.093443e-01
	 4.600307e-01, -1.666325e-01
	 4.449431e-01, -1.595767e-01
	 4.310622e-01, -1.335728e-01
	 3.011248e-01, -1.562743e-01
	 3.549951e-01, -1.144319e-01
	 3.426704e-01, -1.715387e-01
	 3.320688e-01, -1.749929e-01
	-4.847185e-01,  2.185849e-01
	-5.000000e-01,  2.193808e-01
	-2.970062e-01,  9.304707e-02
	-2.626151e-01,  5.556899e-02
	-3.020854e-01, -2.955069e-01
	 3.211872e-01, -2.093180e-01
	 2.879084e-01, -2.169292e-01
	 4.498421e-01, -3.238699e-01
	 9.788023e-02,  1.070747e-01
	-6.561769e-02,  8.298802e-03
	-2.575228e-02,  1.133852e-02
	 5.000000e-01, -1.823108e-01
	 4.637631e-01, -1.746325e-01
	 4.758511e-01, -4.246176e-01
	 5.000000e-01, -4.360153e-01
	-4.513550e-01,  3.018361e-01
	-3.370445e-01, -1.234670e-01
	-3.715719e-01, -1.505826e-01
	-3.376882e-01, -1.261845e-01
	 3.753473e-02,  4.372969e-01
	 4.632670e-02,  4.251812e-01
	-4.458680e-03,  4.285111e-01
	-1.286830e-02,  4.000762e-01
	 1.110769e-02,  3.757828e-01
	-6.176511e-02,  5.618447e-02
	 3.812252e-01, -5.000000e-01
	 3.893821e-01, -4.644264e-01
	 3.672902e-01, -4.428040e-01
	 6.175242e-02, -4.783522e-01
	 6.056067e-02, -5.000000e-01
	 2.470533e-01, -2.384880e-01
	-4.459038e-01, -3.317161e-01
	-4.588376e-01, -3.688658e-01
	-4.363314e-01, -3.910304e-01
	-4.188903e-02,  7.001468e-02
	-3.125803e-02,  6.688124e-02
	-3.368783e-01,  4.230430e-01
	-3.748750e-01,  4.466297e-01
	-2.389770e-01,  2.042396e-01
	-5.000000e-01,  3.205906e-01
	-5.000000e-01,  2.758802e-01
	-4.688449e-01,  2.740485e-01
	 4.107979e-01, -4.560002e-01
	 4.232178e-01, -4.241724e-01
	 3.696331e-01, -4.084477e-01
	 4.165835e-01, -4.081831e-01
	 1.871151e-01,  2.845762e-01
	-2.317038e-01, -2.034237e-01
	-1.604716e-02,  2.770580e-01
	-7.622042e-02,  2.825694e-01
	 4.593977e-01, -2.048188e-01
	 2.180052e-01,  4.660090e-01
	 1.832703e-01,  4.125524e-01
	 1.687027e-01,  2.530223e-01
	 1.284503e-01,  2.538711e-01
	-7.310499e-02, -1.064615e-01
	-8.308488e-02, -8.708013e-02
	-4.236260e-01,  2.357830e-01
	-4.632447e-01,  2.472585e-01
	 2.308679e-01,  5.000000e-01
	 1.468100e-02, -4.380214e-01
	 5.868531e-02, -3.339554e-01
	 9.966871e-02, -3.422228e-01
	-3.102044e-01, -2.816858e-01
	-3.539420e-01, -2.738935e-01
	 1.585196e-01, -4.026995e-01
	 1.152089e-01, -4.235263e-01
	-4.674114e-01, -1.012771e-02
	-4.656718e-01, -1.394068e-02
	-4.146659e-01, -2.072088e-02
	-4.398017e-01, -2.927357e-02
	-7.976599e-02, -1.207432e-01
	-1.278854e-01, -1.276209e-01
	-4.277919e-01, -4.731602e-01
	-4.325085e-01, -5.000000e-01
	-3.751552e-01, -5.000000e-01
	 3.387243e-01, -2.420673e-01
	 7.450006e-02, -4.686154e-01
	-5.000000e-01,  4.713625e-01
	-5.000000e-01,  5.000000e-01
	-5.000000e-01, -5.000000e-01
	-5.000000e-01, -4.800706e-01
	-4.611069e-01, -4.499539e-01
	-1.194437e-02, -1.504051e-01
	 3.967320e-01, -1.274856e-01
	-5.000000e-01, -1.590978e-01
	-1.475431e-01, -5.000000e-01
	-1.695901e-01, -4.648693e-01
	 2.634138e-01,  5.000000e-01
	-5.000000e-01,  9.883361e-02
	-5.000000e-01,  4.763373e-02
	 4.707121e-02, -2.951514e-01
	-1.477394e-01, -3.237918e-01
	-5.000000e-01, -5.734630e-02
	-5.000000e-01, -7.437233e-02
	-4.259926e-02, -4.478448e-01
	-8.333923e-02, -2.397941e-01
	-8.781498e-02, -2.344418e-01
	-2.262843e-01,  8.944217e-02
	-4.644637e-01, -3.110704e-01
	-5.000000e-01, -3.134978e-01
	-5.000000e-01, -3.676462e-01
	 1.658401e-01, -3.832778e-01
	-2.657822e-02,  4.538037e-01
	-2.218530e-02,  4.722516e-01
	 1.301051e-01,  2.145248e-01
	-4.465473e-01, -2.698603e-01
	 4.085423e-01, -6.349437e-02
	 4.061687e-01, -5.947166e-02
	 4.607253e-01,  2.068044e-01
	 4.392547e-01,  2.134619e-01
	 1.031180e-01,  1.100723e-01
	-4.056730e-01, -2.336185e-01
	-3.742925e-01, -1.756755e-01
	 3.234413e-02,  9.700800e-04
	-2.428357e-02,  1.311293e-02
	 1.566053e-02,  1.882530e-02
	 3.870380e-01, -1.153996e-01
	 4.578067e-01, -4.378443e-01
	-5.000000e-01, -1.012902e-01
	-3.817363e-02,  5.000000e-01
	-4.636615e-01, -4.312213e-01
	-5.000000e-01, -4.163260e-01
	 5.000000e-01,  2.316770e-01
	-3.267485e-01, -5.000000e-01
	-1.714813e-02,  2.964841e-01
	-4.352316e-01, -3.958876e-01
	-1.328585e-01, -2.864314e-01
	 9.815231e-02,  1.622096e-01
	-1.454112e-01, -3.003556e-01
	-5.000000e-01, -3.207170e-03
Mesh Facets: 1267
	13, 15
	19, 17
	21, 19
	50, 52
	63, 61
	77, 76
	65, 64
	94, 96
	1, 0
	124, 120
	152, 151
	126, 129
	37, 36
	106, 107
	164, 161
	42, 45
	187, 186
	237, 235
	24, 22
	53, 55
	149, 150
	50, 48
	247, 50
	136, 132
	60, 59
	250, 252
	275, 273
	254, 132
	132, 131
	189, 190
	218, 219
	256, 255
	231, 232
	208, 209
	153, 154
	220, 221
	222, 223
	277, 131
	131, 133
	283, 285
	310, 308
	347, 346
	256, 260
	284, 256
	188, 36
	36, 35
	199, 198
	200, 202
	49, 47
	348, 349
	40, 38
	334, 330
	207, 208
	208, 296
	374, 376
	343, 345
	238, 236
	379, 343
	343, 344
	99, 100
	312, 311
	3, 6
	369, 371
	156, 155
	355, 354
	385, 382
	186, 188
	230, 186
	188, 352
	331, 333
	367, 49
	49, 51
	259, 258
	252, 254
	254, 276
	261, 252
	1, 101
	4, 1
	383, 381
	34, 31
	152, 150
	433, 152
	150, 243
	438, 436
	441, 443
	147, 146
	351, 350
	234, 233
	7, 9
	232, 289
	234, 232
	234, 7
	8, 7
	15, 16
	15, 459
	26, 28
	169, 168
	70, 72
	420, 422
	481, 482
	384, 385
	385, 402
	436, 485
	436, 437
	408, 407
	244, 245
	335, 339
	411, 412
	494, 493
	25, 23
	306, 304
	226, 227
	93, 87
	433, 434
	17, 433
	18, 17
	203, 204
	513, 514
	111, 109
	166, 167
	372, 370
	12, 8
	8, 458
	336, 335
	411, 413
	411, 335
	542, 544
	137, 139
	391, 392
	257, 258
	398, 397
	414, 258
	552, 550
	327, 328
	398, 155
	398, 549
	153, 299
	153, 155
	508, 507
	468, 467
	33, 32
	485, 566
	485, 486
	127, 125
	265, 267
	472, 471
	330, 283
	330, 38
	281, 283
	38, 39
	310, 311
	342, 310
	364, 361
	388, 311
	113, 112
	320, 319
	428, 430
	70, 473
	69, 70
	110, 108
	87, 510
	229, 228
	88, 87
	166, 165
	524, 166
	268, 269
	37, 39
	37, 189
	574, 39
	189, 278
	160, 162
	541, 540
	241, 53
	54, 53
	350, 260
	350, 453
	259, 412
	412, 491
	260, 259
	196, 194
	538, 537
	64, 66
	64, 84
	440, 439
	404, 331
	332, 331
	262, 250
	251, 250
	585, 584
	293, 291
	459, 461
	459, 620
	195, 199
	516, 203
	202, 203
	202, 199
	503, 505
	512, 93
	93, 92
	264, 266
	212, 214
	140, 138
	292, 294
	245, 489
	245, 246
	101, 423
	101, 99
	309, 312
	312, 99
	470, 468
	507, 506
	468, 507
	475, 474
	599, 601
	74, 76
	76, 641
	116, 118
	493, 642
	493, 492
	314, 316
	30, 33
	33, 565
	535, 533
	410, 409
	215, 213
	503, 625
	504, 503
	596, 597
	583, 581
	655, 656
	583, 653
	585, 583
	611, 585
	613, 615
	342, 575
	340, 342
	370, 296
	296, 297
	525, 370
	271, 270
	600, 599
	599, 640
	277, 326
	276, 415
	276, 277
	483, 484
	466, 464
	550, 551
	550, 671
	394, 395
	290, 289
	457, 289
	445, 444
	635, 309
	309, 307
	369, 207
	369, 6
	207, 205
	6, 5
	443, 444
	443, 13
	444, 672
	13, 14
	144, 143
	525, 660
	12, 525
	12, 11
	450, 146
	146, 145
	9, 10
	301, 303
	455, 9
	178, 177
	42, 41
	42, 201
	679, 678
	678, 542
	542, 543
	406, 405
	336, 526
	337, 336
	657, 653
	653, 656
	656, 682
	520, 521
	652, 651
	400, 399
	669, 668
	217, 216
	420, 477
	421, 420
	318, 315
	691, 688
	694, 692
	404, 440
	404, 51
	51, 52
	52, 438
	440, 438
	178, 677
	179, 178
	280, 219
	223, 303
	223, 219
	303, 676
	212, 213
	212, 629
	175, 179
	179, 699
	648, 213
	142, 141
	181, 185
	617, 616
	572, 571
	486, 567
	486, 487
	403, 352
	352, 353
	515, 514
	514, 716
	558, 549
	549, 257
	257, 255
	255, 282
	698, 699
	648, 699
	647, 648
	192, 191
	294, 630
	295, 294
	711, 714
	286, 288
	658, 613
	122, 121
	614, 613
	227, 495
	227, 228
	228, 591
	680, 681
	530, 529
	78, 80
	456, 233
	279, 190
	190, 187
	187, 233
	448, 447
	645, 644
	672, 14
	14, 16
	636, 635
	635, 672
	460, 16
	566, 726
	567, 566
	708, 567
	686, 688
	688, 729
	320, 430
	320, 321
	378, 380
	430, 429
	573, 471
	72, 73
	72, 471
	82, 81
	170, 172
	700, 141
	141, 140
	612, 291
	140, 292
	292, 291
	588, 590
	479, 478
	734, 735
	113, 110
	113, 579
	89, 88
	88, 110
	724, 644
	467, 469
	467, 565
	644, 565
	740, 441
	441, 442
	717, 698
	365, 366
	497, 502
	698, 697
	744, 94
	95, 94
	541, 54
	541, 538
	58, 54
	538, 603
	359, 362
	287, 286
	721, 286
	548, 547
	610, 609
	582, 586
	104, 103
	109, 523
	109, 108
	108, 229
	229, 225
	386, 387
	322, 324
	272, 271
	539, 540
	600, 271
	540, 600
	111, 112
	111, 524
	576, 112
	593, 524
	755, 754
	378, 730
	377, 378
	741, 742
	527, 526
	79, 78
	78, 681
	526, 681
	401, 402
	68, 66
	606, 66
	402, 484
	667, 484
	646, 533
	533, 534
	74, 118
	118, 117
	75, 74
	298, 297
	662, 297
	556, 555
	499, 498
	539, 537
	539, 753
	196, 537
	196, 197
	580, 579
	89, 579
	90, 89
	408, 410
	408, 490
	646, 117
	646, 410
	119, 117
	422, 418
	474, 422
	474, 639
	123, 124
	727, 726
	726, 124
	2, 3
	290, 287
	290, 394
	394, 3
	745, 287
	739, 469
	469, 169
	167, 523
	523, 749
	169, 167
	693, 696
	532, 531
	742, 759
	742, 442
	307, 308
	308, 341
	445, 307
	445, 442
	745, 362
	362, 363
	2, 745
	2, 0
	0, 102
	761, 79
	265, 573
	263, 265
	82, 79
	573, 82
	674, 450
	643, 645
	448, 450
	645, 448
	122, 614
	614, 619
	765, 123
	123, 122
	432, 383
	383, 384
	670, 483
	483, 384
	624, 626
	623, 516
	515, 715
	516, 515
	756, 730
	730, 429
	427, 429
	773, 772
	766, 693
	693, 692
	692, 774
	492, 316
	492, 23
	23, 22
	242, 22
	316, 317
	564, 562
	666, 665
	563, 562
	562, 665
	664, 665
	288, 711
	288, 231
	403, 711
	230, 231
	230, 403
	689, 690
	658, 722
	659, 658
	68, 667
	68, 67
	731, 733
	684, 668
	667, 668
	84, 605
	83, 84
	461, 621
	461, 462
	43, 41
	41, 177
	177, 176
	31, 29
	31, 431
	771, 770
	790, 789
	184, 182
	34, 432
	32, 34
	505, 508
	626, 505
	432, 626
	32, 508
	705, 704
	421, 685
	737, 738
	419, 421
	721, 359
	721, 720
	359, 360
	744, 743
	622, 620
	620, 744
	597, 652
	597, 598
	400, 652
	401, 400
	762, 401
	426, 427
	623, 772
	772, 427
	195, 623
	193, 195
	26, 25
	26, 466
	671, 466
	671, 494
	494, 25
	553, 551
	551, 464
	751, 752
	465, 464
	771, 643
	771, 29
	643, 30
	29, 30
	239, 237
	793, 794
	794, 237
	691, 689
	120, 691
	120, 121
	121, 722
	722, 689
	765, 619
	727, 765
	617, 703
	619, 617
	709, 708
	708, 727
	788, 789
	789, 795
	795, 796
	553, 752
	553, 552
	236, 235
	235, 552
	236, 387
	752, 387
	661, 660
	144, 660
	144, 145
	145, 673
	499, 753
	753, 272
	272, 269
	594, 269
	499, 500
	365, 200
	365, 697
	200, 201
	677, 201
	697, 677
	709, 703
	710, 709
	703, 702
	517, 519
	673, 798
	674, 673
	770, 674
	786, 770
	375, 376
	376, 800
	127, 568
	130, 127
	165, 592
	165, 168
	168, 470
	637, 470
	61, 59
	61, 801
	59, 262
	608, 262
	244, 490
	244, 243
	490, 119
	115, 119
	435, 243
	75, 534
	534, 536
	803, 77
	77, 75
	805, 804
	44, 46
	329, 326
	326, 664
	776, 664
	251, 609
	251, 253
	609, 103
	105, 103
	809, 808
	783, 785
	171, 174
	338, 337
	337, 405
	405, 407
	407, 489
	632, 489
	261, 416
	261, 60
	60, 62
	197, 498
	197, 198
	366, 198
	497, 366
	497, 498
	522, 518
	557, 554
	502, 501
	717, 502
	718, 717
	746, 747
	816, 815
	460, 462
	462, 780
	460, 636
	636, 423
	423, 425
	532, 536
	532, 766
	766, 774
	803, 536
	774, 803
	741, 757
	741, 740
	546, 544
	544, 740
	414, 413
	414, 397
	354, 356
	354, 397
	413, 528
	218, 220
	220, 300
	278, 595
	278, 218
	701, 616
	616, 618
	714, 713
	791, 720
	720, 714
	338, 632
	338, 339
	339, 491
	454, 453
	453, 491
	632, 631
	736, 734
	480, 479
	734, 479
	44, 45
	44, 804
	513, 204
	804, 513
	204, 45
	622, 621
	622, 792
	781, 621
	560, 559
	704, 738
	572, 704
	735, 590
	735, 738
	572, 472
	473, 472
	590, 473
	357, 358
	769, 768
	399, 382
	399, 683
	382, 381
	381, 431
	431, 787
	373, 374
	814, 815
	815, 374
	488, 437
	439, 607
	439, 437
	248, 249
	452, 451
	346, 344
	346, 793
	793, 239
	239, 238
	238, 344
	104, 586
	586, 584
	295, 192
	293, 295
	107, 104
	584, 293
	107, 192
	529, 80
	80, 81
	81, 73
	529, 531
	767, 531
	71, 73
	715, 716
	773, 715
	755, 756
	716, 755
	773, 756
	305, 306
	723, 495
	158, 157
	495, 306
	792, 560
	792, 743
	95, 743
	95, 97
	564, 560
	775, 564
	601, 241
	601, 475
	240, 241
	475, 476
	56, 58
	319, 587
	319, 325
	603, 602
	58, 603
	85, 86
	569, 570
	449, 447
	447, 725
	275, 274
	151, 275
	246, 149
	149, 151
	634, 246
	96, 98
	96, 63
	62, 810
	62, 63
	799, 702
	702, 701
	713, 701
	713, 712
	640, 639
	639, 764
	578, 577
	663, 640
	133, 328
	133, 134
	811, 557
	557, 328
	757, 758
	757, 546
	546, 545
	679, 543
	729, 679
	728, 729
	543, 545
	545, 833
	171, 809
	171, 129
	834, 809
	129, 128
	737, 685
	736, 737
	818, 736
	685, 315
	315, 313
	313, 314
	314, 642
	642, 835
	818, 313
	818, 819
	426, 428
	428, 587
	587, 602
	602, 194
	194, 193
	193, 426
	364, 388
	364, 363
	102, 363
	100, 102
	388, 100
	797, 796
	796, 837
	248, 824
	248, 247
	838, 247
	323, 322
	322, 751
	465, 751
	465, 463
	501, 500
	500, 594
	594, 592
	592, 637
	813, 501
	637, 638
	595, 574
	595, 300
	558, 299
	558, 282
	574, 281
	300, 299
	282, 281
	654, 581
	610, 582
	610, 608
	581, 582
	608, 802
	593, 268
	593, 576
	663, 270
	663, 577
	576, 577
	268, 270
	758, 760
	687, 686
	833, 758
	728, 833
	686, 728
	97, 775
	97, 98
	666, 415
	666, 775
	415, 416
	810, 416
	98, 810
	817, 780
	559, 561
	781, 559
	780, 781
	760, 687
	760, 759
	340, 659
	659, 690
	690, 687
	759, 341
	341, 340
	654, 802
	655, 654
	801, 802
	801, 655
	675, 301
	147, 446
	302, 301
	147, 148
	180, 182
	839, 790
	790, 182
	630, 138
	138, 137
	393, 392
	137, 392
	630, 719
	779, 778
	417, 419
	705, 706
	705, 419
	372, 458
	458, 457
	457, 395
	395, 371
	371, 372
	174, 785
	174, 173
	785, 784
	628, 627
	390, 389
	568, 569
	569, 827
	375, 568
	375, 373
	821, 373
	114, 116
	116, 641
	641, 21
	21, 20
	588, 589
	588, 478
	478, 482
	694, 695
	482, 694
	266, 92
	267, 266
	707, 571
	571, 267
	92, 91
	662, 555
	661, 662
	798, 661
	517, 798
	518, 517
	554, 518
	555, 554
	496, 304
	302, 446
	446, 449
	449, 829
	304, 302
	4, 424
	4, 5
	5, 205
	206, 205
	530, 680
	530, 535
	535, 409
	406, 680
	406, 409
	139, 142
	142, 185
	547, 748
	547, 139
	185, 183
	323, 463
	463, 28
	28, 27
	56, 57
	56, 325
	325, 323
	134, 135
	811, 134
	649, 650
	812, 811
	710, 487
	710, 799
	488, 822
	488, 487
	799, 832
	349, 351
	351, 451
	451, 249
	48, 47
	48, 249
	349, 47
	607, 823
	332, 607
	368, 334
	334, 332
	380, 379
	321, 380
	386, 324
	379, 386
	321, 324
	417, 840
	418, 417
	764, 418
	580, 578
	580, 763
	578, 764
	157, 826
	157, 156
	396, 156
	125, 126
	126, 170
	828, 570
	570, 125
	732, 170
	819, 480
	819, 835
	835, 481
	481, 480
	838, 824
	273, 838
	633, 634
	274, 273
	824, 825
	634, 274
	355, 396
	358, 355
	511, 509
	358, 820
	843, 396
	788, 797
	184, 788
	183, 184
	841, 183
	836, 797
	627, 173
	627, 214
	731, 172
	172, 173
	217, 214
	217, 684
	684, 731
	91, 90
	91, 707
	840, 706
	763, 840
	707, 706
	90, 763
	522, 812
	520, 522
	651, 520
	649, 651
	649, 812
	683, 787
	521, 683
	786, 519
	787, 786
	519, 521
	222, 305
	221, 222
	158, 305
	158, 154
	154, 221
	657, 682
	657, 611
	700, 612
	181, 700
	682, 839
	180, 181
	839, 180
	611, 612
	333, 285
	285, 284
	284, 348
	348, 367
	333, 367
	128, 834
	128, 130
	800, 834
	130, 800
	670, 624
	670, 669
	215, 625
	215, 216
	625, 624
	216, 669
	841, 836
	841, 748
	816, 747
	837, 816
	747, 748
	836, 837
	723, 826
	723, 591
	826, 843
	591, 510
	510, 509
	843, 509
	55, 57
	55, 24
	27, 57
	27, 24
	135, 136
	136, 253
	253, 807
	842, 135
	224, 225
	750, 225
	831, 830
	776, 806
	211, 210
	777, 776
	829, 496
	829, 831
	831, 224
	226, 224
	226, 496
	11, 10
	11, 143
	10, 675
	143, 148
	148, 675
	767, 71
	71, 69
	69, 589
	589, 695
	695, 696
	696, 767
	356, 357
	528, 356
	761, 768
	761, 527
	768, 357
	528, 527
	159, 161
	105, 106
	105, 807
	106, 161
	844, 807
	638, 506
	638, 813
	813, 718
	647, 718
	504, 647
	506, 504
	191, 719
	719, 778
	605, 604
	164, 191
	605, 778
	163, 164
	782, 783
	808, 845
	808, 783
	746, 548
	746, 814
	821, 389
	814, 821
	548, 391
	389, 391
	615, 618
	615, 575
	618, 791
	575, 361
	791, 360
	361, 360
	65, 67
	65, 86
	732, 828
	732, 733
	733, 67
	86, 828
	477, 476
	477, 318
	317, 318
	242, 317
	240, 242
	476, 240
	820, 511
	511, 512
	512, 264
	820, 769
	263, 769
	263, 264
	162, 163
	162, 598
	606, 762
	606, 604
	598, 762
	604, 163
	823, 822
	822, 832
	35, 40
	353, 35
	368, 823
	712, 353
	368, 40
	832, 712
	805, 46
	845, 805
	43, 782
	43, 46
	845, 782
	629, 628
	628, 784
	176, 784
	176, 175
	175, 629
	347, 345
	345, 377
	377, 754
	754, 347
	844, 842
	844, 159
	842, 650
	160, 596
	160, 159
	596, 650
	830, 725
	750, 830
	750, 749
	749, 739
	725, 724
	739, 724
	390, 827
	827, 85
	83, 779
	85, 83
	393, 390
	779, 393
	425, 817
	425, 424
	777, 211
	777, 563
	211, 206
	563, 561
	206, 424
	561, 817
	434, 435
	434, 18
	114, 20
	20, 18
	435, 115
	115, 114
	825, 452
	633, 825
	633, 631
	452, 454
	454, 631
	329, 806
	329, 327
	327, 556
	210, 806
	209, 210
	556, 298
	209, 298
	676, 455
	676, 280
	280, 279
	279, 456
	456, 455
Facet Neighbors: 1267
	-3, 2
	-2, 3
	-4, 3
	-2, 8
	-3, 10
	-4, 13
	11, 15
	-3, 17
	0, 18
	-2, 22
	-2, 27
	23, 31
	6, 34
	19, 35
	29, 35
	7, 37
	34, 42
	-4, 43
	4, 44
	9, 44
	27, 45
	8, 46
	-2, 46
	24, 47
	10, 49
	47, 49
	-2, 52
	47, 53
	24, 53
	34, 54
	40, 54
	48, 55
	42, 56
	38, 58
	28, 59
	40, 59
	40, 60
	53, 64
	24, 64
	55, 65
	61, 67
	-1, 68
	48, 69
	55, 69
	34, 70
	6, 70
	36, 73
	37, 73
	8, 74
	69, 74
	6, 75
	65, 75
	38, 76
	58, 76
	-1, 77
	68, 78
	43, 80
	78, 80
	68, 80
	18, 81
	61, 81
	0, 83
	76, 83
	28, 84
	71, 84
	79, 85
	34, 86
	42, 86
	70, 86
	65, 87
	74, 87
	8, 87
	48, 89
	47, 90
	53, 90
	49, 90
	18, 92
	0, 92
	79, 94
	5, 94
	27, 95
	-2, 95
	45, 95
	-2, 96
	-3, 97
	26, 98
	69, 99
	42, 100
	1, 100
	56, 101
	42, 101
	100, 101
	1, 101
	2, 102
	-3, 102
	4, 103
	30, 104
	12, 105
	91, 106
	-4, 107
	79, 108
	85, 108
	-2, 109
	96, 109
	88, 110
	45, 110
	66, 111
	89, 111
	-4, 112
	4, 112
	60, 113
	41, 113
	16, 116
	95, 117
	-2, 117
	3, 117
	37, 118
	-1, 118
	20, 120
	30, 120
	76, 121
	1, 121
	101, 121
	66, 122
	89, 122
	111, 122
	-3, 125
	25, 126
	82, 126
	48, 127
	84, 127
	89, 127
	-4, 128
	64, 129
	84, 130
	127, 130
	59, 130
	28, 130
	115, 132
	104, 132
	5, 132
	-2, 133
	109, 133
	23, 134
	50, 135
	105, 135
	65, 136
	75, 136
	55, 136
	6, 136
	61, 137
	67, 137
	72, 137
	81, 137
	20, 138
	63, 140
	93, 140
	105, 141
	12, 141
	20, 142
	116, 142
	41, 142
	16, 142
	30, 143
	120, 143
	51, 143
	6, 144
	34, 144
	136, 144
	54, 144
	29, 145
	124, 146
	44, 146
	9, 146
	69, 147
	99, 147
	89, 147
	111, 147
	48, 147
	36, 148
	124, 148
	11, 149
	15, 149
	96, 150
	87, 150
	65, 150
	49, 151
	47, 151
	139, 152
	57, 152
	102, 154
	-3, 154
	36, 155
	118, 155
	37, 155
	73, 155
	115, 156
	116, 157
	16, 157
	50, 157
	39, 158
	25, 159
	57, 159
	110, 160
	45, 160
	92, 161
	18, 161
	61, 161
	81, 161
	104, 162
	115, 162
	132, 162
	106, 163
	146, 163
	13, 164
	-4, 164
	21, 164
	-4, 165
	112, 165
	62, 165
	5, 166
	132, 166
	123, 167
	88, 167
	39, 168
	156, 168
	115, 168
	145, 169
	139, 170
	-3, 170
	170, 171
	139, 171
	152, 171
	153, 172
	137, 172
	67, 172
	76, 173
	58, 173
	121, 173
	51, 174
	146, 174
	163, 174
	64, 175
	90, 175
	53, 175
	108, 176
	103, 177
	128, 177
	-4, 177
	83, 178
	56, 178
	101, 178
	97, 179
	161, 179
	61, 179
	76, 180
	83, 180
	38, 180
	0, 180
	97, 181
	-3, 181
	179, 181
	2, 181
	26, 182
	173, 182
	121, 182
	1, 182
	98, 183
	26, 183
	1, 184
	60, 184
	100, 184
	32, 185
	7, 185
	37, 185
	-2, 186
	-3, 186
	125, 186
	88, 187
	122, 187
	66, 187
	171, 188
	170, 188
	-3, 188
	119, 189
	169, 189
	85, 189
	176, 190
	39, 190
	106, 191
	91, 191
	62, 191
	-2, 192
	-4, 193
	150, 194
	87, 194
	8, 194
	-2, 194
	96, 194
	185, 195
	32, 195
	54, 196
	60, 196
	40, 196
	184, 196
	39, 197
	158, 197
	32, 197
	195, 197
	168, 197
	25, 198
	33, 198
	153, 199
	135, 200
	133, 201
	109, 201
	86, 202
	70, 202
	118, 203
	-1, 203
	130, 204
	127, 204
	48, 204
	55, 204
	195, 205
	197, 205
	168, 205
	35, 206
	159, 206
	57, 206
	202, 207
	56, 207
	172, 208
	22, 208
	153, 208
	113, 209
	41, 209
	142, 209
	187, 210
	123, 210
	14, 210
	100, 211
	54, 211
	34, 211
	42, 211
	98, 212
	166, 212
	181, 213
	2, 213
	161, 213
	179, 213
	102, 213
	-2, 214
	133, 214
	201, 214
	192, 215
	-2, 215
	140, 216
	63, 216
	78, 216
	93, 216
	135, 217
	12, 217
	105, 217
	14, 217
	31, 218
	198, 219
	25, 219
	152, 219
	159, 219
	57, 219
	141, 220
	107, 220
	220, 221
	20, 222
	138, 222
	16, 222
	142, 222
	212, 223
	104, 223
	132, 223
	166, 223
	-3, 224
	97, 224
	205, 225
	73, 225
	114, 225
	195, 225
	-3, 226
	17, 226
	146, 227
	124, 227
	9, 227
	148, 227
	72, 228
	56, 228
	207, 228
	126, 229
	151, 230
	139, 230
	19, 230
	120, 231
	20, 231
	142, 231
	41, 231
	80, 232
	63, 232
	51, 233
	124, 233
	174, 233
	146, 233
	20, 234
	120, 234
	138, 234
	143, 234
	-1, 235
	216, 235
	78, 235
	224, 236
	122, 237
	14, 237
	210, 237
	187, 237
	85, 238
	11, 238
	149, 238
	108, 238
	176, 238
	167, 239
	123, 239
	164, 239
	21, 239
	13, 239
	58, 240
	173, 240
	129, 240
	114, 241
	124, 241
	233, 241
	148, 241
	36, 241
	138, 242
	222, 242
	16, 242
	88, 243
	110, 243
	239, 243
	167, 243
	21, 243
	91, 244
	106, 244
	163, 244
	22, 245
	214, 245
	-2, 245
	0, 246
	56, 246
	178, 246
	83, 246
	228, 246
	223, 247
	104, 247
	120, 247
	231, 247
	30, 247
	193, 248
	123, 248
	236, 249
	224, 249
	61, 249
	67, 249
	179, 249
	97, 249
	228, 250
	72, 250
	246, 250
	0, 250
	18, 250
	237, 251
	135, 251
	50, 251
	14, 251
	217, 251
	183, 252
	166, 252
	98, 252
	212, 252
	208, 253
	153, 253
	245, 253
	22, 253
	94, 254
	79, 254
	176, 254
	108, 254
	156, 254
	155, 255
	203, 255
	118, 255
	235, 256
	216, 256
	93, 256
	255, 256
	248, 257
	193, 257
	-4, 257
	165, 258
	112, 258
	4, 258
	44, 258
	62, 258
	131, 259
	175, 259
	131, 260
	259, 260
	175, 260
	207, 261
	56, 261
	202, 261
	42, 261
	86, 261
	192, 262
	208, 262
	172, 262
	238, 263
	11, 263
	218, 263
	190, 263
	176, 263
	149, 264
	15, 264
	154, 265
	102, 265
	7, 266
	185, 266
	32, 266
	5, 267
	94, 267
	252, 267
	-3, 268
	33, 268
	94, 269
	5, 269
	115, 269
	156, 269
	254, 269
	132, 269
	200, 270
	191, 270
	221, 270
	91, 270
	228, 271
	207, 271
	72, 271
	226, 272
	154, 272
	-3, 272
	169, 273
	145, 273
	189, 273
	85, 273
	238, 273
	93, 274
	255, 274
	256, 274
	155, 274
	36, 274
	4, 275
	103, 275
	177, 275
	-4, 275
	112, 275
	128, 276
	177, 276
	232, 276
	103, 276
	252, 277
	267, 277
	166, 277
	5, 277
	43, 278
	-1, 278
	-4, 278
	192, 279
	-2, 279
	22, 279
	208, 279
	262, 279
	253, 280
	245, 280
	199, 280
	153, 280
	201, 280
	214, 280
	268, 281
	-3, 281
	-1, 281
	276, 282
	128, 282
	43, 282
	-4, 282
	80, 282
	232, 282
	173, 283
	182, 283
	26, 283
	183, 283
	241, 284
	233, 284
	51, 284
	143, 284
	114, 284
	73, 285
	225, 285
	37, 285
	185, 285
	195, 285
	280, 286
	201, 286
	199, 286
	119, 287
	283, 287
	183, 287
	252, 287
	267, 287
	77, 288
	-1, 288
	134, 288
	23, 288
	143, 289
	30, 289
	104, 289
	162, 289
	10, 290
	-3, 290
	49, 290
	151, 290
	110, 291
	45, 291
	243, 291
	21, 291
	95, 291
	239, 292
	123, 292
	-4, 292
	13, 292
	-1, 293
	7, 293
	64, 294
	175, 294
	260, 294
	151, 295
	47, 295
	230, 295
	19, 295
	-1, 296
	266, 296
	31, 296
	66, 297
	187, 297
	88, 297
	110, 297
	160, 297
	90, 298
	49, 298
	10, 298
	241, 299
	36, 299
	73, 299
	225, 299
	114, 299
	119, 300
	129, 300
	114, 301
	225, 301
	205, 301
	229, 302
	-1, 302
	102, 303
	265, 303
	213, 303
	161, 303
	92, 303
	123, 304
	248, 304
	257, 304
	292, 304
	-4, 304
	236, 305
	224, 305
	125, 305
	-3, 305
	89, 306
	127, 306
	71, 306
	84, 306
	122, 306
	40, 307
	59, 307
	144, 307
	54, 307
	199, 308
	153, 308
	202, 308
	271, 308
	207, 308
	297, 309
	66, 309
	111, 309
	99, 309
	147, 309
	160, 309
	221, 310
	107, 310
	220, 310
	7, 311
	293, 311
	118, 311
	-1, 311
	37, 311
	154, 312
	272, 312
	265, 312
	131, 312
	270, 313
	200, 313
	220, 313
	221, 313
	135, 313
	105, 313
	141, 313
	71, 314
	251, 314
	85, 315
	189, 315
	79, 315
	94, 315
	267, 315
	77, 316
	302, 316
	-1, 316
	109, 317
	150, 317
	96, 317
	46, 318
	99, 318
	68, 319
	-1, 319
	278, 319
	43, 319
	80, 319
	230, 320
	139, 320
	206, 320
	57, 320
	19, 320
	152, 320
	35, 320
	210, 321
	14, 321
	217, 321
	123, 321
	248, 321
	12, 321
	203, 322
	255, 322
	235, 322
	-1, 322
	256, 322
	60, 323
	209, 323
	28, 323
	113, 323
	312, 324
	272, 324
	226, 324
	17, 324
	131, 324
	259, 324
	146, 325
	163, 325
	44, 325
	106, 325
	9, 326
	140, 326
	63, 326
	148, 326
	227, 326
	15, 327
	134, 327
	98, 328
	212, 328
	52, 329
	-2, 329
	45, 329
	27, 329
	160, 329
	17, 330
	-3, 330
	298, 330
	10, 330
	286, 331
	199, 331
	308, 331
	202, 331
	163, 332
	244, 332
	138, 332
	174, 332
	64, 333
	24, 333
	300, 333
	129, 333
	236, 334
	305, 334
	125, 334
	186, 335
	-2, 335
	215, 335
	125, 335
	334, 335
	296, 336
	31, 336
	-1, 336
	23, 336
	270, 337
	221, 337
	310, 337
	191, 337
	62, 337
	62, 338
	165, 338
	-4, 338
	337, 338
	310, 338
	93, 339
	140, 339
	326, 339
	148, 339
	36, 339
	274, 339
	137, 340
	72, 340
	250, 340
	18, 340
	81, 340
	281, 341
	-1, 341
	318, 342
	46, 342
	-2, 342
	63, 343
	232, 343
	276, 343
	103, 343
	114, 344
	284, 344
	143, 344
	289, 344
	301, 344
	162, 344
	144, 345
	307, 345
	130, 345
	204, 345
	136, 345
	59, 345
	55, 345
	170, 346
	230, 346
	151, 346
	139, 346
	290, 346
	143, 347
	234, 347
	174, 347
	332, 347
	138, 347
	51, 347
	236, 348
	192, 348
	334, 348
	335, 348
	215, 348
	324, 349
	17, 349
	175, 349
	259, 349
	90, 349
	298, 349
	330, 349
	303, 350
	131, 350
	312, 350
	265, 350
	348, 351
	236, 351
	172, 351
	262, 351
	192, 351
	249, 351
	67, 351
	346, 352
	170, 352
	290, 352
	-3, 352
	184, 353
	98, 353
	60, 353
	26, 353
	33, 354
	-3, 354
	268, 354
	159, 355
	25, 355
	82, 355
	126, 355
	206, 355
	264, 355
	91, 356
	200, 356
	270, 356
	121, 357
	101, 357
	178, 357
	83, 357
	76, 357
	296, 358
	31, 358
	266, 358
	158, 358
	82, 359
	134, 359
	327, 359
	288, 359
	77, 359
	316, 359
	21, 360
	164, 360
	-4, 360
	3, 360
	141, 361
	220, 361
	107, 361
	193, 361
	-4, 361
	157, 362
	50, 362
	200, 362
	135, 362
	16, 362
	240, 363
	173, 363
	283, 363
	287, 363
	119, 363
	300, 363
	129, 363
	113, 364
	353, 364
	98, 364
	328, 364
	60, 364
	92, 365
	0, 365
	180, 365
	38, 365
	210, 366
	123, 366
	167, 366
	187, 366
	88, 366
	25, 367
	198, 367
	229, 367
	126, 367
	33, 367
	343, 368
	103, 368
	4, 368
	9, 368
	326, 368
	63, 368
	24, 369
	333, 369
	169, 369
	300, 369
	201, 370
	286, 370
	317, 370
	109, 370
	331, 370
	69, 371
	99, 371
	318, 371
	8, 371
	46, 371
	74, 371
	317, 372
	150, 372
	75, 372
	65, 372
	78, 373
	216, 373
	232, 373
	80, 373
	63, 373
	356, 374
	91, 374
	244, 374
	138, 374
	242, 374
	332, 374
	323, 375
	28, 375
	84, 375
	23, 376
	31, 376
	327, 376
	134, 376
	218, 376
	310, 377
	338, 377
	-4, 377
	107, 377
	342, 378
	-2, 378
	160, 378
	52, 378
	318, 378
	329, 378
	84, 379
	71, 379
	116, 379
	314, 379
	375, 379
	281, 380
	268, 380
	33, 380
	367, 380
	341, 380
	358, 381
	158, 381
	218, 381
	31, 381
	39, 381
	190, 381
	263, 381
	16, 382
	362, 382
	356, 382
	374, 382
	200, 382
	242, 382
	300, 383
	119, 383
	189, 383
	169, 383
	369, 383
	315, 384
	189, 384
	287, 384
	267, 384
	119, 384
	60, 385
	40, 385
	323, 385
	28, 385
	59, 385
	188, 386
	171, 386
	219, 386
	198, 386
	-3, 386
	33, 386
	354, 386
	152, 386
	65, 387
	55, 387
	69, 387
	74, 387
	87, 387
	336, 388
	23, 388
	-1, 388
	288, 388
	254, 389
	176, 389
	168, 389
	39, 389
	156, 389
	190, 389
	380, 390
	367, 390
	302, 390
	-1, 390
	229, 390
	341, 390
	323, 391
	209, 391
	375, 391
	142, 391
	116, 391
	379, 391
	9, 392
	44, 392
	368, 392
	4, 392
	24, 393
	47, 393
	295, 393
	369, 393
	41, 394
	231, 394
	328, 394
	294, 395
	38, 395
	260, 395
	364, 396
	328, 396
	394, 396
	41, 396
	113, 396
	1, 397
	182, 397
	184, 397
	26, 397
	353, 397
	321, 398
	12, 398
	141, 398
	361, 398
	193, 398
	248, 398
	71, 399
	306, 399
	251, 399
	237, 399
	314, 399
	122, 399
	29, 400
	19, 400
	295, 400
	35, 400
	393, 400
	162, 401
	344, 401
	301, 401
	205, 401
	168, 401
	115, 401
	206, 402
	355, 402
	149, 402
	35, 402
	264, 402
	29, 402
	266, 403
	-1, 403
	296, 403
	229, 404
	302, 404
	359, 404
	316, 404
	126, 404
	82, 404
	153, 405
	172, 405
	308, 405
	137, 405
	271, 405
	72, 405
	11, 406
	15, 406
	376, 406
	218, 406
	263, 406
	327, 406
	106, 407
	191, 407
	62, 407
	258, 407
	44, 407
	325, 407
	379, 408
	116, 408
	157, 408
	314, 408
	251, 408
	50, 408
	29, 409
	145, 409
	238, 409
	149, 409
	273, 409
	402, 409
	317, 410
	370, 410
	6, 410
	70, 410
	372, 410
	202, 410
	75, 410
	331, 410
	293, 411
	-1, 411
	266, 411
	7, 411
	403, 411
	158, 412
	358, 412
	266, 412
	32, 412
	197, 412
	68, 413
	78, 413
	235, 413
	-1, 413
	393, 414
	400, 414
	369, 414
	145, 414
	29, 414
	169, 414
	328, 415
	394, 415
	231, 415
	247, 415
	212, 415
	223, 415
	359, 416
	327, 416
	264, 416
	15, 416
	82, 416
	355, 416
	303, 417
	92, 417
	395, 417
	260, 417
	38, 417
	131, 417
	365, 417
	350, 417
	95, 418
	117, 418
	360, 418
	3, 418
	291, 418
	21, 418
	318, 419
	378, 419
	160, 419
	99, 419
	309, 419
	294, 420
	64, 420
	129, 420
	395, 420
	38, 420
	240, 420
	58, 420
	184, 421
	196, 421
	54, 421
	211, 421
	100, 421
Mesh Regions: 422
	8, 61, 77, 258, 455, 476, 964
	88, 92, 121, 266, 269, 1123
	0, 93, 262, 348
	1, 2, 115, 940, 1247
	18, 95, 109, 508, 567, 979, 1107
	79, 140, 220, 536, 542, 579
	12, 45, 50, 149, 166, 1198
	15, 273, 533, 647, 715, 1207
	3, 21, 48, 71, 296, 995
	19, 173, 392, 783, 980, 1104
	4, 24, 633, 665, 800
	6, 181, 424, 525, 1172
	97, 158, 362, 763, 1129
	5, 214, 432, 645
	340, 364, 420, 481, 759
	6, 182, 530, 788, 1173, 1233
	112, 162, 198, 376, 443, 950, 1048
	7, 389, 776, 797, 885
	8, 59, 76, 206, 477, 844
	13, 400, 654, 755, 1141
	118, 154, 159, 374, 402, 411
	216, 431, 448, 640, 937, 1249
	9, 333, 452, 490, 585
	11, 143, 628, 824, 1016, 1083
	23, 28, 38, 810, 983, 1108
	127, 201, 310, 367, 914, 972
	85, 263, 268, 605, 909, 1126
	10, 20, 80, 795
	34, 63, 137, 771, 1014, 1067
	14, 170, 1140, 1156, 1190, 1222
	96, 119, 163, 464, 630
	11, 365, 657, 822, 928, 1017, 1044
	272, 300, 307, 535, 1212
	311, 540, 910, 976, 1038, 1074
	12, 16, 29, 44, 66, 167, 343
	13, 14, 327, 757, 1143, 1154
	46, 179, 192, 440, 566, 667, 839
	15, 47, 116, 194, 274, 614, 719
	33, 52, 257, 966, 1116, 1240, 1259
	200, 224, 288, 305, 1045, 1089
	30, 35, 36, 303, 697, 1065
	111, 161, 336, 404, 1112, 1121
	16, 32, 67, 87, 90, 344, 519
	17, 56, 580, 599, 749
	18, 19, 172, 509, 781, 1105, 1182
	20, 82, 105, 204, 638, 794
	21, 22, 744, 849, 996
	23, 25, 27, 73, 187, 652, 1109
	31, 42, 72, 129, 178, 322
	24, 25, 75, 186, 635, 664
	144, 199, 480, 947, 1189
	165, 239, 407, 609, 878
	26, 792, 1028
	27, 28, 37, 74, 244
	29, 30, 169, 301, 342, 700, 1264
	31, 39, 43, 148, 323, 867, 1078
	32, 89, 250, 331, 395, 456, 517
	189, 202, 329, 370, 754
	33, 53, 237, 433, 1261
	34, 35, 136, 698, 866, 1068
	36, 110, 270, 302, 769, 908, 962, 1064
	40, 60, 150, 207, 254, 469
	219, 291, 510, 829, 830, 1180
	155, 358, 406, 785, 851, 982, 1006
	37, 38, 133, 242, 648, 809, 1256
	39, 51, 69, 146, 185, 1001, 1077
	106, 123, 280, 658, 707
	40, 151, 235, 470, 901
	41, 55, 58, 746, 1214
	42, 43, 49, 86, 174, 992, 1079
	44, 45, 68, 317, 1199
	64, 694, 731, 1032, 1134
	152, 394, 474, 553, 842, 1171
	46, 47, 195, 385, 612, 668
	48, 49, 70, 997, 1080
	50, 51, 147, 1000, 1202
	52, 53, 62, 120, 236, 255, 926
	54, 625, 738, 935
	55, 57, 359, 417, 1002, 1215
	65, 78, 100, 492, 735
	56, 57, 58, 405, 601, 750, 1005
	59, 60, 153, 208, 845
	128, 915, 931, 1165, 1234
	61, 62, 249, 256, 458, 925
	63, 64, 130, 134, 695, 1015, 1031
	65, 101, 286, 423, 560, 733
	66, 67, 68, 316, 520
	69, 70, 71, 184, 295, 1081
	104, 223, 278, 444, 660, 971
	72, 107, 124, 131, 176, 692
	73, 74, 75, 243, 663, 888
	98, 290, 449, 550, 919, 1008
	76, 77, 205, 682, 963, 1237
	156, 360, 501, 562, 835
	78, 79, 491, 537, 541, 736
	80, 81, 82, 113, 641, 1244
	83, 103, 183, 298, 743
	84, 252, 259, 383, 472
	85, 267, 345, 485, 790, 907, 960
	86, 175, 709, 745, 993, 1253
	87, 88, 91, 271, 341, 1266
	89, 90, 91, 92, 122, 251, 923
	93, 94, 190, 351, 532, 678
	95, 246, 568, 575, 854, 978
	96, 139, 209, 379, 461, 631
	97, 145, 157, 363, 729
	98, 212, 289, 450, 782, 1178
	99, 372, 713, 943, 1024
	100, 101, 245, 426, 494
	102, 103, 142, 315, 741, 990
	104, 105, 203, 445, 637, 661
	106, 107, 125, 177, 708
	108, 109, 218, 507, 571
	110, 111, 335, 772, 958, 1122
	386, 436, 611, 670, 673, 855
	138, 196, 210, 226, 543, 1150
	112, 160, 197, 1033, 1102, 1185
	113, 114, 115, 1245
	116, 117, 193, 318, 498, 717
	284, 620, 671, 955, 1055, 1063
	118, 119, 164, 401, 412, 462
	120, 121, 122, 238, 265, 922
	123, 124, 125, 279, 419, 696, 1139
	222, 339, 429, 466, 643, 683, 761, 968
	171, 180, 391, 408, 437
	126, 277, 690, 815, 819
	127, 128, 397, 916, 975, 1164
	129, 130, 131, 135, 321, 693
	132, 247, 572, 598
	133, 435, 672, 812, 957, 1257
	134, 135, 136, 137, 320, 863
	511, 513, 723, 777, 892, 1241
	138, 139, 140, 211, 221, 380, 546
	141, 142, 314, 353
	143, 627, 789, 932, 1019
	144, 145, 313, 361, 479, 728, 949
	146, 147, 148, 149, 168, 865
	150, 151, 152, 153, 234, 841, 1169
	154, 375, 413, 441, 807, 877, 1010
	188, 228, 231, 399, 752, 871
	155, 156, 357, 784, 836
	157, 158, 371, 730, 941, 1130
	159, 160, 161, 162, 337, 377, 403, 1101
	163, 164, 165, 414, 610, 629, 857, 873
	166, 167, 168, 169, 699, 861
	170, 227, 558, 1191, 1221
	171, 172, 173, 213, 240, 390, 410, 779
	174, 175, 176, 177, 178, 710
	179, 180, 393, 439, 786, 838
	181, 182, 425, 529, 1153, 1193
	183, 184, 185, 294, 742, 999
	186, 187, 398, 636, 651, 870
	188, 189, 232, 368, 756, 1076
	233, 312, 334, 488, 591, 702, 1166
	190, 191, 531, 555, 720
	192, 193, 194, 195, 496, 565
	196, 225, 495, 544, 1090
	197, 198, 199, 946, 1186
	200, 306, 930, 1042, 1209
	201, 202, 328, 369, 913
	203, 204, 662, 711, 796, 1027, 1252
	205, 206, 207, 208, 253, 349, 681
	209, 210, 211, 632, 860, 1145
	212, 213, 241, 451, 780, 805
	214, 215, 216, 430, 938
	217, 218, 219, 506, 831
	220, 221, 346, 381, 484, 578
	222, 223, 428, 447, 969
	224, 225, 226, 309, 326, 1088, 1149
	227, 285, 557, 985, 1057, 1223
	228, 229, 230, 282, 868, 903
	230, 231, 232, 281, 1070
	233, 234, 235, 332, 523, 897, 1167
	236, 237, 238, 264, 434, 603, 952
	239, 240, 241, 409, 808, 875
	242, 243, 244, 512, 515, 649, 886
	245, 287, 427, 493, 528, 1087
	246, 247, 248, 569, 573
	249, 250, 251, 457, 924
	252, 253, 254, 261, 350, 471
	255, 256, 257, 258, 965
	259, 260, 261, 262, 347
	263, 264, 265, 266, 604, 1124
	267, 268, 483, 606, 622
	269, 270, 271, 304, 906, 1125, 1262
	272, 273, 274, 299, 534, 615
	275, 276, 277, 816
	278, 279, 280, 338, 422, 659, 970
	281, 282, 283, 1069
	284, 285, 286, 559, 734, 1056, 1060
	287, 288, 527, 1046, 1091
	289, 290, 291, 548, 828, 1179
	292, 355, 521, 583, 880, 899
	293, 465, 504, 944, 1132
	294, 295, 296, 297, 298
	299, 300, 308, 324, 387, 616
	301, 302, 303, 304, 1263
	305, 306, 307, 308, 309, 325, 1213
	310, 311, 366, 973, 1072
	312, 590, 619, 701, 802
	313, 547, 725, 920, 948, 1052
	314, 315, 354, 592, 618, 987
	316, 317, 330, 518, 703, 804, 1201
	318, 319, 497, 764
	320, 321, 322, 323, 864
	324, 325, 326, 384, 675, 1148
	327, 328, 329, 753, 917, 1151
	330, 331, 396, 516, 552, 705
	332, 333, 334, 487, 522, 586
	335, 336, 337, 770, 1099
	338, 339, 340, 421, 758, 967
	341, 342, 343, 344, 1265
	345, 346, 378, 486, 791, 1228
	347, 348, 349, 350, 351, 680
	352, 353, 354, 453, 593
	355, 356, 818, 883
	357, 358, 359, 360, 416, 500, 1003
	361, 362, 363, 364, 482, 760
	365, 526, 1020, 1043, 1175
	366, 367, 368, 369, 370, 1071
	371, 372, 373, 714, 726, 942
	373, 549, 712, 727, 826
	374, 375, 376, 377, 442
	378, 379, 380, 381, 460, 1229
	382, 383, 418, 468, 689
	384, 385, 386, 387, 613, 669, 674
	388, 389, 554, 775
	390, 391, 392, 393, 787
	394, 395, 396, 459, 473, 551
	397, 676, 974, 1096, 1160
	398, 399, 400, 653, 751, 869
	401, 402, 403, 404, 463, 1113, 1226
	405, 406, 574, 602, 852, 1004
	407, 408, 409, 410, 438, 608
	411, 412, 413, 414, 874
	415, 416, 417, 499, 766, 1216
	418, 467, 688, 813, 879, 896
	419, 420, 421, 422, 478, 1137
	423, 424, 425, 426, 427, 524, 561, 1192
	428, 429, 430, 431, 432, 446, 642
	433, 434, 435, 951, 1260
	436, 437, 438, 439, 440, 607, 666
	441, 442, 443, 1011, 1053
	444, 445, 446, 447, 448, 639
	449, 450, 451, 806, 1009
	452, 453, 454, 489, 589
	455, 456, 457, 458, 459, 475
	460, 461, 462, 463, 464, 1227
	465, 466, 503, 684, 762, 1133
	467, 468, 469, 470, 471, 472, 900
	473, 474, 475, 476, 477, 843
	478, 479, 480, 481, 482, 732, 1136, 1188
	483, 484, 485, 486, 538, 576, 623
	487, 488, 489, 490, 588
	491, 492, 493, 494, 495, 545, 1086
	496, 497, 498, 502, 563, 765
	499, 500, 501, 502, 564, 768
	503, 504, 505, 685
	506, 507, 508, 509, 510, 1181
	511, 512, 514, 778, 887
	513, 514, 515, 650, 1117, 1239
	516, 517, 518, 519, 520
	521, 522, 523, 587, 898
	524, 525, 526, 527, 528, 1047, 1176
	529, 530, 918, 1155, 1232
	531, 532, 679, 722, 894
	533, 534, 535, 656, 929, 1157, 1206, 1211
	536, 537, 538, 577, 624, 737, 1062
	539, 540, 594, 912, 1037
	541, 542, 543, 544, 545, 546
	547, 548, 549, 550, 724, 825, 921
	551, 552, 553, 704, 1170
	554, 555, 556, 721, 774
	557, 558, 559, 560, 561, 1194
	562, 563, 564, 565, 566, 840
	567, 568, 569, 570, 571
	572, 573, 574, 575, 597, 853
	576, 577, 578, 579
	580, 581, 582, 748
	583, 584, 585, 586, 587
	588, 589, 590, 591, 592, 593, 617
	594, 595, 596, 846, 1036
	597, 598, 599, 600, 601, 602
	603, 604, 605, 606, 621, 953
	607, 608, 609, 610, 611, 856
	612, 613, 614, 615, 616
	617, 618, 619, 801, 988
	620, 621, 622, 623, 624, 954, 1061
	625, 626, 627, 628, 934, 1085
	629, 630, 631, 632, 858
	633, 634, 635, 636, 872, 904
	637, 638, 639, 640, 641, 1248
	642, 643, 644, 645, 686
	646, 647, 716, 1204
	648, 649, 650, 1115, 1255
	651, 652, 653, 654, 1110, 1142
	655, 656, 657, 821, 927, 1159
	658, 659, 660, 661, 662, 706
	663, 664, 665, 799, 889
	666, 667, 668, 669, 670
	671, 672, 811, 956, 986, 1054
	673, 674, 675, 859, 1147
	676, 677, 739, 1094, 1161
	678, 679, 680, 681, 682, 891, 1236
	683, 684, 685, 686, 687
	688, 689, 690, 691, 814
	692, 693, 694, 695, 696, 1135
	697, 698, 699, 700, 862
	701, 702, 703, 704, 705, 803, 1168
	706, 707, 708, 709, 710, 711, 1254
	712, 713, 714, 827, 834, 1021
	715, 716, 717, 718, 719
	720, 721, 722, 723, 773, 893
	724, 725, 726, 727, 728, 729, 730
	731, 732, 1034, 1138, 1187
	733, 734, 735, 736, 737, 1059
	738, 739, 740, 936, 1163
	741, 742, 743, 989, 998, 1196
	744, 745, 848, 994, 1029, 1250
	746, 747, 748, 749, 750
	751, 752, 753, 754, 755, 756, 757
	758, 759, 760, 761, 762, 763, 1128
	764, 765, 766, 767, 768
	769, 770, 771, 772, 1013, 1066, 1098
	773, 774, 775, 776, 777, 778, 884
	779, 780, 781, 782, 1183
	783, 784, 785, 786, 787, 837, 981
	788, 789, 933, 1018, 1177, 1231
	790, 791, 961, 1114, 1119, 1224
	792, 793, 794, 795, 796, 1030
	797, 798, 799, 800, 890
	801, 802, 803, 804, 991, 1203
	805, 806, 807, 808, 876, 1012
	809, 810, 811, 812, 984
	813, 814, 815, 820, 881
	816, 817, 818, 819, 820, 882
	821, 822, 823, 824, 1082
	825, 826, 827, 828, 829, 833
	830, 831, 832, 833, 834, 1022
	835, 836, 837, 838, 839, 840
	841, 842, 843, 844, 845
	846, 847, 1040, 1097
	848, 849, 850, 1025
	851, 852, 853, 854, 977
	855, 856, 857, 858, 859, 860, 1146
	861, 862, 863, 864, 865, 866, 867
	868, 869, 870, 871, 872, 902
	873, 874, 875, 876, 877, 878
	879, 880, 881, 882, 883, 895
	884, 885, 886, 887, 888, 889, 890
	891, 892, 893, 894, 1243
	895, 896, 897, 898, 899, 900, 901
	902, 903, 904, 905
	906, 907, 908, 909, 959, 1127
	910, 911, 912, 1075
	913, 914, 915, 916, 917, 918, 1152, 1235
	919, 920, 921, 1007, 1050
	922, 923, 924, 925, 926
	927, 928, 929, 930, 1041, 1210
	931, 932, 933, 934, 935, 936, 1162, 1230
	937, 938, 939, 940, 1246
	941, 942, 943, 944, 945, 1131
	946, 947, 948, 949, 950, 1049
	951, 952, 953, 954, 955, 956, 957
	958, 959, 960, 961, 962, 1118
	963, 964, 965, 966, 1242
	967, 968, 969, 970, 971
	972, 973, 974, 975, 976, 1039, 1093
	977, 978, 979, 980, 981, 982, 1106
	983, 984, 985, 986, 1058, 1111, 1220
	987, 988, 989, 990, 991, 1197
	992, 993, 994, 995, 996, 997
	998, 999, 1000, 1001, 1200
	1002, 1003, 1004, 1005, 1006
	1007, 1008, 1009, 1010, 1011, 1012, 1051
	1013, 1014, 1015, 1035, 1100
	1016, 1017, 1018, 1019, 1020, 1174
	1021, 1022, 1023, 1024
	1025, 1026, 1027, 1028, 1029, 1030, 1251
	1031, 1032, 1033, 1034, 1035, 1103, 1184
	1036, 1037, 1038, 1039, 1040, 1092
	1041, 1042, 1043, 1044, 1045, 1046, 1047
	1048, 1049, 1050, 1051, 1052, 1053
	1054, 1055, 1056, 1057, 1058
	1059, 1060, 1061, 1062, 1063
	1064, 1065, 1066, 1067, 1068
	1069, 1070, 1071, 1072, 1073, 1074, 1075, 1076
	1077, 1078, 1079, 1080, 1081
	1082, 1083, 1084, 1085
	1086, 1087, 1088, 1089, 1090, 1091
	1092, 1093, 1094, 1095, 1096, 1097
	1098, 1099, 1100, 1101, 1102, 1103
	1104, 1105, 1106, 1107
	1108, 1109, 1110, 1111, 1144, 1218
	1112, 1113, 1114, 1120, 1225
	1115, 1116, 1117, 1238, 1258
	1118, 1119, 1120, 1121, 1122
	1123, 1124, 1125, 1126, 1127
	1128, 1129, 1130, 1131, 1132, 1133
	1134, 1135, 1136, 1137, 1138, 1139
	1140, 1141, 1142, 1143, 1144, 1219
	1145, 1146, 1147, 1148, 1149, 1150
	1151, 1152, 1153, 1154, 1155, 1156, 1195
	1157, 1158, 1159, 1208
	1160, 1161, 1162, 1163, 1164, 1165
	1166, 1167, 1168, 1169, 1170, 1171
	1172, 1173, 1174, 1175, 1176, 1177
	1178, 1179, 1180, 1181, 1182, 1183
	1184, 1185, 1186, 1187, 1188, 1189
	1190, 1191, 1192, 1193, 1194, 1195
	1196, 1197, 1198, 1199, 1200, 1201, 1202, 1203
	1204, 1205, 1206, 1207, 1208
	1209, 1210, 1211, 1212, 1213
	1214, 1215, 1216, 1217
	1218, 1219, 1220, 1221, 1222, 1223
	1224, 1225, 1226, 1227, 1228, 1229
	1230, 1231, 1232, 1233, 1234, 1235
	1236, 1237, 1238, 1239, 1240, 1241, 1242, 1243
	1244, 1245, 1246, 1247, 1248, 1249
	1250, 1251, 1252, 1253, 1254
	1255, 1256, 1257, 1258, 1259, 1260, 1261
	1262, 1263, 1264, 1265, 1266
Seed Numbers: 422
	0
	1
	2
	3
	4
	5
	6
	7
	8
	9
	10
	11
	12
	13
	14
	15
	16
	17
	18
	19
	20
	21
	22
	23
	24
	25
	26
	27
	28
	29
	30
	31
	32
	33
	34
	35
	36
	37
	38
	39
	40
	41
	42
	43
	44
	45
	46
	47
	48
	49
	50
	51
	52
	53
	54
	55
	56
	57
	58
	59
	60
	61
	62
	63
	64
	65
	66
	67
	68
	69
	70
	71
	72
	73
	74
	75
	76
	77
	78
	79
	80
	81
	82
	83
	84
	85
	86
	87
	88
	89
	90
	91
	92
	93
	94
	95
	96
	97
	98
	99
	100
	101
	102
	103
	104
	105
	106
	107
	108
	109
	110
	111
	112
	113
	114
	115
	116
	117
	118
	119
	120
	121
	122
	123
	124
	125
	126
	127
	128
	129
	130
	131
	132
	133
	134
	135
	136
	137
	138
	139
	140
	141
	142
	143
	144
	145
	146
	147
	148
	149
	150
	151
	152
	153
	154
	155
	156
	157
	158
	159
	160
	161
	162
	163
	164
	165
	166
	167
	168
	169
	170
	171
	172
	173
	174
	175
	176
	177
	178
	179
	180
	181
	182
	183
	184
	185
	186
	187
	188
	189
	190
	191
	192
	193
	194
	195
	196
	197
	198
	199
	200
	201
	202
	203
	204
	205
	206
	207
	208
	209
	210
	211
	212
	213
	214
	215
	216
	217
	218
	219
	220
	221
	222
	223
	224
	225
	226
	227
	228
	229
	230
	231
	232
	233
	234
	235
	236
	237
	238
	239
	240
	241
	242
	243
	244
	245
	246
	247
	248
	249
	250
	251
	252
	253
	254
	255
	256
	257
	258
	259
	260
	261
	262
	263
	264
	265
	266
	267
	268
	269
	270
	271
	272
	273
	274
	275
	276
	277
	278
	279
	280
	281
	282
	283
	284
	285
	286
	287
	288
	289
	290
	291
	292
	293
	294
	295
	296
	297
	298
	299
	300
	301
	302
	303
	304
	305
	306
	307
	308
	309
	310
	311
	312
	313
	314
	315
	316
	317
	318
	319
	320
	321
	322
	323
	324
	325
	326
	327
	328
	329
	330
	331
	332
	333
	334
	335
	336
	337
	338
	339
	340
	341
	342
	343
	344
	345
	346
	347
	348
	349
	350
	351
	352
	353
	354
	355
	356
	357
	358
	359
	360
	361
	362
	363
	364
	365
	366
	367
	368
	369
	370
	371
	372
	373
	374
	375
	376
	377
	378
	379
	380
	381
	382
	383
	384
	385
	386
	387
	388
	389
	390
	391
	392
	393
	394
	395
	396
	397
	398
	399
	400
	401
	402
	403
	404
	405
	406
	407
	408
	409
	410
	411
	412
	413
	414
	415
	416
	417
	418
	419
	420
	421
Phase Numbers: 422
	2
	2
	1
	3
	2
	3
	2
	2
	0
	2
	2
	1
	3
	2
	0
	2
	0
	0
	2
	3
	3
	3
	2
	2
	2
	3
	1
	2
	3
	3
	3
	3
	3
	3
	2
	3
	2
	3
	0
	2
	2
	2
	2
	2
	3
	3
	1
	2
	0
	2
	0
	2
	0
	2
	2
	3
	1
	3
	2
	3
	2
	1
	2
	3
	2
	2
	3
	3
	2
	2
	3
	2
	3
	3
	3
	2
	3
	2
	3
	2
	1
	2
	0
	0
	2
	3
	2
	3
	2
	2
	2
	2
	3
	2
	2
	2
	0
	0
	1
	3
	0
	0
	3
	3
	0
	2
	2
	3
	2
	3
	1
	2
	1
	3
	2
	2
	2
	3
	2
	3
	3
	3
	2
	3
	3
	3
	1
	3
	2
	2
	2
	3
	2
	1
	3
	2
	2
	0
	2
	2
	0
	2
	3
	2
	2
	2
	2
	2
	3
	3
	2
	3
	0
	3
	3
	0
	2
	3
	2
	0
	2
	3
	2
	3
	2
	2
	3
	3
	3
	0
	3
	2
	3
	3
	3
	3
	3
	2
	3
	3
	3
	0
	3
	2
	0
	1
	2
	1
	2
	2
	3
	2
	0
	2
	1
	2
	0
	3
	3
	3
	3
	1
	2
	3
	3
	2
	2
	0
	3
	3
	3
	2
	3
	3
	2
	1
	3
	3
	3
	3
	3
	2
	2
	2
	3
	3
	2
	0
	2
	3
	2
	0
	3
	3
	3
	1
	1
	2
	3
	0
	3
	2
	1
	1
	3
	0
	2
	1
	3
	1
	3
	2
	3
	3
	1
	2
	3
	2
	3
	3
	3
	0
	3
	1
	2
	3
	2
	2
	3
	2
	3
	0
	3
	3
	2
	1
	2
	3
	1
	3
	3
	2
	3
	3
	2
	3
	1
	2
	1
	3
	2
	2
	3
	2
	3
	1
	0
	2
	2
	3
	2
	3
	2
	3
	3
	3
	1
	2
	3
	2
	3
	2
	3
	3
	3
	2
	3
	2
	2
	3
	2
	3
	3
	2
	3
	2
	3
	2
	2
	3
	2
	0
	3
	3
	3
	2
	2
	3
	0
	3
	1
	3
	3
	2
	2
	2
	2
	1
	2
	2
	3
	2
	2
	3
	0
	3
	1
	3
	3
	3
	2
	1
	3
	0
	3
	3
	3
	1
	3
	2
	2
	2
	2
	2
	2
	3
	3
	3
	3
	0
	2
	2
	2
	3
	3
	0
	2
	2
	1
	2
	1
	2
	3
	3
	2
	2
	1
	2
	2
	3
	3
	3
	0
	3
	3
	3
	3
	2
	2
	2
	3
	3
	2
	3
	0
	2
	1
	2
	3
	3
	2
	2
Volumes: 422
	0.0025573637123834283
	0.002362096564577951
	0.0017821131606092387
	0.0016047610466231558
	0.0034806165876918984
	0.0026763998419481825
	0.002643806810273733
	0.0023152078192307515
	0.00276627700678522
	0.002485831592978
	0.002092732816918509
	0.001800715202877127
	0.0021735015900905263
	0.0019145908866449028
	0.0029602105482932654
	0.002053581110072344
	0.0027644635156594067
	0.0018774564549174557
	0.0016622035027129044
	0.0016740146105200873
	0.002698428884382928
	0.002289560038393711
	0.0024683673756766733
	0.001861628776830043
	0.0021599613189360527
	0.0022145772051933572
	0.0024314272208922822
	0.00200135792621791
	0.002526754109911462
	0.0018956621675080931
	0.0020709357044537257
	0.0028009902584805544
	0.0018423439492175058
	0.002183092608593006
	0.003240970197630269
	0.002541909544625809
	0.002914781414164881
	0.0026485195627753166
	0.0027085302091356873
	0.002360503913107535
	0.0029553093301904537
	0.002724624639086225
	0.0028574427907987776
	0.0018104777088701809
	0.002528220275367486
	0.0024582253813062653
	0.0013507860483049842
	0.0026814494925669627
	0.003099050056057323
	0.002332673037810679
	0.002116314157157931
	0.002369668814918856
	0.0010320519716452193
	0.0017970739887790638
	0.0027389298115378284
	0.0027700707868918636
	0.002701022568521125
	0.0020910687916131186
	0.002373790330440818
	0.002316723948907395
	0.003021173442124124
	0.002595605537884258
	0.002383947112201493
	0.003316605481143097
	0.0025337578639085074
	0.002750171574264585
	0.0021827886562381365
	0.0026844906863139847
	0.0019837477977770676
	0.0028225355390573263
	0.0024100575767516718
	0.0018340981322617187
	0.0023165336335353205
	0.0028635598524277485
	0.0017278021446583112
	0.002449968254353632
	0.0021733914273139774
	0.0019524183802889499
	0.002404329187330045
	0.0015669071675713888
	0.0034478777699569006
	0.0022794262628885406
	0.0028971009618380707
	0.002624948391055637
	0.0027005687544281835
	0.002049402230959961
	0.002485292026833074
	0.0023504124693804066
	0.0021315499620617843
	0.0030930210870605554
	0.002288156953043189
	0.001962256647224167
	0.0027153365149486276
	0.0016462372947264527
	0.0018397294167507453
	0.00274404514754292
	0.001940145531430594
	0.0021124728909589514
	0.002900768940252839
	0.0019648477277691527
	0.002062808787877319
	0.002665152840833522
	0.002682156023102948
	0.0027312351931647137
	0.0021766556329714934
	0.002011099139120848
	0.0017919287052115336
	0.0018110287420212128
	0.0018246589263718673
	0.0023476780727742065
	0.0025752164995877435
	0.002422653887184406
	0.002933912984275546
	0.0022541486698138256
	0.0035572637431005014
	0.002757643137738516
	0.002588094421812153
	0.002002002398709861
	0.0027563396669915544
	0.0024581781048844346
	0.0025643522920120064
	0.0026108357462111473
	0.0030675609983039287
	0.004018081475511629
	0.0031441341327231908
	0.0013884838609232073
	0.0019036269876229455
	0.002572562434125144
	0.0011974896489216574
	0.002082540111544023
	0.002623012410851061
	0.002818222991737219
	0.00274542631132704
	0.0009119193621953956
	0.002037261631041955
	0.0028615312810283005
	0.003013105643836169
	0.0021181798679947277
	0.002280148869248691
	0.0025721373228561814
	0.002679700020229073
	0.0023012724213829485
	0.003085378607920631
	0.003537692594470175
	0.002680757506985431
	0.002052006376542423
	0.003412994267638683
	0.003413632953777161
	0.0031690337887455102
	0.002335334163185172
	0.0020808508115403163
	0.0022270072152632252
	0.0025862254339127514
	0.003223697380846916
	0.0014392113896628251
	0.0028984884416487205
	0.0020295267493368
	0.0018795270369423764
	0.002354875615878928
	0.0017252131509655863
	0.0035978265028748513
	0.002665803228241511
	0.0026566332824841873
	0.002739751572198342
	0.002058199242316164
	0.002918924235426892
	0.0026655624474681257
	0.002567484419983954
	0.003237716404542175
	0.0022153395003436686
	0.002191368539091354
	0.002355676218378803
	0.0028576034056385057
	0.002456721979786051
	0.0029093750798621647
	0.00284005839782517
	0.002034733922541957
	0.0016696297532350895
	0.0016488167964030338
	0.0033550051467765366
	0.0016213337860681327
	0.0018854000202592818
	0.0018839473266629991
	0.0018652317633215429
	0.0026138652226661042
	0.0024444657758412817
	0.0005339107756665373
	0.0033573616227466664
	0.0009334395934746587
	0.0030077550462705074
	0.0017425783420397557
	0.002511173196221078
	0.0028241807587947193
	0.0016365455240576615
	0.002894649294577903
	0.0030669036341765587
	0.0017816330534441756
	0.00274870941011671
	0.0024199257003052095
	0.0015260754425656048
	0.0028456690332605426
	0.0025424657263227136
	0.0027963639965845775
	0.0017375266666400124
	0.0020835917360956914
	0.0029302312524093752
	0.0026133191697057653
	0.0026453013495583537
	0.0026343015395696914
	0.001945034105468622
	0.002497906014315832
	0.0020776467000678035
	0.0025897505281753156
	0.0028356183248701154
	0.0012323121528284473
	0.001050443169512604
	0.003289166553112646
	0.002984829336542475
	0.0016516568163863245
	0.002002330057045667
	0.0027864498701392977
	0.0020490342120405257
	0.0018967015816288525
	0.002141036831877321
	0.0024165054314161803
	0.0027230372109692995
	0.0008944843878288284
	0.002733943369033237
	0.0016746029984103911
	0.002444892030296551
	0.0025121306956402685
	0.002592280340386999
	0.0025146436763038957
	0.0027737752833970728
	0.002192527633770098
	0.0020765089703882714
	0.0024140687206705234
	0.002264755074926737
	0.0031079764224817585
	0.0032840638364234403
	0.0015666961743892576
	0.003782498748984899
	0.0018373440447113205
	0.002346536559550999
	0.00229030860615369
	0.0018186672425749254
	0.0016993335220627814
	0.002605350895960517
	0.0025507281337550296
	0.003164403415325719
	0.0019991584828994427
	0.0032674002784641083
	0.0029138670695817237
	0.0019459150509574463
	0.0023312183395374827
	0.0022795150284072247
	0.0029206944071816375
	0.0011888328096865092
	0.0028565869542376055
	0.003007121537223546
	0.0020438293760342233
	0.0018211496075943763
	0.002200936292967237
	0.002111327593570871
	0.0019213868293458287
	0.002128933912722868
	0.0029164655547734533
	0.0025240961589206344
	0.001548496934446475
	0.0019483061121090847
	0.00258423800169599
	0.0019028520061149007
	0.0010941362508411993
	0.002301084005069235
	0.0022865013081334352
	0.002765892666971115
	0.002312822975113012
	0.00165938358415616
	0.001816028158014919
	0.002212796518151336
	0.0026579426340925484
	0.0025782130803083314
	0.002323797341215113
	0.002283866345288686
	0.0035943221325296787
	0.0023894481390168807
	0.0018084433089060883
	0.0034282585641711013
	0.0015992734475797966
	0.0026328207187319053
	0.0030143365245647548
	0.002314353738177257
	0.0022277643418572267
	0.0009873816740089577
	0.0023367372852855952
	0.0021152364792660803
	0.0029025674127238334
	0.0020295864544380465
	0.001856766348816907
	0.0024101999701998337
	0.002483120373663205
	0.0022231194435516325
	0.0026264464617700473
	0.0029623766766155813
	0.002436111018394319
	0.0019682998138741614
	0.002686265931526141
	0.0020996489552079813
	0.00281244594102407
	0.002602303215246916
	0.0023357901456659445
	0.001951317298254574
	0.0024548593360493552
	0.0029025353152531933
	0.0019449220640103595
	0.002158050351908119
	0.002053942309156789
	0.0027182607836411907
	0.0022151525933872427
	0.0023371453651184143
	0.002311289956271115
	0.003546922437530722
	0.0016781512008044006
	0.0032136809537763643
	0.0025239857018175037
	0.003022923288789597
	0.0035822333277277423
	0.0024979744834786395
	0.0024802104130566558
	0.002748177126737055
	0.002303097840673564
	0.002364088789820485
	0.0029200672204497038
	0.002309300457977546
	0.001421719441004892
	0.001738882914976566
	0.002096887103052661
	0.0026779910862995858
	0.0027184654418312207
	0.001997415141841454
	0.0019024498028140104
	0.001560942837905547
	0.001969105916180072
	0.001893146711881515
	0.0033636878527907093
	0.003119117885779515
	0.0019306025810712315
	0.002340034578771195
	0.002507163961660626
	0.002538336515578716
	0.002011595646477021
	0.0031824698996581057
	0.0011733896676053065
	0.0024472373140755396
	0.0010803601853540032
	0.003003579271044987
	0.00212452801770044
	0.002230932677581528
	0.0024048706665208636
	0.0032970392325558174
	0.0009918261335481664
	0.002746375758407869
	0.002444949988700051
	0.003161767680324561
	0.0021414048318794034
	0.0025777112449174287
	0.0021698796345165196
	0.0023704879141326868
	0.0029565236959946065
	0.0025387472540821096
	0.00292976970030497
	0.002598932790587474
	0.0017065518006353514
	0.0024202366669542055
	0.0026571174622609514
	0.0028733873589436546
	0.002452564595458775
	0.0011943893120511312
	0.0032262807527572036
	0.0025575131159718337
	0.0030099601631701192
	0.0029014041875205497
	0.0022456558994757413
	0.0017325041164534516
	0.0018903023408250608
	0.0026988358144818003
	0.002892157485624594
	0.0019294780922887993
	0.001690457070153326
	0.0018055392738172056
	0.0030143960451354136
	0.0021409289205001287
	0.0014612350696492694
	0.00285617947491946
	0.0022939536120617204
	0.0022334019521519505
	0.001617593981420147
	0.00264557031871766
	0.0027941412334844995
	0.0028627569073572862
	0.002222517017169201
	0.002585681642975861
	0.0026822994036081503
	0.0009853600397303824
	0.002047228731149003
	0.0024772776424592012
	0.0022653098543376025
	0.002147583812232655
	0.002055379513853703
	0.0022141268434417304
	0.0032373869363418704
	0.0018150543560924094
	0.0013194576107492155
	0.0011453342295471669
	0.0019012762590029872
	0.0019756331497502574
	0.0021833806934120825
	0.0031391210270564685
	0.001843005132918573
	0.002640267748015104
	0.0025262374360348464
	0.0027540850518092985
