Mesh Points: 846
	 1.310854e-01,  2.964563e-01
	 1.365088e-01,  3.145314e-01
	 8.616307e-02,  2.744762e-01
	 1.051290e-01,  3.504156e-01
	 6.068391e-02,  3.135692e-01
	 7.917067e-02,  2.768482e-01
	-6.207091e-02,  3.692973e-01
	-9.906526e-02,  4.053219e-01
	-9.810919e-02,  3.414264e-01
	-1.266753e-01,  3.602754e-01
	-1.133585e-01,  3.425027e-01
	-7.588204e-02,  3.123242e-01
	-5.510154e-02,  3.687820e-01
	-3.015248e-02,  3.277271e-01
	-4.415404e-01, -3.059681e-02
	-4.200641e-01, -1.930524e-02
	-4.563085e-01, -6.684490e-02
	-3.958524e-01, -6.573833e-02
	-4.154786e-01, -8.143034e-02
	-4.540088e-01, -7.028400e-02
	 3.676065e-01, -1.163108e-01
	 3.484452e-01, -1.664405e-01
	 3.162714e-01, -1.542184e-01
	 3.493990e-01, -1.013825e-01
	 3.259417e-01, -1.040062e-01
	 3.089486e-01, -1.361938e-01
	-2.965853e-01, -7.062422e-02
	-2.854687e-01, -3.656314e-02
	-3.256575e-01, -7.932240e-02
	-3.545756e-01, -2.781860e-02
	-3.482400e-01, -2.233473e-02
	-3.591404e-01, -5.086987e-02
	-3.000867e-01, -2.195821e-02
	 1.651775e-01, -1.140646e-01
	 1.524032e-01, -1.155032e-01
	 1.265134e-01, -1.020065e-01
	 1.229965e-01, -6.999689e-02
	 1.184703e-01, -8.176336e-02
	 1.592926e-01, -5.416215e-02
	 1.844281e-01, -6.823768e-02
	 1.812399e-01, -9.923459e-02
	 2.106010e-01,  4.663817e-01
	 1.848766e-01,  4.327017e-01
	 2.482489e-01,  4.584875e-01
	 2.441852e-01,  4.205819e-01
	 2.075802e-01,  4.058039e-01
	-1.767955e-01, -2.681948e-01
	-1.712637e-01, -2.524825e-01
	-1.520558e-01, -2.972326e-01
	-1.377567e-01, -2.347692e-01
	-9.959796e-02, -2.575536e-01
	-1.155900e-01, -2.860014e-01
	 2.076919e-01, -5.223410e-02
	 2.311235e-01, -5.778282e-02
	 2.426743e-01, -8.477650e-02
	 2.159968e-01, -1.085402e-01
	-1.597134e-01,  1.593283e-01
	-1.828795e-01,  1.184712e-01
	-1.662425e-01,  1.738229e-01
	-2.195294e-01,  1.659696e-01
	-1.949597e-01,  1.849629e-01
	-2.095722e-01,  1.219793e-01
	-4.649839e-01,  3.101610e-01
	-5.000000e-01,  3.135007e-01
	-4.735743e-01,  2.750364e-01
	-5.000000e-01,  2.653210e-01
	 1.983004e-01,  5.000000e-01
	 1.733941e-01,  5.000000e-01
	 1.481767e-01,  4.611147e-01
	 1.599207e-01,  4.353119e-01
	-1.485284e-01, -5.000000e-01
	-1.397443e-01, -4.674763e-01
	-2.064362e-01, -5.000000e-01
	-2.063756e-01, -4.957896e-01
	-1.592756e-01, -4.548719e-01
	-1.421573e-01, -4.603499e-01
	-4.703085e-01, -1.312250e-01
	-4.551579e-01, -1.241677e-01
	-5.000000e-01, -1.208645e-01
	-5.000000e-01, -6.351261e-02
	-4.654242e-01, -3.800266e-01
	-4.823819e-01, -3.553724e-01
	-4.768016e-01, -4.104524e-01
	-5.000000e-01, -3.553824e-01
	-5.000000e-01, -4.089454e-01
	 2.457734e-01, -2.756861e-01
	 2.335621e-01, -2.834306e-01
	 1.899785e-01, -2.728992e-01
	 2.405552e-01, -2.185960e-01
	 2.527835e-01, -2.362330e-01
	 1.974470e-01, -2.318739e-01
	 1.870748e-01, -2.480140e-01
	-3.040817e-01,  8.319007e-02
	-3.265577e-01,  1.162449e-01
	-3.067134e-01,  7.620250e-02
	-3.573220e-01,  1.106444e-01
	-3.561710e-01,  1.130747e-01
	-3.448939e-01,  6.216495e-02
	-4.414675e-01,  2.495527e-02
	-4.314524e-01,  4.751525e-02
	-4.739497e-01,  2.443000e-02
	-4.414254e-01,  6.360511e-02
	-4.788536e-01,  6.069666e-02
	-4.761595e-01,  6.396925e-02
	 4.173184e-01, -3.684478e-01
	 4.270241e-01, -3.938156e-01
	 4.383531e-01, -3.470257e-01
	 4.504531e-01, -3.484763e-01
	 4.648108e-01, -3.699123e-01
	 4.567689e-01, -3.899949e-01
	-2.614793e-01,  3.032069e-01
	-2.728316e-01,  2.742290e-01
	-2.856854e-01,  3.326258e-01
	-3.248511e-01,  3.051568e-01
	-3.041773e-01,  3.335977e-01
	-3.122331e-01,  2.777793e-01
	 1.373961e-01,  5.525118e-02
	 1.384545e-01,  2.874192e-02
	 1.162200e-01,  4.470993e-03
	 9.667092e-02,  7.214070e-02
	 1.076679e-01,  7.275950e-02
	 8.377353e-02,  2.181625e-02
	-1.007988e-01, -1.400321e-01
	-8.151745e-02, -1.098541e-01
	-1.051036e-01, -1.400340e-01
	-1.286037e-01, -7.214832e-02
	-8.768375e-02, -8.470143e-02
	-1.367400e-01, -1.156687e-01
	 7.215742e-02,  3.899163e-01
	 8.172456e-02,  3.898486e-01
	 3.632689e-02,  4.183638e-01
	 3.135629e-02,  4.443833e-01
	 3.999354e-02,  4.569906e-01
	 6.440088e-02,  4.666731e-01
	 8.634750e-02,  4.610472e-01
	 9.495671e-02,  4.116907e-01
	 5.078538e-02,  3.167753e-01
	 2.814528e-02,  3.511787e-01
	 1.047086e-01,  3.592707e-01
	-2.481457e-02,  4.698264e-01
	-1.298430e-03,  4.441888e-01
	-2.560613e-02,  4.042898e-01
	-5.113119e-02,  4.625799e-01
	-5.523993e-02,  4.274900e-01
	-3.044652e-02,  4.034083e-01
	 5.000000e-01,  4.546138e-01
	 4.418204e-01,  4.584588e-01
	 5.000000e-01,  5.000000e-01
	 4.409545e-01,  5.000000e-01
	 2.257446e-01,  9.419331e-02
	 2.471973e-01,  9.316624e-02
	 2.002181e-01,  1.379836e-01
	 2.323537e-01,  1.540110e-01
	 2.632218e-01,  1.149314e-01
	-1.077628e-01,  1.064081e-01
	-1.266139e-01,  1.194353e-01
	-9.507525e-02,  1.060908e-01
	-9.958637e-02,  1.745322e-01
	-7.980513e-02,  1.613457e-01
	-1.350551e-01,  1.478894e-01
	-3.234526e-01, -1.750795e-01
	-3.310126e-01, -2.152599e-01
	-3.504153e-01, -2.286502e-01
	-3.829727e-01, -2.067757e-01
	-3.853853e-01, -1.786434e-01
	-3.631085e-01, -1.619577e-01
	 1.856135e-01, -3.912445e-01
	 1.785997e-01, -3.626152e-01
	 1.747677e-01, -4.080681e-01
	 1.457809e-01, -3.601733e-01
	 1.233846e-01, -3.865830e-01
	 1.477006e-01, -4.094013e-01
	-4.611193e-01,  1.924321e-01
	-5.000000e-01,  1.672034e-01
	-4.675980e-01,  2.172763e-01
	-5.000000e-01,  2.276290e-01
	-1.044481e-01, -3.350442e-01
	-1.446097e-01, -3.445760e-01
	-9.632945e-02, -3.186430e-01
	-1.577155e-01, -3.280429e-01
	-1.496576e-01, -3.418369e-01
	-1.638548e-01,  1.926154e-02
	-1.735707e-01, -2.583616e-02
	-1.245338e-01,  8.930515e-03
	-1.315920e-01, -3.307783e-02
	-4.483564e-01,  2.379113e-01
	-4.493100e-01,  2.544596e-01
	-1.978030e-01, -2.727333e-01
	-2.360564e-01, -2.398930e-01
	-2.364302e-01, -2.268288e-01
	-2.006531e-01, -2.045977e-01
	-1.859142e-01, -2.119480e-01
	 3.575879e-01, -2.553606e-01
	 3.737374e-01, -2.784067e-01
	 3.637852e-01, -3.101063e-01
	 3.032134e-01, -2.723069e-01
	 3.064632e-01, -2.616984e-01
	 3.188967e-01, -3.069943e-01
	 5.000000e-01,  2.906654e-01
	 4.572354e-01,  2.663711e-01
	 5.000000e-01,  3.247791e-01
	 4.459245e-01,  3.302742e-01
	 4.271197e-01,  2.906902e-01
	 4.552916e-01, -3.134215e-02
	 4.158637e-01, -4.386709e-02
	 4.574114e-01, -7.048528e-03
	 3.950056e-01, -2.016444e-02
	 4.037515e-01,  3.736013e-03
	 4.374765e-01,  1.306468e-02
	-1.800475e-01, -4.262972e-01
	-2.179685e-01, -4.358475e-01
	-1.756825e-01, -4.028304e-01
	-2.124186e-01, -3.757895e-01
	-1.863928e-01, -3.855244e-01
	-2.311187e-01, -3.814178e-01
	-2.375171e-01, -4.103849e-01
	-2.907892e-01, -5.000000e-01
	-2.647060e-01, -4.593416e-01
	-2.275882e-01, -4.607494e-01
	-3.496539e-01,  3.394906e-02
	-3.001090e-01,  2.410378e-02
	-4.643229e-01,  1.146788e-01
	-4.817677e-01,  9.995605e-02
	-4.684195e-01,  1.424489e-01
	-5.000000e-01,  1.587814e-01
	-5.000000e-01,  1.037867e-01
	 3.070794e-01, -3.235949e-01
	 2.788622e-01, -3.200791e-01
	 2.750696e-01, -2.902379e-01
	 2.502433e-01,  3.080943e-01
	 2.475646e-01,  2.930075e-01
	 2.287436e-01,  3.360860e-01
	 1.926667e-01,  3.064709e-01
	 2.081775e-01,  3.330211e-01
	 2.058314e-01,  2.682201e-01
	 1.101318e-01,  1.391594e-01
	 9.235096e-02,  1.370236e-01
	 1.295524e-01,  1.700599e-01
	 9.386352e-02,  1.884050e-01
	 1.280627e-01,  1.768847e-01
	 7.232385e-02,  1.565277e-01
	-2.122713e-01, -1.225831e-02
	-2.466202e-01, -1.548545e-02
	-2.013705e-01,  2.780432e-02
	-2.505044e-01,  2.484417e-02
	-2.083870e-01,  3.483932e-02
	-2.013731e-01, -3.295282e-01
	-2.251788e-01, -3.055809e-01
	-2.603766e-01, -3.275626e-01
	-2.266298e-01, -3.055865e-01
	-2.683784e-01, -3.521502e-01
	-2.674274e-01, -3.550428e-01
	 6.104058e-02,  1.570284e-01
	 3.812652e-02,  1.851206e-01
	 5.282273e-02,  2.147834e-01
	 8.525536e-02,  2.103647e-01
	 5.000000e-01,  4.280175e-01
	 4.483351e-01,  3.974353e-01
	 4.387352e-01,  4.555665e-01
	-3.903239e-02, -1.716662e-01
	-4.812714e-02, -1.519632e-01
	-8.119052e-03, -1.686791e-01
	-3.679944e-02, -1.211497e-01
	 5.588837e-03, -1.398687e-01
	-5.149132e-02,  2.534587e-01
	-9.117595e-02,  2.750299e-01
	-3.532813e-02,  2.619459e-01
	-2.780608e-02,  3.265128e-01
	-1.769823e-02,  2.939330e-01
	-9.149658e-02,  2.758595e-01
	 4.207536e-01, -3.269200e-01
	 3.886375e-01, -3.330895e-01
	 3.910026e-01, -3.611540e-01
	 3.865591e-02, -1.629101e-01
	 3.091469e-02, -1.911904e-01
	 1.885008e-02, -1.979453e-01
	 1.796203e-02, -1.357147e-01
	 3.095760e-01,  5.000000e-01
	 3.077224e-01,  4.856584e-01
	 2.530610e-01,  5.000000e-01
	 2.604429e-01,  4.668000e-01
	 2.689826e-01,  4.649555e-01
	 3.268261e-01,  1.517736e-01
	 3.383722e-01,  1.873384e-01
	 2.932231e-01,  1.509464e-01
	 2.804482e-01,  2.089828e-01
	 2.651401e-01,  1.860029e-01
	 7.828048e-02,  8.357304e-02
	 7.460572e-02,  9.104557e-02
	 1.343894e-01,  1.098771e-01
	-3.587920e-01,  1.779668e-01
	-3.604556e-01,  1.768732e-01
	-3.520403e-01,  2.058335e-01
	-3.674184e-01,  2.325041e-01
	-3.968643e-01,  2.337246e-01
	-4.116576e-01,  2.165337e-01
	-4.129231e-01,  1.957729e-01
	 1.839143e-02,  2.877939e-01
	 1.812116e-02,  3.536666e-01
	-1.651596e-01,  5.000000e-01
	-1.630308e-01,  4.755258e-01
	-2.153677e-01,  5.000000e-01
	-2.195539e-01,  4.687816e-01
	-2.192058e-01,  4.682239e-01
	 3.664562e-02,  2.415754e-01
	 3.967576e-02,  2.507845e-01
	 1.057996e-01,  2.356790e-01
	-1.879795e-01, -3.519218e-02
	-1.674636e-01,  2.361519e-02
	-4.017200e-01,  8.985094e-02
	-4.220317e-01,  1.015238e-01
	-3.704313e-01,  1.396618e-01
	-4.126559e-01,  1.337719e-01
	-4.227242e-01,  1.030372e-01
	 3.589023e-01, -2.435604e-01
	 3.933406e-01, -2.183464e-01
	 3.323894e-01, -2.103871e-01
	 3.514138e-01, -1.707771e-01
	 3.911013e-01, -1.791603e-01
	 3.985944e-01, -1.907117e-01
	-2.916774e-01, -4.206618e-01
	-3.318391e-01, -4.418734e-01
	-2.964658e-01, -3.959244e-01
	-3.418177e-01, -3.772029e-01
	-3.494168e-01, -3.849194e-01
	-3.472727e-01, -3.804401e-01
	-8.320491e-02, -2.032221e-01
	-1.402458e-01, -1.971056e-01
	-8.914296e-02, -1.513993e-01
	-1.407491e-01, -1.966043e-01
	-1.432125e-01, -1.752056e-01
	 5.920806e-02, -4.179852e-02
	 6.849991e-02, -7.644580e-02
	 6.266536e-02, -3.820395e-02
	 1.098361e-01, -3.051265e-02
	 4.440661e-01,  1.620212e-01
	 4.330725e-01,  1.833434e-01
	 4.028004e-01,  1.212936e-01
	 4.005506e-01,  1.980082e-01
	 3.818202e-01,  1.847646e-01
	 3.860320e-01,  1.266936e-01
	 3.848835e-01,  1.283328e-01
	 4.164996e-01, -2.451935e-01
	 3.980024e-01, -2.733040e-01
	-1.845598e-01, -7.393609e-02
	-1.923304e-01, -6.280524e-02
	-1.286273e-01, -7.211111e-02
	-1.246641e-01, -4.340779e-02
	-2.886328e-01,  3.537797e-02
	-2.705253e-01,  9.619479e-02
	-2.536144e-01,  7.707399e-02
	-2.681024e-01,  3.723876e-02
	-4.020298e-01,  4.546978e-01
	-4.215369e-01,  4.552138e-01
	-4.382445e-01,  5.000000e-01
	-3.885049e-01,  5.000000e-01
	 2.955573e-01, -3.777724e-01
	 3.199291e-01, -3.492199e-01
	 3.368647e-01, -3.507696e-01
	 3.619343e-01, -3.874500e-01
	 3.610635e-01, -3.929454e-01
	 3.167586e-01, -4.100479e-01
	-3.171030e-01,  3.824200e-01
	-2.742463e-01,  3.918277e-01
	-3.331737e-01,  4.270987e-01
	-2.852529e-01,  4.433375e-01
	-2.785154e-01,  4.366201e-01
	 1.048735e-01, -2.878734e-01
	 8.814581e-02, -2.891954e-01
	 1.231870e-01, -2.672557e-01
	 6.144875e-02, -2.478087e-01
	 7.727369e-02, -2.296825e-01
	 6.077548e-02, -2.599593e-01
	 1.236674e-01, -2.564543e-01
	-2.222018e-01, -1.236183e-01
	-1.872714e-01, -1.200391e-01
	-2.473741e-01, -1.548563e-01
	-2.032847e-01, -1.795163e-01
	-1.764688e-01, -1.474600e-01
	-1.783542e-01, -1.292174e-01
	 3.576773e-01, -5.456395e-02
	 3.569439e-01, -5.335321e-02
	 3.706089e-01, -2.529821e-02
	 4.026715e-01, -7.309671e-02
	 4.057862e-01, -7.164951e-02
	 2.961475e-01,  4.193172e-01
	 3.385786e-01,  4.545193e-01
	 3.002795e-01,  4.180058e-01
	-3.839729e-01, -4.374810e-01
	-3.833956e-01, -4.043765e-01
	-3.331778e-01, -4.443556e-01
	-3.407506e-01, -4.475492e-01
	-1.562443e-01,  2.956084e-01
	-1.737248e-01,  3.117319e-01
	-1.695261e-01,  2.478630e-01
	-2.207551e-01,  3.124039e-01
	-2.194245e-01,  3.137968e-01
	-2.161626e-01,  2.585261e-01
	-2.654323e-01,  1.317346e-01
	-2.640033e-01,  1.286990e-01
	-3.029941e-01,  1.466224e-01
	-8.083560e-02, -2.054163e-01
	-5.035848e-02, -1.975807e-01
	-1.977977e-02, -2.261957e-01
	-3.834557e-02, -2.543481e-01
	-7.991650e-02, -2.570882e-01
	-8.834161e-02, -2.526811e-01
	 3.644977e-01, -3.126338e-01
	 4.294035e-01, -2.940396e-01
	 5.000000e-01, -4.659336e-01
	 4.626347e-01, -4.573334e-01
	 5.000000e-01, -4.135207e-01
	 4.728211e-01, -4.212563e-01
	 4.588357e-01, -4.509012e-01
	-3.820750e-01, -6.743494e-02
	-4.085283e-01, -9.902025e-03
	-4.168514e-01, -1.354768e-02
	-2.895783e-01,  1.994640e-01
	-3.093270e-01,  1.645929e-01
	-3.083810e-01,  2.238527e-01
	-3.000645e-01,  2.205293e-01
	-2.231361e-01,  4.392522e-01
	-2.120573e-01,  4.217440e-01
	-2.479468e-01,  3.752245e-01
	-2.570896e-01,  3.755655e-01
	 3.441048e-01,  1.912877e-01
	 3.266663e-01,  2.476663e-01
	 2.803915e-01,  2.222191e-01
	 3.431790e-01,  2.405775e-01
	-3.768555e-02, -1.183738e-01
	-6.472756e-02, -5.994003e-02
	-4.696556e-02, -5.710198e-02
	-2.588703e-02, -8.483774e-02
	-6.641123e-02,  4.739429e-01
	-9.261525e-02,  4.701817e-01
	-1.099504e-01,  4.862199e-01
	-1.094186e-01,  5.000000e-01
	-6.181821e-02,  5.000000e-01
	 1.587299e-01, -2.146341e-02
	 1.875183e-01, -8.350420e-04
	 4.501682e-01, -4.490414e-01
	 4.153085e-01, -4.152806e-01
	 4.113281e-01,  2.899582e-01
	 4.056627e-01,  3.466985e-01
	 4.329523e-01,  3.501341e-01
	 3.945809e-01,  3.324526e-01
	 2.917539e-01,  3.556558e-01
	 3.135555e-01,  3.971550e-01
	 3.453532e-01,  3.368263e-01
	 3.448310e-01,  3.894693e-01
	 3.533053e-01,  3.725575e-01
	 3.139707e-01, -2.145718e-01
	 2.860526e-01, -1.798972e-01
	 2.639323e-01, -3.341834e-01
	 2.701077e-01, -3.754010e-01
	 2.660915e-01, -3.711482e-01
	-4.773451e-01, -4.568817e-01
	-5.000000e-01, -4.647640e-01
	-4.685387e-01, -4.218739e-01
	-2.971246e-01, -5.000000e-01
	-3.665725e-01, -5.000000e-01
	 3.101928e-01, -4.270152e-01
	 2.568650e-01, -4.174593e-01
	 2.622586e-01, -4.233612e-01
	-3.630704e-01, -1.173676e-01
	-3.635406e-01, -1.179939e-01
	-4.169698e-01, -1.224220e-01
	 8.532433e-02, -1.460180e-01
	 5.036763e-02, -1.040142e-01
	 3.287337e-02, -1.073776e-01
	-1.577102e-01,  4.695248e-01
	-1.905412e-01,  4.143635e-01
	-1.530159e-01,  4.293190e-01
	-1.586046e-01,  4.236894e-01
	-2.681662e-01,  2.626833e-01
	-2.341636e-01,  2.462509e-01
	-3.391947e-01, -1.092325e-01
	-3.109778e-01, -1.252612e-01
	-2.778437e-01, -1.031213e-01
	-2.773363e-01, -1.014733e-01
	 1.621693e-01,  1.092365e-01
	 1.841798e-01,  1.401747e-01
	 1.709287e-01,  7.264416e-02
	 1.939312e-01,  6.068760e-02
	-3.284676e-01,  3.619623e-01
	-3.600547e-01,  3.586208e-01
	-3.605796e-01,  3.098481e-01
	 4.594560e-01,  1.561321e-01
	 5.000000e-01,  1.825399e-01
	 4.666091e-01,  2.244802e-01
	 5.000000e-01,  2.106596e-01
	 4.717031e-01, -3.216480e-01
	 4.564075e-01, -2.839413e-01
	-2.481998e-01, -9.418853e-02
	-2.541097e-01, -1.540535e-01
	-2.505670e-01, -1.556014e-01
	 2.838498e-01,  3.241471e-01
	 2.888177e-01,  3.543474e-01
	 2.453738e-01,  3.668997e-01
	 2.541151e-01,  3.700740e-01
	 2.474230e-02,  1.208606e-01
	-2.192816e-02,  1.022658e-01
	-3.655766e-02,  1.164493e-01
	-3.468776e-02,  1.408233e-01
	 3.434167e-04,  1.551082e-01
	 1.538124e-01,  3.202478e-01
	 1.500113e-01,  3.840817e-01
	 1.791568e-01,  3.659513e-01
	 1.798361e-01,  3.606574e-01
	-4.579339e-01, -2.673865e-01
	-4.152827e-01, -2.419886e-01
	-3.854109e-01, -2.762543e-01
	-4.067893e-01, -3.032548e-01
	-4.585301e-01, -2.843377e-01
	-4.332285e-01,  1.780308e-01
	 2.040497e-01,  2.631962e-01
	 2.182686e-01,  2.427964e-01
	 2.776135e-01,  2.696617e-01
	 2.728897e-01,  2.333258e-01
	 3.221309e-02,  1.090364e-01
	 2.504071e-02,  1.207398e-01
	 4.486525e-01,  3.875075e-01
	 3.876851e-01,  3.747422e-01
	 4.026708e-01,  4.036146e-01
	 4.469766e-01,  3.946744e-01
	 2.070885e-01,  3.952275e-01
	 1.470337e-01,  4.176298e-01
	-4.185161e-01, -3.530676e-01
	-4.224063e-01, -3.658148e-01
	-4.629267e-01, -3.288358e-01
	 1.091297e-01,  4.747617e-01
	 1.105915e-01,  5.000000e-01
	-3.637550e-01,  3.612300e-01
	-3.338499e-01,  4.273072e-01
	-3.757756e-01,  3.932239e-01
	 1.171688e-01,  2.343212e-01
	 1.426668e-01,  1.994408e-01
	-3.972860e-02,  6.569043e-02
	-2.426079e-02,  7.317542e-02
	-8.048027e-02,  9.766768e-02
	-3.404610e-01,  5.000000e-01
	-3.527491e-01,  4.505505e-01
	-3.900555e-01,  4.461513e-01
	 2.192309e-01, -3.940068e-01
	 2.345339e-01, -3.707260e-01
	 2.334395e-01, -4.161361e-01
	 3.471932e-01,  3.316713e-01
	 2.977386e-01, -2.444626e-01
	 2.714675e-01, -1.791976e-01
	 2.417523e-01, -2.120254e-01
	 7.120499e-03,  5.844640e-02
	 2.007785e-02,  6.499111e-02
	-1.329944e-01,  6.693868e-02
	-1.534375e-01,  6.424807e-02
	-1.733683e-01,  8.485472e-02
	-1.726543e-01,  1.059283e-01
	-1.333428e-02,  5.000000e-01
	 3.453708e-01,  2.066539e-02
	 3.065206e-01, -6.886395e-03
	 2.830156e-01,  2.533988e-02
	 2.986093e-01,  5.921245e-02
	 3.029103e-01,  6.115205e-02
	-1.313166e-01,  3.011658e-01
	-1.672391e-01,  3.569172e-01
	-1.482073e-01,  3.657780e-01
	-2.923461e-01, -2.745933e-01
	-2.931936e-01, -2.736188e-01
	-2.937708e-01, -2.243911e-01
	-2.542874e-01, -2.669905e-01
	-2.621513e-01, -2.089599e-01
	-2.781782e-01, -2.103782e-01
	-3.942656e-01,  5.174977e-02
	 1.384649e-01, -5.000000e-01
	 1.315075e-01, -4.626347e-01
	 6.756395e-02, -5.000000e-01
	 1.268328e-01, -4.585859e-01
	 1.129063e-01, -4.558497e-01
	 7.312439e-02, -4.725639e-01
	 6.852061e-03, -2.255128e-01
	 4.042101e-01,  2.840987e-01
	 3.418580e-01,  3.139666e-01
	 3.687663e-01,  2.828129e-01
	-6.713974e-02, -3.718419e-01
	-3.863051e-02, -3.908620e-01
	-4.588144e-02, -4.261429e-01
	-9.292168e-02, -3.920729e-01
	-7.458205e-02, -3.730171e-01
	-8.093125e-02, -4.258233e-01
	 4.110178e-01, -1.378234e-01
	 3.870536e-01, -1.145987e-01
	 4.268865e-01, -1.353245e-01
	 4.479240e-01, -9.234612e-02
	 4.488250e-01, -9.603852e-02
	-3.250056e-02, -5.000000e-01
	-4.359919e-02, -4.687165e-01
	-9.714962e-02, -5.000000e-01
	-7.650370e-02, -4.703240e-01
	-9.728630e-02, -4.968665e-01
	 2.142806e-01,  2.053460e-01
	 1.798750e-01,  1.957050e-01
	 1.780502e-01,  2.532356e-01
	 1.686461e-01,  2.044409e-01
	-4.600114e-01,  4.309347e-01
	-5.000000e-01,  4.208699e-01
	-4.832732e-01,  4.697011e-01
	-5.000000e-01,  4.684428e-01
	-5.399519e-02, -3.125035e-01
	-5.302863e-02, -3.051235e-01
	-2.349547e-01, -6.715941e-02
	 4.392035e-01,  4.161622e-02
	 3.716165e-01,  3.659797e-02
	 3.762462e-01,  4.663344e-02
	 4.024599e-01,  5.891559e-02
	 2.122971e-01, -3.328616e-01
	 1.974933e-01, -3.326182e-01
	-2.926477e-01, -2.841223e-01
	-4.900551e-01,  3.719138e-01
	-4.512998e-01,  4.122918e-01
	-5.000000e-01,  3.725431e-01
	-4.547183e-01,  4.283917e-01
	-4.090663e-01,  2.790951e-01
	-4.045414e-01,  2.928543e-01
	-4.628704e-01,  3.118965e-01
	-4.070117e-01,  2.957842e-01
	 9.568839e-02, -3.505968e-01
	 1.194245e-01, -3.864639e-01
	 9.488419e-02, -4.100583e-01
	 4.790222e-02, -3.660812e-01
	 8.021644e-02, -3.478847e-01
	 4.357897e-02, -3.746892e-01
	 6.944758e-02, -4.086546e-01
	 1.253474e-01, -3.283044e-01
	 1.296726e-01, -3.291981e-01
	-1.074862e-01,  4.216706e-01
	 4.019184e-01,  2.271732e-01
	 3.548260e-01,  2.457651e-01
	 3.974129e-01,  2.334913e-01
	 3.784878e-01,  4.821812e-01
	 3.466054e-01,  4.541091e-01
	 4.081576e-01,  4.526495e-01
	 3.643064e-01,  4.193311e-01
	 3.931843e-01,  4.179385e-01
	-2.583207e-01,  4.817547e-01
	-2.635694e-01,  5.000000e-01
	 7.823878e-02, -2.123416e-01
	 1.017916e-01, -1.862228e-01
	 1.039197e-01, -1.713541e-01
	 8.780483e-02, -1.468898e-01
	-9.384334e-02,  4.188049e-02
	-5.368397e-02,  3.453877e-02
	-8.473564e-02,  9.814472e-02
	 6.730688e-03, -8.185076e-02
	 5.000000e-01, -1.973757e-01
	 4.746064e-01, -2.052158e-01
	 5.000000e-01, -1.375297e-01
	 4.573878e-01, -1.598363e-01
	 4.533343e-01, -1.958672e-01
	-2.623346e-01, -3.324584e-02
	-2.848374e-01,  4.516271e-01
	-3.157293e-01,  5.000000e-01
	-1.020650e-01,  3.741489e-02
	-1.127457e-01,  1.476602e-02
	 4.159579e-01,  1.041021e-01
	 4.585379e-01,  9.589357e-02
	 4.652853e-01,  6.154880e-02
	 3.801731e-01,  5.000000e-01
	 1.207460e-02, -5.000000e-01
	 1.377022e-02, -4.460765e-01
	 5.232967e-02, -4.494937e-01
	 1.423380e-01, -2.355125e-01
	 1.420863e-01, -2.177081e-01
	-1.888380e-01,  3.665558e-01
	 2.238865e-01, -3.255717e-01
	-4.061550e-01, -4.544259e-01
	-3.892040e-01, -5.000000e-01
	-4.540555e-01, -5.000000e-01
	-4.548851e-01, -4.741889e-01
	-4.193585e-01, -4.494872e-01
	-4.798372e-02, -3.222367e-01
	-9.929028e-03, -3.318849e-01
	-6.423791e-04, -3.808184e-01
	 7.896017e-03,  2.319198e-01
	 2.609154e-01,  4.074877e-01
	 5.000000e-01, -3.677874e-01
	 5.000000e-01, -3.237760e-01
	-4.765787e-01, -1.630664e-01
	-5.000000e-01, -1.732102e-01
	-4.646128e-01, -2.580753e-01
	-5.000000e-01, -2.496215e-01
	-5.000000e-01, -2.993000e-01
	-4.693914e-01, -2.984054e-01
	 7.330818e-03, -2.262837e-01
	-4.575649e-01,  3.408245e-01
	-4.267405e-01,  3.554303e-01
	-4.251290e-01,  3.884931e-01
	-4.136715e-01, -2.294123e-01
	-4.500334e-01, -1.974036e-01
	-4.126973e-01, -1.658877e-01
	-4.506142e-01, -2.011014e-01
	-3.076618e-01, -1.679676e-01
	-4.321860e-01, -4.289938e-01
	 3.525308e-03,  1.792651e-01
	-8.232506e-03,  1.932526e-01
	 5.000000e-01, -5.000000e-01
	 4.528788e-01, -5.000000e-01
	-5.000000e-01, -2.675049e-03
	-4.978672e-01, -2.021498e-03
	-1.005514e-01,  4.144941e-01
	 1.696720e-01, -1.930030e-01
	 2.008517e-01, -1.604085e-01
	 1.709137e-01, -1.839563e-01
	 1.997202e-01, -1.604846e-01
	-3.853094e-01,  3.991214e-01
	 6.235195e-02,  5.000000e-01
	-3.073767e-01, -1.680564e-01
	 2.420758e-02, -3.679050e-02
	 2.227176e-02, -2.972982e-01
	 2.313861e-02, -3.028391e-01
	 6.569361e-03, -2.801630e-01
	-2.726940e-02, -2.770100e-01
	 2.152268e-02, -3.073038e-01
	-2.096143e-01,  6.670682e-02
	 4.553575e-01,  2.423031e-01
	 3.135410e-01,  2.954817e-01
	 3.096170e-01,  2.838041e-01
	 5.000000e-01,  3.599613e-01
	 1.197955e-01, -1.395093e-02
	 6.379485e-02,  1.524882e-02
	 3.297690e-01,  1.458860e-01
	-2.204086e-01,  3.512698e-01
	 3.127092e-01,  9.855098e-02
	 2.781918e-01,  1.181383e-01
	 5.044652e-02,  2.083493e-02
	 4.360830e-02,  5.605879e-02
	 1.005424e-02, -3.856559e-01
	 1.149534e-02, -4.442743e-01
	-5.000000e-01, -5.000000e-01
	-2.737844e-01, -4.301264e-01
	-3.553823e-01,  4.055937e-02
	-3.801939e-01,  4.025318e-02
	 1.854712e-01,  6.536917e-03
	 1.876299e-01, -4.910594e-04
	-3.314906e-01, -3.243393e-01
	-3.506472e-01, -2.617959e-01
	-3.494253e-01, -3.133271e-01
	-3.612717e-01, -2.741279e-01
	 3.475413e-01,  2.068134e-02
	 4.852785e-01, -2.401693e-01
	 5.000000e-01, -2.434083e-01
	-6.012451e-02,  1.656846e-01
	-4.208450e-02,  1.977600e-01
	-3.758298e-01,  2.961730e-01
	-4.118316e-01,  3.450307e-01
	 4.366804e-03,  3.907302e-01
	-9.264637e-02, -4.418701e-01
	-1.233512e-01, -3.969539e-01
	-1.220700e-01, -4.410170e-01
	-4.246628e-01, -1.299610e-01
	 2.648041e-01, -4.595227e-01
	 3.105465e-01, -4.285669e-01
	 2.909925e-01, -4.674233e-01
	-3.316349e-02, -4.494973e-01
	-3.987914e-01, -3.386797e-01
	-3.251835e-01, -3.412565e-01
	 5.000000e-01, -5.720908e-02
	 4.735394e-01, -5.357842e-02
	 5.000000e-01,  1.323497e-02
	 1.736983e-01, -3.016762e-01
	 1.736160e-01, -2.988864e-01
	 2.731960e-01, -1.228570e-01
	 2.573902e-01, -1.471915e-01
	 2.392184e-01,  2.447333e-03
	 2.545880e-01, -2.972081e-02
	-3.260717e-01,  2.569631e-01
	-4.124640e-01, -3.916089e-01
	-4.009565e-01, -3.384506e-01
	-5.503986e-02,  2.192960e-01
	-1.056958e-01,  2.015779e-01
	-1.158081e-01,  2.428466e-01
	-2.142315e-01,  1.188512e-01
	-2.220458e-01,  7.860512e-02
	-5.000000e-01,  6.067103e-02
	 1.678867e-02, -2.806902e-02
	 2.708507e-02,  1.295662e-02
	 9.223910e-03,  5.000000e-01
	 4.599605e-01, -2.692970e-01
	 4.305521e-01, -2.429321e-01
	 4.478681e-01, -1.983951e-01
	 3.487327e-01, -4.597255e-01
	 3.438006e-01, -5.000000e-01
	 3.055073e-01, -5.000000e-01
	 2.197866e-01, -1.445141e-01
	 5.000000e-01, -2.825854e-01
	 4.606762e-01, -2.763228e-01
	 1.503218e-01,  2.624640e-01
	-2.421970e-01,  1.693950e-01
	-2.549562e-01,  1.936720e-01
	-2.321312e-01,  2.212526e-01
	-1.994486e-01,  2.042086e-01
	 1.991394e-01, -4.546352e-01
	 2.027018e-01, -4.618134e-01
	 1.857919e-01, -5.000000e-01
	 1.912612e-01, -4.501099e-01
	 1.964632e-01,  5.432661e-02
	-4.592780e-01, -2.084269e-01
	-5.000000e-01, -2.064543e-01
	-4.340491e-01,  1.679087e-01
	 2.364402e-01, -4.821681e-01
	 2.410484e-01, -5.000000e-01
	 4.073858e-01, -4.650873e-01
	 4.007534e-01, -5.000000e-01
	 3.844479e-01, -4.248688e-01
	-3.517981e-01,  2.556029e-01
	-9.419910e-02, -3.417798e-02
	 2.996005e-01, -3.084477e-02
	 2.503309e-01,  2.386626e-02
	 4.742906e-01,  1.142458e-01
	 3.831134e-01, -4.317807e-01
	-1.300467e-01, -3.927149e-01
	-8.753071e-02, -1.071138e-02
	 7.116984e-02, -3.091246e-01
	-1.689142e-01,  2.465614e-01
	-4.704801e-01,  5.000000e-01
	-5.000000e-01,  5.000000e-01
	 2.443163e-01,  1.784529e-01
	 2.579170e-01,  7.034384e-02
	 2.425417e-01,  4.240085e-02
	 2.993231e-01, -7.578996e-02
	 3.082860e-01, -4.693129e-02
	 5.000000e-01,  4.431430e-02
	 2.681837e-01, -9.631930e-02
	 5.000000e-01, -1.194681e-01
	-1.062176e-01,  2.006493e-01
	-1.447893e-01,  2.035012e-01
	-1.604570e-01,  2.408973e-01
	 3.158452e-01,  9.112636e-02
	 3.555068e-01,  8.742448e-02
	 6.556627e-03,  2.810637e-02
	-2.281328e-02,  1.202674e-02
	-4.670980e-02,  2.000651e-02
	 1.368460e-01, -1.625875e-01
	-1.236255e-02, -2.272572e-02
	 1.803402e-01,  1.466225e-01
	 5.000000e-01,  1.144441e-01
	-5.894047e-02, -4.773973e-03
	-3.906923e-02, -3.839583e-02
Mesh Facets: 1267
	8, 6
	40, 39
	65, 63
	67, 66
	41, 42
	70, 72
	16, 19
	78, 79
	84, 83
	3, 4
	128, 129
	147, 145
	148, 147
	173, 175
	51, 48
	174, 175
	65, 64
	175, 65
	47, 46
	200, 198
	73, 72
	72, 216
	30, 32
	225, 224
	195, 197
	212, 214
	240, 238
	145, 256
	146, 145
	13, 11
	106, 104
	263, 261
	279, 277
	236, 235
	120, 119
	137, 136
	268, 267
	301, 299
	254, 255
	2, 5
	243, 241
	181, 182
	95, 96
	124, 122
	36, 37
	315, 314
	193, 192
	182, 307
	182, 184
	94, 92
	354, 355
	206, 204
	281, 278
	324, 321
	47, 191
	329, 327
	49, 47
	92, 93
	349, 92
	193, 343
	271, 270
	194, 193
	411, 409
	17, 15
	29, 31
	290, 292
	366, 363
	283, 285
	123, 126
	436, 437
	52, 39
	39, 38
	105, 109
	413, 412
	202, 201
	316, 317
	22, 21
	357, 356
	227, 226
	84, 82
	457, 84
	400, 93
	291, 290
	290, 418
	93, 96
	311, 96
	459, 460
	391, 390
	260, 259
	328, 326
	402, 401
	356, 361
	454, 356
	18, 17
	414, 17
	273, 276
	303, 300
	422, 421
	111, 110
	395, 397
	28, 26
	151, 149
	114, 113
	336, 335
	490, 488
	270, 408
	106, 270
	107, 106
	478, 479
	374, 376
	229, 231
	1, 3
	138, 3
	172, 174
	185, 174
	295, 296
	234, 230
	252, 240
	240, 236
	288, 236
	444, 443
	231, 233
	231, 498
	508, 507
	507, 525
	507, 506
	42, 45
	69, 42
	81, 80
	531, 67
	67, 68
	484, 485
	364, 362
	238, 255
	239, 238
	306, 255
	502, 501
	355, 540
	352, 355
	455, 454
	454, 462
	522, 443
	443, 445
	448, 450
	452, 451
	89, 88
	538, 501
	501, 500
	520, 519
	155, 154
	139, 142
	437, 433
	437, 556
	393, 392
	10, 9
	189, 188
	99, 101
	310, 309
	572, 574
	261, 275
	261, 259
	402, 259
	403, 402
	445, 442
	445, 546
	383, 384
	593, 595
	515, 516
	603, 605
	50, 51
	178, 51
	406, 405
	375, 374
	374, 493
	345, 344
	208, 207
	544, 543
	166, 167
	568, 565
	249, 248
	603, 602
	618, 603
	64, 62
	186, 64
	624, 625
	169, 170
	472, 470
	435, 434
	338, 339
	428, 425
	302, 301
	643, 301
	197, 226
	197, 194
	194, 407
	358, 357
	357, 226
	273, 467
	273, 274
	539, 537
	276, 263
	263, 262
	429, 432
	276, 469
	654, 652
	242, 244
	351, 348
	220, 32
	27, 32
	541, 540
	540, 659
	365, 364
	364, 533
	552, 553
	181, 308
	183, 181
	612, 609
	637, 638
	277, 278
	277, 665
	386, 278
	574, 577
	574, 666
	645, 644
	371, 373
	564, 563
	471, 473
	227, 453
	227, 228
	85, 86
	674, 675
	583, 582
	305, 304
	268, 297
	266, 268
	50, 49
	50, 406
	401, 406
	401, 326
	49, 327
	327, 326
	460, 391
	460, 674
	391, 388
	674, 673
	281, 385
	280, 281
	43, 44
	684, 683
	107, 491
	108, 107
	76, 78
	686, 78
	509, 513
	689, 688
	371, 370
	644, 371
	644, 274
	578, 275
	274, 275
	136, 4
	297, 136
	297, 305
	5, 305
	5, 4
	618, 616
	63, 618
	622, 62
	62, 63
	617, 616
	616, 692
	163, 164
	476, 477
	465, 464
	160, 165
	676, 677
	456, 458
	254, 253
	304, 254
	681, 304
	648, 650
	552, 154
	552, 660
	154, 156
	409, 703
	703, 704
	410, 409
	16, 14
	16, 79
	79, 705
	143, 144
	12, 6
	6, 7
	689, 690
	83, 689
	81, 83
	529, 81
	88, 90
	549, 88
	541, 533
	541, 542
	533, 534
	15, 14
	14, 706
	100, 98
	15, 416
	531, 530
	713, 531
	134, 133
	567, 570
	161, 160
	160, 699
	331, 332
	651, 469
	468, 469
	607, 606
	679, 678
	308, 243
	553, 308
	553, 554
	243, 245
	467, 468
	467, 647
	37, 35
	468, 332
	332, 37
	338, 634
	489, 336
	336, 338
	229, 230
	229, 496
	517, 230
	521, 524
	256, 257
	256, 725
	121, 118
	333, 334
	378, 377
	330, 329
	329, 191
	190, 191
	282, 283
	283, 425
	425, 339
	339, 341
	393, 396
	393, 563
	671, 563
	284, 282
	282, 728
	727, 121
	119, 287
	119, 121
	629, 630
	668, 667
	247, 249
	187, 188
	568, 188
	249, 568
	676, 675
	675, 736
	457, 456
	736, 457
	456, 676
	215, 214
	251, 214
	320, 322
	97, 95
	309, 571
	309, 95
	232, 233
	508, 233
	508, 505
	439, 438
	118, 117
	726, 118
	565, 615
	566, 565
	206, 382
	206, 207
	207, 610
	653, 652
	652, 748
	504, 503
	702, 701
	621, 623
	532, 485
	485, 486
	137, 298
	130, 128
	128, 137
	587, 585
	697, 696
	76, 77
	685, 76
	463, 461
	666, 667
	666, 593
	735, 667
	593, 594
	325, 323
	744, 742
	766, 764
	205, 203
	614, 167
	169, 167
	169, 632
	369, 367
	631, 632
	767, 632
	22, 452
	25, 22
	452, 548
	439, 741
	52, 439
	53, 52
	524, 257
	524, 523
	641, 639
	258, 257
	420, 419
	115, 111
	474, 111
	324, 389
	324, 325
	762, 325
	528, 527
	265, 264
	427, 426
	518, 517
	724, 517
	591, 384
	384, 204
	204, 203
	203, 765
	554, 721
	555, 554
	61, 57
	700, 458
	80, 528
	528, 774
	80, 82
	458, 82
	320, 737
	320, 321
	217, 216
	390, 321
	459, 390
	216, 459
	705, 781
	100, 706
	100, 102
	705, 706
	331, 715
	333, 727
	333, 331
	732, 727
	132, 133
	784, 713
	713, 133
	493, 608
	493, 479
	27, 657
	26, 27
	479, 26
	656, 653
	747, 653
	760, 759
	789, 790
	548, 549
	770, 548
	549, 709
	271, 272
	407, 271
	358, 407
	359, 358
	748, 792
	747, 785
	747, 748
	601, 600
	536, 535
	60, 59
	735, 761
	734, 735
	680, 583
	584, 583
	692, 693
	622, 692
	623, 622
	623, 752
	718, 716
	370, 372
	691, 370
	572, 573
	801, 572
	744, 762
	745, 744
	512, 511
	775, 762
	597, 595
	595, 70
	70, 71
	740, 117
	482, 483
	117, 116
	635, 636
	581, 579
	686, 685
	805, 686
	698, 696
	696, 685
	377, 190
	377, 376
	495, 376
	189, 569
	189, 190
	291, 296
	291, 311
	514, 296
	311, 312
	179, 48
	187, 46
	247, 187
	247, 246
	46, 48
	423, 422
	471, 422
	471, 671
	671, 729
	223, 224
	172, 514
	173, 172
	514, 806
	224, 173
	521, 444
	521, 725
	201, 444
	725, 200
	201, 200
	760, 790
	760, 758
	790, 808
	643, 642
	659, 643
	659, 658
	787, 786
	315, 319
	342, 315
	410, 704
	410, 413
	440, 413
	704, 810
	359, 272
	359, 360
	104, 105
	104, 272
	105, 441
	89, 547
	85, 89
	196, 195
	195, 228
	228, 85
	218, 217
	210, 215
	737, 215
	217, 737
	502, 539
	502, 503
	749, 503
	156, 650
	156, 158
	650, 539
	774, 700
	774, 389
	389, 388
	677, 700
	673, 677
	388, 673
	620, 621
	621, 751
	293, 294
	687, 688
	805, 804
	688, 805
	126, 430
	126, 125
	347, 346
	171, 170
	625, 170
	626, 625
	575, 576
	307, 345
	345, 608
	657, 242
	242, 241
	608, 657
	307, 241
	722, 634
	579, 636
	579, 442
	442, 202
	202, 199
	636, 634
	196, 547
	192, 196
	451, 316
	547, 451
	314, 192
	314, 316
	772, 771
	559, 558
	663, 662
	487, 335
	337, 335
	684, 491
	792, 684
	491, 492
	792, 793
	809, 810
	789, 788
	810, 789
	350, 349
	399, 349
	779, 780
	75, 74
	211, 209
	756, 755
	813, 347
	183, 661
	184, 183
	347, 184
	620, 186
	620, 294
	295, 185
	295, 294
	185, 186
	441, 440
	440, 809
	811, 441
	809, 817
	367, 631
	368, 367
	631, 624
	624, 628
	798, 797
	475, 397
	397, 394
	793, 492
	785, 793
	786, 785
	786, 342
	343, 342
	343, 408
	492, 408
	823, 822
	605, 823
	605, 604
	768, 369
	669, 373
	91, 87
	369, 373
	510, 509
	804, 687
	804, 698
	509, 687
	698, 695
	731, 284
	286, 284
	153, 152
	74, 209
	74, 73
	210, 209
	210, 218
	218, 73
	784, 132
	556, 784
	139, 556
	132, 131
	139, 140
	520, 500
	520, 252
	701, 253
	504, 701
	253, 252
	500, 504
	149, 483
	149, 150
	803, 483
	532, 534
	532, 752
	712, 534
	752, 693
	694, 693
	124, 127
	124, 330
	330, 378
	379, 378
	23, 24
	381, 380
	766, 205
	829, 766
	609, 664
	609, 208
	205, 208
	258, 639
	639, 637
	637, 665
	148, 146
	665, 148
	146, 258
	769, 770
	55, 54
	770, 791
	38, 36
	38, 438
	334, 726
	36, 334
	726, 438
	764, 831
	765, 591
	765, 764
	591, 592
	489, 722
	489, 490
	722, 199
	198, 199
	198, 490
	157, 158
	776, 777
	749, 158
	750, 749
	566, 743
	161, 567
	161, 162
	567, 566
	627, 629
	679, 720
	679, 680
	734, 680
	629, 734
	497, 499
	385, 387
	682, 385
	447, 446
	697, 757
	697, 164
	466, 465
	465, 165
	165, 164
	428, 635
	428, 426
	581, 635
	581, 580
	426, 724
	724, 723
	798, 821
	60, 58
	60, 798
	29, 415
	739, 738
	219, 30
	30, 29
	597, 71
	597, 596
	71, 75
	756, 754
	75, 756
	244, 351
	244, 245
	721, 245
	721, 780
	351, 350
	350, 780
	115, 773
	115, 113
	751, 486
	751, 812
	113, 486
	131, 130
	130, 753
	140, 131
	141, 140
	610, 746
	611, 610
	557, 561
	127, 379
	125, 127
	344, 346
	375, 344
	346, 125
	379, 375
	363, 424
	362, 363
	484, 362
	484, 114
	112, 114
	7, 9
	7, 707
	633, 472
	9, 564
	564, 473
	473, 472
	411, 412
	412, 109
	109, 108
	108, 683
	683, 411
	602, 619
	602, 604
	822, 604
	822, 354
	354, 353
	466, 757
	18, 466
	19, 18
	19, 77
	757, 77
	435, 470
	435, 436
	299, 300
	299, 436
	470, 300
	120, 289
	480, 482
	482, 116
	116, 120
	649, 537
	537, 538
	538, 550
	645, 646
	708, 710
	670, 645
	678, 606
	678, 582
	586, 582
	176, 178
	606, 178
	717, 720
	820, 628
	628, 627
	627, 720
	702, 750
	702, 681
	264, 776
	264, 266
	266, 681
	750, 776
	594, 761
	594, 596
	584, 761
	584, 587
	596, 754
	754, 587
	800, 801
	807, 808
	808, 801
	449, 447
	386, 387
	386, 638
	638, 640
	447, 387
	712, 694
	712, 542
	619, 353
	353, 352
	619, 617
	617, 694
	352, 542
	171, 575
	171, 168
	573, 575
	802, 573
	614, 767
	613, 614
	768, 87
	87, 86
	86, 672
	768, 767
	586, 585
	586, 176
	177, 176
	755, 818
	755, 585
	742, 615
	763, 742
	248, 250
	615, 248
	225, 222
	781, 225
	103, 102
	102, 781
	827, 828
	53, 772
	54, 53
	772, 814
	830, 54
	8, 11
	8, 10
	562, 10
	269, 11
	506, 138
	526, 506
	135, 129
	129, 138
	499, 498
	498, 525
	525, 45
	45, 44
	44, 682
	682, 499
	159, 157
	833, 58
	832, 157
	58, 56
	672, 453
	613, 672
	613, 544
	455, 544
	453, 455
	782, 783
	838, 837
	220, 348
	220, 219
	348, 94
	219, 738
	94, 97
	97, 738
	286, 824
	285, 286
	516, 518
	516, 598
	518, 427
	427, 285
	719, 607
	405, 404
	405, 607
	745, 743
	745, 511
	510, 695
	511, 510
	163, 162
	163, 695
	743, 162
	814, 558
	828, 814
	557, 558
	557, 746
	746, 382
	381, 828
	382, 381
	513, 690
	513, 512
	512, 775
	529, 690
	529, 527
	775, 527
	559, 815
	559, 560
	826, 825
	31, 414
	31, 28
	28, 476
	464, 476
	464, 414
	723, 496
	580, 723
	497, 446
	496, 497
	446, 448
	448, 546
	546, 580
	213, 212
	179, 180
	246, 179
	212, 246
	633, 707
	633, 434
	433, 142
	142, 143
	707, 143
	434, 433
	811, 817
	811, 360
	360, 361
	361, 461
	817, 788
	788, 759
	759, 461
	598, 824
	599, 598
	824, 152
	151, 481
	152, 151
	816, 487
	487, 488
	488, 843
	287, 733
	519, 288
	519, 551
	288, 287
	656, 787
	656, 655
	590, 588
	318, 319
	787, 319
	312, 313
	806, 312
	806, 223
	223, 221
	265, 778
	269, 265
	269, 562
	821, 394
	394, 392
	834, 821
	562, 392
	289, 235
	480, 289
	237, 235
	481, 480
	481, 842
	569, 495
	569, 570
	714, 570
	494, 495
	474, 475
	475, 797
	420, 417
	420, 474
	796, 797
	654, 655
	831, 654
	831, 592
	655, 590
	590, 592
	234, 515
	232, 234
	1, 0
	1, 505
	505, 232
	600, 794
	600, 515
	398, 400
	418, 417
	400, 418
	417, 796
	795, 796
	416, 98
	98, 99
	739, 571
	739, 415
	415, 416
	571, 99
	732, 783
	783, 837
	733, 732
	551, 733
	837, 550
	551, 550
	303, 421
	303, 302
	642, 302
	658, 642
	421, 366
	365, 658
	366, 365
	829, 664
	843, 829
	663, 664
	663, 816
	816, 843
	396, 395
	396, 729
	729, 423
	112, 110
	112, 424
	423, 424
	395, 110
	839, 649
	660, 648
	661, 660
	649, 648
	661, 819
	522, 450
	523, 522
	640, 641
	640, 449
	523, 641
	449, 450
	818, 177
	818, 211
	180, 177
	180, 213
	211, 213
	715, 651
	782, 715
	432, 431
	841, 782
	651, 432
	380, 383
	383, 589
	380, 23
	20, 23
	842, 599
	842, 237
	601, 599
	536, 601
	237, 239
	239, 536
	611, 836
	612, 611
	612, 662
	340, 337
	337, 662
	826, 815
	815, 771
	740, 803
	740, 741
	803, 826
	771, 741
	779, 399
	779, 61
	399, 398
	795, 59
	398, 795
	59, 61
	90, 91
	91, 669
	708, 90
	708, 670
	669, 670
	530, 68
	68, 69
	135, 526
	135, 134
	526, 69
	530, 134
	730, 728
	341, 340
	341, 728
	836, 835
	836, 340
	298, 267
	298, 753
	144, 141
	141, 753
	12, 144
	13, 12
	267, 13
	840, 646
	646, 647
	647, 35
	34, 35
	535, 306
	306, 2
	2, 0
	794, 535
	0, 794
	310, 101
	313, 310
	221, 313
	221, 222
	222, 103
	101, 103
	838, 841
	838, 839
	844, 839
	841, 845
	588, 589
	588, 318
	20, 589
	21, 20
	21, 317
	318, 317
	322, 323
	322, 251
	763, 323
	763, 250
	250, 251
	419, 773
	419, 292
	293, 812
	812, 773
	292, 293
	260, 262
	260, 328
	429, 262
	429, 123
	328, 122
	122, 123
	25, 24
	25, 769
	830, 827
	827, 24
	769, 830
	40, 33
	40, 55
	55, 791
	791, 709
	709, 711
	758, 807
	758, 463
	463, 462
	807, 800
	462, 545
	800, 799
	561, 835
	561, 560
	153, 731
	731, 730
	150, 153
	835, 730
	825, 150
	560, 825
	717, 716
	820, 717
	372, 368
	372, 716
	368, 820
	718, 691
	718, 719
	403, 578
	404, 403
	578, 691
	719, 404
	778, 834
	778, 777
	834, 833
	777, 832
	833, 832
	555, 57
	155, 555
	56, 57
	56, 159
	155, 159
	43, 280
	43, 41
	66, 41
	66, 279
	279, 280
	711, 710
	711, 33
	34, 33
	840, 34
	710, 840
	545, 799
	543, 545
	166, 543
	168, 166
	802, 168
	802, 799
	576, 577
	626, 576
	630, 668
	630, 626
	577, 668
	430, 431
	430, 813
	819, 844
	813, 819
	431, 845
	844, 845
	478, 494
	477, 478
	494, 714
	699, 477
	714, 699
Facet Neighbors: 1267
	1, 2
	6, 9
	-1, 11
	-4, 12
	7, 12
	-3, 13
	3, 14
	-1, 14
	-1, 15
	0, 24
	23, 24
	-2, 26
	-4, 26
	-1, 31
	8, 32
	31, 34
	11, 34
	-1, 34
	8, 35
	-2, 37
	13, 40
	-3, 40
	5, 41
	-1, 42
	36, 43
	39, 47
	45, 48
	-2, 49
	26, 49
	2, 51
	19, 52
	50, 53
	-4, 54
	45, 56
	21, 56
	24, 58
	51, 58
	-4, 59
	48, 60
	0, 60
	46, 61
	33, 61
	17, 62
	22, 65
	6, 66
	63, 68
	36, 68
	61, 69
	33, 69
	17, 70
	-4, 71
	38, 76
	54, 77
	64, 78
	35, 79
	65, 79
	8, 79
	17, 81
	70, 81
	68, 83
	52, 83
	36, 83
	-2, 84
	3, 85
	5, 85
	57, 86
	73, 87
	55, 88
	22, 89
	-4, 90
	9, 91
	6, 91
	19, 92
	84, 92
	37, 93
	63, 95
	4, 95
	72, 96
	43, 96
	15, 97
	-1, 97
	81, 98
	57, 98
	86, 98
	17, 98
	62, 98
	-3, 99
	78, 99
	50, 100
	65, 100
	82, 100
	72, 101
	96, 101
	3, 102
	85, 102
	53, 103
	59, 104
	87, 104
	20, 105
	80, 105
	5, 106
	27, 107
	20, 108
	67, 109
	-2, 109
	83, 110
	52, 110
	19, 110
	106, 111
	75, 111
	44, 112
	0, 114
	24, 114
	31, 116
	34, 116
	57, 116
	44, 117
	48, 118
	45, 118
	56, 118
	93, 119
	44, 120
	112, 120
	114, 120
	120, 121
	114, 121
	7, 121
	12, 121
	15, 122
	-4, 123
	12, 123
	108, 124
	73, 124
	48, 125
	45, 125
	60, 125
	113, 126
	-4, 127
	71, 127
	96, 128
	101, 128
	119, 129
	93, 129
	94, 129
	95, 130
	16, 130
	126, 131
	113, 131
	118, 131
	28, 132
	25, 133
	90, 133
	-4, 133
	80, 135
	1, 135
	35, 136
	18, 137
	62, 137
	-3, 138
	53, 139
	50, 139
	100, 139
	82, 139
	93, 140
	129, 140
	76, 142
	-3, 143
	117, 144
	-1, 145
	8, 146
	32, 146
	82, 146
	75, 147
	111, 147
	69, 147
	38, 148
	128, 149
	30, 149
	136, 150
	47, 150
	145, 151
	-1, 151
	11, 152
	34, 152
	153, 154
	30, 154
	104, 155
	90, 155
	67, 156
	88, 156
	59, 158
	-4, 158
	43, 159
	36, 159
	83, 159
	72, 159
	96, 159
	103, 160
	53, 160
	126, 161
	53, 162
	50, 162
	89, 162
	103, 162
	-2, 163
	46, 164
	70, 164
	41, 164
	5, 164
	127, 165
	-4, 165
	73, 165
	124, 165
	132, 166
	61, 166
	33, 166
	148, 167
	157, 168
	54, 168
	-4, 168
	77, 168
	138, 169
	-3, 169
	160, 170
	74, 170
	135, 171
	104, 171
	96, 172
	43, 172
	16, 172
	-3, 173
	141, 174
	60, 175
	58, 175
	51, 175
	8, 176
	146, 176
	82, 176
	100, 176
	79, 176
	65, 176
	99, 177
	-3, 177
	78, 177
	173, 177
	77, 178
	54, 178
	7, 178
	-2, 179
	110, 179
	19, 179
	14, 180
	-1, 180
	115, 181
	-1, 181
	74, 182
	170, 182
	160, 182
	139, 182
	53, 182
	24, 183
	58, 183
	175, 183
	60, 183
	0, 183
	151, 184
	-1, 184
	152, 184
	11, 184
	151, 185
	184, 185
	29, 186
	106, 187
	102, 187
	29, 187
	173, 188
	97, 188
	48, 189
	60, 189
	175, 189
	161, 190
	132, 190
	166, 190
	28, 190
	-2, 191
	-3, 191
	84, 191
	3, 192
	14, 192
	-1, 192
	25, 193
	2, 193
	1, 193
	181, 194
	-1, 194
	15, 194
	122, 194
	16, 195
	130, 195
	165, 196
	127, 196
	124, 196
	3, 197
	192, 197
	18, 197
	85, 197
	123, 198
	-4, 198
	23, 198
	136, 199
	29, 199
	187, 199
	66, 200
	162, 200
	103, 200
	146, 201
	174, 201
	61, 202
	166, 202
	132, 202
	46, 202
	103, 203
	160, 203
	6, 203
	200, 203
	66, 203
	156, 204
	109, 204
	67, 204
	44, 205
	112, 205
	117, 205
	119, 206
	49, 206
	-2, 206
	21, 207
	66, 207
	75, 208
	65, 208
	79, 208
	35, 208
	55, 209
	88, 209
	156, 209
	67, 209
	80, 210
	135, 210
	171, 210
	55, 211
	209, 211
	207, 212
	56, 212
	21, 212
	153, 213
	169, 213
	47, 214
	35, 214
	136, 214
	150, 214
	173, 215
	-3, 215
	97, 215
	-1, 215
	188, 215
	39, 216
	47, 216
	64, 216
	17, 217
	137, 217
	62, 217
	44, 218
	120, 218
	114, 218
	91, 219
	21, 219
	207, 219
	150, 220
	136, 220
	76, 221
	38, 221
	148, 221
	163, 222
	-2, 222
	113, 223
	189, 223
	152, 224
	124, 224
	108, 224
	58, 225
	23, 225
	24, 225
	141, 226
	186, 227
	14, 227
	180, 227
	101, 228
	169, 229
	-3, 229
	213, 229
	143, 229
	64, 230
	220, 230
	-2, 231
	38, 231
	149, 232
	30, 232
	154, 232
	74, 233
	154, 233
	232, 233
	95, 234
	4, 234
	130, 234
	219, 235
	91, 235
	9, 235
	206, 236
	119, 236
	157, 236
	49, 236
	86, 237
	20, 237
	105, 237
	78, 238
	64, 238
	230, 238
	122, 238
	51, 239
	88, 240
	117, 240
	205, 240
	142, 241
	76, 241
	38, 241
	231, 241
	202, 242
	132, 242
	10, 242
	188, 243
	122, 243
	238, 243
	15, 243
	97, 243
	216, 244
	64, 244
	40, 244
	78, 244
	99, 244
	-3, 244
	-1, 245
	197, 245
	18, 245
	192, 245
	200, 246
	207, 246
	66, 246
	212, 246
	23, 247
	-4, 247
	198, 247
	147, 248
	111, 248
	164, 248
	5, 248
	106, 248
	163, 249
	222, 249
	228, 250
	-3, 250
	130, 251
	234, 251
	195, 251
	52, 252
	83, 252
	159, 252
	72, 252
	-2, 253
	249, 253
	222, 253
	144, 254
	125, 254
	10, 255
	229, 256
	213, 256
	174, 256
	141, 256
	185, 257
	184, 257
	152, 257
	224, 257
	201, 258
	74, 258
	182, 258
	138, 259
	-3, 259
	230, 260
	220, 260
	115, 260
	238, 260
	143, 261
	-3, 261
	13, 261
	219, 262
	107, 262
	21, 262
	156, 263
	140, 263
	180, 264
	-1, 264
	186, 264
	227, 264
	208, 265
	75, 265
	111, 265
	136, 265
	35, 265
	57, 266
	98, 266
	116, 266
	62, 266
	32, 267
	35, 267
	214, 267
	47, 267
	8, 267
	87, 268
	104, 268
	171, 268
	210, 268
	42, 269
	116, 269
	31, 269
	266, 269
	-1, 269
	119, 270
	206, 270
	93, 270
	-2, 270
	37, 270
	250, 271
	228, 271
	-3, 271
	158, 272
	-4, 272
	165, 272
	249, 273
	63, 273
	68, 273
	191, 274
	84, 274
	92, 274
	-3, 274
	252, 275
	72, 275
	19, 275
	52, 275
	92, 275
	130, 276
	16, 276
	36, 276
	43, 276
	172, 276
	40, 277
	39, 277
	216, 277
	244, 277
	126, 278
	113, 278
	223, 278
	190, 278
	28, 278
	161, 278
	243, 279
	238, 279
	78, 279
	188, 279
	173, 279
	177, 279
	152, 280
	224, 280
	57, 280
	181, 281
	264, 281
	-1, 281
	89, 282
	22, 282
	69, 282
	30, 283
	154, 283
	153, 283
	138, 283
	69, 284
	147, 284
	164, 284
	46, 284
	248, 284
	61, 284
	204, 285
	263, 285
	140, 285
	93, 285
	37, 285
	156, 285
	276, 286
	36, 286
	95, 286
	130, 286
	68, 286
	63, 286
	235, 287
	134, 287
	167, 288
	109, 288
	67, 288
	179, 289
	-2, 289
	110, 289
	253, 289
	274, 290
	250, 290
	-3, 290
	70, 291
	81, 291
	242, 291
	13, 292
	39, 292
	226, 292
	282, 293
	166, 293
	33, 293
	69, 293
	152, 294
	280, 294
	116, 294
	57, 294
	34, 294
	92, 295
	274, 295
	275, 295
	290, 295
	233, 296
	74, 296
	154, 296
	153, 296
	255, 297
	105, 297
	80, 297
	289, 298
	253, 298
	249, 298
	273, 298
	68, 298
	83, 298
	110, 298
	-4, 299
	-1, 299
	145, 299
	233, 300
	170, 300
	16, 300
	74, 300
	115, 301
	281, 301
	264, 301
	181, 301
	186, 301
	211, 302
	55, 302
	27, 302
	292, 303
	13, 303
	39, 303
	277, 303
	40, 303
	247, 304
	-4, 304
	133, 304
	23, 304
	25, 304
	131, 305
	118, 305
	189, 305
	223, 305
	48, 305
	113, 305
	107, 306
	27, 306
	262, 306
	124, 307
	224, 307
	196, 307
	257, 307
	185, 307
	22, 308
	65, 308
	208, 308
	75, 308
	4, 309
	76, 309
	231, 310
	-2, 310
	167, 310
	148, 310
	38, 310
	236, 311
	157, 311
	168, 311
	26, 311
	-4, 311
	49, 311
	234, 312
	9, 312
	251, 312
	6, 313
	91, 313
	207, 313
	66, 313
	219, 313
	-2, 314
	241, 314
	231, 314
	142, 314
	204, 315
	109, 315
	285, 315
	37, 315
	-2, 315
	28, 316
	239, 316
	278, 316
	223, 316
	220, 317
	199, 317
	29, 317
	136, 317
	153, 318
	201, 318
	174, 318
	256, 318
	213, 318
	112, 319
	77, 319
	178, 319
	94, 319
	227, 320
	186, 320
	102, 320
	187, 320
	29, 320
	156, 321
	88, 321
	263, 321
	140, 321
	240, 321
	205, 321
	297, 322
	10, 322
	255, 322
	85, 323
	217, 323
	41, 323
	5, 323
	261, 324
	143, 324
	13, 324
	226, 324
	292, 324
	164, 325
	46, 325
	202, 325
	242, 325
	70, 325
	291, 325
	237, 326
	20, 326
	224, 326
	280, 326
	108, 326
	23, 327
	225, 327
	304, 327
	25, 327
	221, 328
	148, 328
	134, 328
	308, 329
	22, 329
	69, 329
	147, 329
	282, 329
	75, 329
	87, 330
	73, 330
	124, 330
	108, 330
	20, 330
	1, 331
	193, 331
	155, 331
	135, 331
	171, 331
	104, 331
	84, 332
	92, 332
	19, 332
	179, 332
	-2, 332
	151, 333
	145, 333
	299, 333
	-4, 333
	71, 333
	320, 334
	102, 334
	3, 334
	14, 334
	227, 334
	155, 335
	90, 335
	59, 335
	-4, 335
	104, 335
	56, 336
	107, 336
	262, 336
	21, 336
	161, 337
	126, 337
	131, 337
	160, 338
	195, 338
	170, 338
	201, 339
	174, 339
	141, 339
	32, 339
	146, 339
	201, 340
	296, 340
	153, 340
	318, 340
	223, 341
	189, 341
	239, 341
	51, 341
	175, 341
	316, 341
	229, 342
	143, 342
	256, 342
	141, 342
	324, 342
	226, 342
	259, 343
	271, 343
	-3, 343
	94, 344
	77, 344
	168, 344
	157, 344
	319, 344
	307, 345
	196, 345
	333, 345
	71, 345
	151, 345
	185, 345
	127, 345
	283, 346
	30, 346
	138, 346
	259, 346
	232, 347
	149, 347
	300, 347
	16, 347
	172, 347
	233, 347
	141, 348
	339, 348
	32, 348
	292, 348
	226, 348
	220, 349
	230, 349
	47, 349
	150, 349
	42, 350
	-1, 350
	18, 350
	245, 350
	309, 351
	235, 351
	9, 351
	287, 351
	312, 351
	2, 352
	1, 352
	135, 352
	51, 352
	114, 353
	121, 353
	23, 353
	24, 353
	112, 354
	120, 354
	121, 354
	7, 354
	178, 354
	319, 354
	28, 355
	322, 355
	316, 355
	10, 355
	172, 356
	347, 356
	149, 356
	128, 356
	96, 356
	246, 357
	337, 357
	164, 358
	41, 358
	70, 358
	323, 358
	17, 358
	217, 358
	302, 359
	55, 359
	117, 359
	144, 359
	240, 359
	88, 359
	201, 360
	82, 360
	146, 360
	220, 361
	260, 361
	301, 361
	115, 361
	29, 361
	186, 361
	317, 361
	287, 362
	351, 362
	134, 362
	328, 362
	221, 362
	309, 362
	76, 362
	181, 363
	115, 363
	260, 363
	194, 363
	122, 363
	238, 363
	287, 364
	134, 364
	306, 364
	85, 365
	5, 365
	106, 365
	187, 365
	102, 365
	205, 366
	321, 366
	319, 366
	112, 366
	94, 366
	129, 366
	140, 366
	39, 367
	32, 367
	267, 367
	47, 367
	331, 368
	155, 368
	133, 368
	25, 368
	193, 368
	90, 368
	295, 369
	275, 369
	72, 369
	101, 369
	290, 369
	250, 369
	228, 369
	359, 370
	144, 370
	302, 370
	107, 370
	27, 370
	288, 371
	109, 371
	-2, 371
	212, 372
	118, 372
	131, 372
	56, 372
	249, 373
	163, 373
	142, 373
	63, 373
	273, 373
	62, 374
	266, 374
	269, 374
	42, 374
	239, 375
	51, 375
	352, 375
	297, 375
	80, 375
	322, 375
	135, 375
	56, 376
	336, 376
	45, 376
	107, 376
	370, 376
	265, 377
	136, 377
	199, 377
	111, 377
	105, 378
	297, 378
	86, 378
	237, 378
	255, 378
	163, 379
	-2, 379
	314, 379
	373, 379
	142, 379
	117, 380
	44, 380
	0, 380
	114, 380
	218, 380
	254, 380
	144, 380
	81, 381
	86, 381
	98, 381
	378, 381
	255, 381
	197, 382
	18, 382
	217, 382
	323, 382
	85, 382
	137, 382
	246, 383
	357, 383
	212, 383
	372, 383
	337, 383
	131, 383
	104, 384
	59, 384
	158, 384
	272, 384
	87, 384
	165, 384
	73, 384
	310, 385
	-2, 385
	167, 385
	288, 385
	371, 385
	80, 386
	210, 386
	268, 386
	20, 386
	330, 386
	87, 386
	105, 386
	337, 387
	190, 387
	166, 387
	161, 387
	293, 387
	129, 388
	119, 388
	157, 388
	344, 388
	236, 388
	94, 388
	348, 389
	292, 389
	32, 389
	367, 389
	39, 389
	200, 390
	246, 390
	89, 390
	357, 390
	162, 390
	76, 391
	142, 391
	309, 391
	4, 391
	370, 392
	376, 392
	144, 392
	254, 392
	45, 392
	125, 392
	328, 393
	148, 393
	167, 393
	67, 393
	288, 393
	364, 394
	287, 394
	262, 394
	219, 394
	306, 394
	235, 394
	291, 395
	242, 395
	81, 395
	255, 395
	381, 395
	10, 395
	16, 396
	300, 396
	195, 396
	338, 396
	170, 396
	123, 397
	12, 397
	353, 397
	23, 397
	121, 397
	198, 397
	211, 398
	67, 398
	209, 398
	328, 398
	393, 398
	58, 399
	225, 399
	25, 399
	327, 399
	193, 399
	2, 399
	51, 399
	338, 400
	160, 400
	203, 400
	6, 400
	125, 401
	60, 401
	0, 401
	254, 401
	380, 401
	137, 402
	62, 402
	374, 402
	42, 402
	350, 402
	18, 402
	357, 403
	337, 403
	387, 403
	390, 403
	142, 404
	373, 404
	391, 404
	4, 404
	95, 404
	63, 404
	64, 405
	216, 405
	230, 405
	349, 405
	47, 405
	237, 406
	86, 406
	280, 406
	326, 406
	57, 406
	50, 407
	100, 407
	162, 407
	89, 407
	65, 407
	22, 407
	4, 408
	234, 408
	351, 408
	309, 408
	312, 408
	6, 409
	9, 409
	312, 409
	251, 409
	195, 409
	271, 410
	228, 410
	101, 410
	343, 410
	128, 410
	259, 410
	328, 411
	134, 411
	302, 411
	211, 411
	27, 411
	398, 411
	306, 411
	364, 411
	201, 412
	340, 412
	74, 412
	258, 412
	296, 412
	258, 413
	201, 413
	139, 413
	82, 413
	182, 413
	360, 413
	375, 414
	239, 414
	322, 414
	316, 414
	355, 414
	242, 415
	132, 415
	10, 415
	355, 415
	28, 415
	178, 416
	7, 416
	12, 416
	-4, 416
	54, 416
	195, 417
	409, 417
	6, 417
	400, 417
	338, 417
	410, 418
	128, 418
	149, 418
	30, 418
	346, 418
	259, 418
	138, 419
	283, 419
	213, 419
	153, 419
	169, 419
	89, 420
	282, 420
	387, 420
	293, 420
	390, 420
	403, 420
	111, 421
	106, 421
	377, 421
	187, 421
	199, 421
Mesh Regions: 422
	9, 39, 111, 264, 1037, 1155
	0, 154, 292, 796, 897
	0, 29, 291, 896, 1147
	6, 63, 93, 287, 302, 814
	76, 411, 697, 1102, 1171, 1190
	22, 64, 100, 208, 463, 761, 960
	1, 44, 71, 323, 713, 1152, 1195, 1242
	4, 126, 247, 907, 1236
	14, 18, 56, 169, 235, 524
	1, 70, 415, 711, 893, 1196
	437, 481, 756, 913, 1125, 1232
	2, 16, 182, 268
	3, 4, 127, 130, 1132, 1237
	5, 20, 501, 624, 670, 764
	6, 7, 251, 288, 393, 815
	8, 79, 128, 295, 441
	145, 229, 297, 558, 659, 875, 1126
	42, 49, 57, 84, 367, 925
	156, 304, 451, 889, 1048, 1163
	30, 72, 107, 250, 554, 804
	98, 102, 421, 774, 795, 1074
	34, 335, 352, 374, 504, 825
	43, 68, 585, 693, 786, 1189
	10, 308, 389, 457, 677, 778, 902, 1134
	9, 10, 35, 112, 260, 390, 903
	150, 290, 678, 781, 978, 1144
	11, 12, 28, 707
	101, 668, 686, 992, 1210
	149, 283, 570, 727, 910, 1234
	271, 274, 310, 733, 748, 940
	177, 185, 405, 587, 869, 1248
	13, 15, 113, 531
	14, 170, 520, 835, 880, 972, 1091
	41, 48, 215, 629
	15, 16, 17, 114, 183, 635
	18, 54, 155, 340, 356, 515, 521
	24, 46, 61, 193, 559, 604
	19, 74, 538, 601, 725
	51, 175, 379, 403, 433, 703
	25, 364, 563, 625, 671, 971, 1093
	20, 21, 445, 562, 673
	22, 207, 760, 922
	23, 529, 887, 1008, 1161
	24, 78, 192, 228, 560
	110, 116, 121, 329, 370, 1036
	26, 33, 118, 134, 1018, 1107
	40, 205, 320, 594, 768
	25, 179, 355, 365, 523, 885, 974, 1178
	26, 38, 117, 133, 277, 683
	27, 28, 333, 419, 709
	31, 88, 160, 201, 1184
	29, 36, 234, 427, 844, 899, 1010, 1148
	30, 60, 106, 472, 555
	31, 95, 159, 198, 200, 259
	32, 52, 218, 246, 1239
	67, 341, 348, 667, 928
	33, 34, 119, 351, 822, 999, 1016
	65, 82, 115, 516, 580, 634, 1183
	35, 36, 233, 261, 388, 1142
	37, 96, 190, 819, 1060
	38, 39, 135, 232, 263, 278, 1154
	40, 41, 47, 214, 317, 596
	42, 85, 157, 369, 519, 1005, 1159
	45, 75, 546, 608, 1003, 1173
	53, 366, 400, 424, 444, 1174
	43, 55, 89, 240, 338, 694, 1188
	44, 312, 325, 336, 455, 716
	103, 188, 328, 344, 613, 1112, 1138
	45, 46, 59, 547, 607, 651
	47, 48, 174, 586, 591, 630, 787
	49, 58, 206, 621, 771, 923
	50, 138, 811, 864
	77, 91, 195, 475, 553, 983
	66, 132, 211, 792, 1065
	224, 255, 407, 491, 641, 660, 1216
	109, 172, 337, 512, 696, 790
	51, 165, 378, 432, 698, 949, 1099
	52, 220, 245, 741, 857
	53, 87, 243, 423, 446, 574
	54, 55, 56, 239, 339
	99, 153, 345, 646, 1013, 1071
	57, 58, 81, 622, 1042, 1122
	90, 162, 171, 237, 934, 1222
	59, 60, 61, 105, 194, 473, 652
	62, 73, 286, 549, 802
	63, 64, 94, 305, 758, 959, 1051
	65, 83, 420, 1027, 1043, 1180
	66, 97, 525, 791, 1063, 1076
	67, 189, 342, 428, 750, 932
	68, 202, 584, 1096, 1187, 1256
	69, 151, 187, 818, 980
	70, 71, 373, 414, 714
	72, 73, 550, 556, 636, 803
	74, 120, 142, 163, 536, 600
	143, 743, 856, 968, 1088
	75, 76, 144, 410, 605, 1172
	77, 78, 92, 139, 196, 227, 918
	79, 80, 276, 361, 442
	81, 82, 83, 84, 85, 517, 1044
	86, 87, 241, 447
	88, 89, 90, 161, 238, 1185
	91, 92, 140, 395, 984, 1202
	93, 94, 273, 746, 813, 963
	95, 197, 203, 314, 321
	96, 97, 186, 226, 526, 801, 821, 1059
	98, 99, 422, 645, 1025, 1077
	100, 108, 272, 464, 961, 1263
	101, 503, 685, 823, 991, 1019
	102, 131, 387, 777, 794
	103, 104, 327, 612, 723, 994
	105, 106, 107, 249, 616, 653
	108, 109, 173, 461, 513, 1024, 1262
	110, 122, 330, 740, 904, 967
	136, 147, 383, 567, 684
	111, 112, 123, 125, 372, 900, 1038
	253, 497, 661, 939, 951
	113, 114, 115, 518, 530, 633
	116, 167, 331, 429, 929, 1035
	117, 118, 119, 148, 680, 997
	120, 141, 332, 417, 534, 1084
	121, 122, 123, 124, 371, 905
	124, 125, 126, 127, 901, 906, 1135
	128, 296, 426, 439, 954
	129, 130, 306, 1131
	131, 132, 212, 301, 386, 688, 793
	133, 134, 135, 480, 1108, 1153
	136, 146, 199, 566, 827
	137, 138, 209, 300, 867
	139, 140, 176, 917, 1204, 1246
	141, 142, 143, 164, 969, 1083
	144, 145, 298, 412, 469, 557, 606
	146, 147, 148, 679, 828, 998, 1058
	149, 213, 281, 319, 436, 1231
	150, 151, 152, 676, 977
	610, 784, 945, 957, 1207
	153, 154, 225, 346, 799, 898, 1015
	155, 178, 309, 357, 377, 514, 734, 1022
	156, 157, 368, 1052, 1158
	158, 221, 493, 590, 870, 1251
	159, 160, 161, 162, 258, 1221
	163, 164, 506, 599, 752, 970
	231, 391, 485, 834, 850, 878
	165, 431, 721, 1002, 1034, 1100, 1168
	166, 399, 499, 763, 848
	167, 479, 930, 989, 1041, 1105
	168, 180, 656, 808
	169, 170, 171, 236, 315, 836, 935
	172, 173, 174, 460, 592, 788
	175, 216, 380, 702, 783, 1110
	176, 177, 404, 873, 916, 1247
	178, 179, 358, 376, 886
	180, 181, 265, 269, 807, 865
	182, 183, 267, 385, 488, 578, 631
	184, 353, 589, 643, 735, 839, 1254
	184, 185, 406, 408, 588, 642
	186, 187, 798, 817, 976
	188, 189, 326, 343, 505, 602, 749
	217, 418, 705, 859, 1085
	190, 191, 542, 1061
	192, 193, 194, 195, 196, 474
	197, 198, 223, 257, 322, 829, 1150
	199, 280, 571, 826, 1081
	200, 201, 202, 203, 313, 1098, 1186
	204, 381, 465, 1001, 1030
	205, 206, 207, 208, 462, 593, 767, 921
	209, 210, 211, 212, 299, 544, 1064
	213, 214, 215, 282, 318, 628, 1080
	216, 611, 701, 1068, 1111
	217, 218, 219, 220, 706, 858
	221, 222, 354, 396, 1255
	223, 224, 256, 658, 831, 1130
	225, 226, 347, 527, 800
	227, 228, 229, 561, 876, 914
	230, 244, 275, 359, 576
	231, 316, 484, 737, 833
	232, 233, 234, 262, 279, 845
	235, 236, 237, 238, 239, 240
	241, 242, 243, 244, 577
	245, 246, 247, 742, 908, 1235
	248, 249, 250, 614, 805
	251, 252, 394, 507
	253, 254, 293, 581, 664, 950
	255, 256, 257, 258, 259, 492, 1223
	260, 261, 262, 263, 264
	265, 266, 267, 268, 270, 487
	269, 270, 486, 692, 866
	271, 392, 509, 665, 745, 941
	272, 273, 274, 311, 747, 962, 1265
	275, 276, 363, 438, 575
	277, 278, 279, 384, 681, 842
	280, 281, 282, 283, 569, 1079
	284, 285, 286, 548
	287, 288, 289, 303, 452
	290, 291, 292, 797, 979, 1146
	293, 294, 295, 296, 953
	297, 298, 471, 830, 1128, 1199, 1240
	299, 300, 301, 690, 862
	302, 303, 304, 305, 450, 1047
	306, 307, 308, 459, 1136
	309, 310, 311, 732, 1023, 1266
	312, 313, 314, 324, 453, 1094
	315, 316, 490, 736, 832, 837, 933, 1214, 1220
	317, 318, 319, 320, 435, 769
	321, 322, 323, 324, 325, 1151
	326, 327, 328, 597, 722
	329, 330, 331, 430, 754, 964
	332, 333, 334, 416, 535
	335, 336, 350, 375, 454, 715
	337, 338, 339, 340, 511, 695
	341, 342, 343, 344, 349, 1139
	345, 346, 347, 528, 1072
	348, 349, 666, 1137, 1209
	350, 351, 352, 456, 996, 1055
	353, 354, 398, 483, 739, 1253
	355, 356, 357, 358, 522
	359, 360, 361, 362, 363
	364, 365, 366, 443, 564, 1175
	367, 368, 369, 759, 926, 1049
	370, 371, 372, 1039
	373, 374, 375, 413, 502, 717, 1117
	376, 377, 401, 496, 731, 883, 936
	378, 379, 380, 782, 947
	381, 382, 466, 478
	383, 384, 568, 682, 730, 841
	385, 386, 387, 489, 579, 689, 775
	388, 389, 390, 779, 1143
	391, 626, 765, 852, 882
	392, 393, 394, 510, 744, 816
	395, 467, 540, 987, 1201
	396, 397, 398, 399, 482, 847
	400, 401, 425, 495, 884, 1176
	402, 403, 434, 699, 720
	404, 405, 406, 409, 872
	407, 408, 409, 640, 657, 877
	410, 411, 412, 470, 710, 1191
	413, 414, 415, 609, 892, 1119
	416, 417, 418, 419, 704, 1087
	420, 421, 422, 773, 1028, 1179
	423, 424, 425, 426, 440, 498, 573, 955
	427, 728, 843, 1009, 1226
	428, 429, 430, 753, 931
	431, 432, 433, 434, 719
	435, 436, 437, 623, 770, 1121, 1230
	438, 439, 440, 441, 442, 572
	443, 444, 445, 446, 447, 448, 565
	449, 450, 451, 452, 890
	453, 454, 455, 456, 919, 1053, 1095
	457, 458, 459, 674
	460, 461, 462, 463, 464, 595
	465, 466, 477, 545, 649, 1000
	467, 468, 539, 619, 986
	469, 470, 471, 712, 1198
	472, 473, 474, 475, 552
	476, 477, 478, 617, 648
	479, 480, 1040, 1106, 1156
	481, 644, 757, 1029, 1046, 1123
	482, 483, 484, 485, 738, 849
	486, 487, 488, 489, 691
	490, 491, 492, 1217, 1219
	493, 494, 853, 871, 1205, 1250
	495, 496, 497, 498, 937, 952
	499, 500, 501, 762
	502, 503, 504, 687, 824, 1116
	505, 506, 598, 751
	507, 508, 509, 510, 582, 663
	511, 512, 513, 514, 515, 1021
	516, 517, 518, 519, 532, 1006
	520, 521, 522, 523, 524, 973
	525, 526, 527, 528, 1073
	529, 530, 531, 532, 533, 1007
	534, 535, 536, 537, 538
	539, 540, 541, 854, 1200
	542, 543, 544, 1062
	545, 546, 547, 650, 1004
	548, 549, 550, 551, 618, 637
	552, 553, 554, 555, 556, 638, 982
	557, 558, 559, 560, 561, 603
	562, 563, 564, 565, 672
	566, 567, 568, 569, 570, 571, 729
	572, 573, 574, 575, 576, 577
	578, 579, 580, 632, 776, 1181
	581, 582, 583, 662
	584, 585, 586, 627, 789, 1257
	587, 588, 589, 590, 868, 1252
	591, 592, 593, 594, 595, 596
	597, 598, 599, 600, 601, 602, 724
	603, 604, 605, 606, 607, 608
	609, 610, 894, 943, 956, 1115
	611, 612, 613, 993, 1069, 1113
	614, 615, 616, 617, 647
	618, 619, 620, 639, 985
	621, 622, 623, 772, 1120
	624, 625, 626, 669, 766, 881, 1090
	627, 628, 629, 630, 1082, 1259
	631, 632, 633, 634, 635
	636, 637, 638, 639, 981
	640, 641, 642, 643, 838, 1218
	644, 645, 646, 755, 1012, 1026
	647, 648, 649, 650, 651, 652, 653
	654, 655, 656, 809
	657, 658, 659, 660, 874, 1127
	661, 662, 663, 664, 665, 938
	666, 667, 668, 927, 990, 1208
	669, 670, 671, 672, 673
	674, 675, 676, 677, 678, 780
	679, 680, 681, 682, 683, 684
	685, 686, 687, 958, 1118, 1212
	688, 689, 690, 691, 692, 861
	693, 694, 695, 696, 785
	697, 698, 891, 948, 1101, 1193
	699, 700, 701, 702, 703, 1066
	704, 705, 706, 707, 708, 709
	710, 711, 712, 895, 1194, 1197
	713, 714, 715, 716, 717
	718, 719, 720, 721, 1032
	722, 723, 724, 725, 726
	727, 728, 729, 730, 846, 912, 1228
	731, 732, 733, 734, 942
	735, 736, 737, 738, 739, 840
	740, 741, 742, 743, 860, 909, 966
	744, 745, 746, 747, 748, 812
	749, 750, 751, 752, 753, 754, 965
	755, 756, 757, 911, 1014, 1227
	758, 759, 760, 761, 924, 1050
	762, 763, 764, 765, 766, 851
	767, 768, 769, 770, 771, 772
	773, 774, 775, 776, 777, 1182
	778, 779, 780, 781, 1145
	782, 783, 784, 946, 1109, 1140, 1206
	785, 786, 787, 788, 789, 790
	791, 792, 793, 794, 795, 1075
	796, 797, 798, 799, 800, 801, 975
	802, 803, 804, 805, 806
	807, 808, 809, 810, 811, 863
	812, 813, 814, 815, 816
	817, 818, 819, 820, 821
	822, 823, 824, 825, 1017
	826, 827, 828, 920, 1057, 1078, 1165
	829, 830, 831, 1129, 1149, 1244
	832, 833, 834, 835, 836, 879
	837, 838, 839, 840, 1215
	841, 842, 843, 844, 845, 846
	847, 848, 849, 850, 851, 852
	853, 854, 855, 1203
	856, 857, 858, 859, 860, 1086
	861, 862, 863, 864, 865, 866, 867
	868, 869, 870, 871, 1249
	872, 873, 874, 875, 876, 877, 915
	878, 879, 880, 881, 882, 1089
	883, 884, 885, 886, 1177
	887, 888, 889, 890, 1162
	891, 892, 893, 894, 895, 944, 1192
	896, 897, 898, 899, 1011
	900, 901, 902, 903, 1133
	904, 905, 906, 907, 908, 909
	910, 911, 912, 913, 1229, 1233
	914, 915, 916, 917, 918
	919, 920, 1054, 1097, 1164
	921, 922, 923, 924, 925, 926
	927, 928, 929, 930, 931, 932, 988
	933, 934, 935, 1224
	936, 937, 938, 939, 940, 941, 942
	943, 944, 945, 946, 947, 948, 949
	950, 951, 952, 953, 954, 955
	956, 957, 958, 1114, 1213
	959, 960, 961, 962, 963
	964, 965, 966, 967, 968, 969, 970
	971, 972, 973, 974, 1092
	975, 976, 977, 978, 979, 980
	981, 982, 983, 984, 985, 986, 987
	988, 989, 990, 991, 992, 1020, 1103
	993, 994, 995, 1070
	996, 997, 998, 999, 1056
	1000, 1001, 1002, 1003, 1004, 1033, 1169
	1005, 1006, 1007, 1008, 1160
	1009, 1010, 1011, 1012, 1013, 1014, 1015, 1225
	1016, 1017, 1018, 1019, 1020, 1104
	1021, 1022, 1023, 1024, 1264
	1025, 1026, 1027, 1028, 1029, 1045
	1030, 1031, 1032, 1033, 1034
	1035, 1036, 1037, 1038, 1039, 1040, 1041, 1157
	1042, 1043, 1044, 1045, 1046, 1124
	1047, 1048, 1049, 1050, 1051, 1052
	1053, 1054, 1055, 1056, 1057, 1058
	1059, 1060, 1061, 1062, 1063, 1064, 1065
	1066, 1067, 1068, 1069, 1070
	1071, 1072, 1073, 1074, 1075, 1076, 1077
	1078, 1079, 1080, 1081, 1082, 1166, 1258
	1083, 1084, 1085, 1086, 1087, 1088
	1089, 1090, 1091, 1092, 1093
	1094, 1095, 1096, 1097, 1098, 1167, 1260
	1099, 1100, 1101, 1102, 1170
	1103, 1104, 1105, 1106, 1107, 1108
	1109, 1110, 1111, 1112, 1113, 1141
	1114, 1115, 1116, 1117, 1118, 1119
	1120, 1121, 1122, 1123, 1124, 1125
	1126, 1127, 1128, 1129, 1130
	1131, 1132, 1133, 1134, 1135, 1136
	1137, 1138, 1139, 1140, 1141, 1211
	1142, 1143, 1144, 1145, 1146, 1147, 1148
	1149, 1150, 1151, 1152, 1243
	1153, 1154, 1155, 1156, 1157
	1158, 1159, 1160, 1161, 1162, 1163
	1164, 1165, 1166, 1167, 1261
	1168, 1169, 1170, 1171, 1172, 1173
	1174, 1175, 1176, 1177, 1178
	1179, 1180, 1181, 1182, 1183
	1184, 1185, 1186, 1187, 1188, 1189
	1190, 1191, 1192, 1193, 1194
	1195, 1196, 1197, 1198, 1199, 1241
	1200, 1201, 1202, 1203, 1204, 1205, 1245
	1206, 1207, 1208, 1209, 1210, 1211, 1212, 1213
	1214, 1215, 1216, 1217, 1218
	1219, 1220, 1221, 1222, 1223, 1224
	1225, 1226, 1227, 1228, 1229
	1230, 1231, 1232, 1233, 1234
	1235, 1236, 1237, 1238, 1239
	1240, 1241, 1242, 1243, 1244
	1245, 1246, 1247, 1248, 1249, 1250
	1251, 1252, 1253, 1254, 1255
	1256, 1257, 1258, 1259, 1260, 1261
	1262, 1263, 1264, 1265, 1266
Seed Numbers: 422
	0
	1
	2
	3
	4
	5
	6
	7
	8
	9
	10
	11
	12
	13
	14
	15
	16
	17
	18
	19
	20
	21
	22
	23
	24
	25
	26
	27
	28
	29
	30
	31
	32
	33
	34
	35
	36
	37
	38
	39
	40
	41
	42
	43
	44
	45
	46
	47
	48
	49
	50
	51
	52
	53
	54
	55
	56
	57
	58
	59
	60
	61
	62
	63
	64
	65
	66
	67
	68
	69
	70
	71
	72
	73
	74
	75
	76
	77
	78
	79
	80
	81
	82
	83
	84
	85
	86
	87
	88
	89
	90
	91
	92
	93
	94
	95
	96
	97
	98
	99
	100
	101
	102
	103
	104
	105
	106
	107
	108
	109
	110
	111
	112
	113
	114
	115
	116
	117
	118
	119
	120
	121
	122
	123
	124
	125
	126
	127
	128
	129
	130
	131
	132
	133
	134
	135
	136
	137
	138
	139
	140
	141
	142
	143
	144
	145
	146
	147
	148
	149
	150
	151
	152
	153
	154
	155
	156
	157
	158
	159
	160
	161
	162
	163
	164
	165
	166
	167
	168
	169
	170
	171
	172
	173
	174
	175
	176
	177
	178
	179
	180
	181
	182
	183
	184
	185
	186
	187
	188
	189
	190
	191
	192
	193
	194
	195
	196
	197
	198
	199
	200
	201
	202
	203
	204
	205
	206
	207
	208
	209
	210
	211
	212
	213
	214
	215
	216
	217
	218
	219
	220
	221
	222
	223
	224
	225
	226
	227
	228
	229
	230
	231
	232
	233
	234
	235
	236
	237
	238
	239
	240
	241
	242
	243
	244
	245
	246
	247
	248
	249
	250
	251
	252
	253
	254
	255
	256
	257
	258
	259
	260
	261
	262
	263
	264
	265
	266
	267
	268
	269
	270
	271
	272
	273
	274
	275
	276
	277
	278
	279
	280
	281
	282
	283
	284
	285
	286
	287
	288
	289
	290
	291
	292
	293
	294
	295
	296
	297
	298
	299
	300
	301
	302
	303
	304
	305
	306
	307
	308
	309
	310
	311
	312
	313
	314
	315
	316
	317
	318
	319
	320
	321
	322
	323
	324
	325
	326
	327
	328
	329
	330
	331
	332
	333
	334
	335
	336
	337
	338
	339
	340
	341
	342
	343
	344
	345
	346
	347
	348
	349
	350
	351
	352
	353
	354
	355
	356
	357
	358
	359
	360
	361
	362
	363
	364
	365
	366
	367
	368
	369
	370
	371
	372
	373
	374
	375
	376
	377
	378
	379
	380
	381
	382
	383
	384
	385
	386
	387
	388
	389
	390
	391
	392
	393
	394
	395
	396
	397
	398
	399
	400
	401
	402
	403
	404
	405
	406
	407
	408
	409
	410
	411
	412
	413
	414
	415
	416
	417
	418
	419
	420
	421
Phase Numbers: 422
	2
	2
	1
	3
	2
	3
	2
	2
	0
	2
	2
	1
	3
	2
	0
	2
	0
	0
	2
	3
	3
	3
	2
	2
	2
	3
	1
	2
	3
	3
	3
	3
	3
	3
	2
	3
	2
	3
	0
	2
	2
	2
	2
	2
	3
	3
	1
	2
	0
	2
	0
	2
	0
	2
	2
	3
	1
	3
	2
	3
	2
	1
	2
	3
	2
	2
	3
	3
	2
	2
	3
	2
	3
	3
	3
	2
	3
	2
	3
	2
	1
	2
	0
	0
	2
	3
	2
	3
	2
	2
	2
	2
	3
	2
	2
	2
	0
	0
	1
	3
	0
	0
	3
	3
	0
	2
	2
	3
	2
	3
	1
	2
	1
	3
	2
	2
	2
	3
	2
	3
	3
	3
	2
	3
	3
	3
	1
	3
	2
	2
	2
	3
	2
	1
	3
	2
	2
	0
	2
	2
	0
	2
	3
	2
	2
	2
	2
	2
	3
	3
	2
	3
	0
	3
	3
	0
	2
	3
	2
	0
	2
	3
	2
	3
	2
	2
	3
	3
	3
	0
	3
	2
	3
	3
	3
	3
	3
	2
	3
	3
	3
	0
	3
	2
	0
	1
	2
	1
	2
	2
	3
	2
	0
	2
	1
	2
	0
	3
	3
	3
	3
	1
	2
	3
	3
	2
	2
	0
	3
	3
	3
	2
	3
	3
	2
	1
	3
	3
	3
	3
	3
	2
	2
	2
	3
	3
	2
	0
	2
	3
	2
	0
	3
	3
	3
	1
	1
	2
	3
	0
	3
	2
	1
	1
	3
	0
	2
	1
	3
	1
	3
	2
	3
	3
	1
	2
	3
	2
	3
	3
	3
	0
	3
	1
	2
	3
	2
	2
	3
	2
	3
	0
	3
	3
	2
	1
	2
	3
	1
	3
	3
	2
	3
	3
	2
	3
	1
	2
	1
	3
	2
	2
	3
	2
	3
	1
	0
	2
	2
	3
	2
	3
	2
	3
	3
	3
	1
	2
	3
	2
	3
	2
	3
	3
	3
	2
	3
	2
	2
	3
	2
	3
	3
	2
	3
	2
	3
	2
	2
	3
	2
	0
	3
	3
	3
	2
	2
	3
	0
	3
	1
	3
	3
	2
	2
	2
	2
	1
	2
	2
	3
	2
	2
	3
	0
	3
	1
	3
	3
	3
	2
	1
	3
	0
	3
	3
	3
	1
	3
	2
	2
	2
	2
	2
	2
	3
	3
	3
	3
	0
	2
	2
	2
	3
	3
	0
	2
	2
	1
	2
	1
	2
	3
	3
	2
	2
	1
	2
	2
	3
	3
	3
	0
	3
	3
	3
	3
	2
	2
	2
	3
	3
	2
	3
	0
	2
	1
	2
	3
	3
	2
	2
Volumes: 422
	0.0033227663016786612
	0.002196621145074083
	0.0021670894045764584
	0.002239756237170227
	0.0024990376158169924
	0.003122393240370473
	0.0028659980388515646
	0.0025442722830641435
	0.0029780559427999066
	0.002408852505189938
	0.0026899187295415855
	0.0012658991647737392
	0.002856055526306207
	0.001831913263299198
	0.002783418250287966
	0.0015047449566133995
	0.0031086762937743715
	0.0018404051760192183
	0.0015639244388695379
	0.001521965379561995
	0.0026277880946352587
	0.0025541459530773122
	0.002483590352895832
	0.0034438951371282417
	0.0033602724350474903
	0.0022770085402014383
	0.0025466860323640995
	0.0022022312467730337
	0.002393073909637641
	0.0028585998011417327
	0.002208906792045661
	0.0015436588519901434
	0.0025058544927569226
	0.0018441157258214953
	0.00221117080459695
	0.0028246199438555606
	0.0029265493881052555
	0.0032508568704823874
	0.002462576058136302
	0.0026858711609164137
	0.002474104444616862
	0.0024963515411732277
	0.0015536953810438591
	0.0015058653275051735
	0.0024660039713064906
	0.0018221072427645744
	0.0018502005182785355
	0.003275598653924324
	0.0021453605807796533
	0.002553238700827306
	0.0017681067920721286
	0.0034898943235877646
	0.0014168721044334536
	0.0017521957545889857
	0.001383828965005973
	0.0027263627527827758
	0.0025099091296224892
	0.002459239378846375
	0.0032883377406635558
	0.0014995012355883937
	0.0029343101275969546
	0.002081778931686925
	0.0021730441287349904
	0.00309040289862173
	0.002213554798445567
	0.0026137111082755217
	0.002425313649826511
	0.003133514171134403
	0.0021499501516172833
	0.0026902182608552327
	0.0021023285407996573
	0.001559172922627683
	0.0024396008255094153
	0.0024931016302898643
	0.002324846400462727
	0.0026226190947044826
	0.0019593040843389384
	0.0024694900054691746
	0.0021776012081478643
	0.0017025186895962448
	0.003289907502718551
	0.002526540393030023
	0.0028991083472181016
	0.0027700167791133382
	0.00153136804827273
	0.0023152266820950264
	0.002658287595951438
	0.002937112987587731
	0.002527211913004144
	0.0026048739642972113
	0.00116614939904969
	0.0021046195562518
	0.002156016088688523
	0.002049388197162687
	0.002357273004570346
	0.002338490509093316
	0.00241554695227136
	0.0013661596009350366
	0.0030372356425674625
	0.0020895612108375074
	0.002076136438891817
	0.0022113812624060883
	0.0022083351796756833
	0.0022668069785317536
	0.003384562672337036
	0.002675495780032576
	0.002031627863002073
	0.0031450502060786046
	0.0024143418422620804
	0.0028912317708652394
	0.002137466367961711
	0.0018673270167763308
	0.002402204031203099
	0.0019840628331398717
	0.003080825570621728
	0.0026281198431695454
	0.002168617384827796
	0.0028496248216789604
	0.002619678152754131
	0.0023883700878869164
	0.002417084621929196
	0.002894431392341251
	0.0018783293615931198
	0.00172376200677296
	0.0025176145242964553
	0.0020730210786663113
	0.001694981145334683
	0.0025179376419309377
	0.0017126171745322702
	0.0020376580096583864
	0.003115786358048253
	0.002350521365454025
	0.002371018247517372
	0.0014877459627570136
	0.002170556109939173
	0.0030155485928048033
	0.002860867432665761
	0.0016728022237274152
	0.0024101256797796084
	0.002739072534351939
	0.0025507964072739872
	0.0021365947571176736
	0.0024984777973694836
	0.001517241438013434
	0.0024234363207407054
	0.0012900387779850443
	0.0025572053592642172
	0.0029801463866261204
	0.002444450097397999
	0.0023778024396074625
	0.0022449541648986754
	0.001844588366942417
	0.002416041812498101
	0.0030302957629349736
	0.0015984532873715284
	0.002999052824725296
	0.002908085368022137
	0.0024562456381770925
	0.001072000831369845
	0.0016178769826296513
	0.003115843095657623
	0.0021489961679243166
	0.0027647573358718864
	0.0023209310281666964
	0.0032692663724235823
	0.0032786579305835424
	0.002520948936515868
	0.0026969651622091384
	0.0023069882920742986
	0.0027932111113441052
	0.002767372742036243
	0.0021312056520676297
	0.0022871902637464116
	0.0023656612178506405
	0.0031259982843117196
	0.0029030299218619684
	0.0026200093076928243
	0.002620044153288618
	0.0019247404949141217
	0.0018849134257242777
	0.0011181918852091676
	0.0017388684646913212
	0.002491926650632686
	0.0022183438213173885
	0.001972313470944258
	0.0027659135248372466
	0.002579880915714479
	0.002896763824857755
	0.00189409641884574
	0.0024937550534571648
	0.0020133893718309597
	0.0016417006241406476
	0.0026436192407475155
	0.0023475643722923817
	0.0017418530206158354
	0.0028746656698318105
	0.0020381845021346183
	0.0027177255735458617
	0.0015769450807593308
	0.001819550903530345
	0.002997194713263292
	0.002881779058224352
	0.002462609438521481
	0.0032226366950139558
	0.0024213559990911983
	0.002180782291605952
	0.002015752372968723
	0.0026089292651324085
	0.0025939073222579125
	0.0026192962726100167
	0.002355394131457674
	0.0017216898876734488
	0.002372599490587793
	0.003344737169610393
	0.0018520137866238715
	0.0016723382215253935
	0.003067916438054047
	0.0028082996380591873
	0.0015548691963348576
	0.002232518304157037
	0.0026392320229933854
	0.002017232371133198
	0.0008244664974353541
	0.0024728812763006
	0.0027853830298588574
	0.002449242655763944
	0.0016999249433229911
	0.0030641947088000665
	0.0014890354593971175
	0.0027041673592506296
	0.002655344106429949
	0.002331605119216639
	0.002546696415519689
	0.0022341548476258015
	0.002135990796880694
	0.0026916405922388573
	0.0023784026529145717
	0.0020198146149725416
	0.0028376723754595804
	0.0031188876753968317
	0.001994397848637251
	0.0024846254104622014
	0.0019708618831692794
	0.002692013084701557
	0.003139884710864867
	0.0012290035828332983
	0.0023249174203081964
	0.0015591324299404233
	0.0027975293963983816
	0.0024401479653266287
	0.002814007362962343
	0.002760253346611699
	0.0023530505367856257
	0.0011756194108237367
	0.0024563886565420025
	0.002133063072301878
	0.0032088507383575314
	0.002256078214084088
	0.0024116684071862063
	0.0026781052123735862
	0.0023810154016554457
	0.000900025118658434
	0.0026151172850573307
	0.0017669139636614368
	0.0016147483297414965
	0.0028382912953902593
	0.0031343629796586826
	0.0030910993348429957
	0.00262705243248863
	0.001925692973941161
	0.0028565219699058847
	0.001978855556019126
	0.0015825313672855664
	0.0019573437175525424
	0.0023524764248067775
	0.0027460432543020504
	0.0022663037971344963
	0.001912979008949604
	0.0027429462650913083
	0.002075975681214223
	0.0025748556416447517
	0.0017799377333530784
	0.002073413247505072
	0.002244980881822454
	0.0029218525910029453
	0.0027154036360367995
	0.0020962855119712005
	0.002870471622493525
	0.0029033803526894914
	0.00157818080319719
	0.003100217844887518
	0.0022000480363459363
	0.002895650014712498
	0.0017020060524010686
	0.0019608584938799367
	0.001838519105967755
	0.002230227742512749
	0.0021929588750542223
	0.0019550644864106273
	0.0007111339315628358
	0.002662456798517292
	0.0020266884426907612
	0.0025967756137430143
	0.0027224497638690375
	0.00242137557372295
	0.002353551586412791
	0.0021088389359868232
	0.0023933325527785484
	0.002492746580428395
	0.002418019361484848
	0.0030383812726141905
	0.002469671315137133
	0.002660555097143198
	0.001982507343981697
	0.0022644344069203096
	0.0024974560278423893
	0.0024040297914542296
	0.0026869330342443633
	0.002821524818474034
	0.0025315595233544597
	0.002814766347689588
	0.0027163972460760334
	0.0023520737157459717
	0.0028305902881880134
	0.0022373129314856794
	0.002447778568934178
	0.0023619805794140815
	0.002120605216906849
	0.0032517493326578075
	0.0026216870707489693
	0.0026704197219665077
	0.0027748109377049566
	0.0018202644036233993
	0.0028911209208859825
	0.0019631138851762373
	0.0012327098008317815
	0.002233125702169513
	0.0026518731959961736
	0.002255866408565502
	0.002072174220626666
	0.002255910435622135
	0.0029290113563830997
	0.00202169190970992
	0.0013089384866281908
	0.002497605955773523
	0.00333712204469114
	0.002226216319362183
	0.002457351340825452
	0.0028119718175121976
	0.002825899702407778
	0.0008658359083569229
	0.0036353368996710845
	0.0021790706519973567
	0.0026440610753826806
	0.0017947296772222927
	0.002492484753532525
	0.0017415430573380097
	0.0018849046116838995
	0.002196065980986349
	0.003035931514746843
	0.0014828447348857504
	0.003123996657229181
	0.0034436933771422092
	0.0030033288077370127
	0.0017812448169750375
	0.0022011743762789023
	0.002351058384668323
	0.002318591015390469
	0.002352709503127024
	0.0029101588738341495
	0.0031219494113346375
	0.0019203440589239337
	0.0017729243656953043
	0.0029453430533065554
	0.002313357169150523
	0.0032340836254004268
	0.002786183868913311
	0.001869378963830637
	0.0030914586047158144
	0.0027849489322881726
	0.0033945081235541063
	0.0030049820677368446
	0.0023830853630996797
	0.0016950118731017608
	0.0021484611993694835
	0.0022262038455093816
	0.003240975137234186
	0.0024064071225350786
	0.0019550408050276443
	0.0019134897838122323
	0.003077004194667975
	0.0021753089708424207
	0.0020202320524529745
	0.0029562283312630677
	0.0026179269149504123
	0.0018253131216575396
	0.00179614394999603
	0.003348313016946061
	0.0026819668400889026
	0.0034323032551258677
	0.0025922664542611684
	0.0022840545632518087
	0.0021948286625677544
	0.0016650830780393481
	0.0026224565005037955
	0.002428551045188043
	0.0019081123797724986
	0.00194961526293388
	0.0021483784189345973
	0.0020068515441808384
	0.0028229225985641083
	0.0026929880897961396
	0.001791812947013344
	0.0019786427694187285
	0.0016657121258326626
	0.0017985871806856808
	0.0019540063509795452
	0.002492766601972547
	0.002285689706154866
	0.0024937600446051523
	0.0020034387782862416
	0.002277472120576263
