Mesh Points: 838
	-2.389142e-01,  2.869389e-02
	-2.041969e-01,  4.366524e-02
	-1.688886e-01,  1.443784e-02
	-1.711724e-01, -9.594163e-03
	-2.138267e-01, -1.363501e-02
	-1.853732e-01, -1.902192e-02
	-1.043411e-01, -4.109508e-01
	-1.111495e-01, -4.101587e-01
	-1.259201e-01, -3.583687e-01
	-5.732659e-02, -3.691004e-01
	-6.875999e-02, -3.483935e-01
	-5.786297e-02, -3.787852e-01
	-7.641248e-02, -3.456248e-01
	 4.729451e-01, -2.157792e-01
	 4.267470e-01, -2.157111e-01
	 4.912716e-01, -1.814167e-01
	 4.438566e-01, -1.648195e-01
	 4.402462e-01, -1.665266e-01
	 2.795683e-01,  2.718888e-01
	 3.005232e-01,  2.655605e-01
	 2.696915e-01,  2.905966e-01
	 2.861833e-01,  3.238746e-01
	 3.171348e-01,  3.112732e-01
	 3.045964e-01,  2.676979e-01
	-1.925406e-01, -4.400463e-01
	-2.193862e-01, -4.551981e-01
	-1.885315e-01, -3.974264e-01
	-2.366143e-01, -4.021991e-01
	-2.402655e-01, -4.060753e-01
	-2.224528e-01, -4.543557e-01
	-4.259856e-01, -3.439765e-02
	-4.254057e-01, -5.266902e-02
	-3.978282e-01, -1.358233e-02
	-3.664448e-01, -4.780822e-02
	-3.738534e-01, -5.759863e-02
	-4.076864e-01, -6.623155e-02
	-4.504716e-03, -8.133241e-02
	 7.766451e-03, -1.112662e-01
	-4.730210e-02, -9.597660e-02
	-4.944446e-02, -1.060967e-01
	-8.057417e-03, -1.334235e-01
	-1.208445e-02, -1.341463e-01
	 4.988272e-01,  1.299297e-01
	 5.000000e-01,  1.299457e-01
	 4.536525e-01,  1.657973e-01
	 4.709024e-01,  2.003922e-01
	 4.519006e-01,  1.716944e-01
	 5.000000e-01,  1.968399e-01
	 1.907126e-01,  4.255221e-02
	 1.785709e-01,  7.562474e-02
	 2.248416e-01,  3.912375e-02
	 2.026257e-01,  9.320645e-02
	 2.349185e-01,  7.797116e-02
	 2.356183e-01,  5.153543e-02
	 4.340718e-01,  1.388939e-02
	 3.932100e-01,  2.461394e-02
	 4.469230e-01,  5.398024e-02
	 4.095063e-01,  5.689861e-02
	-2.483698e-01, -1.322578e-01
	-2.539541e-01, -9.567001e-02
	-2.019934e-01, -1.392557e-01
	-1.946887e-01, -1.332039e-01
	-2.154633e-01, -7.555436e-02
	-2.045284e-01, -7.684098e-02
	 3.457545e-01,  4.653778e-02
	 3.607240e-01,  9.083499e-02
	 3.931976e-01,  2.460795e-02
	 3.963890e-01,  8.460596e-02
	 5.000000e-01, -2.500150e-01
	 4.913503e-01, -2.484898e-01
	 5.000000e-01, -1.784214e-01
	-2.556280e-01, -5.000000e-01
	-2.556901e-01, -4.713290e-01
	-3.128483e-01, -5.000000e-01
	-2.908994e-01, -4.565644e-01
	-3.141924e-01, -4.825175e-01
	 2.417809e-05, -2.512556e-03
	 5.365334e-02, -3.768436e-03
	-4.442236e-03, -4.076873e-02
	 6.370906e-02, -2.577216e-02
	 2.565661e-02, -6.114470e-02
	 7.550385e-03, -5.917680e-02
	 1.170498e-01,  6.494605e-03
	 1.476698e-01,  1.307231e-02
	 8.385566e-02,  3.312597e-02
	 1.158534e-01,  6.911802e-02
	 1.334627e-01,  6.595867e-02
	-7.217820e-02,  1.052690e-01
	-6.961207e-02,  1.422187e-01
	-1.015338e-01,  9.225913e-02
	-1.281857e-01,  1.354435e-01
	-1.286564e-01,  1.133579e-01
	-8.369144e-02,  1.543279e-01
	-7.648861e-02,  1.530725e-01
	 1.070212e-01,  3.952090e-01
	 8.961404e-02,  4.288309e-01
	 1.419188e-01,  3.958865e-01
	 1.328040e-01,  4.541344e-01
	 1.518871e-01,  4.104112e-01
	-3.324968e-01, -3.749297e-01
	-3.209668e-01, -4.171626e-01
	-3.336059e-01, -3.746151e-01
	-3.776280e-01, -4.027407e-01
	-3.687529e-01, -4.411927e-01
	-3.622645e-01, -4.454848e-01
	-2.544656e-01, -3.442269e-01
	-2.889097e-01, -3.630830e-01
	-2.761250e-01, -2.978614e-01
	-3.027249e-01, -3.048344e-01
	-2.979395e-01, -2.986463e-01
	-3.049988e-01, -3.590147e-01
	-2.886086e-01, -2.948953e-01
	-1.625974e-01,  8.626504e-02
	-1.638147e-01,  8.223414e-02
	-1.832423e-01,  1.360627e-01
	-1.979886e-01,  1.446147e-01
	-2.290831e-01,  9.864170e-02
	-1.935246e-01,  7.099263e-02
	-3.557340e-01,  2.998134e-01
	-3.791315e-01,  3.306148e-01
	-3.610407e-01,  3.594915e-01
	-3.245458e-01,  3.467412e-01
	-3.183557e-01,  3.345792e-01
	-8.676284e-03, -4.618024e-01
	 1.587226e-02, -4.311671e-01
	-2.815414e-02, -4.631729e-01
	-4.508798e-02, -4.233562e-01
	-4.024751e-02, -4.095221e-01
	 5.573886e-03, -4.068792e-01
	 1.439638e-02, -4.131701e-01
	 1.203497e-01, -3.944762e-01
	 1.246286e-01, -4.307177e-01
	 9.982879e-02, -4.452810e-01
	 5.914973e-02, -3.932659e-01
	 7.188245e-02, -4.397122e-01
	 4.838957e-01, -4.321754e-01
	 5.000000e-01, -4.331546e-01
	 4.742329e-01, -3.948388e-01
	 5.000000e-01, -3.744956e-01
	-1.568649e-01, -1.878422e-01
	-1.674646e-01, -1.950305e-01
	-1.568007e-01, -1.484213e-01
	-1.780478e-01, -1.320809e-01
	-2.014482e-01, -1.811383e-01
	-1.810458e-01,  5.000000e-01
	-2.023085e-01,  4.696048e-01
	-2.118921e-01,  4.682775e-01
	-2.226939e-01,  4.751709e-01
	-2.271601e-01,  5.000000e-01
	 3.046169e-01, -2.408179e-01
	 2.711648e-01, -2.312366e-01
	 3.220204e-01, -1.989006e-01
	 2.631769e-01, -1.889007e-01
	 2.630919e-01, -1.889578e-01
	 3.175937e-01, -1.872245e-01
	-3.941570e-01, -2.544525e-01
	-4.039142e-01, -2.374837e-01
	-3.509791e-01, -2.579566e-01
	-3.875524e-01, -2.020519e-01
	-3.871624e-01, -2.018670e-01
	-3.562729e-01, -2.119965e-01
	-3.487351e-01, -2.564943e-01
	 5.000000e-01, -3.574624e-01
	 4.521113e-01, -3.323508e-01
	 5.000000e-01, -3.065973e-01
	 4.620495e-01, -3.063114e-01
	 4.491319e-01, -3.254086e-01
	-1.460927e-01,  2.984706e-01
	-1.504471e-01,  2.524263e-01
	-1.917316e-01,  3.062229e-01
	-1.554565e-01,  2.474452e-01
	-1.943852e-01,  2.668143e-01
	 1.528568e-01, -4.474863e-01
	 1.910699e-01, -4.108828e-01
	 1.230023e-01, -3.895989e-01
	 1.811770e-01, -3.716630e-01
	 1.920269e-01, -3.849782e-01
	 2.997899e-01, -4.009141e-01
	 2.940536e-01, -4.180832e-01
	 2.718403e-01, -3.657321e-01
	 2.419349e-01, -3.838838e-01
	 2.609621e-01, -3.635035e-01
	 2.493354e-01, -4.329595e-01
	 2.562148e-01, -4.347480e-01
	 2.280574e-01,  8.846749e-03
	 1.710429e-01,  1.492587e-02
	 2.011467e-01, -7.315865e-03
	 4.176694e-02,  5.000000e-01
	 1.813435e-02,  4.706180e-01
	-3.491425e-03,  5.000000e-01
	-3.840875e-03,  4.818869e-01
	-1.956995e-01,  3.527090e-01
	-1.787634e-01,  3.658244e-01
	-2.407374e-01,  3.806512e-01
	-2.343125e-01,  4.160372e-01
	-2.211433e-01,  4.222486e-01
	-1.903637e-01,  4.148116e-01
	-7.387378e-02,  4.425580e-01
	-4.292181e-02,  4.678858e-01
	-1.053948e-01,  4.755328e-01
	-9.962938e-02,  5.000000e-01
	-5.515173e-02,  5.000000e-01
	-4.656945e-01,  3.684467e-02
	-4.382246e-01,  5.218768e-02
	-5.000000e-01,  5.243295e-02
	-4.647824e-01,  9.056929e-02
	-4.378125e-01,  7.029322e-02
	-5.000000e-01,  5.855038e-02
	-5.000000e-01,  4.938941e-01
	-4.634474e-01,  4.513490e-01
	-5.000000e-01,  4.088991e-01
	-4.981136e-01,  4.093661e-01
	-7.158790e-02, -1.456970e-03
	-6.685742e-02,  5.048461e-02
	-1.013222e-01, -7.172091e-03
	-1.031773e-01,  6.024942e-02
	-1.288023e-01,  4.474542e-02
	 7.209780e-02,  4.415004e-01
	 8.129674e-02,  4.310433e-01
	 2.365602e-02,  4.451225e-01
	 1.948552e-02,  4.398827e-01
	 2.365492e-02,  3.967955e-01
	 4.868817e-02,  3.845464e-01
	 5.188126e-02,  3.856923e-01
	-7.396861e-02,  4.420497e-01
	-4.043087e-02,  3.993091e-01
	-3.623048e-02,  4.661565e-01
	-1.526190e-02,  4.340488e-01
	-3.007063e-02,  4.034030e-01
	 3.248857e-01, -3.931937e-01
	 3.391611e-01, -4.496368e-01
	 3.205598e-01, -4.543164e-01
	 3.520494e-01, -4.146379e-01
	-4.171482e-01, -1.081299e-01
	-4.158792e-01, -1.071232e-01
	-4.635378e-01, -7.947206e-02
	 3.632154e-01,  4.592706e-01
	 3.325142e-01,  4.513112e-01
	 3.098302e-01,  4.723309e-01
	 3.234464e-01,  5.000000e-01
	 3.577486e-01,  5.000000e-01
	-2.387344e-01, -3.748665e-02
	-2.753071e-01, -3.572915e-02
	-2.432436e-01,  2.971053e-02
	-2.855235e-01, -5.275898e-03
	-4.739153e-01, -4.579322e-01
	-5.000000e-01, -4.637422e-01
	-4.643021e-01, -4.251605e-01
	-5.000000e-01, -4.204131e-01
	-4.690753e-01, -4.148200e-01
	 3.123992e-01, -3.192423e-01
	 3.150155e-01, -3.433255e-01
	 2.781510e-01, -3.023910e-01
	 2.459962e-01, -3.273700e-01
	 3.891712e-01,  1.488248e-01
	 3.559474e-01,  9.923705e-02
	 3.885817e-01,  1.522689e-01
	 3.575668e-01,  1.798236e-01
	 3.296305e-01,  1.120333e-01
	 3.235492e-01,  1.344678e-01
	 3.555335e-01,  1.800571e-01
	 1.764577e-01,  2.312480e-01
	 1.482561e-01,  2.675637e-01
	 1.452612e-01,  2.119498e-01
	 1.223629e-01,  2.310728e-01
	 1.419300e-01,  2.677097e-01
	 4.013464e-01, -3.728255e-01
	 3.828239e-01, -3.825873e-01
	 4.031203e-01, -3.220601e-01
	 3.692344e-01, -3.255371e-01
	 3.529240e-01, -3.513127e-01
	 3.327681e-01, -3.552171e-01
	 3.345862e-01, -2.938908e-01
	 3.434764e-01, -2.945797e-01
	-4.002780e-01,  2.832648e-01
	-4.145192e-01,  2.982885e-01
	-4.091665e-01,  2.505435e-01
	-4.324072e-01,  2.444331e-01
	-4.525862e-01,  2.670740e-01
	-4.478719e-01,  2.852287e-01
	 2.996241e-01,  5.462374e-02
	 3.421963e-01,  4.449801e-02
	 3.312401e-01, -5.106840e-03
	 2.827557e-01,  3.588264e-02
	 2.824361e-01,  2.942035e-03
	 3.066506e-03,  3.875393e-01
	-3.731756e-04,  3.501817e-01
	 1.620756e-02,  3.367792e-01
	 3.945897e-02,  3.486505e-01
	 5.000000e-01,  4.141216e-01
	 4.542653e-01,  4.005028e-01
	 5.000000e-01,  4.627459e-01
	 4.409455e-01,  4.351494e-01
	 4.571181e-01,  4.669637e-01
	-1.373714e-01,  4.582389e-02
	 1.507953e-01, -2.679299e-02
	 1.519653e-01,  1.059181e-02
	 1.184458e-01, -3.750730e-02
	 1.036118e-01, -2.599904e-02
	-3.707220e-01, -1.518245e-01
	-3.779139e-01, -1.562556e-01
	-4.136291e-01, -1.450545e-01
	-3.683929e-01, -1.065126e-01
	-3.631208e-01, -1.110849e-01
	-4.219521e-01, -1.291457e-01
	-7.876292e-02,  3.210599e-01
	-9.300692e-02,  2.947421e-01
	-4.679610e-02,  3.204686e-01
	-8.749625e-02,  2.750227e-01
	-2.131645e-02,  2.599981e-01
	-1.717344e-02,  2.843998e-01
	-2.510601e-01,  2.064452e-01
	-2.551764e-01,  2.541773e-01
	-2.971078e-01,  2.099800e-01
	-2.847118e-01,  2.574415e-01
	-3.101840e-01,  2.267137e-01
	-3.101691e-01,  2.246188e-01
	-4.676337e-02, -5.000000e-01
	-4.597657e-02, -4.844481e-01
	-9.951019e-02, -5.000000e-01
	-1.025577e-01, -4.742455e-01
	-8.379388e-02, -4.639417e-01
	-1.562668e-01, -5.000000e-01
	-1.417003e-01, -4.604504e-01
	-4.576300e-01, -5.000000e-01
	-4.518795e-01, -4.790440e-01
	-4.241780e-01, -4.716478e-01
	-4.032498e-01, -5.000000e-01
	-4.177288e-01, -3.749778e-01
	-4.648953e-01, -3.945965e-01
	-4.862177e-01, -3.685127e-01
	-4.739373e-01, -3.448129e-01
	-4.464180e-01, -3.385978e-01
	-4.162520e-01, -3.659178e-01
	-4.682467e-01, -1.178106e-02
	-5.000000e-01, -4.567317e-03
	-4.884572e-01, -6.270783e-02
	-5.000000e-01, -6.291347e-02
	-4.335604e-01,  3.556518e-01
	-4.373561e-01,  3.567301e-01
	-3.867500e-01,  3.898113e-01
	-4.480524e-01,  3.901782e-01
	-4.243708e-01,  4.166926e-01
	-3.255904e-02, -2.349710e-01
	-5.920577e-02, -2.327761e-01
	-2.007279e-02, -1.899572e-01
	-3.403721e-02, -1.755483e-01
	-6.086407e-02, -1.744747e-01
	-8.539756e-02, -2.055377e-01
	-8.026890e-02, -2.775756e-01
	-1.005789e-01, -2.833697e-01
	-9.975276e-02, -2.067780e-01
	-1.167530e-01, -2.378391e-01
	-1.376512e-01,  3.420889e-01
	-1.406906e-01,  3.021162e-01
	-1.615336e-01,  3.659178e-01
	-2.045431e-01,  3.207732e-01
	 4.001141e-01,  2.192491e-01
	 4.012983e-01,  2.261045e-01
	 3.554728e-01,  2.547385e-01
	 3.617335e-01,  2.576333e-01
	 3.278471e-01,  2.029260e-01
	-3.048577e-01, -1.278052e-01
	-3.241901e-01, -1.299287e-01
	-2.954344e-01, -1.003193e-01
	-3.429232e-01, -1.105622e-01
	-3.186725e-01, -7.905574e-02
	 4.074543e-01, -4.366631e-01
	 3.749379e-01, -4.051614e-01
	 3.908807e-01, -4.631202e-01
	 3.632025e-01, -4.685629e-01
	-3.757036e-01,  2.276699e-01
	-3.443034e-01,  2.683759e-01
	-3.538139e-01,  1.972566e-01
	-3.742722e-01,  2.161979e-01
	 2.252900e-01, -4.458093e-01
	 1.425293e-01,  1.328252e-01
	 1.066133e-01,  1.249058e-01
	 1.369172e-01,  1.755155e-01
	 1.043041e-01,  1.765786e-01
	 9.714869e-02,  1.330435e-01
	 1.612417e-01, -2.371225e-01
	 1.579527e-01, -2.386700e-01
	 1.564094e-01, -1.867697e-01
	 1.413618e-01, -1.820402e-01
	 1.065951e-01, -2.268692e-01
	 1.063397e-01, -2.097558e-01
	-3.180548e-01,  9.496615e-03
	-3.099967e-01,  5.898161e-02
	-2.625103e-01,  6.912913e-02
	-9.926557e-03,  8.391199e-03
	-5.946120e-02, -8.476954e-03
	-3.527068e-02,  5.814393e-02
	-4.630204e-02,  6.402156e-02
	-5.000000e-01, -3.686286e-01
	-2.780879e-01, -4.302361e-02
	-2.611462e-01, -9.130628e-02
	 4.314138e-03, -3.503423e-01
	-1.690504e-05, -3.563167e-01
	-2.616346e-03, -3.171370e-01
	-3.206919e-02, -2.989230e-01
	-3.186385e-02, -2.988625e-01
	-3.741059e-01,  3.902846e-01
	-4.092265e-01,  3.272852e-01
	-1.442859e-01, -4.521701e-01
	-8.031147e-02, -4.338893e-01
	-1.353921e-01, -4.270288e-01
	 2.783456e-01, -2.852178e-01
	 2.444504e-01, -2.592950e-01
	 2.297648e-01, -3.188243e-01
	-1.181754e-01, -1.388903e-01
	-1.552308e-01, -9.483293e-02
	-1.100580e-01, -1.148835e-01
	-1.057713e-01, -1.234272e-01
	-1.371486e-01, -2.991823e-01
	-1.022900e-01, -2.856659e-01
	-1.699284e-01, -2.677855e-01
	-1.718449e-01, -2.459611e-01
	-1.710077e-01, -2.448453e-01
	 1.624968e-02,  3.136307e-01
	 4.545144e-02,  2.961827e-01
	 8.021618e-02,  3.254194e-01
	-6.144355e-02,  2.132658e-01
	-2.443987e-02,  2.340885e-01
	-9.119400e-02,  2.252186e-01
	-9.813783e-02,  2.527805e-01
	-1.831374e-02,  2.529287e-01
	 5.000000e-01,  1.484312e-02
	 4.588984e-01,  6.271869e-02
	 5.000000e-01,  7.057164e-02
	 4.608960e-01,  6.848100e-02
	-1.795075e-01, -3.882172e-01
	-2.070538e-01, -3.394204e-01
	-1.793314e-01, -3.871992e-01
	-2.325671e-01, -3.501659e-01
	 3.457855e-01,  4.065454e-01
	 3.820267e-01,  4.171602e-01
	 3.240757e-01,  4.251308e-01
	 3.843536e-01,  4.445557e-01
	 3.868058e-01,  4.377087e-01
	-1.910454e-01, -6.979447e-02
	-1.613635e-01, -8.049887e-02
	 3.449622e-01, -1.588026e-01
	 3.275281e-01, -1.629894e-01
	 3.025944e-01, -1.344395e-01
	 3.150980e-01, -1.063630e-01
	 3.448517e-01, -9.454982e-02
	 3.488535e-01, -9.591478e-02
	 3.608203e-01, -1.384032e-01
	-4.653998e-01,  3.398574e-01
	-5.000000e-01,  3.588998e-01
	-4.705512e-01,  3.147150e-01
	-5.000000e-01,  2.992358e-01
	 4.530200e-01,  5.000000e-01
	 4.522425e-01,  4.736248e-01
	 4.125892e-01,  4.784466e-01
	 4.063966e-01,  5.000000e-01
	 2.441761e-01, -2.585332e-01
	 3.127343e-01, -2.624889e-01
	 3.133921e-01, -2.551000e-01
	-2.668836e-01, -4.054559e-01
	-2.962126e-01, -4.311858e-01
	 2.388597e-01, -5.000000e-01
	 2.209539e-01, -4.558306e-01
	 1.877781e-01, -5.000000e-01
	 1.867668e-01, -4.679103e-01
	 5.000000e-01, -4.761694e-01
	 4.833678e-01, -4.733810e-01
	 4.733863e-01, -4.439407e-01
	 1.819871e-02, -4.955728e-01
	 5.184849e-02, -4.543386e-01
	 5.033120e-02, -4.731509e-01
	-4.153667e-01, -4.424822e-01
	-4.170330e-01, -4.395891e-01
	 4.106741e-01, -5.000000e-01
	 3.611453e-01, -5.000000e-01
	 4.561046e-01,  9.140826e-02
	 2.648774e-01, -1.536050e-02
	-2.102243e-01, -2.999814e-01
	-1.444699e-01, -3.227650e-01
	-2.044623e-01, -3.338650e-01
	-3.193228e-01, -6.797873e-02
	-3.531639e-01, -4.446710e-02
	-3.275113e-01,  6.838248e-03
	-8.015627e-02, -1.283811e-01
	-6.210524e-02, -6.633885e-02
	-9.889801e-02, -6.580092e-02
	-2.876144e-01, -2.328638e-01
	-2.927298e-01, -2.303009e-01
	-3.408554e-01, -2.574406e-01
	 5.000000e-01,  5.000000e-01
	 3.323599e-02,  2.472111e-01
	 4.756322e-02,  2.225735e-01
	-5.156864e-03,  1.819082e-01
	 4.169645e-02,  1.994171e-01
	 4.406509e-01, -3.904836e-01
	 4.363545e-01, -3.839487e-01
	 1.887345e-01,  4.118440e-01
	 1.606813e-01,  4.683352e-01
	 1.948000e-01,  4.433515e-01
	 1.348145e-01,  4.586779e-01
	 5.000000e-01, -5.000000e-01
	 4.532351e-01, -5.000000e-01
	-1.996984e-01,  1.480770e-01
	-1.726888e-01,  1.848330e-01
	-2.057924e-01,  1.517525e-01
	-2.098708e-01,  2.143347e-01
	-1.867123e-01,  2.116202e-01
	-2.234905e-01,  2.039745e-01
	 2.777767e-01,  3.428727e-01
	 2.411764e-01,  3.536954e-01
	 3.078763e-01,  3.719224e-01
	 2.375869e-01,  3.906367e-01
	 2.426714e-01,  3.965892e-01
	 2.896556e-01,  4.100330e-01
	 2.875504e-01,  4.108973e-01
	-3.217689e-01, -1.901847e-01
	-3.123634e-01, -1.926045e-01
	 1.997151e-01, -3.212740e-01
	 1.816075e-01, -3.482996e-01
	 2.502224e-01, -1.871641e-01
	 2.081036e-01, -2.419335e-01
	 2.166226e-01, -2.050019e-01
	 2.632937e-01, -3.233666e-02
	 3.447417e-01, -2.540390e-02
	 3.290393e-01, -4.865596e-02
	 2.875175e-01, -5.859962e-02
	-1.296961e-01, -3.564911e-01
	-2.508526e-02,  3.499883e-01
	-4.891966e-02,  3.834135e-01
	 4.322551e-01,  2.454044e-01
	 4.165972e-01,  2.924236e-01
	 3.740251e-01,  2.947594e-01
	 3.798259e-01,  2.991442e-01
	 2.223300e-01,  2.746421e-01
	 2.489562e-01,  2.493666e-01
	 2.362599e-01,  2.952587e-01
	-2.608055e-01,  3.699500e-01
	-2.974120e-01,  3.991642e-01
	-2.828166e-01,  4.318461e-01
	-2.746305e-01,  4.365999e-01
	-2.702055e-01, -1.574109e-01
	-3.393649e-01, -1.585810e-01
	-2.704589e-01, -1.600546e-01
	-3.575066e-01, -4.634068e-01
	 2.867436e-01,  1.567249e-01
	 3.207421e-01,  2.033026e-01
	-3.542717e-01, -3.116172e-01
	-3.586771e-01, -3.491579e-01
	-4.575337e-01, -7.469911e-03
	-3.977988e-01, -8.297058e-03
	-4.223325e-01,  1.254274e-02
	-3.569672e-01,  2.878639e-01
	-3.443013e-01,  2.684301e-01
	-5.000000e-01, -5.000000e-01
	-1.645803e-01,  4.377110e-01
	-2.982010e-01,  1.221774e-01
	-3.112604e-01,  1.173992e-01
	-2.899592e-01,  1.643075e-01
	-3.005986e-01,  1.746978e-01
	-3.583651e-01,  1.437364e-01
	-3.611030e-01,  1.483802e-01
	-3.500877e-01,  1.723291e-01
	 4.424865e-01, -2.770759e-03
	 4.117256e-01, -2.944429e-02
	 3.796172e-01, -2.212854e-02
	 4.456580e-01,  3.737845e-01
	 4.919301e-01,  3.503559e-01
	 4.695870e-01,  3.019967e-01
	 4.306904e-01,  3.531388e-01
	 4.397150e-01,  3.095603e-01
	-4.760188e-02,  8.343368e-02
	-2.596409e-02,  1.090519e-01
	-3.313269e-02,  1.322308e-01
	 1.291750e-02,  1.082471e-01
	-2.178256e-03,  1.593141e-01
	 2.471274e-02,  1.302094e-01
	 7.668976e-02, -7.823283e-02
	 4.478651e-02, -8.312600e-02
	 7.088805e-02, -2.988937e-02
	 4.449572e-01,  3.785936e-01
	 3.896398e-01,  4.011578e-01
	-4.941758e-01, -3.129580e-01
	-5.000000e-01, -3.121926e-01
	 4.584987e-01, -1.112794e-01
	 4.593471e-01, -1.130961e-01
	 3.987844e-01, -1.400582e-01
	 4.114296e-01, -1.039923e-01
	 4.034698e-01, -1.507833e-01
	 4.253400e-01,  1.186510e-01
	 4.272027e-01,  1.102549e-01
	-3.976406e-01, -3.495277e-01
	-4.077715e-01, -3.913105e-01
	 1.506416e-01,  3.728094e-01
	 1.352589e-01,  3.535076e-01
	 9.620573e-02,  3.692341e-01
	 9.882537e-02,  3.601940e-01
	-4.653460e-01, -7.952954e-02
	-5.000000e-01, -1.404700e-01
	-4.839037e-01, -1.360126e-01
	 1.269154e-01, -1.515379e-01
	 1.512296e-01, -1.259415e-01
	 1.666735e-01, -1.257074e-01
	 1.853828e-01, -1.688484e-01
	 1.841733e-01, -1.726690e-01
	 5.263465e-02, -3.548729e-01
	 5.749448e-02, -3.920860e-01
	 2.865960e-01, -7.072359e-02
	 2.250843e-01, -5.278927e-02
	 2.001050e-01, -2.935863e-02
	-4.930800e-02, -3.997800e-02
	-8.012432e-03,  7.771470e-03
	 5.000000e-01, -1.313396e-01
	 5.000000e-01, -7.192777e-02
	 4.757926e-01, -7.374386e-02
	 1.774253e-02, -5.000000e-01
	 1.269113e-01, -8.668927e-02
	 1.172659e-01, -8.352463e-02
	 1.676172e-01, -7.272544e-02
	 1.668541e-01, -4.155012e-02
	-4.050968e-01,  1.463112e-01
	-4.137213e-01,  1.599986e-01
	-4.126389e-01,  1.954075e-01
	-2.454209e-01,  3.105811e-01
	-2.958379e-01,  2.984248e-01
	-2.453272e-01,  2.622966e-01
	-3.002793e-01,  2.860095e-01
	-3.696306e-01,  7.272389e-02
	-3.597196e-01,  7.966429e-02
	-3.756429e-01,  4.322268e-02
	-3.286152e-01,  7.944236e-02
	-3.675214e-01,  2.560910e-02
	 1.801122e-01, -1.133611e-01
	 1.777277e-01, -8.100496e-02
	 9.545737e-02, -9.127879e-02
	-2.004882e-01, -5.000000e-01
	-1.209555e-01, -1.891788e-01
	-4.142364e-01,  1.312690e-01
	-4.691959e-01,  1.517332e-01
	-4.597863e-01,  1.224271e-01
	-4.509946e-01,  1.694593e-01
	-1.373548e-01,  1.431804e-01
	-1.412563e-01,  1.829458e-01
	 4.200708e-01, -2.214027e-01
	 3.799907e-01, -1.848145e-01
	 4.098015e-01, -2.202253e-01
	 3.818061e-01, -1.965631e-01
	 3.778639e-01,  3.521916e-01
	 3.823634e-01,  3.470087e-01
	-4.399116e-01, -2.939256e-01
	-4.537732e-01, -2.840002e-01
	 2.235641e-01,  4.586637e-01
	 2.139686e-01,  5.000000e-01
	 1.724623e-01,  5.000000e-01
	 8.595310e-02, -1.250671e-01
	 9.651738e-02, -1.462032e-01
	 1.854861e-01,  1.318759e-01
	 1.526818e-01,  1.259092e-01
	 1.948595e-01,  1.774163e-01
	 1.945542e-01,  1.780113e-01
	 1.425779e-01,  1.811028e-01
	-4.242268e-01,  4.376320e-01
	-4.432675e-01,  4.539996e-01
	 4.455842e-01, -5.000000e-01
	 4.423470e-01, -4.460285e-01
	 4.259716e-01, -4.333711e-01
	 5.753369e-02,  1.291286e-01
	 5.949613e-02,  1.798536e-01
	 9.531268e-02,  1.845976e-01
	 4.888012e-02,  1.341406e-01
	-9.061964e-02,  3.550636e-01
	-2.472529e-01,  1.462952e-01
	-2.504376e-01,  2.058323e-01
	-2.658643e-01,  1.673933e-01
	 6.232483e-02, -3.401517e-01
	 7.516266e-02, -3.361655e-01
	 1.140963e-01, -3.533448e-01
	-8.805834e-02,  3.659979e-01
	-4.596223e-01, -7.153049e-03
	 2.631260e-01,  1.012330e-01
	 2.593189e-01,  1.207480e-01
	 2.298580e-01,  1.366080e-01
	 2.008957e-01,  1.204175e-01
	 5.000000e-01,  3.519689e-01
	 3.023191e-01,  2.188816e-01
	 2.472045e-01,  2.194962e-01
	 2.524180e-01,  2.145998e-01
	 1.867274e-01, -3.001667e-01
	 1.326841e-01, -2.919614e-01
	 1.973718e-01, -2.464475e-01
	 7.710175e-02, -5.000000e-01
	 1.751914e-01,  3.682725e-01
	 1.904522e-01,  3.343165e-01
	 1.942433e-01,  4.032351e-01
	 2.247236e-01,  3.375318e-01
	-4.556434e-01,  2.051229e-01
	-5.000000e-01,  2.144999e-01
	-5.000000e-01,  1.583497e-01
	-3.135058e-01,  3.320907e-01
	-2.660515e-01,  3.464064e-01
	-2.449613e-01,  3.112431e-01
	-1.552092e-01,  5.000000e-01
	-1.396900e-01,  4.602389e-01
	 3.163356e-01, -5.000000e-01
	 3.116003e-01, -4.649737e-01
	 2.602128e-01, -5.000000e-01
	 2.790165e-01, -4.685035e-01
	 3.706707e-01, -2.644512e-01
	 3.696423e-01, -2.543516e-01
	 3.526096e-01, -2.420624e-01
	-2.285358e-01, -1.977252e-01
	-2.210099e-01, -2.397112e-01
	 2.379651e-01,  4.527705e-01
	-3.293253e-01,  5.000000e-01
	-3.354309e-01,  4.562095e-01
	-3.939042e-01,  5.000000e-01
	-3.872334e-01,  4.525971e-01
	-3.581095e-01,  4.359254e-01
	 1.379094e-01, -5.000000e-01
	 1.543296e-01, -4.507418e-01
	 1.773013e-01,  3.199731e-01
	 1.784349e-01,  2.973755e-01
	 1.456845e-01,  3.264324e-01
	 1.119340e-01,  2.956236e-01
	 1.116451e-01,  2.976638e-01
	 2.933058e-01,  8.700219e-02
	 1.007009e-01,  8.906088e-02
	 6.909420e-02,  9.000129e-02
	 2.289329e-02,  6.566062e-02
	-5.693848e-02,  1.790519e-01
	-1.176985e-01,  1.961807e-01
	 8.332653e-02,  3.257515e-01
	 2.432753e-01, -1.112593e-01
	 2.432241e-01, -1.116683e-01
	 2.829431e-01, -1.373913e-01
	-1.027951e-01,  3.841141e-01
	-1.401658e-01,  3.874410e-01
	-1.037131e-01,  4.193427e-01
	-1.430676e-01,  4.323497e-01
	 4.241515e-01,  1.779899e-01
	 2.139029e-01,  2.729816e-01
	-2.606068e-01,  1.067695e-01
	 2.766343e-01,  4.703871e-01
	 2.693645e-01,  4.604325e-01
	 2.712600e-01,  5.000000e-01
	 9.503185e-02,  2.248180e-01
	 9.454279e-02, -5.000000e-01
	-5.000000e-01, -2.098790e-01
	-4.438014e-01, -1.844220e-01
	-4.544691e-01, -1.993478e-01
	-4.656440e-01, -1.431773e-01
	-2.142032e-01,  2.523831e-01
	 5.220335e-02, -1.269916e-01
	 3.711870e-02, -1.077032e-01
	 7.589367e-02, -1.781682e-01
	 7.593750e-02, -1.785591e-01
	 4.104800e-02, -1.577139e-01
	 1.356312e-02, -1.882773e-01
	 2.403754e-02, -1.638437e-01
	 3.545614e-02, -2.185880e-01
	-1.488658e-01,  4.392802e-01
	 8.915351e-02,  2.288084e-01
	 8.241604e-02,  2.645621e-01
	-1.218922e-01, -3.939573e-02
	-1.226731e-01, -3.237941e-02
	-3.805587e-01, -5.000000e-01
	-4.588295e-01, -2.672953e-01
	-5.000000e-01, -2.417955e-01
	 1.896365e-01,  2.283632e-01
	 2.015301e-01,  2.141368e-01
	-4.118251e-01, -2.923662e-01
	-3.962750e-01, -3.081772e-01
	-4.205385e-01,  3.533152e-02
	-4.078826e-01,  9.074296e-02
	 4.339585e-01, -2.599630e-01
	 4.051626e-01, -2.884257e-01
	-4.401179e-01,  2.135736e-01
	-5.000000e-01,  2.546162e-01
	 5.000000e-01,  3.127337e-03
	 4.649275e-01, -1.200721e-02
	 4.606291e-01, -5.420677e-02
	 2.250167e-01, -1.266324e-01
	 2.217517e-01, -6.435398e-02
	-1.572509e-01,  2.370717e-01
	 4.989641e-02,  2.712288e-01
	 3.510894e-01, -2.144727e-01
	 5.000000e-01,  2.471590e-01
	 4.609116e-01,  2.407115e-01
	 3.587542e-02, -2.283965e-01
	 1.282138e-02, -2.499108e-01
	-1.512546e-02, -2.533066e-01
	-2.539008e-01,  9.596724e-02
	-1.302063e-01,  1.949168e-01
	 3.305256e-01,  3.677807e-01
	-5.436703e-03,  1.812679e-01
	-2.835635e-01,  5.000000e-01
	-2.669972e-01,  4.638038e-01
	 3.258389e-01,  3.149810e-01
	 3.387089e-01,  3.586260e-01
	 4.598193e-01,  2.416428e-01
	 4.700655e-01,  3.013076e-01
	 1.304282e-01, -2.931288e-01
	 1.360586e-01, -3.283692e-01
	 2.831182e-01,  1.560851e-01
	 3.722098e-01, -2.643094e-02
	-3.072977e-01,  3.948906e-01
	-3.568467e-01,  4.133676e-01
	 3.869681e-01, -8.257723e-02
	 6.514766e-02,  3.070775e-02
	 4.235810e-02,  5.856611e-02
	-5.000000e-01,  1.165963e-01
	-4.678411e-01,  1.098046e-01
	 4.062513e-01, -3.195085e-01
	-3.587593e-01, -3.067906e-01
	 3.539172e-02, -2.992596e-01
	 3.563413e-02, -2.984231e-01
	-2.309053e-01, -2.489836e-01
	-2.477427e-01, -1.917097e-01
	-2.788106e-01, -2.307028e-01
	 4.233425e-01, -5.438350e-02
	 4.011446e-01, -8.732905e-02
	 8.638831e-02, -2.542715e-01
	 7.794153e-02,  5.000000e-01
	-4.312370e-01, -1.807400e-01
	 5.000000e-01,  2.952528e-01
	 2.215781e-01, -1.437796e-01
	 1.079914e-01,  5.000000e-01
	-4.302883e-01,  5.000000e-01
	 1.568313e-01,  8.034294e-02
	-2.345913e-01, -2.816898e-01
	-5.000000e-01,  5.000000e-01
	 2.696860e-02,  6.184368e-02
	 2.552064e-01,  1.758569e-01
	 4.561827e-01, -2.702237e-01
	-4.337800e-01, -2.361285e-01
	 1.034215e-01, -2.851550e-01
	 8.792148e-02, -2.652601e-01
	 2.289013e-01,  1.598372e-01
Mesh Facets: 1255
	47, 43
	57, 55
	70, 68
	13, 15
	71, 73
	138, 136
	60, 61
	148, 144
	164, 162
	131, 130
	50, 48
	189, 187
	200, 201
	204, 207
	210, 208
	197, 198
	177, 178
	31, 35
	239, 240
	4, 0
	246, 248
	179, 181
	189, 190
	201, 189
	201, 198
	226, 198
	269, 270
	251, 250
	221, 222
	291, 289
	113, 117
	2, 1
	82, 83
	234, 233
	317, 319
	319, 320
	319, 322
	327, 324
	337, 335
	344, 348
	191, 192
	167, 169
	260, 257
	232, 230
	316, 315
	180, 182
	173, 176
	244, 243
	212, 213
	248, 394
	329, 330
	249, 248
	62, 59
	241, 242
	9, 10
	340, 338
	119, 120
	320, 323
	320, 321
	6, 7
	252, 253
	141, 142
	352, 350
	287, 288
	308, 309
	429, 427
	26, 27
	237, 236
	411, 142
	61, 142
	61, 63
	452, 450
	456, 453
	407, 408
	150, 149
	72, 74
	28, 29
	462, 464
	136, 466
	136, 135
	123, 124
	326, 325
	245, 247
	302, 234
	234, 35
	35, 34
	474, 475
	369, 370
	429, 430
	43, 429
	43, 42
	184, 50
	50, 53
	283, 284
	416, 414
	387, 244
	242, 395
	242, 244
	413, 412
	38, 39
	111, 109
	291, 293
	490, 291
	453, 454
	453, 490
	423, 426
	138, 137
	163, 162
	162, 138
	98, 97
	466, 501
	501, 502
	467, 466
	434, 27
	27, 28
	28, 460
	106, 105
	403, 338
	451, 449
	275, 279
	339, 338
	449, 339
	449, 450
	210, 211
	450, 210
	341, 339
	488, 489
	161, 160
	181, 180
	180, 176
	409, 253
	253, 181
	176, 175
	150, 457
	153, 150
	477, 284
	284, 282
	12, 8
	414, 415
	414, 479
	285, 286
	225, 228
	358, 360
	272, 250
	407, 458
	407, 252
	250, 252
	20, 18
	194, 193
	362, 363
	517, 516
	104, 100
	74, 75
	74, 461
	260, 259
	260, 361
	108, 110
	101, 99
	30, 32
	276, 274
	371, 372
	325, 324
	324, 554
	246, 245
	554, 246
	245, 325
	128, 127
	398, 9
	9, 11
	146, 145
	196, 195
	55, 66
	55, 54
	213, 215
	87, 89
	213, 393
	79, 80
	292, 290
	436, 439
	331, 330
	394, 583
	330, 394
	16, 17
	267, 270
	270, 271
	232, 229
	368, 232
	44, 42
	42, 476
	548, 101
	101, 102
	328, 333
	94, 96
	337, 336
	598, 337
	383, 384
	398, 397
	129, 128
	398, 128
	445, 446
	526, 525
	186, 184
	184, 477
	523, 477
	255, 254
	589, 590
	65, 67
	78, 76
	391, 390
	613, 612
	584, 585
	615, 317
	125, 123
	123, 469
	318, 317
	297, 295
	374, 373
	561, 562
	312, 314
	387, 483
	388, 387
	616, 618
	602, 601
	617, 297
	298, 297
	577, 579
	25, 24
	323, 322
	322, 635
	404, 323
	351, 348
	347, 348
	410, 413
	413, 484
	621, 620
	503, 504
	114, 115
	14, 17
	588, 17
	566, 569
	581, 580
	332, 331
	582, 331
	653, 652
	499, 498
	601, 600
	616, 601
	634, 617
	617, 616
	376, 378
	211, 341
	211, 209
	341, 342
	663, 474
	474, 369
	369, 367
	380, 379
	354, 353
	306, 305
	126, 127
	11, 127
	6, 11
	6, 405
	505, 508
	605, 606
	130, 174
	130, 133
	307, 305
	305, 670
	529, 528
	204, 202
	335, 204
	334, 335
	52, 51
	580, 290
	290, 289
	289, 683
	567, 566
	566, 580
	18, 19
	535, 18
	382, 381
	690, 615
	471, 469
	469, 615
	512, 510
	640, 638
	697, 696
	623, 624
	200, 199
	701, 200
	219, 220
	190, 188
	226, 190
	227, 226
	703, 705
	273, 272
	459, 458
	458, 272
	630, 628
	560, 557
	648, 569
	569, 570
	531, 533
	143, 140
	418, 417
	512, 693
	513, 512
	499, 651
	499, 497
	57, 67
	67, 590
	590, 476
	430, 428
	476, 430
	57, 56
	715, 713
	464, 465
	464, 718
	483, 631
	483, 482
	32, 550
	33, 32
	558, 559
	313, 311
	672, 673
	262, 265
	65, 64
	65, 255
	258, 255
	281, 280
	377, 380
	666, 380
	392, 393
	572, 574
	393, 571
	93, 92
	424, 422
	288, 421
	288, 222
	222, 223
	595, 596
	81, 78
	610, 78
	36, 38
	38, 485
	445, 444
	445, 607
	257, 357
	257, 256
	536, 534
	692, 694
	721, 720
	283, 53
	283, 280
	52, 679
	725, 280
	53, 52
	558, 673
	673, 671
	556, 558
	652, 651
	652, 744
	651, 712
	660, 378
	264, 263
	378, 379
	379, 668
	718, 719
	718, 746
	132, 131
	172, 131
	598, 599
	747, 598
	506, 508
	312, 625
	672, 311
	311, 312
	672, 508
	654, 634
	578, 577
	577, 634
	145, 555
	145, 144
	144, 701
	701, 702
	745, 264
	723, 265
	265, 264
	62, 241
	241, 4
	4, 5
	440, 63
	63, 62
	441, 440
	3, 5
	5, 440
	327, 326
	765, 327
	104, 544
	326, 472
	103, 104
	582, 650
	582, 583
	583, 767
	535, 685
	534, 535
	740, 534
	395, 396
	481, 395
	364, 366
	541, 362
	362, 364
	364, 396
	396, 59
	59, 58
	332, 649
	333, 332
	333, 591
	627, 629
	203, 206
	400, 10
	349, 350
	12, 10
	12, 415
	350, 415
	179, 177
	179, 251
	271, 229
	251, 271
	177, 229
	708, 707
	645, 643
	278, 277
	695, 696
	696, 777
	660, 263
	263, 261
	659, 660
	769, 768
	26, 431
	404, 406
	404, 24
	24, 26
	613, 614
	778, 613
	733, 732
	632, 633
	170, 171
	751, 506
	507, 506
	731, 421
	420, 421
	762, 723
	724, 723
	645, 646
	645, 708
	708, 709
	522, 521
	383, 604
	383, 381
	689, 381
	186, 609
	296, 295
	185, 186
	619, 295
	47, 45
	786, 47
	343, 345
	757, 759
	0, 243
	1, 0
	389, 243
	117, 1
	116, 117
	504, 507
	507, 783
	642, 504
	106, 110
	106, 460
	460, 461
	461, 100
	100, 99
	99, 110
	514, 511
	437, 435
	432, 433
	527, 479
	480, 479
	753, 578
	36, 81
	37, 36
	81, 80
	80, 578
	262, 261
	262, 721
	721, 740
	740, 768
	768, 261
	329, 328
	328, 592
	473, 247
	247, 249
	249, 329
	552, 274
	119, 118
	403, 119
	275, 403
	275, 274
	493, 494
	576, 575
	667, 669
	468, 135
	495, 137
	135, 137
	664, 665
	713, 795
	713, 714
	540, 539
	22, 21
	509, 511
	511, 793
	481, 366
	481, 482
	34, 33
	302, 34
	302, 303
	366, 365
	33, 482
	406, 7
	406, 431
	527, 8
	8, 7
	433, 527
	433, 431
	355, 192
	196, 555
	196, 192
	738, 736
	555, 760
	530, 531
	531, 570
	570, 568
	307, 310
	307, 528
	528, 286
	287, 419
	286, 287
	518, 519
	687, 688
	359, 360
	22, 797
	23, 22
	532, 360
	258, 725
	259, 258
	545, 259
	679, 680
	725, 679
	25, 635
	635, 71
	29, 72
	29, 25
	71, 72
	565, 66
	281, 64
	281, 282
	66, 64
	524, 282
	90, 91
	112, 114
	114, 641
	199, 702
	199, 197
	738, 760
	760, 702
	737, 738
	224, 197
	752, 654
	654, 655
	754, 756
	618, 633
	618, 619
	619, 609
	609, 608
	782, 633
	175, 174
	174, 676
	802, 519
	519, 175
	539, 538
	714, 539
	714, 717
	424, 730
	424, 425
	783, 170
	792, 783
	170, 168
	525, 524
	446, 525
	804, 524
	447, 446
	84, 85
	727, 726
	717, 806
	717, 716
	342, 661
	340, 342
	402, 340
	697, 638
	810, 697
	639, 638
	735, 737
	737, 224
	225, 529
	225, 224
	677, 529
	644, 646
	646, 785
	151, 154
	442, 443
	268, 269
	707, 273
	707, 775
	269, 273
	757, 345
	757, 758
	40, 41
	345, 346
	314, 315
	314, 626
	553, 372
	372, 315
	589, 254
	589, 44
	254, 256
	46, 44
	739, 256
	548, 591
	548, 547
	771, 591
	706, 705
	375, 182
	462, 463
	705, 462
	182, 183
	109, 108
	108, 547
	489, 161
	489, 109
	813, 547
	161, 157
	409, 408
	409, 518
	521, 457
	457, 408
	689, 521
	518, 687
	687, 689
	790, 789
	399, 401
	710, 711
	46, 739
	46, 45
	357, 358
	739, 357
	530, 799
	787, 45
	530, 358
	561, 560
	560, 628
	637, 620
	628, 627
	773, 627
	620, 561
	700, 699
	193, 537
	193, 191
	191, 356
	780, 614
	614, 584
	584, 587
	487, 488
	817, 818
	543, 517
	488, 517
	564, 563
	780, 819
	779, 780
	798, 793
	435, 793
	435, 436
	436, 581
	647, 581
	386, 385
	759, 755
	788, 759
	347, 346
	347, 484
	484, 39
	41, 39
	41, 346
	709, 459
	709, 785
	151, 149
	151, 785
	459, 149
	299, 303
	303, 365
	363, 542
	365, 363
	133, 134
	606, 133
	606, 129
	129, 124
	470, 124
	593, 96
	98, 497
	98, 96
	497, 693
	693, 691
	219, 188
	217, 219
	188, 187
	187, 822
	158, 159
	301, 300
	223, 595
	223, 218
	94, 595
	94, 95
	384, 386
	600, 384
	655, 600
	755, 754
	755, 386
	754, 655
	683, 824
	567, 683
	567, 568
	800, 568
	279, 278
	278, 777
	452, 451
	777, 452
	451, 279
	819, 820
	804, 565
	804, 807
	564, 819
	564, 565
	152, 154
	734, 444
	443, 154
	444, 443
	520, 522
	604, 603
	522, 604
	822, 826
	217, 822
	500, 97
	97, 95
	218, 217
	218, 95
	194, 540
	195, 194
	147, 146
	146, 195
	540, 796
	670, 353
	353, 355
	355, 736
	670, 677
	677, 735
	736, 735
	20, 536
	20, 21
	694, 536
	694, 510
	509, 510
	509, 21
	405, 126
	126, 125
	125, 318
	318, 321
	321, 405
	439, 438
	439, 292
	455, 454
	454, 293
	293, 292
	586, 587
	820, 587
	807, 820
	807, 447
	448, 447
	661, 662
	661, 716
	827, 715
	715, 716
	118, 122
	698, 624
	626, 553
	626, 624
	553, 552
	552, 118
	593, 691
	691, 692
	593, 594
	720, 722
	692, 720
	147, 796
	147, 148
	795, 796
	795, 148
	496, 163
	166, 163
	266, 268
	268, 812
	92, 90
	730, 92
	642, 792
	642, 641
	641, 90
	730, 792
	722, 724
	594, 722
	594, 596
	731, 724
	731, 596
	746, 132
	746, 690
	470, 134
	470, 471
	132, 134
	690, 471
	636, 351
	418, 140
	418, 352
	351, 352
	139, 140
	86, 83
	49, 48
	185, 296
	48, 185
	296, 83
	334, 678
	336, 334
	597, 336
	549, 30
	30, 31
	31, 235
	121, 120
	402, 806
	806, 805
	120, 402
	487, 818
	487, 111
	818, 816
	107, 111
	203, 772
	202, 678
	202, 203
	549, 678
	549, 551
	668, 667
	668, 745
	492, 494
	761, 745
	494, 667
	3, 2
	3, 764
	2, 294
	216, 214
	794, 575
	93, 88
	93, 729
	575, 573
	703, 704
	370, 475
	230, 370
	231, 230
	475, 703
	684, 19
	19, 23
	23, 359
	359, 361
	361, 546
	592, 473
	592, 102
	103, 472
	102, 103
	473, 472
	168, 425
	168, 167
	167, 354
	306, 308
	306, 354
	308, 425
	205, 207
	810, 811
	207, 810
	782, 608
	732, 782
	608, 523
	526, 607
	523, 526
	732, 607
	786, 787
	824, 786
	800, 824
	799, 787
	799, 800
	751, 171
	751, 625
	623, 700
	700, 356
	356, 169
	625, 623
	169, 171
	761, 762
	761, 492
	492, 491
	762, 784
	209, 662
	209, 208
	208, 830
	830, 827
	827, 662
	778, 779
	427, 778
	56, 428
	56, 54
	427, 428
	563, 54
	779, 563
	538, 805
	538, 537
	121, 805
	122, 121
	698, 122
	537, 699
	699, 698
	76, 611
	808, 809
	77, 76
	605, 397
	397, 399
	399, 814
	674, 605
	686, 684
	684, 546
	546, 545
	803, 545
	240, 236
	240, 456
	456, 455
	236, 438
	455, 438
	665, 367
	665, 495
	496, 495
	266, 496
	367, 368
	368, 267
	266, 267
	559, 562
	559, 313
	562, 373
	373, 316
	313, 316
	388, 630
	388, 389
	630, 557
	791, 389
	556, 557
	556, 741
	51, 682
	51, 49
	657, 656
	49, 828
	164, 165
	68, 164
	69, 68
	221, 285
	221, 220
	227, 220
	228, 285
	228, 227
	823, 158
	158, 156
	749, 748
	544, 765
	544, 75
	75, 73
	73, 765
	643, 14
	643, 774
	13, 69
	13, 14
	69, 833
	498, 500
	498, 653
	500, 826
	826, 653
	752, 756
	752, 753
	40, 37
	37, 753
	758, 40
	756, 758
	610, 485
	391, 610
	212, 391
	763, 764
	485, 486
	212, 214
	214, 764
	631, 550
	631, 629
	551, 772
	550, 551
	629, 772
	467, 502
	468, 467
	664, 468
	663, 664
	502, 663
	813, 771
	813, 157
	155, 157
	771, 770
	676, 675
	802, 676
	802, 801
	70, 15
	612, 70
	585, 16
	585, 612
	15, 16
	789, 788
	815, 789
	821, 788
	749, 834
	747, 749
	767, 747
	767, 766
	773, 206
	773, 637
	637, 639
	811, 639
	205, 811
	205, 206
	831, 611
	392, 728
	392, 390
	611, 390
	491, 784
	491, 426
	419, 310
	419, 420
	426, 309
	309, 310
	784, 420
	465, 719
	465, 463
	375, 463
	173, 375
	172, 719
	172, 173
	107, 829
	105, 107
	478, 480
	105, 434
	480, 432
	434, 432
	823, 748
	748, 750
	301, 823
	301, 304
	579, 79
	298, 579
	77, 808
	77, 79
	82, 298
	808, 84
	84, 82
	621, 640
	621, 622
	695, 776
	640, 695
	675, 835
	675, 674
	815, 836
	815, 814
	814, 674
	215, 216
	215, 89
	91, 89
	112, 91
	113, 112
	294, 113
	216, 294
	85, 86
	85, 726
	657, 376
	657, 828
	376, 377
	726, 377
	86, 828
	165, 166
	165, 833
	774, 833
	775, 774
	812, 775
	166, 812
	349, 344
	349, 400
	400, 401
	343, 790
	343, 344
	790, 401
	143, 60
	143, 710
	817, 543
	710, 817
	543, 541
	58, 541
	58, 60
	781, 733
	733, 734
	734, 152
	152, 153
	520, 825
	520, 153
	493, 794
	794, 729
	729, 422
	423, 493
	422, 423
	155, 156
	155, 770
	649, 650
	649, 770
	650, 766
	834, 766
	834, 156
	791, 741
	791, 116
	671, 741
	671, 505
	505, 503
	115, 503
	115, 116
	572, 573
	572, 571
	88, 573
	87, 88
	571, 87
	644, 442
	644, 588
	586, 448
	586, 588
	442, 448
	636, 139
	636, 410
	141, 410
	141, 139
	160, 516
	160, 159
	300, 299
	299, 542
	542, 516
	159, 300
	238, 239
	744, 742
	744, 239
	632, 602
	632, 781
	602, 603
	781, 825
	825, 603
	231, 704
	704, 706
	183, 178
	706, 183
	178, 231
	682, 656
	682, 681
	656, 658
	821, 836
	821, 385
	688, 801
	382, 688
	385, 382
	835, 801
	835, 836
	276, 371
	277, 276
	776, 277
	374, 622
	374, 371
	622, 776
	515, 513
	743, 712
	513, 712
	304, 750
	750, 599
	599, 597
	233, 304
	233, 235
	235, 597
	658, 659
	659, 769
	837, 658
	685, 686
	769, 685
	832, 686
	412, 486
	412, 411
	441, 763
	411, 441
	486, 763
	416, 478
	417, 416
	711, 816
	711, 417
	829, 816
	829, 478
	680, 803
	680, 681
	803, 832
	681, 837
	837, 832
	727, 809
	666, 727
	574, 576
	728, 574
	669, 666
	669, 576
	809, 831
	728, 831
	533, 532
	648, 533
	797, 798
	532, 797
	798, 647
	648, 647
	515, 743
	515, 514
	743, 742
	238, 237
	238, 742
	437, 514
	437, 237
Facet Neighbors: 1255
	-2, 7
	9, 11
	-2, 12
	2, 12
	-3, 13
	-2, 24
	10, 25
	-4, 26
	-2, 29
	23, 31
	8, 33
	-4, 34
	-4, 36
	-1, 37
	-1, 38
	36, 41
	32, 42
	5, 43
	-4, 44
	0, 45
	-1, 46
	32, 47
	34, 51
	-4, 51
	36, 51
	41, 51
	50, 52
	47, 52
	40, 55
	-2, 56
	20, 57
	0, 57
	15, 58
	43, 59
	-3, 62
	62, 63
	-3, 63
	-3, 64
	-1, 66
	68, 69
	35, 70
	30, 70
	48, 71
	42, 73
	61, 74
	32, 75
	31, 75
	45, 78
	39, 79
	-1, 80
	65, 80
	46, 80
	10, 81
	45, 81
	1, 82
	67, 83
	21, 83
	63, 84
	62, 84
	1, 84
	47, 85
	25, 86
	69, 87
	55, 88
	60, 89
	-2, 90
	4, 91
	44, 92
	86, 93
	25, 93
	10, 93
	-1, 95
	-4, 96
	85, 97
	27, 97
	13, 98
	4, 98
	-3, 99
	-2, 100
	24, 100
	22, 101
	64, 102
	46, 102
	59, 103
	43, 103
	5, 103
	-3, 104
	73, 104
	90, 105
	-2, 105
	7, 105
	33, 106
	8, 106
	54, 106
	87, 107
	78, 108
	81, 108
	45, 108
	86, 109
	6, 109
	19, 110
	56, 111
	-2, 111
	96, 111
	-4, 111
	89, 112
	24, 113
	29, 113
	-2, 113
	17, 114
	-2, 115
	-3, 115
	100, 115
	91, 117
	4, 117
	98, 117
	19, 117
	83, 119
	95, 119
	53, 119
	67, 119
	119, 120
	95, 120
	38, 120
	-1, 120
	67, 120
	110, 121
	28, 121
	32, 122
	75, 122
	85, 122
	47, 122
	31, 122
	97, 123
	27, 123
	106, 124
	54, 124
	1, 125
	87, 125
	107, 125
	55, 126
	41, 126
	71, 127
	52, 128
	97, 128
	85, 128
	47, 128
	3, 129
	35, 130
	72, 131
	121, 131
	18, 132
	13, 132
	98, 132
	48, 133
	71, 133
	19, 134
	18, 134
	5, 135
	53, 136
	74, 136
	64, 137
	-3, 137
	46, 137
	-1, 137
	102, 137
	22, 138
	82, 138
	1, 138
	26, 139
	35, 139
	11, 141
	9, 141
	39, 143
	16, 143
	79, 143
	14, 145
	56, 146
	92, 146
	65, 147
	-1, 147
	80, 147
	2, 148
	50, 149
	52, 149
	42, 149
	73, 149
	7, 150
	105, 150
	134, 151
	18, 151
	65, 151
	17, 152
	66, 153
	-1, 153
	77, 154
	82, 155
	22, 155
	138, 155
	94, 156
	124, 156
	33, 157
	106, 157
	124, 157
	48, 158
	150, 158
	11, 158
	14, 159
	79, 159
	-2, 160
	148, 160
	-3, 161
	22, 161
	101, 161
	62, 161
	58, 162
	74, 163
	140, 163
	61, 164
	108, 165
	78, 165
	162, 166
	154, 166
	162, 167
	58, 167
	145, 167
	4, 168
	63, 168
	-3, 168
	84, 168
	69, 169
	68, 169
	86, 169
	109, 169
	163, 170
	116, 171
	20, 171
	2, 172
	148, 172
	142, 173
	146, 173
	65, 174
	147, 174
	-4, 175
	114, 175
	154, 176
	166, 176
	167, 176
	162, 176
	76, 177
	120, 178
	38, 178
	67, 178
	-3, 179
	104, 179
	73, 179
	76, 180
	70, 181
	60, 181
	22, 182
	138, 182
	1, 182
	84, 182
	116, 183
	155, 184
	31, 184
	23, 184
	60, 185
	181, 185
	126, 185
	37, 186
	-1, 186
	66, 186
	8, 187
	146, 188
	56, 188
	-2, 188
	142, 188
	173, 188
	3, 189
	129, 189
	77, 190
	-3, 191
	101, 191
	161, 191
	118, 192
	170, 193
	-1, 193
	164, 194
	36, 195
	-4, 195
	40, 196
	34, 196
	51, 196
	41, 196
	-3, 197
	52, 198
	97, 198
	128, 198
	165, 199
	140, 199
	173, 200
	142, 200
	127, 200
	25, 201
	87, 201
	192, 202
	118, 202
	175, 202
	114, 202
	11, 203
	158, 203
	150, 203
	90, 203
	105, 203
	9, 203
	-4, 204
	99, 205
	-3, 205
	165, 206
	108, 206
	135, 206
	5, 206
	140, 207
	61, 207
	183, 207
	49, 208
	11, 209
	158, 209
	48, 209
	54, 209
	76, 210
	180, 210
	79, 211
	144, 211
	143, 211
	16, 212
	89, 212
	88, 213
	55, 213
	40, 213
	152, 213
	14, 214
	159, 214
	6, 214
	109, 214
	94, 215
	156, 215
	71, 217
	48, 217
	129, 218
	192, 218
	208, 218
	106, 219
	54, 219
	187, 219
	209, 219
	8, 219
	207, 220
	183, 220
	140, 220
	175, 221
	-4, 221
	202, 221
	177, 222
	49, 222
	76, 222
	180, 222
	205, 223
	-3, 223
	23, 223
	31, 223
	153, 224
	-1, 224
	116, 225
	164, 225
	207, 225
	61, 225
	183, 225
	176, 226
	145, 226
	167, 226
	139, 228
	26, 228
	-4, 228
	195, 228
	222, 229
	208, 229
	49, 229
	81, 230
	45, 230
	0, 230
	93, 230
	10, 230
	93, 231
	0, 231
	230, 231
	64, 232
	-3, 232
	132, 232
	102, 232
	18, 232
	174, 233
	147, 233
	-1, 233
	189, 234
	129, 234
	218, 234
	81, 235
	108, 235
	72, 235
	131, 236
	72, 236
	235, 236
	81, 236
	10, 236
	174, 237
	65, 237
	151, 237
	165, 238
	37, 238
	82, 239
	69, 239
	1, 239
	125, 239
	87, 239
	32, 240
	47, 240
	149, 240
	52, 240
	42, 240
	198, 241
	172, 241
	53, 242
	193, 242
	-1, 242
	222, 243
	49, 243
	177, 243
	234, 243
	91, 244
	84, 244
	168, 244
	4, 244
	160, 245
	-2, 245
	215, 246
	166, 246
	30, 247
	225, 247
	116, 247
	213, 248
	88, 248
	229, 248
	208, 248
	172, 249
	241, 249
	198, 249
	123, 250
	154, 250
	77, 250
	190, 250
	157, 251
	58, 251
	33, 251
	162, 251
	7, 252
	-2, 252
	68, 253
	227, 253
	45, 254
	0, 254
	78, 254
	57, 254
	20, 254
	116, 255
	247, 255
	171, 255
	19, 256
	117, 256
	98, 256
	132, 256
	18, 256
	134, 256
	118, 257
	92, 257
	91, 258
	125, 258
	107, 258
	226, 259
	214, 259
	6, 259
	14, 259
	145, 259
	49, 260
	208, 260
	218, 260
	234, 260
	243, 260
	65, 261
	151, 261
	102, 261
	46, 261
	80, 261
	136, 262
	21, 262
	83, 262
	119, 262
	53, 262
	112, 263
	144, 263
	180, 263
	100, 264
	113, 264
	24, 264
	179, 264
	-4, 265
	204, 265
	130, 265
	3, 266
	118, 266
	257, 266
	235, 267
	108, 267
	5, 267
	103, 267
	59, 267
	72, 267
	206, 267
	84, 268
	244, 268
	125, 268
	1, 268
	258, 268
	91, 268
	70, 269
	139, 269
	35, 269
	216, 269
	228, 269
	127, 270
	200, 270
	142, 270
	60, 271
	185, 271
	126, 271
	88, 271
	55, 271
	122, 272
	190, 272
	71, 273
	266, 273
	3, 273
	127, 273
	209, 274
	48, 274
	133, 274
	187, 274
	219, 274
	168, 275
	-3, 275
	98, 275
	4, 275
	13, 275
	141, 276
	209, 276
	54, 276
	11, 276
	124, 276
	16, 277
	20, 277
	171, 277
	195, 278
	36, 278
	269, 278
	228, 278
	216, 278
	41, 278
	226, 279
	176, 279
	227, 279
	166, 280
	162, 280
	251, 280
	157, 280
	246, 280
	31, 281
	184, 281
	272, 281
	122, 281
	130, 282
	265, 282
	204, 282
	212, 283
	89, 283
	247, 283
	255, 283
	30, 283
	124, 284
	156, 284
	276, 284
	94, 284
	15, 285
	210, 285
	282, 286
	204, 286
	178, 286
	67, 286
	83, 286
	193, 287
	-1, 287
	170, 287
	216, 288
	278, 288
	126, 288
	41, 288
	185, 288
	172, 289
	249, 289
	27, 289
	94, 289
	50, 290
	198, 290
	241, 290
	52, 290
	253, 291
	227, 291
	6, 291
	68, 291
	61, 292
	164, 292
	136, 292
	74, 292
	158, 293
	150, 293
	48, 293
	7, 293
	217, 293
	151, 294
	134, 294
	237, 294
	197, 295
	75, 295
	99, 295
	-3, 295
	32, 295
	19, 296
	134, 296
	121, 296
	110, 296
	294, 296
	28, 296
	85, 297
	122, 297
	123, 297
	97, 297
	250, 297
	272, 297
	190, 297
	253, 298
	82, 298
	201, 299
	293, 300
	7, 300
	71, 300
	217, 300
	270, 300
	252, 300
	127, 300
	140, 301
	199, 301
	170, 301
	165, 301
	238, 301
	163, 301
	194, 302
	130, 302
	35, 302
	70, 302
	245, 303
	160, 303
	148, 303
	110, 304
	299, 304
	131, 304
	121, 304
	141, 305
	303, 305
	245, 305
	266, 306
	257, 306
	92, 306
	146, 306
	173, 306
	77, 307
	227, 307
	253, 307
	68, 308
	169, 308
	109, 308
	6, 308
	291, 308
	198, 309
	249, 309
	27, 309
	289, 309
	97, 309
	59, 310
	267, 310
	131, 310
	72, 310
	23, 311
	184, 311
	155, 311
	22, 311
	101, 311
	152, 312
	114, 312
	17, 312
	202, 312
	192, 312
	196, 313
	40, 313
	34, 313
	-4, 313
	28, 314
	59, 314
	213, 315
	40, 315
	152, 315
	17, 315
	77, 316
	154, 316
	176, 316
	227, 316
	307, 316
	279, 316
	-2, 317
	188, 317
	142, 317
	270, 317
	53, 318
	242, 318
	95, 318
	-1, 318
	119, 318
	303, 319
	276, 319
	284, 319
	305, 319
	141, 319
	27, 320
	215, 320
	289, 320
	94, 320
	123, 321
	154, 321
	250, 321
	-4, 322
	313, 322
	114, 322
	17, 322
	40, 322
	315, 322
	130, 323
	35, 323
	26, 323
	139, 323
	265, 323
	181, 324
	70, 324
	269, 324
	185, 324
	288, 324
	216, 324
	129, 325
	3, 325
	218, 325
	192, 325
	118, 325
	266, 325
	182, 326
	22, 326
	161, 326
	62, 326
	84, 326
	92, 327
	146, 327
	96, 327
	111, 327
	56, 327
	148, 328
	303, 328
	319, 328
	284, 328
	94, 328
	178, 329
	286, 329
	-4, 329
	204, 329
	21, 330
	194, 330
	292, 330
	164, 330
	136, 330
	262, 330
	312, 331
	192, 331
	152, 331
	208, 331
	218, 331
	323, 332
	26, 332
	265, 332
	-4, 332
	113, 333
	29, 333
	50, 333
	290, 333
	16, 334
	212, 334
	255, 334
	171, 334
	277, 334
	283, 334
	208, 335
	331, 335
	152, 335
	248, 335
	213, 335
	223, 336
	-3, 336
	311, 336
	101, 336
	23, 336
	191, 336
	169, 337
	201, 337
	87, 337
	69, 337
	25, 337
	15, 338
	8, 338
	251, 338
	33, 338
	58, 338
	186, 339
	66, 339
	153, 339
	135, 339
	5, 339
	43, 339
	21, 340
	286, 340
	282, 340
	83, 340
	304, 341
	110, 341
	299, 341
	19, 341
	238, 342
	186, 342
	37, 342
	339, 342
	135, 342
	180, 343
	222, 343
	112, 343
	229, 343
	263, 343
	0, 344
	231, 344
	57, 344
	39, 344
	263, 345
	16, 345
	212, 345
	144, 345
	197, 346
	104, 346
	73, 346
	42, 346
	-3, 346
	189, 347
	3, 347
	273, 347
	71, 347
	133, 347
	261, 348
	151, 348
	232, 348
	18, 348
	102, 348
	283, 349
	30, 349
	70, 349
	60, 349
	181, 349
	89, 349
	37, 350
	287, 350
	-1, 350
	280, 351
	246, 351
	157, 351
	156, 351
	124, 351
	215, 351
	252, 352
	-2, 352
	317, 352
	300, 352
	270, 352
	247, 353
	225, 353
	194, 353
	302, 353
	70, 353
	164, 353
	30, 353
	229, 354
	343, 354
	112, 354
	248, 354
	178, 355
	38, 355
	-1, 355
	-4, 355
	329, 355
	245, 356
	-2, 356
	203, 356
	9, 356
	90, 356
	141, 356
	305, 356
	282, 357
	130, 357
	340, 357
	21, 357
	330, 357
	302, 357
	194, 357
	159, 358
	285, 358
	14, 358
	155, 359
	82, 359
	298, 359
	184, 359
	189, 360
	347, 360
	133, 360
	274, 360
	44, 361
	-4, 361
	96, 361
	92, 361
	327, 361
	179, 362
	264, 362
	113, 362
	333, 362
	73, 362
	149, 362
	50, 362
	140, 363
	207, 363
	163, 363
	74, 363
	61, 363
	165, 364
	78, 364
	199, 364
	254, 364
	140, 364
	220, 364
	187, 365
	8, 365
	177, 365
	338, 365
	29, 366
	-2, 366
	12, 366
	55, 367
	40, 367
	196, 367
	126, 367
	41, 367
	314, 368
	28, 368
	224, 368
	232, 369
	132, 369
	13, 369
	-3, 369
	172, 370
	241, 370
	12, 370
	2, 370
	366, 370
	114, 371
	175, 371
	322, 371
	-4, 371
	279, 372
	226, 372
	6, 372
	259, 372
	291, 372
	227, 372
	214, 373
	159, 373
	79, 373
	231, 373
	109, 373
	39, 373
	344, 373
	206, 374
	165, 374
	342, 374
	135, 374
	238, 374
	115, 375
	100, 375
	264, 375
	179, 375
	-3, 375
	294, 376
	296, 376
	28, 376
	237, 376
	184, 377
	281, 377
	272, 377
	12, 378
	-2, 378
	148, 378
	160, 378
	2, 378
	253, 379
	298, 379
	307, 379
	368, 380
	224, 380
	-1, 380
	233, 380
	238, 381
	301, 381
	170, 381
	287, 381
	350, 381
	37, 381
	358, 382
	211, 382
	79, 382
	159, 382
	354, 383
	112, 383
	271, 383
	88, 383
	89, 383
	60, 383
	248, 383
	205, 384
	99, 384
	295, 384
	75, 384
	223, 384
	31, 384
	341, 385
	19, 385
	107, 385
	117, 385
	258, 385
	91, 385
	368, 386
	224, 386
	314, 386
	59, 386
	145, 387
	167, 387
	358, 387
	14, 387
	58, 387
	285, 387
	15, 387
	170, 388
	163, 388
	242, 388
	193, 388
	377, 389
	184, 389
	379, 389
	298, 389
	359, 389
	39, 390
	143, 390
	16, 390
	277, 390
	20, 390
	57, 390
	344, 390
	15, 391
	285, 391
	177, 391
	365, 391
	76, 391
	210, 391
	338, 391
	29, 392
	366, 392
	370, 392
	241, 392
	290, 392
	333, 392
	69, 393
	239, 393
	82, 393
	253, 393
	68, 393
	298, 393
	25, 394
	201, 394
	304, 394
	299, 394
	131, 394
	236, 394
	10, 394
	246, 395
	215, 395
	320, 395
	27, 395
	321, 395
	123, 395
	263, 396
	345, 396
	212, 396
	112, 396
	89, 396
	28, 397
	376, 397
	174, 397
	237, 397
	233, 397
	380, 397
	368, 397
	364, 398
	254, 398
	220, 398
	183, 398
	116, 398
	171, 398
	20, 398
	144, 399
	211, 399
	345, 399
	16, 399
	143, 399
	289, 400
	172, 400
	328, 400
	148, 400
	94, 400
	337, 401
	169, 401
	86, 401
	25, 401
	121, 402
	28, 402
	59, 402
	310, 402
	131, 402
	314, 402
	44, 403
	221, 403
	-4, 403
	166, 404
	246, 404
	154, 404
	395, 404
	321, 404
	346, 405
	197, 405
	32, 405
	295, 405
	42, 405
	365, 406
	187, 406
	177, 406
	379, 407
	307, 407
	272, 407
	190, 407
	77, 407
	377, 407
	389, 407
	136, 408
	53, 408
	242, 408
	163, 408
	74, 408
	388, 408
	118, 409
	221, 409
	202, 409
	386, 410
	224, 410
	153, 410
	59, 410
	43, 410
	339, 410
	177, 411
	243, 411
	406, 411
	189, 411
	234, 411
	360, 411
	109, 412
	86, 412
	231, 412
	93, 412
	373, 412
	107, 413
	87, 413
	299, 413
	201, 413
	341, 413
	385, 413
	274, 414
	187, 414
	360, 414
	406, 414
	411, 414
	285, 415
	210, 415
	144, 415
	211, 415
	180, 415
	263, 415
	358, 415
	382, 415
	127, 416
	200, 416
	266, 416
	273, 416
	306, 416
	173, 416
	409, 417
	118, 417
	221, 417
	44, 417
	403, 417
	257, 417
	92, 417
Mesh Regions: 418
	19, 31, 391, 395, 471, 870
	54, 59, 137, 168, 261, 423, 532
	3, 182, 237, 999, 1039
	147, 279, 519, 552, 776, 884
	66, 76, 114, 226, 443, 562
	17, 85, 158, 322, 524, 850
	99, 344, 491, 627, 700, 1007
	0, 90, 187, 466, 636, 663
	10, 92, 273, 357, 842, 978
	1, 172, 315, 932
	6, 52, 70, 393, 415, 1128
	1, 171, 206, 310, 327, 567
	2, 3, 983, 998, 1035
	4, 75, 152, 563, 994
	176, 207, 342, 492, 945, 1083
	32, 602, 841, 1086, 1103
	174, 336, 569, 819, 875, 1098, 1157
	109, 192, 718, 730, 761
	151, 157, 190, 401, 482, 891
	100, 116, 156, 478, 646, 859, 1071
	30, 236, 474, 570, 1100, 1153
	56, 505, 800, 852, 939
	80, 166, 197, 212, 259, 714, 782
	9, 266, 370, 711, 834
	5, 79, 106, 514
	6, 61, 69, 304, 840, 1122, 1167
	7, 169, 383, 766, 812
	74, 134, 619, 704, 751, 1132
	127, 651, 725, 990, 1030, 1140, 1169
	8, 107, 816, 981, 1110
	41, 448, 597, 894, 919
	9, 46, 132, 265, 371, 586, 1069
	16, 21, 45, 128, 426, 645, 1184
	10, 91, 201, 464, 844
	11, 22, 292, 723
	40, 148, 170, 537, 677, 765
	12, 15, 24, 289, 573
	13, 270, 420, 862, 899, 1052
	14, 123, 251, 925
	48, 173, 873, 1016, 1096
	28, 291, 340, 722, 728, 762, 985
	15, 25, 141, 294, 577, 615, 988
	16, 43, 185, 430, 881, 1186
	17, 33, 84, 851, 1210
	18, 67, 954, 1174, 1251
	19, 47, 53, 97, 390, 470
	20, 51, 82, 163, 502
	21, 27, 60, 131, 146, 427
	42, 154, 204, 329, 349, 555, 635
	326, 365, 388, 437, 494
	26, 183, 621, 817, 965
	22, 23, 24, 25, 293
	26, 27, 143, 184, 296, 429, 624
	119, 159, 433, 508, 741, 1198
	93, 136, 330, 354, 566
	28, 63, 140, 339, 547, 984
	29, 101, 177, 275, 790
	30, 31, 473, 872, 1101
	32, 215, 224, 463, 845, 1084
	33, 83, 526, 707, 726, 1079, 1170, 1209
	64, 258, 267, 543, 896, 1062
	44, 218, 324, 377, 629, 970
	34, 35, 58, 214, 784
	35, 36, 57, 227
	37, 81, 161, 397
	50, 179, 191, 241, 417, 499
	38, 193, 272, 847
	55, 120, 125, 252, 607
	39, 231, 468, 628, 697, 1120
	39, 62, 230, 422, 839, 1116
	40, 41, 257, 535, 678, 770, 895, 917
	42, 142, 155, 348, 550, 664, 886
	149, 410, 412, 527, 710
	43, 87, 186, 255, 880, 963
	44, 160, 216, 632, 969, 1201
	45, 46, 129, 642, 1067
	249, 256, 331, 366, 1107
	195, 281, 460, 694, 731, 1194
	47, 95, 220, 472, 972
	48, 175, 208, 333, 1013, 1055
	49, 50, 51, 181, 503
	52, 53, 96, 389, 408, 414
	54, 167, 196, 421, 660, 947, 1118
	55, 56, 117, 506, 608, 855
	57, 58, 59, 229, 262, 441, 529, 785
	60, 73, 130, 145, 652
	61, 68, 98, 232, 1166, 1219
	62, 94, 138, 305, 425, 838, 1224
	63, 338, 452, 546, 1060
	64, 105, 337, 594, 898, 1061, 1139
	65, 88, 313, 933
	66, 113, 440, 486, 534, 1075
	67, 178, 485, 691, 786, 957, 1254
	68, 69, 70, 392, 394, 1221
	199, 346, 601, 620, 754, 795, 1163
	71, 118, 122, 743
	72, 103, 788, 956
	73, 74, 133, 144, 297, 655, 706
	75, 76, 115, 153, 480, 561
	77, 317, 643, 1065
	78, 79, 112, 512, 1024
	80, 213, 283, 715, 833
	81, 82, 165, 400, 501, 892
	83, 84, 85, 525
	86, 87, 254, 879
	88, 89, 90, 188, 314
	91, 92, 93, 135, 202, 353
	94, 139, 488, 1072, 1223
	95, 96, 97, 219, 320, 409, 523
	98, 99, 233, 345, 699, 1015, 1218
	100, 126, 649, 682, 857
	101, 102, 103, 104, 789
	105, 509, 867, 922, 1058, 1138
	106, 107, 108, 513, 815, 961
	109, 244, 309, 717, 760, 1001
	110, 111, 112, 1023
	235, 263, 374, 450, 475, 1151
	113, 114, 115, 116, 479, 1073
	285, 307, 484, 520, 779, 1203, 1249
	117, 118, 119, 120, 121, 507, 745
	121, 122, 123, 124, 125, 250
	126, 127, 150, 648, 685, 1168
	128, 129, 130, 131, 132, 548, 589, 653
	133, 134, 458, 654, 755, 1134
	135, 136, 200, 203, 568, 598, 906
	137, 138, 139, 424, 487, 531
	140, 141, 269, 545, 614, 987
	142, 303, 540, 553, 668, 1242
	143, 144, 145, 146, 298
	147, 280, 350, 406, 775
	148, 518, 590, 676, 764, 937
	149, 150, 411, 684, 709, 1126, 1172
	151, 152, 153, 399, 481, 993
	154, 155, 556, 887, 952
	156, 157, 189, 483, 639, 647
	158, 321, 849, 864, 1021
	159, 160, 504, 631, 804, 1197
	161, 162, 163, 164, 165
	166, 167, 168, 198, 260
	169, 170, 382, 536, 767
	217, 300, 323, 360, 669, 966, 975
	171, 172, 564, 686, 750, 934
	239, 277, 302, 542, 739
	173, 174, 175, 335, 1097, 1158
	334, 510, 877, 1154, 1236
	176, 225, 380, 493, 1080
	177, 178, 240, 274, 692, 787
	179, 180, 181, 242, 403
	182, 210, 238, 681, 791, 1037, 1162
	183, 184, 185, 186, 428, 964
	187, 188, 205, 312, 634
	189, 190, 191, 418, 500, 638, 889
	192, 341, 716, 729, 808, 827
	193, 194, 372, 848, 1208
	195, 222, 245, 459, 732, 756, 1179
	196, 197, 198, 264, 713, 946
	199, 200, 347, 599, 905
	201, 202, 203, 462, 584, 904
	204, 205, 206, 311, 328, 633
	207, 208, 343, 943, 1012, 1056
	209, 210, 444, 680, 1038
	211, 212, 213, 214, 284, 783
	215, 221, 223, 248, 465, 582
	216, 217, 234, 674, 968, 1088, 1200
	218, 288, 375, 630, 803, 918
	219, 220, 299, 319, 419, 672, 971, 1019
	221, 222, 246, 447, 581, 1177
	223, 224, 225, 247, 381, 1081
	226, 227, 228, 229, 442, 559
	230, 231, 232, 233, 698, 836, 1165
	234, 286, 611, 671, 1049, 1087
	235, 236, 477, 571, 822, 1152
	237, 238, 432, 455, 617, 996, 1160
	239, 240, 278, 301, 693, 1247
	241, 242, 402, 416, 1142
	243, 244, 308, 361, 1002
	245, 246, 247, 248, 379, 579, 733
	249, 364, 438, 979, 1105, 1189, 1212
	250, 251, 252, 606, 796, 924
	253, 254, 255, 515, 959, 1026
	256, 332, 367, 511, 865, 1238
	257, 258, 268, 769, 897
	259, 260, 261, 262, 781
	263, 325, 359, 378, 1150
	264, 265, 266, 587, 712, 949, 1032, 1092
	267, 268, 269, 544, 616, 772
	270, 271, 272, 846, 861
	273, 355, 557, 977, 1188, 1230
	274, 275, 276, 277, 278, 738
	279, 280, 405, 883, 950, 1215
	281, 461, 549, 658, 1193
	282, 283, 284, 835
	285, 306, 351, 720, 778, 807
	286, 287, 434, 609, 1090
	288, 675, 801, 915, 942
	289, 290, 385, 572
	291, 292, 293, 294, 721, 986
	295, 641, 878, 1183
	296, 297, 298, 431, 457, 622, 702
	299, 300, 670, 973
	301, 302, 303, 541, 1243
	304, 305, 661, 837, 1123, 1226
	306, 307, 308, 309, 363, 719, 1205
	310, 311, 312, 313, 314, 315, 931
	316, 517, 592, 605, 799
	317, 318, 368, 1064
	319, 320, 321, 322, 528, 1018
	323, 324, 325, 358, 376, 967
	326, 352, 387, 454, 495, 809, 825
	327, 328, 329, 330, 356, 554, 565
	331, 332, 603, 1108, 1235
	333, 334, 335, 1054, 1155, 1237
	336, 337, 593, 820, 876, 1137
	338, 339, 340, 341, 451, 727, 829
	342, 343, 344, 345, 490, 1011
	346, 347, 446, 752, 907, 1130
	538, 576, 612, 774
	348, 349, 637, 665
	350, 351, 352, 407, 496, 777, 810
	353, 354, 355, 356, 357, 558
	358, 359, 360, 976, 1149
	361, 362, 363, 1175, 1204, 1250
	364, 365, 366, 367, 386, 436, 866
	368, 369, 370, 371, 830, 1068
	372, 373, 991, 1044, 1077, 1207
	374, 375, 376, 377, 378, 449, 914
	379, 380, 381, 489, 578, 1006
	469, 580, 626, 695, 734, 1010
	382, 383, 384, 385, 539, 575
	386, 387, 388, 453, 868, 920
	389, 390, 391, 392, 393, 396
	394, 395, 396, 871, 1014, 1220
	397, 398, 399, 400, 401, 890, 992
	402, 403, 404, 1046, 1144
	405, 406, 407, 439, 497, 1216
	408, 409, 410, 413, 522
	411, 412, 413, 414, 415, 1127
	416, 417, 418, 640, 1031, 1143
	419, 420, 673, 860, 1022, 1047
	421, 422, 423, 424, 425, 1117
	426, 427, 428, 429, 430
	431, 432, 456, 623, 997, 1113
	433, 434, 435, 742, 1089, 1199
	436, 437, 438, 439, 498, 1213
	440, 441, 442, 443, 530
	444, 445, 679, 688, 929
	446, 447, 585, 903, 1129, 1178
	448, 449, 450, 476, 595, 913
	451, 452, 453, 454, 828, 923, 1063
	455, 456, 457, 618, 703
	458, 459, 460, 461, 656, 757
	462, 463, 464, 465, 583, 843
	466, 467, 667, 908
	468, 469, 625, 659, 696, 1040, 1119
	470, 471, 472, 473, 474, 974, 1148
	475, 476, 477, 596, 821
	478, 479, 480, 481, 482, 483
	484, 485, 521, 690, 1253
	486, 487, 488, 533, 1074
	489, 490, 491, 492, 493, 1008
	494, 495, 496, 497, 498
	499, 500, 501, 502, 503, 888
	504, 505, 506, 507, 508, 805
	509, 510, 511, 869, 874, 1135, 1239
	512, 513, 514, 515, 960, 1025
	516, 517, 518, 591, 768, 813
	519, 520, 521, 551, 689, 780, 1244
	522, 523, 524, 525, 526, 527, 528, 708
	529, 530, 531, 532, 533, 534
	535, 536, 537, 538, 539, 574, 771
	540, 541, 542, 666, 740, 912
	543, 544, 545, 546, 547, 1059
	548, 549, 588, 657, 1034, 1192
	550, 551, 552, 553, 885, 1245
	554, 555, 556, 557, 558, 953, 1229
	559, 560, 561, 562, 563
	564, 565, 566, 567, 568, 600, 747
	569, 570, 571, 823, 1099
	572, 573, 574, 575, 576, 577, 613
	578, 579, 580, 736, 1005
	581, 582, 583, 584, 585, 902
	586, 587, 588, 589, 1033
	590, 591, 592, 604, 854, 936
	593, 594, 595, 596, 597, 824, 893
	598, 599, 600, 601, 748, 794
	602, 603, 944, 1085, 1104, 1234
	604, 605, 606, 607, 608, 797, 853
	609, 610, 611, 900, 1050
	612, 613, 614, 615, 616, 773
	617, 618, 619, 620, 705, 753, 1159
	621, 622, 623, 624, 818, 1114
	625, 626, 627, 628, 701, 1009
	629, 630, 631, 632, 802
	633, 634, 635, 636, 637, 662
	638, 639, 640, 650, 1028
	641, 642, 643, 644, 645, 1066, 1185
	646, 647, 648, 649, 650, 651, 1029
	652, 653, 654, 655, 656, 657, 658
	659, 660, 948, 1041, 1094, 1121
	661, 683, 858, 1125, 1225
	662, 663, 664, 665, 666, 667, 668, 911
	669, 670, 671, 672, 673, 674, 1048
	675, 676, 677, 678, 916, 941
	679, 680, 681, 687, 746, 792
	682, 683, 684, 685, 856, 1124
	686, 687, 688, 749, 935
	689, 690, 691, 692, 693, 1246
	694, 695, 696, 735, 1042, 1191
	697, 698, 699, 700, 701
	702, 703, 704, 705, 706
	707, 708, 709, 710, 1171
	711, 712, 713, 714, 715, 832
	716, 717, 718, 719, 720, 806
	721, 722, 723, 724, 759
	725, 726, 989, 1078, 1173
	727, 728, 729, 730, 763
	731, 732, 733, 734, 735, 736
	737, 738, 739, 740, 910
	741, 742, 743, 744, 745
	746, 747, 748, 749, 750, 793
	751, 752, 753, 754, 1131
	755, 756, 757, 1133, 1181
	758, 759, 760, 761, 762, 763, 1003
	764, 765, 766, 767, 768, 811
	769, 770, 771, 772, 773, 774
	775, 776, 777, 778, 779, 780
	781, 782, 783, 784, 785
	786, 787, 788, 789, 790, 958
	791, 792, 793, 794, 795, 1161
	796, 797, 798, 799, 928
	800, 801, 802, 803, 804, 805, 940
	806, 807, 808, 809, 810, 826
	811, 812, 813, 814
	815, 816, 817, 818, 962, 1115
	819, 820, 821, 822, 823, 824
	825, 826, 827, 828, 829
	830, 831, 832, 833, 834, 835
	836, 837, 838, 839, 840, 1164
	841, 842, 843, 844, 845, 980, 1109
	846, 847, 848, 849, 850, 851, 863, 1211
	852, 853, 854, 855, 938
	856, 857, 858, 859, 1070, 1227
	860, 861, 862, 863, 864, 1020
	865, 866, 867, 868, 869, 921
	870, 871, 872, 873, 1017, 1102
	874, 875, 876, 877, 1136, 1156
	878, 879, 880, 881, 882, 1182
	883, 884, 885, 886, 887, 951
	888, 889, 890, 891, 892
	893, 894, 895, 896, 897, 898
	899, 900, 901, 1051
	902, 903, 904, 905, 906, 907
	908, 909, 910, 911, 912
	913, 914, 915, 916, 917, 918, 919
	920, 921, 922, 923, 1057
	924, 925, 926, 927, 928
	929, 930, 931, 932, 933, 934, 935
	936, 937, 938, 939, 940, 941, 942
	943, 944, 945, 1053, 1082, 1240
	946, 947, 948, 949, 1095
	950, 951, 952, 953, 1217, 1231
	954, 955, 956, 957, 958
	959, 960, 961, 962, 963, 964, 965
	966, 967, 968, 969, 970
	971, 972, 973, 974, 975, 976, 1147
	977, 978, 979, 980, 1106, 1187
	981, 982, 983, 1000, 1111
	984, 985, 986, 987, 988
	989, 990, 991, 1043, 1076, 1146
	992, 993, 994, 995
	996, 997, 998, 999, 1000, 1112
	1001, 1002, 1003, 1004
	1005, 1006, 1007, 1008, 1009, 1010
	1011, 1012, 1013, 1014, 1015, 1016, 1017, 1222
	1018, 1019, 1020, 1021, 1022
	1023, 1024, 1025, 1026, 1027
	1028, 1029, 1030, 1031, 1141
	1032, 1033, 1034, 1091, 1195
	1035, 1036, 1037, 1038, 1039
	1040, 1041, 1042, 1093, 1190
	1043, 1044, 1045, 1046, 1145
	1047, 1048, 1049, 1050, 1051, 1052
	1053, 1054, 1055, 1056, 1241
	1057, 1058, 1059, 1060, 1061, 1062, 1063
	1064, 1065, 1066, 1067, 1068, 1069
	1070, 1071, 1072, 1073, 1074, 1075, 1228
	1076, 1077, 1078, 1079, 1206
	1080, 1081, 1082, 1083, 1084, 1085, 1086
	1087, 1088, 1089, 1090, 1202
	1091, 1092, 1093, 1094, 1095, 1196
	1096, 1097, 1098, 1099, 1100, 1101, 1102
	1103, 1104, 1105, 1106, 1107, 1108, 1109
	1110, 1111, 1112, 1113, 1114, 1115
	1116, 1117, 1118, 1119, 1120, 1121
	1122, 1123, 1124, 1125, 1126, 1127, 1128
	1129, 1130, 1131, 1132, 1133, 1134, 1180
	1135, 1136, 1137, 1138, 1139
	1140, 1141, 1142, 1143, 1144, 1145, 1146
	1147, 1148, 1149, 1150, 1151, 1152, 1153
	1154, 1155, 1156, 1157, 1158
	1159, 1160, 1161, 1162, 1163
	1164, 1165, 1166, 1167
	1168, 1169, 1170, 1171, 1172, 1173
	1174, 1175, 1176, 1252
	1177, 1178, 1179, 1180, 1181
	1182, 1183, 1184, 1185, 1186
	1187, 1188, 1189, 1214, 1232
	1190, 1191, 1192, 1193, 1194, 1195, 1196
	1197, 1198, 1199, 1200, 1201, 1202
	1203, 1204, 1205, 1248
	1206, 1207, 1208, 1209, 1210, 1211
	1212, 1213, 1214, 1215, 1216, 1217, 1233
	1218, 1219, 1220, 1221, 1222
	1223, 1224, 1225, 1226, 1227, 1228
	1229, 1230, 1231, 1232, 1233
	1234, 1235, 1236, 1237, 1238, 1239, 1240, 1241
	1242, 1243, 1244, 1245, 1246, 1247
	1248, 1249, 1250, 1251, 1252, 1253, 1254
Seed Numbers: 418
	0
	1
	2
	3
	4
	5
	6
	7
	8
	9
	10
	11
	12
	13
	14
	15
	16
	17
	18
	19
	20
	21
	22
	23
	24
	25
	26
	27
	28
	29
	30
	31
	32
	33
	34
	35
	36
	37
	38
	39
	40
	41
	42
	43
	44
	45
	46
	47
	48
	49
	50
	51
	52
	53
	54
	55
	56
	57
	58
	59
	60
	61
	62
	63
	64
	65
	66
	67
	68
	69
	70
	71
	72
	73
	74
	75
	76
	77
	78
	79
	80
	81
	82
	83
	84
	85
	86
	87
	88
	89
	90
	91
	92
	93
	94
	95
	96
	97
	98
	99
	100
	101
	102
	103
	104
	105
	106
	107
	108
	109
	110
	111
	112
	113
	114
	115
	116
	117
	118
	119
	120
	121
	122
	123
	124
	125
	126
	127
	128
	129
	130
	131
	132
	133
	134
	135
	136
	137
	138
	139
	140
	141
	142
	143
	144
	145
	146
	147
	148
	149
	150
	151
	152
	153
	154
	155
	156
	157
	158
	159
	160
	161
	162
	163
	164
	165
	166
	167
	168
	169
	170
	171
	172
	173
	174
	175
	176
	177
	178
	179
	180
	181
	182
	183
	184
	185
	186
	187
	188
	189
	190
	191
	192
	193
	194
	195
	196
	197
	198
	199
	200
	201
	202
	203
	204
	205
	206
	207
	208
	209
	210
	211
	212
	213
	214
	215
	216
	217
	218
	219
	220
	221
	222
	223
	224
	225
	226
	227
	228
	229
	230
	231
	232
	233
	234
	235
	236
	237
	238
	239
	240
	241
	242
	243
	244
	245
	246
	247
	248
	249
	250
	251
	252
	253
	254
	255
	256
	257
	258
	259
	260
	261
	262
	263
	264
	265
	266
	267
	268
	269
	270
	271
	272
	273
	274
	275
	276
	277
	278
	279
	280
	281
	282
	283
	284
	285
	286
	287
	288
	289
	290
	291
	292
	293
	294
	295
	296
	297
	298
	299
	300
	301
	302
	303
	304
	305
	306
	307
	308
	309
	310
	311
	312
	313
	314
	315
	316
	317
	318
	319
	320
	321
	322
	323
	324
	325
	326
	327
	328
	329
	330
	331
	332
	333
	334
	335
	336
	337
	338
	339
	340
	341
	342
	343
	344
	345
	346
	347
	348
	349
	350
	351
	352
	353
	354
	355
	356
	357
	358
	359
	360
	361
	362
	363
	364
	365
	366
	367
	368
	369
	370
	371
	372
	373
	374
	375
	376
	377
	378
	379
	380
	381
	382
	383
	384
	385
	386
	387
	388
	389
	390
	391
	392
	393
	394
	395
	396
	397
	398
	399
	400
	401
	402
	403
	404
	405
	406
	407
	408
	409
	410
	411
	412
	413
	414
	415
	416
	417
Phase Numbers: 418
	2
	2
	1
	3
	2
	3
	2
	2
	0
	2
	2
	1
	3
	2
	0
	2
	0
	0
	2
	3
	3
	3
	2
	2
	2
	3
	1
	2
	3
	3
	3
	3
	3
	3
	2
	3
	2
	3
	0
	2
	2
	2
	2
	2
	3
	3
	1
	2
	0
	2
	0
	2
	0
	2
	2
	3
	1
	3
	2
	3
	2
	1
	2
	3
	2
	2
	3
	3
	2
	2
	3
	2
	3
	3
	3
	2
	3
	2
	3
	2
	1
	2
	0
	0
	2
	3
	2
	3
	2
	2
	2
	2
	3
	2
	2
	2
	0
	0
	1
	3
	0
	0
	3
	3
	0
	2
	2
	3
	2
	3
	1
	2
	1
	3
	2
	2
	2
	3
	2
	3
	3
	3
	2
	3
	3
	3
	1
	3
	2
	2
	2
	3
	2
	1
	3
	2
	2
	0
	2
	2
	0
	2
	3
	2
	2
	2
	2
	2
	3
	3
	2
	3
	0
	3
	3
	0
	2
	3
	2
	0
	2
	3
	2
	3
	2
	2
	3
	3
	3
	0
	3
	2
	3
	3
	3
	3
	3
	2
	3
	3
	3
	0
	3
	2
	0
	1
	2
	1
	2
	2
	3
	2
	0
	2
	1
	2
	0
	3
	3
	3
	3
	1
	2
	3
	3
	2
	2
	0
	3
	3
	3
	2
	3
	3
	2
	1
	3
	3
	3
	3
	3
	2
	2
	2
	3
	3
	2
	0
	2
	3
	2
	0
	3
	3
	3
	1
	1
	2
	3
	0
	3
	2
	1
	1
	3
	0
	2
	1
	3
	1
	3
	2
	3
	3
	1
	2
	3
	2
	3
	3
	3
	0
	3
	1
	2
	3
	2
	2
	3
	2
	3
	0
	3
	3
	2
	1
	2
	3
	1
	3
	3
	2
	3
	3
	2
	3
	1
	2
	1
	3
	2
	2
	3
	2
	3
	1
	0
	2
	2
	3
	2
	3
	2
	3
	3
	3
	1
	2
	3
	2
	3
	2
	3
	3
	3
	2
	3
	2
	2
	3
	2
	3
	3
	2
	3
	2
	3
	2
	2
	3
	2
	0
	3
	3
	3
	2
	2
	3
	0
	3
	1
	3
	3
	2
	2
	2
	2
	1
	2
	2
	3
	2
	2
	3
	0
	3
	1
	3
	3
	3
	2
	1
	3
	0
	3
	3
	3
	1
	3
	2
	2
	2
	2
	2
	2
	3
	3
	3
	3
	0
	2
	2
	2
	3
	3
	0
	2
	2
	1
	2
	1
	2
	3
	3
	2
	2
	1
	2
	2
	3
	3
	3
	0
	3
	3
	3
	3
	2
	2
	2
	3
	3
	2
	3
	0
	2
	1
	2
Volumes: 418
	0.002755178106503167
	0.002840626321708864
	0.0022201266119403493
	0.0017716593253917009
	0.0020536565726995107
	0.0019250770760923385
	0.0017701219592052256
	0.0021867039262999386
	0.002240119802769824
	0.0015157761069185983
	0.00276555283267383
	0.0027326624859213885
	0.0012184296167818678
	0.0019680365848715603
	0.0029286841970206307
	0.0024293352402209385
	0.002622248847920978
	0.0023222468679733902
	0.002341743675788442
	0.00236893558036308
	0.002751708328582188
	0.002006475464154605
	0.002514395288775325
	0.002661140236242919
	0.0010516446502329105
	0.0023367483111539156
	0.000981674632089331
	0.0023135663965470833
	0.002207277485646172
	0.0017867435597780667
	0.0020979119381050967
	0.0036540669077447297
	0.0027007807861054813
	0.0019010371916229301
	0.0008658786032802575
	0.002890017841450011
	0.0024099925570951076
	0.0020155930192313253
	0.0015848961127479897
	0.002852236681905698
	0.0025674503255584766
	0.00222738368501239
	0.0022536258868533694
	0.0016252714251185842
	0.0019389712172147191
	0.0030168430877843336
	0.0013461094689763621
	0.0028064425733084356
	0.0029841653913937395
	0.0016212632814100844
	0.0020921115471539673
	0.0012616411214255198
	0.00230334311005738
	0.001888776896327156
	0.0027165074885769384
	0.002075457391316174
	0.0030349489419762487
	0.002605744775022663
	0.0017398897583884038
	0.002276327867511279
	0.0031970615638351506
	0.0022404239472881638
	0.0015104395360578603
	0.001605377336747792
	0.0010398889697182416
	0.0024221410107382172
	0.001218180593805729
	0.001930371980576388
	0.0027163971268270174
	0.0028073975307560273
	0.0034045474089956806
	0.0030740385177346068
	0.0014353689674211879
	0.002749329061021428
	0.0024841119974964546
	0.002633691468560306
	0.0018653676724026814
	0.00213288854157488
	0.003684618920264475
	0.0028721409805450085
	0.0013909342693543035
	0.002341905466568139
	0.0031608363991002
	0.002826206086661898
	0.0028350183313798597
	0.001953211600616915
	0.0023193161506268713
	0.002950732314591955
	0.001982780616258199
	0.0033314327364597413
	0.001255841852883061
	0.0024460995044809754
	0.002313725179940009
	0.002072754856791692
	0.0025921206119492715
	0.0013625294085204559
	0.0010272517140032982
	0.0022062803803288857
	0.003344324633349409
	0.0016827562059199708
	0.0009031858142397503
	0.0022429862124535107
	0.0021011049632825704
	0.0018194182823583205
	0.001342770063919526
	0.0017786516321632844
	0.0026944399900647926
	0.0030673665406954214
	0.003754513666735294
	0.002912395091042787
	0.002042911100319558
	0.0016416759618483523
	0.003566286527260488
	0.0026013179921844792
	0.0024681349511845047
	0.0008205934051750049
	0.002003385763213182
	0.002478332122980784
	0.003268204929735543
	0.0029251102962444668
	0.002923419931556993
	0.0026367762548746725
	0.004152634080738601
	0.003027249404612466
	0.00350400160487767
	0.0031554274979692922
	0.0019249231543494662
	0.0033367383483978033
	0.0018930907037889699
	0.0015856072871375882
	0.0026391839780874294
	0.0026758013268549825
	0.0029140384365347488
	0.002476345705815269
	0.0029908136177554407
	0.001477606196614658
	0.0024736467008547045
	0.0016556849767301323
	0.002526800239184506
	0.0018564040968826955
	0.0028615966742099636
	0.0021740216396748816
	0.0027815939264423614
	0.0022514625972629666
	0.0019094710117008612
	0.0017867340866033192
	0.0029284230947822943
	0.0009830626192654207
	0.002562244797456168
	0.002418149827069343
	0.0028509276967304755
	0.003003891986133607
	0.0017470515984447969
	0.0018565083984311498
	0.0023085618989445965
	0.0027198640763864577
	0.0020940910887119004
	0.0025716506997762933
	0.002586417797677605
	0.0021885011282684746
	0.0017006375712389408
	0.0017752995197709888
	0.0023616497746426113
	0.003436642625854279
	0.0023478749136365195
	0.003585036862420356
	0.0018815759631892592
	0.0024963524535886227
	0.0034082316129968185
	0.003589280457576007
	0.0020476671613872278
	0.0021855921768241695
	0.002712414968671837
	0.0023350356828552203
	0.0020525442646820947
	0.0025309486659540765
	0.0029910970456126372
	0.002539910424478806
	0.0029138478638438287
	0.0027435954346732103
	0.0023772987541241784
	0.0027654449859296462
	0.001968025721049138
	0.0024505217377333356
	0.0031702575309515606
	0.002788801114985047
	0.0019627069931389095
	0.0024594082870502804
	0.002403027424756213
	0.0025079357713020485
	0.002687159852007394
	0.0008628845718539549
	0.00332992223043347
	0.0024782249080998104
	0.0019688189236194507
	0.0014804238689348488
	0.001880434706032082
	0.001462835091315758
	0.00188264191465766
	0.0021191258792601364
	0.0028934919980352783
	0.003046764917947285
	0.002676865163011616
	0.002467224034326884
	0.0031382400587549896
	0.001739989642265408
	0.0029695804922979354
	0.001709076048874443
	0.0024382182407303916
	0.0031013965965142683
	0.0016847320785597138
	0.0028042385909589147
	0.0026772545012306564
	0.002234437133867044
	0.00275152907811085
	0.002651381227465598
	0.0015215419369539267
	0.0022405034030602896
	0.002723476761007595
	0.002946324251762632
	0.0021025762298279996
	0.002370614937241159
	0.0023428532838112278
	0.0030717967256832027
	0.0030112582466570105
	0.002117350641571829
	0.0021554877251005514
	0.0020533924418473792
	0.0025442387318265975
	0.0026114715610321294
	0.002287677366676541
	0.003095747663161442
	0.002955418552285343
	0.002006313830284988
	0.002421460608016876
	0.001990750513084656
	0.0024353679788894932
	0.0027725888728520305
	0.002675743398520034
	0.0026221086579721886
	0.0021204258901921236
	0.0025578773289081456
	0.003205975921889628
	0.0023999665963077804
	0.002230495019318837
	0.0024352301900765487
	0.002705698016734326
	0.0021669560425925626
	0.0024897232210841945
	0.0019570537158879187
	0.0031669429193613473
	0.002095220111214648
	0.0015522996694225133
	0.003239869932553572
	0.0031950712085611127
	0.0018033975534806489
	0.0029715236729371684
	0.00199213967371081
	0.002942050475159476
	0.001810797260785105
	0.00249418081116277
	0.0026345299595058567
	0.0020590665752177537
	0.0030507636408863186
	0.002387208505888738
	0.003430015894631907
	0.0024145258509463544
	0.0026055552082157978
	0.002579871306034375
	0.002717077025959237
	0.0025320732156347454
	0.002685348264141604
	0.0025268114174899553
	0.0027570721927201664
	0.0030915784708487742
	0.0017961433077563257
	0.0031463234751326224
	0.0019430273792179003
	0.0025040319259746896
	0.0019225489096203988
	0.002010696545283367
	0.002709625988730862
	0.0029286011417608317
	0.002687957929692382
	0.002817138036498184
	0.0027640971272892543
	0.0029650133431069004
	0.001490087699972244
	0.0030359055281454217
	0.00226660477170192
	0.002496024221044257
	0.0020488276627110783
	0.0018220893849491637
	0.002068348695150688
	0.001694969902894055
	0.0025372676539843807
	0.0019881354009908493
	0.003270584142292237
	0.0028873064404576288
	0.00195997395600397
	0.003580191161353242
	0.0034124394383570145
	0.003239613382958131
	0.0030826481529243116
	0.002554146102200927
	0.001992397148042423
	0.0026251617633642503
	0.0031482401495862445
	0.00292735463305455
	0.0017431141561217466
	0.0015655898415072142
	0.0022018192310610456
	0.0016141074040417693
	0.0028024639237256834
	0.0018469136615649865
	0.0018955860165904507
	0.002491648064916494
	0.0010484256893574595
	0.0021736918359973457
	0.002086868047596559
	0.0023696562661623113
	0.0021117406209220256
	0.003058850913731183
	0.002504529497761253
	0.0022207368588243576
	0.002726210227035169
	0.0022101610469702606
	0.002195473652851095
	0.0026410363676727723
	0.002605474546495072
	0.002380595548609308
	0.0019788228977936266
	0.0015961822205989755
	0.0024621235082998155
	0.0021333233883549536
	0.0024123613205044763
	0.0022193058506711446
	0.0030978383112498006
	0.00270128381522892
	0.0027714875728266997
	0.002778585600423761
	0.002920667589180977
	0.001789688808130137
	0.0021130437506187583
	0.0032995573132358347
	0.002546508668068121
	0.0021228886559280778
	0.002287143765482987
	0.0017701942346014827
	0.002599893032848042
	0.0013210265978550646
	0.0029683995368494456
	0.0019119840551053901
	0.002990434827344175
	0.0019407028887417355
	0.0022543065473771126
	0.0030035738657671848
	0.002694885150326702
	0.0031538496196140955
	0.0023939261047002413
	0.0028403974544927305
	0.0021481015556757905
	0.002776289545254945
	0.002097533603586584
	0.0032146681495038897
	0.0022030258648027827
	0.002044393277733463
	0.0019495684509219912
	0.0024709597503808326
	0.0016046445185915075
	0.0026563435627077053
	0.0016846849975854508
	0.002173567644685201
	0.003491916546277468
	0.0017716574245877866
	0.0016318568427493316
	0.002508652751718128
	0.002571268757225943
	0.002657768890412223
	0.002889048786337079
	0.0029639804428794976
	0.002532952043120037
	0.0017840808257053803
	0.0033067863483628346
	0.00224700097243129
	0.0032775694592522744
	0.0016498707513266982
	0.002803323243121119
	0.0016664151998903578
	0.0026558731933164553
	0.002726933444565911
	0.0029050455555826036
	0.002759930174056297
	0.002713137453723615
	0.003280513408016134
	0.002820370223403386
	0.0020746303959383343
	0.002685689632703941
	0.002155487405222519
	0.001786955601464121
	0.0016342825633594833
	0.0016657883453153172
	0.0026314081064116265
	0.0012187135558364435
	0.0018834391503304339
	0.001927089600378851
	0.00166582960800569
	0.0030212222655902005
	0.0023212897456424356
	0.002141707679625731
	0.0025729133381197514
	0.0027368618572185715
	0.002706934035899687
	0.0026988461680483196
	0.0018207924062145213
	0.002966560770973801
	0.002590817056892148
	0.0026483616659156196
