Mesh Points: 846
	 1.050996e-01,  4.698030e-01
	 7.608136e-02,  4.488073e-01
	 9.621866e-02,  5.000000e-01
	 5.711617e-02,  5.000000e-01
	 5.148349e-02,  4.664360e-01
	 1.339587e-01,  2.197883e-01
	 1.299297e-01,  2.577701e-01
	 1.576903e-01,  2.110284e-01
	 1.708632e-01,  2.172013e-01
	 1.810391e-01,  2.522121e-01
	 1.528255e-01,  2.726836e-01
	 1.416238e-01,  2.707604e-01
	 2.082152e-02, -2.354295e-01
	-1.603513e-02, -2.610606e-01
	 1.742129e-02, -2.127020e-01
	-3.060665e-02, -2.042031e-01
	-2.162055e-03, -1.989984e-01
	-4.128112e-02, -2.171118e-01
	-3.711240e-01,  1.892322e-01
	-4.004404e-01,  1.795816e-01
	-4.187454e-01,  1.944678e-01
	-3.950398e-01,  2.324842e-01
	-3.771089e-01,  2.258765e-01
	-4.176309e-01,  2.170940e-01
	-4.275000e-01,  3.090688e-01
	-4.287885e-01,  3.099242e-01
	-4.385361e-01,  3.465247e-01
	-3.838920e-01,  3.189701e-01
	-3.815447e-01,  3.221123e-01
	-4.086130e-01,  3.735311e-01
	-3.911384e-01,  3.710871e-01
	 3.904560e-01, -4.470652e-01
	 3.976974e-01, -4.616295e-01
	 3.645331e-01, -5.000000e-01
	 3.544850e-01, -4.376073e-01
	 3.274333e-01, -4.703081e-01
	 3.446718e-01, -5.000000e-01
	-4.432925e-01,  1.449806e-02
	-4.426671e-01,  2.478116e-03
	-4.692610e-01,  3.516669e-02
	-5.000000e-01,  2.433222e-02
	-5.000000e-01, -2.856285e-02
	-4.373701e-01, -1.361229e-01
	-4.375368e-01, -1.411932e-01
	-4.781137e-01, -1.735164e-01
	-5.000000e-01, -1.317231e-01
	-4.750519e-01, -1.150240e-01
	-5.000000e-01, -1.660427e-01
	 4.152153e-01,  1.241191e-02
	 3.699197e-01,  3.276596e-02
	 3.737343e-01,  6.987756e-02
	 4.119928e-01,  8.244030e-02
	 4.267045e-01,  6.592080e-02
	 4.180385e-01,  1.372038e-02
	-1.110123e-01,  3.516079e-04
	-1.046067e-01,  9.090972e-03
	-1.368582e-01, -6.264395e-03
	-1.574747e-01,  5.004150e-02
	-1.522166e-01,  5.266642e-02
	-1.630769e-01,  7.926382e-03
	-1.038113e-01,  3.205888e-02
	-2.072123e-01,  4.493159e-01
	-2.210261e-01,  4.309870e-01
	-2.437453e-01,  5.000000e-01
	-2.776553e-01,  4.560027e-01
	-2.503126e-01,  5.000000e-01
	-2.662246e-01,  4.230619e-01
	-1.276305e-01,  4.527091e-01
	-1.566643e-01,  4.205306e-01
	-1.952279e-01,  4.511262e-01
	-1.648887e-01,  4.907815e-01
	 3.223844e-01, -3.306912e-01
	 3.138082e-01, -2.957563e-01
	 3.322762e-01, -3.357512e-01
	 3.306477e-01, -2.729257e-01
	 3.763888e-01, -3.037934e-01
	 3.777129e-01, -3.164063e-01
	-1.798576e-01, -1.022746e-01
	-2.086946e-01, -1.432380e-01
	-1.868131e-01, -8.532924e-02
	-2.377631e-01, -8.093084e-02
	-2.179657e-01, -1.402758e-01
	-2.473538e-01, -9.381584e-02
	-3.292199e-01,  4.427757e-01
	-3.045457e-01,  4.614736e-01
	-3.295308e-01,  4.131175e-01
	-3.243223e-01,  4.088461e-01
	-2.693843e-01,  4.152295e-01
	-7.697347e-02, -1.533836e-01
	-9.789317e-02, -1.899859e-01
	-8.325847e-02, -1.250877e-01
	-1.331327e-01, -1.312792e-01
	-1.427479e-01, -1.681466e-01
	-1.197071e-01, -1.917506e-01
	 1.290570e-01, -6.710766e-02
	 1.147170e-01, -5.306706e-02
	 1.713991e-01, -5.788369e-02
	 1.646006e-01, -1.242008e-02
	 1.729107e-01, -5.479665e-02
	 1.545978e-01, -4.721582e-03
	 1.235046e-01, -1.859987e-02
	 7.807305e-02,  2.953065e-01
	 7.571366e-02,  2.925446e-01
	 3.338602e-02,  3.074987e-01
	 2.631838e-02,  3.276993e-01
	 3.425299e-02,  3.487198e-01
	 4.657370e-02,  3.561374e-01
	 8.016298e-02,  3.404171e-01
	 1.910234e-01,  1.659611e-01
	 2.135475e-01,  1.983166e-01
	 1.592035e-01,  1.781556e-01
	-4.447425e-01, -6.752295e-02
	-4.776089e-01, -9.448367e-02
	-5.000000e-01, -8.118662e-02
	-5.000000e-01, -3.486898e-02
	-1.982575e-01, -2.109114e-02
	-1.967117e-01, -8.170697e-03
	-2.437052e-01, -4.449149e-02
	-2.542862e-01,  9.686275e-03
	-2.605595e-01, -3.316928e-02
	-2.114605e-01,  8.391657e-03
	 7.351133e-02, -1.918815e-01
	 6.171979e-02, -1.822220e-01
	 1.180645e-01, -1.747091e-01
	 6.938534e-02, -1.392478e-01
	 9.331237e-02, -1.278212e-01
	 6.154678e-02, -1.817542e-01
	 1.191676e-01, -1.484571e-01
	 8.760042e-02, -5.000000e-01
	 9.758983e-02, -4.637624e-01
	 4.798712e-02, -5.000000e-01
	 4.586194e-02, -4.445970e-01
	 8.401128e-02, -4.463364e-01
	 3.680090e-02, -4.583398e-01
	 3.565062e-01,  1.215717e-01
	 3.496988e-01,  9.299878e-02
	 3.403423e-01,  1.444252e-01
	 3.051899e-01,  1.483759e-01
	 2.908443e-01,  1.026448e-01
	 3.292316e-01,  8.645125e-02
	 1.263906e-01,  1.512114e-01
	 9.997868e-02,  1.969746e-01
	 1.237263e-01,  1.508660e-01
	 1.017687e-01,  1.726759e-01
	 5.000000e-01, -3.702385e-01
	 4.609520e-01, -3.575263e-01
	 5.000000e-01, -2.896601e-01
	 4.554544e-01, -3.232277e-01
	-4.450810e-01,  1.372758e-01
	-4.550562e-01,  1.794170e-01
	-4.046230e-01,  1.521015e-01
	-4.524017e-01,  1.840583e-01
	-3.462508e-01, -1.317456e-01
	-3.313852e-01, -1.547439e-01
	-3.662781e-01, -1.315933e-01
	-3.594953e-01, -1.994143e-01
	-3.846839e-01, -1.698938e-01
	-3.526185e-01, -1.973879e-01
	-2.931833e-01,  3.162548e-02
	-3.099921e-01, -1.032683e-02
	-3.016644e-01,  4.245760e-02
	-3.228529e-01,  4.299691e-02
	-3.403032e-01, -9.741405e-03
	-3.498254e-01,  1.804690e-02
	 3.314564e-01, -7.632455e-02
	 3.384685e-01, -1.066525e-01
	 3.611911e-01, -4.716092e-02
	 3.781094e-01, -1.184373e-01
	 3.931665e-01, -8.883325e-02
	 2.003938e-01, -1.600460e-01
	 1.913732e-01, -2.040945e-01
	 1.459691e-01, -2.043697e-01
	 1.711379e-01, -1.407712e-01
	 1.940358e-01, -1.485060e-01
	 1.421698e-01, -1.916198e-01
	 3.019841e-01,  1.964699e-01
	 2.995879e-01,  1.555522e-01
	 2.796761e-01,  2.140123e-01
	 2.362636e-01,  1.976627e-01
	 2.531487e-01,  1.546706e-01
	-3.304759e-01,  5.000000e-01
	-3.586513e-01,  4.681608e-01
	-3.851355e-01,  5.000000e-01
	-3.757307e-01,  4.656611e-01
	 2.294204e-01, -4.097533e-01
	 2.531154e-01, -3.971845e-01
	 2.443120e-01, -4.549897e-01
	 2.891848e-01, -4.300477e-01
	 2.847716e-01, -4.579505e-01
	 4.066257e-01, -4.145512e-01
	 3.618423e-01, -3.826307e-01
	 3.887520e-01, -3.760148e-01
	 3.426870e-01, -4.167167e-01
	 2.549339e-01,  4.476466e-01
	 2.770955e-01,  4.504939e-01
	 3.028585e-01,  4.178251e-01
	 2.722265e-01,  3.841175e-01
	 2.369477e-01,  4.259413e-01
	-1.214817e-01,  4.531033e-01
	-8.709509e-02,  4.241687e-01
	-1.567665e-01,  4.100457e-01
	-1.230635e-01,  3.788655e-01
	-8.542981e-02,  4.150102e-01
	 4.491114e-01,  2.384498e-01
	 4.142242e-01,  2.740458e-01
	 4.873131e-01,  2.656788e-01
	 4.675767e-01,  3.012472e-01
	 4.432506e-01,  3.113311e-01
	 4.368262e-01,  3.098281e-01
	-3.282988e-01,  3.582008e-01
	-3.762369e-01,  3.810029e-01
	-3.422751e-01,  3.241412e-01
	 4.667428e-01,  1.100569e-01
	 4.510438e-01,  1.233115e-01
	 4.609705e-01,  6.665673e-02
	 4.192697e-01,  1.117213e-01
	-2.020523e-01, -3.080959e-01
	-2.214226e-01, -3.068796e-01
	-1.856249e-01, -2.862243e-01
	-2.205550e-01, -2.464312e-01
	-1.931566e-01, -2.582719e-01
	-2.463557e-01, -2.747343e-01
	-2.438335e-01, -2.575827e-01
	 1.798708e-01,  3.131313e-01
	 1.180818e-01,  3.034712e-01
	 1.335089e-01,  3.387569e-01
	 1.690637e-01,  3.310428e-01
	-3.562522e-01,  8.165934e-02
	-3.446277e-01,  9.566913e-02
	-3.141838e-01,  9.881903e-02
	-2.940690e-01,  7.074411e-02
	 4.470617e-01,  3.812745e-01
	 4.461888e-01,  3.815543e-01
	 4.784260e-01,  4.072165e-01
	 4.275431e-01,  4.350055e-01
	 4.297271e-01,  4.400653e-01
	 4.705339e-01,  4.397836e-01
	-3.933811e-01,  4.496935e-01
	-4.332583e-01,  5.000000e-01
	-4.090654e-01,  4.490042e-01
	 1.395999e-01, -4.650156e-01
	 1.256114e-01, -5.000000e-01
	 1.351657e-01, -4.583971e-01
	-5.186974e-03, -2.356212e-02
	 1.471540e-02,  2.627473e-03
	-4.132894e-02, -3.669413e-03
	-2.940529e-02,  3.274693e-02
	-2.963191e-02,  3.260813e-02
	 4.473284e-03,  3.013963e-02
	-3.125158e-01, -2.863346e-01
	-3.645218e-01, -3.033834e-01
	-3.131901e-01, -2.521064e-01
	-3.684149e-01, -2.449313e-01
	-3.777121e-01, -2.908691e-01
	 1.249076e-01,  4.633518e-01
	 1.488043e-01,  4.766524e-01
	 1.475488e-01,  5.000000e-01
	-1.742943e-01, -5.376708e-02
	-1.525832e-01, -4.960750e-02
	-1.203983e-01, -6.905098e-02
	-1.459131e-01, -1.127317e-01
	 1.027968e-02, -8.384650e-02
	-2.982864e-02, -7.758233e-02
	-3.096794e-02, -6.040871e-02
	-3.202094e-03, -3.467287e-02
	 2.444588e-02, -5.523716e-02
	-4.497788e-02, -5.000000e-01
	-7.533172e-02, -4.490959e-01
	-1.089381e-01, -5.000000e-01
	 2.656258e-01,  3.204381e-02
	 2.213904e-01,  1.855951e-02
	 2.739448e-01,  5.896033e-02
	 2.313160e-01,  6.519310e-02
	 2.721611e-01,  6.307484e-02
	 2.131253e-01,  3.505005e-02
	 4.242773e-01,  3.762933e-01
	 3.825205e-01,  4.041502e-01
	 3.865862e-01,  4.140395e-01
	-4.615899e-01,  4.434921e-01
	-4.828517e-01,  4.265817e-01
	-4.691453e-01,  4.744656e-01
	-5.000000e-01,  4.893788e-01
	-5.000000e-01,  4.264419e-01
	-3.772316e-01,  7.709822e-02
	-3.816762e-01,  2.471568e-02
	-3.972217e-01,  4.926339e-02
	 4.768218e-01,  1.631951e-01
	 4.532836e-01,  1.437327e-01
	 4.766450e-01,  1.947883e-01
	 4.374326e-01,  2.127792e-01
	 4.440743e-01,  2.169953e-01
	 4.245656e-01,  1.696079e-01
	 7.834727e-02,  2.633006e-01
	 3.811228e-01,  4.033573e-01
	 3.613965e-01,  3.624495e-01
	 3.742109e-01,  3.333752e-01
	 4.005197e-01,  3.371936e-01
	-4.428273e-01, -4.400640e-01
	-4.703996e-01, -4.729996e-01
	-5.000000e-01, -4.719900e-01
	-5.000000e-01, -4.340023e-01
	-4.701547e-01, -4.180115e-01
	-4.485997e-01, -4.276024e-01
	 5.000000e-01,  5.581450e-02
	 4.741073e-01,  5.214677e-02
	 5.000000e-01,  1.102452e-01
	 5.000000e-01, -2.859514e-01
	 4.409293e-01, -2.482569e-01
	 5.000000e-01, -2.315924e-01
	 4.719754e-01, -2.236736e-01
	 4.414469e-01, -2.469965e-01
	 9.896172e-02, -9.998490e-04
	 7.291503e-02, -2.836770e-02
	 9.462788e-02, -5.318818e-02
	-1.932663e-01,  1.998590e-01
	-2.155031e-01,  1.559272e-01
	-2.499693e-01,  2.178822e-01
	-2.668561e-01,  1.956610e-01
	-2.584585e-01,  1.723294e-01
	-1.964219e-01,  3.764992e-01
	-2.098536e-01,  3.821802e-01
	 1.297706e-02,  4.548116e-01
	-4.046200e-03,  5.000000e-01
	-3.630558e-01,  1.849704e-01
	-3.434971e-01,  2.461836e-01
	-3.146411e-01,  2.061688e-01
	-3.201817e-01,  2.297160e-01
	 5.000000e-01,  7.127286e-03
	 4.891241e-01,  5.929938e-03
	 4.680024e-01,  2.980050e-02
	-4.314709e-01, -8.195188e-02
	-4.424844e-01, -6.746658e-02
	-3.903968e-01, -9.123628e-02
	-3.755223e-01, -6.895123e-02
	-4.089955e-01, -2.651654e-02
	-4.143614e-01, -2.679847e-02
	-3.418234e-01, -6.453005e-02
	-2.990977e-01, -5.154883e-02
	-3.477573e-01, -6.138324e-02
	-3.528245e-01, -2.616753e-02
	-2.917314e-01, -3.904090e-02
	 2.708973e-01,  3.084651e-01
	 2.531242e-01,  3.073118e-01
	 2.671409e-01,  3.678338e-01
	 2.291573e-01,  3.609619e-01
	 2.281336e-01,  3.256367e-01
	 2.202726e-02, -3.745898e-01
	 2.965319e-02, -3.603099e-01
	 7.705631e-02, -3.580695e-01
	 8.695088e-02, -3.990148e-01
	 4.233371e-02, -4.130373e-01
	 2.712877e-02, -3.985431e-01
	 6.440950e-02,  2.399666e-01
	 1.611937e-02,  2.514502e-01
	 7.373230e-03,  2.728070e-01
	-4.653581e-01, -3.571414e-01
	-4.814711e-01, -3.884706e-01
	-4.707630e-01, -3.505851e-01
	-5.000000e-01, -3.492760e-01
	-5.000000e-01, -3.898073e-01
	 5.000000e-01,  2.631545e-01
	 5.000000e-01,  3.321846e-01
	-3.216045e-01,  1.484646e-01
	-3.495772e-01,  1.446326e-01
	-3.071087e-01,  1.991594e-01
	-3.499048e-01,  1.448235e-01
	-1.391999e-01,  8.904492e-02
	-1.451477e-01,  1.018929e-01
	-1.817185e-01,  5.843526e-02
	-1.977338e-01,  9.624107e-02
	-1.717694e-01,  1.104233e-01
	-1.823489e-01,  3.065478e-01
	-1.944511e-01,  3.209055e-01
	-1.385168e-01,  3.042248e-01
	-1.400285e-01,  3.479293e-01
	-1.844823e-01,  3.497591e-01
	-1.388337e-01,  1.560184e-01
	-1.217310e-01,  1.900534e-01
	-1.583739e-01,  1.568505e-01
	-1.862137e-01,  2.027494e-01
	-1.826802e-01,  2.079843e-01
	-1.498226e-01,  2.158941e-01
	 2.840751e-01, -5.000000e-01
	 2.908945e-01, -4.673760e-01
	 2.270095e-01, -5.000000e-01
	 2.254309e-01, -4.745447e-01
	 1.050164e-02, -1.628051e-01
	 3.813078e-02, -1.133005e-01
	 2.490252e-02, -1.134716e-01
	-1.216402e-04, -1.393635e-01
	-1.531370e-01, -2.406935e-01
	-1.589355e-01, -2.394752e-01
	-1.349913e-01, -2.316299e-01
	-1.886569e-01, -2.036391e-01
	-1.626725e-01, -1.715809e-01
	-3.249807e-01,  5.000000e-01
	 4.557884e-01, -4.236404e-01
	 4.536424e-01, -4.603914e-01
	 4.445002e-01, -4.117964e-01
	 4.509584e-01, -4.626654e-01
	 3.977375e-01, -4.616533e-01
	 4.237163e-02,  1.515007e-01
	-1.817409e-03,  1.358028e-01
	 3.474322e-02,  1.894649e-01
	-2.945896e-03,  2.051838e-01
	-2.720163e-02,  1.575850e-01
	-1.973338e-02, -4.236462e-01
	-2.344625e-02, -4.351233e-01
	-3.682164e-02, -3.730663e-01
	-8.460086e-02, -3.934970e-01
	-7.407891e-02, -4.469516e-01
	-7.270225e-02, -1.070807e-01
	-1.009417e-01, -6.641138e-02
	-3.035813e-01, -4.526043e-01
	-3.253764e-01, -4.657982e-01
	-3.587382e-01, -4.541466e-01
	-3.094237e-01, -4.052150e-01
	-3.113554e-01, -4.029414e-01
	-3.313124e-01, -3.993488e-01
	-3.679162e-01, -4.273552e-01
	 1.811047e-01, -8.332079e-02
	 1.625461e-01, -1.193371e-01
	 1.262923e-01, -9.170310e-02
	-3.891931e-01,  1.371225e-01
	 2.777274e-01,  3.045813e-01
	 2.991362e-01,  3.085523e-01
	 2.717119e-01,  3.727078e-01
	 3.125650e-01,  3.589920e-01
	 3.145169e-01,  3.251881e-01
	 5.000000e-01,  1.568185e-01
	 5.000000e-01,  2.013295e-01
	-7.296371e-02,  1.798658e-01
	-6.774408e-02,  1.673841e-01
	-1.017486e-01,  1.956807e-01
	-1.055515e-01,  1.358757e-01
	-1.241373e-01,  1.383068e-01
	-1.639010e-01, -3.985031e-01
	-1.681330e-01, -3.744650e-01
	-1.755511e-01, -4.130420e-01
	-2.186267e-01, -3.699148e-01
	-2.011457e-01, -3.615033e-01
	-2.086075e-01, -4.044902e-01
	-1.518010e-01, -3.344745e-01
	-1.466410e-01, -2.903731e-01
	-1.099413e-01, -2.892699e-01
	-1.112143e-01, -3.527723e-01
	-1.435161e-01, -3.454126e-01
	-8.920604e-02, -3.271186e-01
	-8.856171e-02, -3.112530e-01
	-4.498023e-01,  1.273340e-01
	-5.000000e-01,  1.717752e-01
	-5.000000e-01,  1.222884e-01
	 3.063772e-01,  9.467974e-03
	 2.812732e-01,  6.045251e-03
	 3.146766e-01,  4.787181e-02
	 3.208896e-01,  3.638854e-02
	-2.272476e-01,  3.783374e-01
	-2.670903e-01,  4.054249e-01
	 3.286276e-01, -2.528058e-01
	 2.803654e-01, -2.405059e-01
	 2.720942e-01, -2.948318e-01
	 2.657030e-01, -2.816798e-01
	 2.739230e-01, -2.460158e-01
	-2.913610e-02,  5.000000e-01
	-5.605100e-02,  4.608361e-01
	-9.291704e-02,  5.000000e-01
	-9.230881e-02,  4.870850e-01
	-2.797378e-01, -1.503555e-01
	-2.988983e-01, -1.618083e-01
	-2.633529e-01, -1.579555e-01
	-3.006736e-01, -2.064456e-01
	-2.636981e-01, -2.085677e-01
	-2.505291e-01, -1.949889e-01
	 7.524026e-02, -8.195900e-02
	 6.223382e-02, -8.277316e-02
	 5.830303e-02, -2.721859e-02
	 3.923521e-02, -5.216464e-02
	-4.700332e-01, -2.495443e-01
	-5.000000e-01, -2.725881e-01
	-4.699089e-01, -2.148801e-01
	-5.000000e-01, -2.164721e-01
	 1.339842e-01,  4.148575e-01
	 1.259978e-01,  4.228527e-01
	 1.817900e-01,  4.527950e-01
	 1.812086e-01,  4.560990e-01
	-1.741438e-01,  1.425834e-01
	-9.389843e-03,  3.826597e-01
	-2.338270e-02,  3.801931e-01
	-2.587219e-02,  3.250899e-01
	-5.000000e-01,  3.763249e-01
	-4.657099e-01,  3.846298e-01
	-4.691730e-01,  3.774924e-01
	 4.024679e-01, -2.597125e-01
	 3.887440e-01, -2.458940e-01
	 4.271110e-01, -2.585158e-01
	 3.950049e-01, -1.894549e-01
	 3.943486e-01, -1.900274e-01
	 4.222575e-01, -1.982109e-01
	-4.678197e-02,  2.337410e-01
	-5.373750e-02,  2.470105e-01
	-1.605187e-02,  2.793593e-01
	-7.953513e-03,  2.182909e-01
	 2.972566e-01, -6.979418e-02
	 3.471049e-01, -1.924390e-02
	 3.266608e-01, -1.690443e-02
	 3.619043e-01, -3.735685e-02
	 2.874116e-01, -4.145623e-02
	-1.030705e-01,  8.523365e-02
	-9.108534e-02,  1.090949e-01
	 2.172706e-01, -2.861328e-01
	 2.071996e-01, -2.404352e-01
	 2.121537e-01, -2.296343e-01
	 2.167635e-01, -2.857812e-01
	 4.412514e-01, -3.143046e-01
	-5.000000e-01, -2.920426e-01
	-4.746196e-01, -3.086749e-01
	-2.452323e-01, -5.000000e-01
	-2.208640e-01, -4.471827e-01
	-2.608166e-01, -5.000000e-01
	-2.280095e-01, -4.354971e-01
	-2.878719e-01, -4.575112e-01
	-2.542477e-01, -4.280294e-01
	 1.387633e-01, -3.492901e-01
	 1.038291e-01, -3.292288e-01
	 1.709602e-01, -3.180478e-01
	 1.124371e-01, -2.869704e-01
	 1.620292e-01, -2.807485e-01
	 1.722808e-01, -2.947225e-01
	 5.000000e-01, -4.696710e-01
	 5.000000e-01, -4.100032e-01
	-3.647147e-02, -3.724240e-01
	 3.442999e-03, -3.230536e-01
	-2.856270e-02, -3.304182e-01
	 2.697916e-02, -3.442305e-01
	-4.057290e-02, -3.500622e-01
	 1.994059e-01,  3.827162e-01
	 2.123681e-01,  4.193556e-01
	 1.023073e-01, -4.127465e-01
	 1.014742e-01, -4.072620e-01
	-2.524624e-01,  3.428453e-01
	-2.879015e-01,  3.517697e-01
	-2.908326e-01,  3.556614e-01
	-4.269407e-01,  4.369015e-01
	-4.435760e-01,  5.000000e-01
	-1.285796e-01, -4.056155e-01
	-1.296658e-01, -4.437821e-01
	-1.716381e-01, -4.507452e-01
	-1.400659e-01, -4.523826e-01
	 3.576865e-01,  2.501638e-02
	-2.411834e-01,  2.990833e-01
	-2.800873e-01,  2.813021e-01
	-2.351008e-01,  3.106709e-01
	-2.996758e-01,  2.973162e-01
	-2.071677e-01, -1.465012e-01
	-2.153880e-01, -1.979562e-01
	-2.106541e-01, -2.033451e-01
	 4.195131e-01,  4.716506e-01
	 4.354748e-01,  5.000000e-01
	 3.798779e-01,  4.718032e-01
	 3.685472e-01,  5.000000e-01
	-3.989227e-01,  1.075269e-01
	-1.758526e-02, -2.711956e-01
	-3.942546e-02, -2.868348e-01
	-6.696398e-02, -2.200236e-01
	-5.882523e-02, -2.865116e-01
	-8.354888e-02, -2.486789e-01
	-7.532756e-02, -4.488522e-01
	-1.017060e-01, -3.841582e-01
	 2.303191e-01, -1.165259e-01
	 2.609989e-01, -1.449811e-01
	 2.335728e-01, -1.724177e-01
	-4.637102e-01, -2.072645e-01
	 3.664517e-01,  3.209376e-01
	 3.317970e-01,  3.725443e-01
	 2.242912e-01,  2.026143e-01
	 2.203170e-01,  2.576590e-01
	 2.772926e-01,  2.554177e-01
	 2.822577e-01,  2.492053e-01
	 4.097373e-01, -5.000000e-01
	 2.947636e-01, -1.760896e-01
	 3.194253e-01, -1.514953e-01
	 2.628648e-01, -1.450804e-01
	 2.933883e-01, -1.159202e-01
	 3.154101e-01, -1.249202e-01
	 1.867129e-01,  3.108331e-01
	 1.923353e-01,  3.795651e-01
	 4.663023e-01, -8.532877e-02
	 5.000000e-01, -9.492431e-02
	 4.544776e-01, -4.909445e-02
	 4.685207e-01, -3.395926e-02
	 5.000000e-01, -4.267755e-02
	-3.685754e-01, -5.000000e-01
	-3.751823e-01, -4.749241e-01
	-3.297603e-01, -5.000000e-01
	-4.735875e-01,  2.970284e-01
	-4.844028e-01,  3.320628e-01
	-4.617147e-01,  3.546341e-01
	-9.977096e-02, -2.534496e-01
	-1.505185e-01, -2.864188e-01
	-2.566731e-01, -2.469131e-01
	-3.092752e-01, -2.461573e-01
	-3.101851e-01, -2.150894e-01
	 1.923750e-01, -4.593925e-01
	 1.680526e-01, -4.760579e-01
	 1.729675e-01, -5.000000e-01
	 3.236612e-01,  4.174123e-01
	 3.342941e-01,  4.532586e-01
	 3.708392e-01,  4.588296e-01
	 3.309649e-01,  4.091079e-01
	-6.627681e-03, -4.587950e-01
	-2.170211e-02, -5.000000e-01
	 1.176495e-01,  3.649265e-01
	 1.376288e-01,  3.943886e-01
	 1.174493e-01,  3.607935e-01
	-4.287754e-01,  3.960444e-01
	 3.820710e-01,  1.828014e-01
	 3.599450e-01,  1.789112e-01
	 3.335757e-01,  2.090416e-01
	 3.387824e-01,  2.222028e-01
	 3.816763e-01,  2.328223e-01
	 3.940895e-01,  2.150563e-01
	-2.973186e-01, -3.011488e-01
	-3.053393e-01, -3.395412e-01
	-3.419999e-01, -3.451637e-01
	-3.631235e-01, -3.223911e-01
	 2.832736e-01,  9.871700e-02
	 3.396406e-01, -2.415673e-01
	 3.403076e-01, -2.027645e-01
	 3.493994e-01, -1.932919e-01
	-1.009538e-01,  2.441501e-01
	-6.425731e-02,  2.519980e-01
	 1.942329e-02,  4.139125e-01
	 5.804124e-02,  3.969309e-01
	-2.183605e-01,  2.587426e-01
	-1.904351e-01,  2.554208e-01
	-1.879474e-01,  2.576493e-01
	-2.803964e-01,  2.643847e-01
	-2.499126e-01,  2.292618e-01
	 4.347810e-01,  1.147575e-02
	 2.113800e-01, -4.064828e-01
	 1.925086e-01, -4.228022e-01
	 1.983947e-01, -3.767277e-01
	 1.414490e-01, -3.798300e-01
	 1.448510e-01, -3.704668e-01
	 1.592305e-01, -4.182312e-01
	-5.133473e-02, -1.069048e-02
	-7.722503e-02,  5.453491e-02
	-8.631542e-02,  5.300241e-02
	 4.865311e-02, -2.510332e-01
	 5.372374e-02, -2.758939e-01
	 9.337176e-03, -2.932165e-01
	 4.613494e-02, -2.908613e-01
	-3.182329e-01,  3.631261e-01
	 1.197382e-01,  6.614306e-02
	 1.110772e-01,  3.073520e-02
	 9.733849e-02,  2.183126e-02
	 8.952582e-02,  8.380759e-02
	 6.678699e-02,  7.000683e-02
	 6.251451e-02,  3.847201e-02
	 6.712029e-02,  3.171251e-02
	-1.884929e-01, -3.321017e-01
	-2.482722e-01, -3.367774e-01
	-2.494175e-01, -3.545697e-01
	-2.429785e-01, -3.624245e-01
	-9.224631e-02, -4.821154e-02
	 4.445959e-01, -1.066057e-01
	 4.133311e-01, -8.336338e-02
	 4.326639e-01, -5.203322e-02
	-3.674072e-01,  4.030881e-01
	 2.142050e-01,  5.000000e-01
	 2.290831e-01,  5.000000e-01
	 3.360054e-01,  5.000000e-01
	 3.235453e-01,  4.668341e-01
	 2.691283e-01, -3.078516e-01
	 2.279444e-01, -3.327248e-01
	 2.113586e-01, -2.255593e-01
	 2.807796e-01, -2.047713e-01
	 2.394744e-01, -1.916418e-01
	-5.000000e-01,  3.355232e-01
	-5.000000e-01,  2.910900e-01
	-4.740853e-01,  2.961009e-01
	 1.776770e-01,  4.974668e-02
	 1.896431e-01,  9.353935e-02
	 2.141436e-01,  9.906418e-02
	 2.319327e-01, -6.111541e-02
	 2.314631e-01, -9.000119e-02
	 2.062651e-01, -4.313436e-02
	 1.922772e-01,  1.528333e-01
	 1.681245e-01,  1.314758e-01
	-3.231945e-01,  2.976713e-01
	-3.794237e-01,  2.828165e-01
	-3.469149e-01,  2.679812e-01
	-2.916817e-01, -3.563197e-01
	-3.503911e-01, -3.721400e-01
	 4.519260e-02,  8.656914e-02
	 6.122835e-02,  1.196204e-01
	 2.223381e-02,  7.937747e-02
	-6.922905e-03,  1.002530e-01
	 4.691209e-02,  1.493302e-01
	-4.350859e-01, -1.332496e-01
	-3.874024e-01, -1.142508e-01
	 8.036667e-02,  4.284107e-01
	 6.251369e-02,  3.990051e-01
	-2.018392e-01,  9.722400e-02
	-2.125108e-01,  1.469691e-01
	-2.201745e-01,  1.291564e-01
	-2.643130e-01, -4.096041e-01
	 5.129566e-02, -3.059175e-01
	 9.699586e-02, -3.313426e-01
	 2.637929e-01, -3.721126e-01
	 2.257624e-01, -3.378506e-01
	 2.153781e-01, -3.424959e-01
	-3.925668e-01, -3.566740e-01
	-4.215572e-01, -3.541811e-01
	-4.226849e-01, -2.921225e-01
	 3.117104e-01, -3.849188e-01
	 3.356712e-01, -3.650394e-01
	 3.164998e-01, -4.086297e-01
	 2.922300e-01,  4.682672e-01
	 2.846813e-01,  5.000000e-01
	 6.758094e-02,  2.230713e-01
	 4.679412e-01, -2.550564e-02
	-1.656132e-01,  5.000000e-01
	 4.477080e-01, -1.363226e-01
	 4.462602e-01, -1.382061e-01
	 3.948028e-01, -1.476989e-01
	 3.832677e-01, -1.369070e-01
	 1.648583e-01, -2.623725e-01
	 1.050767e-01, -2.757867e-01
	 1.107363e-01, -2.338357e-01
	 1.356369e-01, -2.244199e-01
	-1.198149e-01, -5.000000e-01
	 8.161305e-02, -2.173725e-01
	 5.000000e-01, -5.000000e-01
	 4.481871e-01, -5.000000e-01
	-4.205587e-01,  2.723036e-01
	-4.056815e-01,  2.667212e-01
	 2.946489e-01, -1.870434e-01
	 3.440333e-01, -1.617312e-01
	 4.556413e-01, -1.801705e-01
	 4.703311e-01, -1.885000e-01
	-4.833671e-02, -1.023419e-01
	-5.752446e-02, -3.315295e-02
	-4.241998e-01, -3.937817e-01
	-4.301513e-01, -3.606898e-01
	 2.201226e-01,  2.579056e-01
	 5.000000e-01, -1.764594e-01
	 5.000000e-01, -1.338221e-01
	 1.655019e-01, -1.345041e-01
	 3.329508e-01,  2.739653e-01
	 3.232762e-01,  2.542686e-01
	 4.034473e-01, -2.047324e-02
	 1.354403e-01, -4.461903e-01
	-2.605409e-01,  8.801789e-02
	-2.605486e-01,  1.228505e-01
	-3.003871e-01,  1.307473e-01
	-2.710547e-01,  1.329191e-01
	 8.961541e-02,  1.092443e-01
	-2.345604e-01,  6.954310e-02
	 3.972726e-01,  1.306810e-01
	 2.199203e-01,  3.478776e-03
	 2.638807e-01, -2.845621e-02
	 2.659659e-01, -2.822861e-02
	-2.770584e-01, -1.023995e-01
	 3.670034e-01,  2.871650e-01
	 3.876503e-01,  2.692475e-01
	-5.573877e-02,  4.592006e-01
	-4.236200e-01, -2.914456e-01
	-1.298405e-01,  2.565944e-01
	-1.280833e-01,  2.576902e-01
	 4.586712e-01,  5.000000e-01
	 4.867967e-01,  4.579900e-01
	-4.662261e-01,  6.356342e-02
	-5.000000e-01,  8.674797e-02
	-3.012239e-02,  3.205246e-01
	 1.745206e-01,  4.885239e-02
	 1.361485e-01,  7.585114e-02
	 1.392435e-01,  8.865529e-02
	 1.717012e-01,  1.051934e-01
	-2.748876e-01, -3.007113e-01
	 4.533498e-01, -3.641769e-01
	 4.026587e-01,  1.635810e-01
	-4.068411e-01,  4.909890e-02
	-4.387629e-01,  7.767976e-02
	-3.768389e-01, -2.285222e-01
	-4.114227e-01, -2.279214e-01
	-4.310823e-01, -2.054005e-01
	-4.184737e-01, -1.707289e-01
	 3.945253e-01, -3.649861e-01
	 3.869592e-01, -3.252750e-01
	-3.793621e-01, -3.722286e-01
	-2.326484e-01,  5.534649e-02
	-2.132521e-01,  4.221386e-02
	 4.771365e-02, -6.310056e-03
	 2.238549e-02,  4.719245e-02
	-3.900276e-01, -4.087630e-01
	-4.753379e-02,  9.269534e-02
	-2.769781e-02,  8.904629e-02
	-5.000000e-01, -5.000000e-01
	-4.539849e-01, -5.000000e-01
	 2.141150e-01,  2.600117e-01
	-1.264425e-01,  2.920452e-01
	-3.300506e-01, -1.081556e-01
	-4.102291e-01, -4.750748e-01
	-3.850853e-01, -4.196117e-01
	-4.222788e-01, -4.487239e-01
	-1.842281e-01, -5.000000e-01
	-1.800754e-01, -4.575762e-01
	-4.552171e-01,  2.504868e-01
	-8.557361e-02,  3.451014e-01
	-1.217517e-01,  3.637361e-01
	-7.649191e-02,  3.189008e-01
	-7.902604e-02,  3.142385e-01
	-3.951873e-01, -1.709356e-02
	-4.187816e-01, -5.000000e-01
	 2.896920e-01, -3.416052e-01
	 2.793095e-01, -3.653997e-01
	-5.000000e-01,  2.306017e-01
	-4.653646e-01,  2.353313e-01
	 5.000000e-01,  4.045417e-01
	 5.000000e-01,  4.586300e-01
	 4.575689e-01,  3.640235e-01
	 2.324186e-01, -9.159485e-02
	 1.144672e-01,  1.238851e-01
	 5.000000e-01,  3.486719e-01
	-5.989580e-02,  1.081772e-01
	-5.112448e-02,  1.575370e-01
	-1.046924e-02, -1.384914e-01
	-3.878181e-02, -1.664377e-01
	-4.583129e-01,  2.414829e-01
	 1.022552e-02,  4.490552e-01
	-3.128013e-02,  4.408988e-01
	-4.319471e-02,  3.902819e-01
	 2.091894e-01, -6.586416e-03
	 1.512037e-01,  1.467109e-02
	-5.085689e-02,  3.896938e-01
	-2.638202e-01,  2.394726e-02
	-4.301341e-01, -2.670320e-01
	 2.302569e-01,  1.242477e-01
	 5.000000e-01,  5.000000e-01
	 9.848901e-02, -1.074469e-01
	 2.370127e-01,  1.265445e-01
	 2.845314e-01, -9.130331e-02
	-2.807648e-01, -1.071210e-01
	-4.359424e-01,  1.068553e-01
	-5.000000e-01,  5.000000e-01
Mesh Facets: 1267
	3, 2
	33, 36
	41, 40
	47, 45
	65, 63
	64, 66
	7, 8
	113, 114
	128, 130
	110, 7
	5, 7
	146, 144
	20, 19
	182, 180
	31, 34
	68, 67
	30, 28
	51, 52
	10, 11
	160, 161
	183, 182
	238, 182
	241, 128
	129, 128
	2, 0
	2, 256
	77, 79
	266, 268
	234, 232
	282, 281
	161, 227
	161, 163
	6, 11
	224, 11
	101, 102
	276, 275
	299, 300
	305, 303
	212, 214
	308, 306
	100, 95
	113, 112
	45, 113
	46, 45
	68, 200
	62, 61
	69, 68
	4, 3
	322, 3
	18, 22
	303, 327
	304, 303
	159, 162
	103, 102
	292, 102
	359, 358
	361, 360
	205, 206
	323, 325
	331, 335
	41, 38
	114, 41
	114, 111
	58, 57
	382, 384
	188, 186
	126, 124
	93, 92
	64, 84
	64, 65
	395, 65
	189, 31
	31, 32
	259, 260
	90, 91
	96, 94
	150, 19
	323, 365
	19, 18
	18, 323
	341, 343
	430, 429
	288, 286
	376, 377
	148, 149
	451, 450
	269, 271
	320, 62
	87, 66
	66, 62
	74, 72
	465, 463
	312, 313
	478, 480
	254, 255
	370, 367
	378, 376
	376, 435
	105, 104
	282, 279
	489, 282
	310, 307
	290, 288
	205, 360
	203, 205
	360, 430
	288, 430
	354, 353
	166, 164
	367, 435
	366, 367
	434, 435
	461, 462
	146, 147
	306, 146
	494, 307
	306, 307
	358, 514
	357, 358
	516, 518
	529, 528
	397, 396
	346, 347
	426, 343
	197, 196
	343, 344
	132, 131
	350, 349
	457, 456
	238, 239
	543, 238
	278, 280
	436, 438
	503, 504
	455, 452
	540, 539
	394, 393
	559, 557
	365, 363
	227, 283
	228, 227
	365, 423
	17, 13
	409, 410
	544, 545
	169, 173
	479, 480
	47, 44
	480, 47
	428, 427
	294, 295
	178, 177
	578, 33
	32, 400
	33, 32
	345, 344
	535, 344
	223, 226
	590, 587
	593, 591
	415, 414
	26, 25
	444, 443
	390, 392
	470, 471
	385, 384
	384, 604
	447, 448
	562, 564
	532, 534
	276, 293
	277, 276
	566, 410
	410, 407
	267, 266
	610, 266
	391, 393
	555, 393
	220, 219
	585, 226
	226, 225
	26, 29
	26, 596
	490, 491
	249, 250
	454, 271
	138, 139
	271, 273
	493, 496
	499, 498
	431, 433
	105, 486
	105, 106
	372, 371
	549, 551
	608, 293
	293, 294
	294, 573
	573, 427
	608, 573
	605, 608
	426, 196
	426, 427
	196, 195
	326, 325
	325, 364
	316, 317
	52, 214
	53, 52
	329, 304
	214, 304
	49, 50
	139, 135
	454, 139
	548, 455
	455, 454
	245, 247
	55, 60
	13, 12
	13, 561
	86, 87
	541, 457
	457, 87
	440, 439
	217, 216
	412, 259
	56, 54
	259, 258
	588, 586
	237, 239
	614, 29
	210, 30
	30, 29
	542, 239
	490, 614
	490, 279
	279, 278
	278, 542
	542, 614
	92, 394
	394, 553
	77, 78
	77, 260
	91, 260
	91, 92
	193, 197
	197, 536
	484, 483
	669, 670
	305, 212
	429, 305
	286, 429
	287, 286
	212, 213
	671, 559
	559, 558
	607, 606
	461, 460
	509, 461
	462, 511
	462, 459
	679, 678
	594, 595
	274, 272
	98, 96
	96, 420
	108, 110
	140, 110
	211, 28
	27, 28
	623, 622
	418, 417
	258, 257
	258, 56
	115, 116
	59, 56
	401, 402
	330, 332
	612, 611
	482, 481
	369, 370
	485, 370
	417, 692
	417, 416
	662, 663
	533, 347
	348, 347
	185, 184
	639, 641
	218, 216
	443, 442
	598, 443
	660, 216
	624, 250
	253, 250
	190, 192
	671, 672
	719, 671
	141, 143
	401, 403
	698, 401
	638, 329
	329, 328
	63, 722
	63, 61
	69, 61
	70, 69
	666, 665
	168, 167
	526, 525
	439, 441
	439, 663
	706, 663
	519, 521
	547, 545
	545, 566
	566, 267
	267, 268
	268, 731
	122, 121
	648, 12
	12, 14
	528, 733
	733, 734
	399, 397
	528, 397
	617, 616
	175, 176
	137, 136
	219, 222
	471, 472
	599, 471
	555, 554
	555, 219
	563, 565
	93, 89
	93, 392
	597, 392
	27, 690
	27, 24
	170, 169
	169, 570
	677, 675
	626, 627
	676, 459
	458, 459
	192, 34
	34, 35
	188, 187
	188, 383
	192, 717
	495, 496
	496, 628
	725, 726
	310, 309
	310, 497
	411, 412
	263, 262
	664, 412
	302, 301
	356, 355
	576, 575
	342, 341
	341, 424
	747, 746
	724, 723
	740, 739
	101, 107
	101, 224
	613, 225
	225, 224
	351, 346
	346, 530
	406, 408
	174, 172
	123, 127
	424, 425
	576, 424
	577, 576
	667, 588
	48, 53
	589, 588
	721, 638
	53, 638
	644, 642
	537, 538
	537, 752
	537, 132
	132, 129
	242, 129
	229, 230
	656, 657
	694, 695
	705, 703
	754, 753
	135, 50
	135, 134
	215, 51
	50, 51
	270, 269
	269, 453
	117, 119
	337, 340
	80, 82
	295, 296
	208, 204
	572, 295
	466, 464
	199, 198
	744, 355
	355, 357
	357, 515
	714, 713
	381, 377
	433, 377
	433, 629
	628, 627
	628, 738
	580, 579
	627, 737
	235, 236
	557, 556
	557, 770
	39, 40
	40, 773
	650, 651
	533, 531
	707, 533
	104, 103
	103, 354
	354, 500
	104, 488
	590, 589
	327, 590
	328, 721
	328, 327
	589, 721
	372, 551
	375, 372
	320, 456
	320, 319
	539, 456
	539, 551
	186, 184
	186, 385
	639, 184
	639, 640
	385, 602
	123, 174
	121, 123
	174, 171
	730, 729
	732, 121
	681, 682
	599, 222
	222, 221
	251, 249
	599, 600
	249, 621
	529, 396
	144, 529
	398, 396
	144, 145
	759, 134
	616, 615
	616, 136
	136, 134
	37, 39
	772, 39
	155, 156
	191, 190
	76, 73
	190, 716
	712, 624
	693, 623
	624, 623
	413, 414
	518, 520
	518, 593
	593, 414
	703, 369
	758, 703
	369, 368
	658, 659
	244, 248
	520, 413
	520, 521
	416, 413
	416, 706
	706, 521
	747, 723
	587, 747
	586, 665
	586, 587
	665, 723
	481, 612
	481, 483
	483, 536
	536, 535
	612, 585
	535, 585
	744, 713
	744, 743
	712, 790
	713, 712
	247, 646
	246, 247
	299, 298
	798, 299
	799, 798
	109, 8
	9, 8
	745, 575
	575, 574
	527, 526
	526, 727
	510, 512
	769, 768
	371, 373
	371, 635
	338, 336
	154, 152
	700, 332
	332, 333
	592, 415
	419, 415
	43, 42
	699, 700
	156, 787
	700, 154
	154, 156
	84, 83
	181, 180
	180, 395
	395, 84
	806, 516
	516, 517
	24, 735
	24, 25
	25, 594
	680, 594
	596, 491
	596, 595
	489, 491
	595, 678
	678, 489
	261, 265
	476, 474
	387, 388
	374, 373
	801, 373
	750, 749
	764, 765
	619, 618
	162, 163
	162, 339
	284, 163
	591, 592
	591, 814
	803, 592
	133, 130
	130, 610
	610, 609
	674, 673
	709, 710
	751, 667
	166, 505
	667, 666
	666, 168
	168, 166
	450, 817
	151, 149
	149, 450
	37, 782
	38, 37
	334, 335
	335, 38
	813, 284
	284, 285
	795, 790
	419, 804
	419, 418
	418, 693
	790, 693
	522, 524
	711, 641
	641, 643
	378, 485
	378, 379
	315, 314
	704, 485
	333, 338
	333, 334
	334, 813
	813, 339
	339, 338
	510, 727
	511, 510
	730, 171
	171, 170
	727, 730
	675, 170
	675, 511
	233, 236
	236, 771
	820, 819
	708, 707
	649, 651
	728, 525
	525, 523
	651, 707
	756, 755
	364, 317
	362, 364
	317, 318
	669, 484
	484, 255
	255, 256
	256, 669
	677, 570
	676, 677
	581, 579
	737, 676
	579, 737
	570, 569
	696, 694
	694, 657
	657, 658
	658, 794
	207, 208
	275, 232
	232, 231
	208, 296
	296, 275
	359, 356
	300, 359
	301, 300
	301, 356
	748, 172
	420, 421
	420, 685
	173, 172
	568, 173
	229, 755
	229, 228
	363, 362
	363, 228
	362, 755
	777, 776
	656, 757
	653, 656
	311, 312
	659, 793
	659, 655
	312, 475
	403, 404
	501, 353
	403, 720
	353, 352
	210, 668
	85, 86
	209, 210
	652, 86
	83, 85
	181, 83
	237, 183
	183, 181
	668, 237
	85, 668
	145, 780
	145, 147
	513, 147
	789, 788
	206, 361
	206, 207
	207, 821
	824, 361
	290, 289
	290, 203
	204, 203
	765, 204
	620, 619
	765, 619
	689, 211
	211, 209
	540, 552
	540, 541
	652, 541
	209, 652
	797, 796
	697, 402
	405, 402
	513, 494
	513, 789
	492, 494
	789, 76
	75, 76
	629, 769
	629, 630
	801, 812
	769, 801
	674, 710
	509, 674
	527, 512
	512, 509
	711, 524
	710, 711
	524, 527
	672, 606
	718, 672
	195, 194
	195, 605
	605, 606
	90, 411
	90, 88
	411, 741
	736, 735
	808, 735
	23, 21
	816, 815
	73, 71
	73, 716
	716, 715
	695, 698
	695, 757
	698, 143
	143, 142
	823, 757
	291, 287
	759, 781
	759, 215
	213, 215
	287, 213
	647, 60
	366, 58
	366, 507
	60, 58
	751, 505
	751, 48
	48, 49
	505, 503
	49, 548
	548, 503
	487, 486
	631, 486
	408, 530
	408, 409
	447, 445
	447, 534
	534, 530
	409, 567
	618, 750
	618, 617
	750, 577
	175, 177
	177, 577
	617, 175
	330, 699
	331, 330
	112, 46
	112, 111
	46, 42
	331, 111
	699, 42
	324, 22
	690, 691
	736, 690
	22, 21
	736, 21
	827, 741
	262, 261
	741, 262
	389, 388
	261, 388
	602, 603
	640, 602
	752, 644
	644, 640
	240, 242
	242, 752
	248, 794
	248, 246
	797, 697
	797, 246
	794, 696
	696, 697
	297, 302
	302, 743
	795, 804
	795, 743
	804, 805
	97, 99
	775, 681
	681, 274
	274, 270
	270, 760
	572, 764
	572, 428
	425, 428
	749, 425
	764, 749
	488, 774
	487, 488
	811, 809
	487, 832
	810, 374
	319, 200
	319, 375
	374, 375
	200, 201
	340, 119
	340, 159
	159, 158
	119, 118
	478, 477
	514, 478
	767, 515
	515, 514
	754, 756
	756, 318
	318, 315
	315, 704
	705, 754
	705, 704
	683, 682
	687, 688
	682, 778
	762, 453
	453, 452
	452, 504
	504, 506
	15, 17
	88, 89
	88, 828
	563, 89
	17, 563
	734, 399
	734, 578
	399, 400
	578, 400
	826, 825
	508, 434
	434, 432
	820, 771
	839, 820
	771, 770
	770, 839
	495, 725
	497, 495
	725, 724
	724, 739
	497, 739
	633, 549
	637, 636
	549, 550
	441, 519
	441, 438
	807, 517
	519, 517
	546, 438
	580, 583
	738, 580
	738, 726
	165, 167
	167, 726
	500, 774
	500, 499
	812, 811
	630, 812
	499, 630
	811, 774
	9, 10
	800, 9
	223, 584
	10, 223
	474, 473
	474, 387
	124, 387
	125, 124
	141, 720
	5, 141
	352, 292
	292, 6
	6, 5
	352, 720
	838, 683
	683, 272
	273, 272
	625, 273
	291, 289
	291, 781
	620, 615
	620, 289
	781, 615
	80, 117
	79, 80
	117, 115
	115, 257
	257, 79
	645, 55
	54, 55
	742, 664
	664, 54
	165, 583
	164, 165
	502, 164
	582, 583
	98, 686
	98, 97
	97, 833
	469, 467
	82, 81
	763, 82
	264, 263
	245, 243
	742, 645
	742, 263
	645, 245
	684, 686
	833, 760
	833, 686
	760, 761
	625, 841
	625, 138
	179, 176
	137, 138
	137, 176
	567, 544
	567, 445
	446, 445
	436, 437
	544, 436
	598, 218
	598, 390
	220, 391
	218, 220
	390, 391
	546, 807
	546, 547
	731, 547
	731, 806
	806, 807
	837, 477
	479, 571
	479, 477
	786, 785
	729, 728
	729, 732
	732, 648
	649, 648
	649, 728
	787, 786
	43, 787
	43, 44
	786, 571
	571, 44
	554, 472
	554, 553
	469, 81
	472, 469
	553, 78
	78, 81
	240, 241
	240, 603
	603, 604
	604, 241
	277, 607
	277, 234
	607, 558
	558, 556
	235, 234
	235, 556
	398, 780
	398, 189
	780, 788
	189, 191
	191, 788
	842, 502
	506, 502
	822, 685
	685, 684
	684, 761
	761, 762
	762, 506
	701, 702
	321, 4
	632, 631
	4, 1
	631, 830
	406, 351
	351, 350
	131, 350
	131, 133
	609, 407
	609, 133
	406, 407
	151, 20
	151, 818
	829, 23
	20, 23
	647, 646
	647, 507
	508, 825
	507, 508
	825, 796
	796, 646
	582, 581
	582, 842
	822, 568
	822, 842
	569, 568
	569, 581
	654, 653
	653, 776
	776, 775
	775, 834
	120, 116
	792, 368
	57, 368
	57, 59
	59, 116
	99, 100
	834, 99
	655, 311
	655, 654
	654, 834
	100, 311
	336, 337
	802, 336
	763, 843
	763, 337
	127, 125
	127, 748
	125, 840
	422, 421
	421, 748
	194, 193
	718, 194
	670, 193
	670, 719
	719, 718
	108, 109
	108, 687
	574, 178
	178, 179
	687, 838
	179, 841
	841, 838
	574, 109
	187, 717
	187, 185
	816, 715
	715, 717
	709, 816
	709, 185
	444, 597
	597, 565
	448, 444
	564, 448
	564, 565
	701, 1
	701, 482
	0, 254
	1, 0
	254, 482
	810, 201
	809, 810
	202, 201
	835, 809
	467, 843
	467, 468
	153, 152
	843, 802
	802, 152
	458, 74
	458, 626
	75, 492
	75, 74
	626, 493
	493, 492
	285, 283
	285, 782
	283, 560
	782, 783
	14, 16
	122, 14
	386, 126
	126, 122
	783, 772
	844, 783
	451, 449
	773, 451
	772, 773
	688, 778
	688, 140
	142, 140
	823, 142
	777, 823
	777, 778
	280, 543
	280, 281
	281, 845
	845, 543
	432, 826
	432, 431
	404, 405
	501, 404
	405, 826
	431, 498
	498, 501
	821, 231
	824, 821
	233, 819
	231, 233
	819, 824
	380, 381
	634, 635
	635, 768
	768, 381
	423, 560
	423, 150
	449, 148
	148, 150
	844, 449
	560, 844
	679, 680
	817, 679
	808, 829
	829, 818
	818, 817
	680, 808
	836, 158
	158, 160
	230, 160
	230, 753
	758, 791
	753, 758
	265, 476
	265, 264
	243, 244
	244, 793
	793, 475
	264, 243
	476, 475
	662, 692
	661, 662
	621, 622
	621, 779
	692, 622
	202, 835
	202, 199
	199, 766
	831, 832
	832, 835
	538, 642
	538, 349
	643, 522
	643, 642
	522, 523
	348, 349
	348, 708
	523, 708
	118, 836
	836, 791
	118, 120
	792, 120
	792, 791
	600, 251
	601, 600
	155, 157
	784, 155
	251, 252
	837, 785
	767, 837
	784, 252
	784, 785
	253, 714
	253, 252
	714, 767
	67, 198
	67, 70
	70, 722
	722, 465
	465, 466
	198, 466
	650, 531
	650, 561
	561, 562
	532, 562
	531, 532
	157, 601
	157, 153
	470, 601
	153, 468
	468, 470
	632, 702
	702, 611
	106, 632
	106, 107
	107, 613
	611, 613
	799, 298
	814, 799
	803, 814
	298, 297
	297, 805
	803, 805
	324, 691
	326, 324
	552, 689
	552, 550
	550, 636
	636, 326
	689, 691
	660, 442
	660, 440
	446, 437
	442, 446
	437, 440
	36, 35
	36, 382
	383, 382
	383, 35
	221, 779
	221, 217
	661, 779
	217, 661
	71, 72
	71, 815
	673, 460
	815, 673
	72, 460
	308, 309
	746, 308
	740, 746
	740, 309
	380, 379
	634, 380
	316, 637
	637, 633
	634, 633
	314, 316
	379, 314
	95, 94
	95, 313
	473, 313
	840, 473
	422, 840
	94, 422
	386, 16
	386, 389
	827, 389
	828, 827
	15, 828
	16, 15
	321, 830
	321, 322
	464, 463
	463, 322
	830, 831
	766, 464
	831, 766
	584, 800
	584, 345
	345, 342
	745, 800
	342, 745
Facet Neighbors: 1267
	-4, 0
	-3, 5
	-1, 6
	-1, 7
	-4, 10
	10, 14
	1, 18
	-1, 19
	-3, 22
	18, 24
	1, 24
	-2, 25
	3, 26
	-4, 32
	5, 34
	11, 36
	4, 38
	8, 39
	1, 41
	28, 42
	32, 44
	-4, 44
	-3, 45
	22, 45
	0, 48
	-4, 48
	13, 49
	-3, 51
	43, 53
	-1, 54
	42, 55
	28, 55
	1, 57
	41, 57
	17, 57
	53, 58
	-1, 59
	-2, 60
	39, 60
	-2, 61
	16, 62
	19, 64
	-1, 64
	7, 64
	36, 65
	10, 65
	11, 65
	0, 66
	-4, 66
	3, 67
	-2, 68
	60, 68
	28, 70
	17, 73
	57, 73
	-1, 74
	-2, 75
	37, 75
	67, 76
	69, 77
	6, 77
	-1, 77
	19, 77
	9, 78
	-3, 81
	33, 81
	21, 82
	15, 83
	14, 84
	10, 84
	-4, 84
	34, 85
	5, 85
	49, 88
	15, 88
	16, 90
	26, 91
	76, 91
	3, 91
	67, 91
	71, 92
	-2, 93
	56, 93
	80, 94
	26, 97
	-1, 97
	52, 98
	65, 99
	14, 99
	10, 99
	12, 100
	-4, 101
	62, 103
	-1, 104
	48, 105
	78, 106
	80, 106
	94, 106
	17, 107
	54, 108
	-1, 108
	61, 109
	56, 110
	75, 110
	37, 110
	-2, 110
	93, 110
	73, 111
	29, 112
	106, 113
	78, 113
	94, 113
	100, 114
	25, 115
	-2, 115
	109, 115
	61, 115
	-1, 116
	74, 116
	-3, 117
	-2, 119
	85, 119
	72, 120
	92, 121
	35, 121
	71, 121
	22, 122
	72, 122
	99, 123
	44, 124
	-4, 124
	54, 124
	95, 125
	112, 126
	98, 126
	123, 127
	83, 128
	-4, 129
	76, 130
	55, 130
	42, 130
	91, 130
	2, 131
	87, 132
	125, 132
	30, 133
	104, 134
	7, 134
	-1, 134
	92, 135
	58, 135
	31, 136
	-3, 137
	85, 137
	5, 137
	71, 139
	121, 139
	41, 139
	-2, 140
	-3, 141
	89, 141
	4, 142
	96, 143
	83, 143
	102, 144
	81, 145
	-3, 145
	96, 146
	131, 146
	120, 146
	58, 147
	53, 147
	132, 148
	87, 148
	51, 148
	-3, 148
	83, 149
	128, 149
	40, 149
	139, 150
	41, 150
	4, 151
	142, 151
	108, 151
	47, 153
	98, 154
	23, 154
	52, 154
	109, 155
	111, 156
	94, 156
	107, 157
	17, 157
	79, 158
	127, 158
	147, 159
	58, 159
	135, 159
	135, 160
	159, 160
	147, 160
	121, 160
	92, 160
	35, 160
	67, 161
	76, 161
	63, 161
	39, 162
	8, 162
	68, 162
	60, 162
	8, 164
	23, 164
	154, 164
	126, 164
	98, 164
	46, 165
	9, 165
	2, 166
	131, 166
	14, 167
	123, 167
	99, 167
	95, 169
	40, 169
	88, 170
	9, 170
	49, 170
	140, 171
	44, 172
	151, 172
	38, 172
	4, 172
	124, 172
	151, 173
	108, 173
	54, 173
	124, 173
	172, 173
	83, 174
	128, 174
	13, 174
	49, 174
	88, 174
	15, 174
	35, 175
	121, 175
	105, 175
	-4, 175
	60, 176
	-2, 176
	93, 176
	56, 176
	39, 176
	-4, 177
	129, 177
	147, 177
	100, 178
	114, 178
	114, 179
	100, 179
	-1, 180
	142, 180
	52, 181
	16, 182
	90, 182
	18, 183
	24, 183
	38, 184
	4, 184
	153, 185
	89, 185
	49, 186
	170, 186
	20, 186
	9, 186
	86, 187
	69, 188
	150, 189
	105, 189
	78, 190
	106, 190
	185, 191
	89, 191
	169, 191
	120, 192
	72, 192
	33, 193
	163, 193
	40, 194
	96, 194
	143, 194
	169, 194
	153, 195
	47, 195
	34, 196
	177, 197
	-4, 197
	24, 198
	86, 198
	187, 198
	162, 199
	68, 199
	-4, 200
	10, 200
	65, 200
	11, 200
	171, 201
	29, 201
	118, 202
	95, 203
	169, 203
	191, 203
	117, 203
	125, 204
	132, 204
	148, 204
	51, 204
	-3, 204
	21, 205
	166, 205
	2, 205
	-2, 206
	-3, 206
	85, 206
	119, 206
	152, 207
	31, 207
	23, 207
	40, 208
	102, 208
	144, 208
	128, 208
	149, 208
	131, 209
	15, 209
	83, 209
	143, 209
	184, 210
	4, 210
	30, 211
	133, 211
	179, 211
	155, 212
	179, 212
	100, 212
	34, 213
	5, 213
	33, 213
	81, 213
	196, 213
	109, 214
	155, 214
	201, 214
	61, 215
	109, 215
	88, 216
	50, 216
	170, 216
	59, 217
	74, 217
	136, 218
	71, 218
	92, 218
	-2, 219
	201, 219
	215, 219
	17, 220
	57, 220
	150, 220
	41, 220
	72, 221
	120, 221
	87, 221
	30, 222
	21, 222
	92, 223
	218, 223
	136, 223
	171, 224
	8, 224
	140, 224
	199, 224
	162, 224
	163, 225
	122, 225
	225, 226
	122, 226
	22, 226
	45, 226
	42, 227
	168, 228
	187, 228
	190, 229
	227, 229
	164, 230
	23, 230
	39, 230
	8, 230
	52, 231
	98, 231
	20, 232
	70, 232
	13, 232
	58, 233
	37, 233
	135, 233
	101, 234
	36, 234
	217, 235
	74, 235
	116, 235
	195, 235
	80, 236
	94, 236
	156, 236
	155, 237
	214, 237
	138, 237
	212, 237
	43, 238
	129, 238
	-4, 238
	6, 239
	-1, 239
	166, 240
	120, 240
	192, 240
	17, 241
	73, 241
	111, 241
	107, 241
	140, 242
	-2, 242
	199, 242
	68, 242
	224, 242
	158, 243
	79, 243
	99, 243
	65, 243
	123, 243
	127, 243
	33, 244
	81, 244
	193, 244
	163, 244
	145, 244
	222, 245
	21, 245
	30, 245
	202, 245
	205, 245
	181, 246
	208, 247
	40, 247
	47, 247
	144, 247
	153, 247
	119, 248
	-2, 248
	85, 248
	25, 248
	230, 249
	152, 249
	207, 249
	23, 249
	6, 250
	239, 250
	27, 251
	34, 252
	12, 252
	196, 252
	195, 253
	185, 253
	153, 253
	89, 254
	117, 254
	-3, 254
	141, 254
	190, 255
	229, 255
	78, 255
	168, 256
	46, 256
	254, 257
	117, 257
	89, 257
	191, 257
	203, 257
	219, 258
	-2, 258
	171, 258
	140, 258
	201, 258
	189, 259
	105, 259
	175, 259
	121, 259
	150, 259
	139, 259
	235, 260
	217, 260
	253, 260
	195, 260
	165, 261
	46, 261
	59, 262
	-1, 262
	-3, 262
	18, 263
	1, 263
	218, 263
	136, 263
	118, 264
	202, 264
	114, 264
	236, 265
	79, 265
	158, 265
	70, 266
	27, 266
	188, 266
	69, 266
	141, 267
	89, 267
	7, 268
	188, 268
	251, 268
	266, 268
	27, 268
	14, 269
	32, 269
	-4, 269
	84, 269
	-3, 270
	117, 270
	210, 271
	4, 271
	142, 271
	180, 271
	151, 272
	142, 272
	108, 272
	180, 272
	-1, 272
	50, 273
	103, 273
	82, 273
	79, 274
	265, 274
	223, 275
	233, 275
	152, 275
	28, 276
	70, 276
	55, 276
	141, 277
	-3, 277
	267, 277
	22, 278
	-3, 278
	148, 278
	178, 279
	193, 279
	224, 280
	112, 280
	171, 280
	201, 280
	29, 280
	-1, 281
	26, 281
	97, 281
	250, 282
	6, 282
	69, 282
	77, 282
	276, 282
	55, 282
	260, 283
	267, 283
	89, 283
	185, 283
	253, 283
	118, 284
	193, 284
	163, 284
	106, 285
	80, 285
	63, 285
	190, 285
	266, 286
	69, 286
	282, 286
	276, 286
	70, 286
	264, 287
	114, 287
	245, 287
	30, 287
	202, 287
	211, 287
	179, 287
	43, 288
	238, 288
	-2, 288
	192, 289
	166, 289
	202, 289
	118, 289
	240, 289
	227, 290
	161, 290
	76, 290
	63, 290
	175, 291
	105, 291
	48, 291
	-4, 291
	211, 292
	179, 292
	138, 292
	212, 292
	237, 292
	133, 292
	187, 293
	228, 293
	168, 293
	256, 293
	37, 294
	53, 294
	43, 294
	233, 294
	58, 294
	74, 295
	-1, 295
	59, 295
	217, 295
	222, 296
	90, 296
	182, 296
	30, 296
	133, 296
	227, 297
	42, 297
	76, 297
	130, 297
	290, 297
	246, 298
	228, 298
	168, 298
	62, 299
	256, 299
	168, 299
	103, 299
	86, 300
	111, 300
	198, 300
	73, 300
	172, 301
	14, 301
	38, 301
	167, 301
	14, 302
	269, 302
	44, 302
	32, 302
	172, 302
	301, 302
	248, 303
	25, 303
	115, 303
	252, 303
	75, 304
	37, 304
	294, 304
	-2, 304
	56, 305
	110, 305
	37, 305
	233, 305
	152, 305
	275, 305
	184, 306
	38, 306
	127, 306
	123, 306
	167, 306
	301, 306
	261, 307
	187, 307
	86, 307
	115, 308
	303, 308
	109, 308
	252, 308
	12, 308
	236, 309
	156, 309
	274, 309
	265, 309
	279, 310
	178, 310
	264, 310
	114, 310
	284, 310
	193, 310
	118, 310
	177, 311
	197, 311
	35, 311
	160, 311
	147, 311
	88, 312
	15, 312
	216, 312
	210, 313
	271, 313
	3, 313
	279, 314
	12, 314
	252, 314
	196, 314
	187, 315
	228, 315
	198, 315
	24, 315
	298, 315
	56, 316
	249, 316
	230, 316
	39, 316
	176, 316
	165, 317
	78, 317
	113, 317
	9, 317
	280, 318
	224, 318
	8, 318
	112, 318
	164, 318
	126, 318
	107, 319
	157, 319
	221, 320
	87, 320
	96, 320
	146, 320
	120, 320
	132, 320
	275, 321
	152, 321
	223, 321
	31, 321
	136, 321
	207, 321
	188, 322
	69, 322
	64, 322
	19, 322
	7, 322
	77, 322
	268, 322
	67, 323
	184, 323
	210, 323
	3, 323
	313, 323
	312, 324
	50, 324
	216, 324
	82, 324
	273, 324
	145, 325
	244, 325
	225, 325
	163, 325
	45, 325
	226, 325
	256, 326
	46, 326
	307, 326
	261, 326
	293, 326
	187, 326
	59, 327
	217, 327
	283, 327
	260, 327
	267, 327
	16, 328
	246, 328
	181, 328
	52, 328
	231, 328
	233, 329
	135, 329
	92, 329
	223, 329
	275, 329
	241, 330
	107, 330
	274, 330
	319, 330
	274, 331
	65, 331
	243, 331
	79, 331
	36, 331
	232, 332
	70, 332
	28, 332
	20, 332
	104, 333
	-1, 333
	235, 333
	116, 333
	227, 334
	290, 334
	63, 334
	285, 334
	229, 334
	190, 334
	181, 335
	183, 335
	246, 335
	231, 336
	98, 336
	126, 336
	112, 336
	2, 337
	15, 337
	312, 337
	209, 337
	131, 337
	206, 338
	-3, 338
	85, 338
	137, 338
	307, 339
	113, 339
	94, 339
	288, 340
	-2, 340
	238, 340
	-4, 340
	214, 341
	109, 341
	201, 341
	219, 341
	215, 341
	158, 342
	161, 342
	127, 342
	203, 343
	95, 343
	270, 343
	117, 343
	125, 343
	138, 344
	237, 344
	214, 344
	29, 344
	201, 344
	241, 345
	111, 345
	274, 345
	309, 345
	156, 345
	330, 345
	1, 346
	263, 346
	139, 346
	41, 346
	103, 347
	273, 347
	82, 347
	21, 347
	198, 348
	24, 348
	73, 348
	57, 348
	1, 348
	300, 348
	335, 349
	181, 349
	52, 349
	154, 349
	56, 350
	316, 350
	152, 350
	305, 350
	249, 350
	232, 351
	13, 351
	20, 351
	186, 351
	49, 351
	165, 352
	9, 352
	216, 352
	170, 352
	344, 353
	29, 353
	112, 353
	138, 353
	182, 354
	16, 354
	328, 354
	102, 355
	13, 355
	232, 355
	50, 356
	46, 356
	352, 356
	216, 356
	165, 356
	182, 357
	328, 357
	354, 357
	231, 357
	349, 358
	154, 358
	31, 358
	23, 358
	207, 358
	132, 359
	320, 359
	96, 359
	95, 359
	125, 359
	194, 360
	143, 360
	149, 360
	40, 360
	83, 360
	343, 361
	125, 361
	204, 361
	-3, 361
	270, 361
	333, 362
	134, 362
	104, 362
	251, 362
	202, 363
	245, 363
	205, 363
	166, 363
	289, 363
	251, 364
	268, 364
	7, 364
	362, 364
	134, 364
	208, 365
	128, 365
	355, 365
	102, 365
	174, 365
	13, 365
	45, 366
	325, 366
	145, 366
	-3, 366
	147, 367
	53, 367
	177, 367
	129, 367
	43, 367
	238, 367
	248, 368
	85, 368
	303, 368
	34, 368
	252, 368
	353, 369
	112, 369
	296, 369
	182, 369
	357, 369
	231, 369
	336, 369
	189, 370
	66, 370
	157, 370
	0, 370
	319, 370
	221, 371
	72, 371
	122, 371
	22, 371
	148, 371
	278, 371
	87, 371
	26, 372
	281, 372
	313, 372
	3, 372
	165, 373
	317, 373
	339, 373
	113, 373
	307, 373
	261, 373
	138, 374
	353, 374
	296, 374
	369, 374
	133, 374
	292, 374
	168, 375
	298, 375
	246, 375
	328, 375
	20, 376
	255, 376
	78, 376
	9, 376
	186, 376
	16, 377
	328, 377
	299, 377
	168, 377
	375, 377
	62, 377
	70, 378
	266, 378
	355, 378
	232, 378
	21, 379
	222, 379
	347, 379
	90, 379
	296, 379
	35, 380
	311, 380
	175, 380
	-4, 380
	197, 380
	18, 381
	183, 381
	136, 381
	31, 381
	335, 381
	358, 381
	349, 381
	263, 381
	213, 382
	33, 382
	314, 382
	196, 382
	279, 382
	193, 382
	143, 383
	209, 383
	96, 383
	146, 383
	131, 383
	370, 384
	189, 384
	48, 384
	0, 384
	105, 384
	331, 385
	274, 385
	36, 385
	330, 385
	355, 386
	102, 386
	27, 386
	378, 386
	266, 386
	100, 387
	212, 387
	308, 387
	12, 387
	155, 387
	109, 387
	55, 388
	282, 388
	130, 388
	250, 388
	2, 389
	205, 389
	82, 389
	21, 389
	250, 390
	388, 390
	97, 390
	-1, 390
	239, 390
	335, 391
	183, 391
	24, 391
	315, 391
	298, 391
	246, 391
	124, 392
	54, 392
	-1, 392
	-4, 392
	339, 393
	94, 393
	86, 393
	300, 393
	307, 393
	156, 393
	111, 393
	294, 394
	304, 394
	288, 394
	43, 394
	-2, 394
	80, 395
	158, 395
	265, 395
	236, 395
	130, 396
	91, 396
	97, 396
	26, 396
	390, 396
	388, 396
	180, 397
	-1, 397
	313, 397
	372, 397
	281, 397
	271, 397
	332, 398
	28, 398
	42, 398
	227, 398
	255, 398
	229, 398
	273, 399
	50, 399
	46, 399
	256, 399
	299, 399
	356, 399
	103, 399
	191, 400
	169, 400
	153, 400
	247, 400
	185, 400
	385, 401
	36, 401
	234, 401
	319, 401
	330, 401
	225, 402
	122, 402
	284, 402
	163, 402
	118, 402
	72, 402
	192, 402
	289, 402
	332, 403
	398, 403
	20, 403
	376, 403
	255, 403
	247, 404
	144, 404
	27, 404
	251, 404
	47, 404
	362, 405
	333, 405
	404, 405
	251, 405
	195, 405
	47, 405
	235, 405
	36, 406
	11, 406
	200, 406
	-4, 406
	101, 406
	234, 406
	240, 407
	166, 407
	131, 407
	146, 407
	120, 407
	404, 408
	27, 408
	144, 408
	386, 408
	102, 408
	370, 409
	189, 409
	157, 409
	17, 409
	220, 409
	150, 409
	262, 410
	-3, 410
	277, 410
	59, 410
	327, 410
	267, 410
	323, 411
	67, 411
	306, 411
	127, 411
	342, 411
	161, 411
	184, 411
	194, 412
	169, 412
	359, 412
	96, 412
	95, 412
	5, 413
	-3, 413
	81, 413
	213, 413
	247, 414
	40, 414
	400, 414
	169, 414
	12, 415
	314, 415
	178, 415
	279, 415
	100, 415
	61, 416
	-2, 416
	219, 416
	215, 416
	80, 417
	395, 417
	161, 417
	342, 417
	158, 417
	63, 417
	285, 417
	16, 418
	62, 418
	103, 418
	347, 418
	379, 418
	90, 418
	389, 419
	82, 419
	324, 419
	312, 419
	337, 419
	2, 419
	370, 420
	66, 420
	101, 420
	-4, 420
	319, 420
	234, 420
	401, 420
	346, 421
	139, 421
	71, 421
	263, 421
	218, 421
Mesh Regions: 422
	0, 24, 47, 987, 1063
	6, 10, 18, 32, 511, 871, 883
	142, 218, 321, 831, 1084, 1254
	12, 49, 78, 718, 767, 999
	16, 161, 181, 232, 269, 339, 538
	1, 14, 72, 154, 347, 1219
	2, 60, 423, 467, 574
	3, 43, 147, 526, 761, 953
	17, 208, 211, 380, 398, 739
	63, 217, 226, 275, 736, 900, 1019
	4, 5, 45, 69, 89, 304
	15, 46, 306, 1180
	90, 471, 696, 720, 1077, 1227
	26, 241, 403, 895, 911, 961
	5, 68, 88, 220, 531, 660, 663
	67, 74, 244, 335, 714, 832
	40, 75, 264, 791, 908, 1021, 1243
	34, 53, 98, 192, 367, 428, 1198
	6, 9, 266, 510, 1041
	7, 41, 62, 760
	274, 401, 813, 896, 1016, 1164
	66, 319, 375, 449, 878, 1031, 1087
	8, 23, 126, 388, 560, 992
	186, 212, 328, 396, 466, 925
	9, 10, 267, 298, 726, 880, 1095
	11, 113, 462, 670
	12, 76, 84, 571, 996, 1122
	469, 521, 530, 1071, 1169, 1191
	19, 31, 52, 554, 812, 1132
	108, 308, 569, 863, 904
	145, 340, 374, 450, 599, 641
	151, 327, 754, 924, 1044
	13, 20, 532, 666
	65, 287, 348, 443, 1050
	14, 71, 295, 346, 470, 975
	124, 203, 245, 710, 1036
	15, 44, 408, 809, 1067, 1150, 1179
	57, 104, 405, 629, 674, 679
	16, 231, 268, 661, 684
	17, 38, 207, 253, 397, 731
	178, 224, 289, 329, 455, 935, 1224
	18, 33, 157, 180, 370, 874
	19, 30, 140, 390, 644, 1133
	28, 420, 603, 631, 970, 1113
	20, 21, 129, 229, 665
	22, 23, 389, 778, 962
	216, 484, 506, 781, 914, 1139
	184, 294, 456, 1171, 1177
	24, 25, 94, 617, 1062
	26, 73, 227, 242, 272, 898
	357, 546, 770, 913, 1138
	27, 174, 317
	86, 187, 263, 399, 794, 887
	28, 35, 171, 630, 967
	29, 99, 131, 236, 1100
	30, 31, 139, 556, 578, 1080
	82, 102, 252, 677, 728, 889
	32, 33, 34, 54, 368, 882
	35, 150, 170, 196, 404, 633
	36, 359, 507, 636, 786, 1204
	37, 38, 51, 210, 249
	39, 101, 116, 354, 1232
	40, 92, 651, 1026, 1244
	206, 589, 614, 820, 1241
	41, 42, 43, 759
	44, 45, 46, 87, 305, 440, 806
	47, 48, 985, 1256
	49, 58, 79, 204, 764, 1208
	50, 51, 209, 302, 435
	59, 277, 523, 575, 592, 758
	52, 402, 520, 555, 595, 811, 1027
	80, 125, 155, 362, 1264
	122, 127, 286, 371, 990, 1159
	53, 54, 107, 429, 658, 881
	55, 118, 360, 410, 634
	56, 57, 103, 673
	58, 77, 138, 205, 613, 645
	59, 60, 61, 62, 576, 762
	63, 95, 110, 280, 482, 734, 1018
	193, 438, 518, 549, 808
	83, 96, 413, 588, 1115, 1236
	64, 65, 165, 349, 444, 1221
	66, 548, 772, 877, 1086, 1250
	67, 136, 163, 176, 239, 336, 936
	68, 69, 70, 534
	71, 72, 121, 153, 324, 461, 838, 973
	276, 299, 655, 691, 1105
	143, 173, 373, 746, 995
	73, 74, 225, 243, 356, 713
	160, 271, 283, 476, 487, 525, 581
	75, 265, 639, 1034, 1248
	76, 77, 78, 79, 141, 1120
	80, 123, 149, 202, 363, 376, 798
	81, 82, 106, 251
	83, 97, 111, 190, 414, 842, 1104
	132, 223, 310, 856, 930, 1218
	162, 167, 290, 747, 929, 1057, 1217
	84, 85, 572, 1090, 1121
	86, 134, 185, 215, 400, 828
	87, 88, 89, 128, 222, 439
	90, 112, 257, 260, 345, 1074, 1231
	91, 407, 1183, 1257
	164, 330, 910, 959, 1070, 1194
	92, 547, 654, 875, 1143, 1245
	93, 146, 814, 944
	94, 247, 279, 496, 616, 1064
	95, 96, 97, 109, 281, 587
	98, 191, 431, 743, 802
	99, 100, 183, 235, 543
	101, 115, 188, 351, 355, 694, 848, 1079
	102, 103, 104, 105, 106, 678
	107, 189, 430, 656, 866, 1109
	108, 133, 566, 740, 830, 905, 978
	109, 110, 111, 735, 841, 1003
	112, 258, 259, 516, 597, 704
	113, 114, 115, 116, 671, 692
	117, 118, 411, 817
	119, 313, 477, 486, 536, 858
	309, 514, 584, 609, 707, 1158
	120, 121, 325, 459
	122, 169, 285, 372, 426, 749, 1189
	123, 124, 125, 156, 201, 246, 498
	126, 127, 385, 387, 991, 1155
	128, 135, 221, 441, 686
	129, 130, 131, 233, 237, 1099
	132, 144, 314, 859, 931, 938
	133, 134, 214, 742, 829
	135, 194, 442, 685, 854, 1210
	136, 177, 240, 332, 957
	137, 255, 421, 969
	138, 139, 140, 141, 646, 1082, 1119
	142, 168, 219, 334, 835, 1059, 1187
	143, 144, 172, 315, 750, 927
	145, 341, 624, 642, 1010
	146, 147, 148, 943, 955
	149, 150, 197, 198, 406, 797
	151, 361, 378, 513, 755, 1043
	152, 153, 154, 839
	418, 621, 860, 906, 1006
	155, 156, 157, 179, 500, 873, 1263
	158, 228, 381, 432, 493
	159, 160, 479, 524, 557
	161, 182, 262, 539, 542
	162, 163, 291, 337, 933, 1055
	164, 331, 457, 1168, 1192
	165, 166, 447, 774, 964
	167, 168, 169, 748, 1058, 1188
	170, 171, 195, 200, 256, 712, 966
	172, 173, 174, 175, 316, 562, 993
	176, 177, 178, 333, 934
	179, 180, 278, 369, 499, 1200
	181, 182, 183, 230, 234, 541
	326, 464, 553, 681, 752, 891
	184, 270, 293, 458, 475, 1146
	185, 186, 187, 213, 888, 923
	188, 343, 352, 416, 1078
	189, 190, 415, 698, 869, 1108
	191, 192, 744, 986, 1197
	193, 194, 437, 519, 852, 1116, 1240
	195, 196, 197, 199
	198, 199, 200, 201, 202, 203, 711
	204, 205, 206, 612, 853, 1212, 1238
	207, 208, 209, 210, 301, 383
	288, 384, 446, 586, 777, 1157
	211, 212, 213, 214, 215, 395, 741
	216, 217, 505, 733, 899, 917, 1000
	218, 219, 320, 425, 607, 949, 1186
	220, 221, 222, 662, 687
	391, 483, 627, 650, 653, 1012, 1024
	223, 224, 284, 292, 311, 1145, 1215, 1226
	225, 226, 227, 273, 358, 902
	228, 307, 379, 492, 567
	229, 230, 231, 232, 233, 238, 659, 667
	234, 235, 236, 237, 238
	239, 240, 241, 242, 243, 244, 960
	245, 246, 247, 248, 497, 615, 1038
	249, 250, 251, 252, 253, 732
	254, 255, 256, 296, 708, 968
	257, 258, 563, 702, 1229
	259, 260, 342, 344, 602, 620
	261, 262, 540, 544, 1125
	263, 453, 793, 824, 886
	264, 265, 640, 907, 918, 980
	266, 267, 825, 1042, 1094
	268, 269, 338, 683, 765, 1213
	270, 271, 282, 474, 582, 1148
	272, 273, 274, 275, 897, 1020
	276, 300, 392, 625, 690, 723, 785
	277, 522, 527, 757
	278, 279, 495, 984, 1061, 1196
	280, 281, 393, 480, 590, 823
	282, 283, 284, 312, 488, 1144
	285, 286, 427, 606, 1160
	287, 288, 445, 564, 585, 706, 1054
	289, 290, 291, 292, 932, 1214
	293, 294, 412, 473, 504, 1176
	295, 350, 472, 722, 1052
	296, 297, 709, 1040
	298, 299, 300, 657, 725, 879
	301, 302, 382, 434
	303, 304, 305, 306, 1181
	307, 308, 353, 365, 494, 568, 849, 864
	309, 451, 515, 600, 608, 946
	310, 311, 312, 313, 489, 855
	314, 315, 316, 317, 318, 939
	319, 320, 321, 452, 948, 1085
	322, 323, 324, 325, 836
	326, 327, 328, 465, 756, 926
	329, 330, 331, 332, 333, 454, 956
	334, 335, 336, 337, 834, 1056
	338, 339, 537, 716, 766
	340, 341, 342, 601, 619
	343, 344, 345, 419, 622, 1075
	346, 347, 348, 349, 350, 1049, 1222
	351, 352, 353, 417, 847, 862
	354, 355, 366, 851, 1235
	356, 357, 358, 715, 771, 901, 916
	359, 360, 409, 502, 637, 787
	361, 362, 363, 377, 512, 1266
	364, 365, 366, 490, 850, 1234
	367, 368, 369, 370, 1199
	371, 372, 373, 745, 989
	374, 375, 448, 638, 1032
	376, 377, 378, 551, 753, 799
	379, 380, 381, 382, 383, 436, 565, 738
	384, 385, 386, 776, 1154
	386, 387, 388, 389, 779
	390, 394, 611, 643, 818, 1134
	391, 392, 626, 649, 724
	393, 394, 481, 822, 1136
	395, 396, 397, 398, 463, 730
	399, 400, 795, 827, 921, 982
	401, 402, 403, 810, 894, 912, 1030
	404, 405, 406, 552, 632, 680, 796
	407, 408, 1151, 1184, 1260
	409, 410, 411, 412, 501, 816, 1178
	413, 414, 415, 517, 697, 1118
	416, 417, 418, 419, 623, 861
	420, 421, 422, 604, 845, 971
	423, 424, 468, 1092
	425, 426, 427, 610, 1185
	428, 429, 430, 431, 801, 865
	432, 433, 434, 435, 436
	437, 438, 439, 440, 441, 442, 807
	443, 444, 445, 446, 447, 775
	448, 449, 450, 451, 452, 598, 947
	453, 648, 792, 826, 1014, 1098
	454, 455, 456, 457, 458, 1147, 1167, 1223
	459, 460, 461, 462, 669, 972
	463, 464, 465, 466, 729, 893
	467, 468, 573, 1083, 1088
	469, 528, 945, 951, 1170, 1175
	470, 471, 472, 672, 695, 721, 976
	473, 474, 475, 503, 583
	476, 477, 478, 479, 485
	480, 481, 482, 1017, 1135, 1166
	483, 484, 628, 652, 780, 1140
	485, 486, 487, 488, 489
	490, 491, 492, 493, 494
	495, 496, 497, 498, 499, 500
	501, 502, 503, 504, 579, 789
	505, 506, 689, 783, 1005
	507, 508, 509, 1201
	510, 511, 512, 513, 872, 1048, 1265
	514, 515, 516, 596, 703
	517, 518, 519, 550, 700, 1117
	520, 521, 522, 523, 529, 591, 1028, 1073
	524, 525, 559, 580, 790, 1206
	526, 527, 528, 529, 530, 763, 952
	531, 532, 533, 534, 664
	535, 536, 857, 941
	537, 538, 539, 540, 717, 1130
	541, 542, 543, 544, 545
	546, 547, 548, 773, 876, 1137
	549, 550, 699, 803, 805, 867, 1066
	551, 552, 553, 682, 751, 800
	554, 555, 556, 577, 594
	557, 558, 559, 1203
	560, 561, 562, 994
	563, 564, 701, 719, 1053, 1230
	565, 566, 567, 568, 569, 737
	570, 571, 572, 997, 1129
	573, 574, 575, 576, 577, 578, 593, 1081
	579, 580, 581, 582, 583, 788
	584, 585, 586, 705, 1156
	587, 588, 589, 590, 821, 1242
	591, 592, 593, 594, 595
	596, 597, 598, 599, 600, 601, 602
	603, 604, 605, 843, 1112
	606, 607, 608, 609, 610, 950, 1161
	611, 612, 613, 614, 647, 819
	615, 616, 617, 618
	619, 620, 621, 622, 623, 624, 1011
	625, 626, 627, 628, 784
	629, 630, 631, 632, 633, 675, 1110
	634, 635, 636, 637
	638, 639, 640, 641, 642, 979, 1008, 1035
	643, 644, 645, 646, 647
	648, 649, 650, 727, 1013, 1097
	651, 652, 653, 654, 1023, 1141
	655, 656, 657, 658, 884, 1106
	659, 660, 661, 662, 668, 688
	663, 664, 665, 666, 667, 668
	669, 670, 671, 672, 693, 974
	673, 674, 675, 676, 1111
	677, 678, 679, 680, 681, 682, 892
	683, 684, 685, 686, 687, 688, 1209
	689, 690, 691, 782, 840, 1004, 1107
	692, 693, 694, 695, 696, 1076
	697, 698, 699, 700, 868
	701, 702, 703, 704, 705, 706, 707
	708, 709, 710, 711, 712, 1037
	713, 714, 715, 769, 833, 1252
	716, 717, 718, 768, 998, 1127
	719, 720, 721, 722, 1051, 1228
	723, 724, 725, 726, 727, 1096
	728, 729, 730, 731, 732, 890
	733, 734, 735, 736, 1001
	737, 738, 739, 740, 741, 742
	743, 744, 804, 988, 1152, 1259
	745, 746, 747, 748, 749, 750, 928
	751, 752, 753, 754, 755, 756
	757, 758, 759, 760, 761, 762, 763
	764, 765, 766, 767, 768, 1207
	769, 770, 771, 772, 773, 1251
	774, 775, 776, 777, 778, 779, 963
	780, 781, 782, 783, 784, 785
	786, 787, 788, 789, 790, 1205
	791, 792, 793, 794, 795, 909, 919, 1015, 1022
	796, 797, 798, 799, 800
	801, 802, 803, 804, 870, 1068, 1153
	805, 806, 807, 808, 809, 1065
	810, 811, 812, 813, 1131, 1162
	814, 815, 816, 817, 942, 1173
	818, 819, 820, 821, 822, 823
	824, 825, 826, 885, 1045, 1093
	827, 828, 829, 830, 983
	831, 832, 833, 834, 835, 1253
	836, 837, 838, 839
	840, 841, 842, 1002, 1103
	843, 844, 845, 846
	847, 848, 849, 850, 851
	852, 853, 854, 1211, 1239
	855, 856, 857, 858, 859, 937
	860, 861, 862, 863, 864, 903
	865, 866, 867, 868, 869, 870
	871, 872, 873, 874, 1262
	875, 876, 877, 878, 1033, 1246
	879, 880, 881, 882, 883, 884
	885, 886, 887, 888, 922, 1047
	889, 890, 891, 892, 893
	894, 895, 896, 897, 898
	899, 900, 901, 902, 915
	903, 904, 905, 906, 977, 1007
	907, 908, 909, 920
	910, 911, 912, 958, 1029, 1069
	913, 914, 915, 916, 917, 1142
	918, 919, 920, 921, 981
	922, 923, 924, 925, 926, 1046
	927, 928, 929, 930, 931, 1216
	932, 933, 934, 935, 936
	937, 938, 939, 940, 941
	942, 943, 944, 945, 954, 1172
	946, 947, 948, 949, 950
	951, 952, 953, 954, 955
	956, 957, 958, 959, 960, 961
	962, 963, 964, 965
	966, 967, 968, 969, 970, 971
	972, 973, 974, 975, 976
	977, 978, 979, 980, 981, 982, 983, 1009
	984, 985, 986, 987, 988, 1060, 1195, 1255
	989, 990, 991, 992, 993, 994, 995
	996, 997, 998, 999, 1128
	1000, 1001, 1002, 1003, 1004, 1005
	1006, 1007, 1008, 1009, 1010, 1011
	1012, 1013, 1014, 1015, 1025
	1016, 1017, 1018, 1019, 1020, 1165
	1021, 1022, 1023, 1024, 1025, 1026
	1027, 1028, 1029, 1030, 1072
	1031, 1032, 1033, 1034, 1035, 1247
	1036, 1037, 1038, 1039, 1040
	1041, 1042, 1043, 1044, 1045, 1046, 1047, 1048
	1049, 1050, 1051, 1052, 1053, 1054
	1055, 1056, 1057, 1058, 1059
	1060, 1061, 1062, 1063, 1064
	1065, 1066, 1067, 1068, 1149
	1069, 1070, 1071, 1072, 1073, 1193
	1074, 1075, 1076, 1077, 1078, 1079
	1080, 1081, 1082, 1083, 1089, 1124
	1084, 1085, 1086, 1087, 1249
	1088, 1089, 1090, 1091, 1092, 1123
	1093, 1094, 1095, 1096, 1097, 1098
	1099, 1100, 1101, 1102
	1103, 1104, 1105, 1106, 1107, 1108, 1109
	1110, 1111, 1112, 1113, 1114
	1115, 1116, 1117, 1118, 1237
	1119, 1120, 1121, 1122, 1123, 1124
	1125, 1126, 1127, 1128, 1129, 1130
	1131, 1132, 1133, 1134, 1135, 1136, 1163
	1137, 1138, 1139, 1140, 1141, 1142, 1143
	1144, 1145, 1146, 1147, 1148, 1225
	1149, 1150, 1151, 1152, 1153, 1261
	1154, 1155, 1156, 1157, 1158, 1159, 1160, 1161
	1162, 1163, 1164, 1165, 1166
	1167, 1168, 1169, 1170, 1171, 1174, 1190
	1172, 1173, 1174, 1175, 1176, 1177, 1178
	1179, 1180, 1181, 1182, 1183, 1184
	1185, 1186, 1187, 1188, 1189
	1190, 1191, 1192, 1193, 1194
	1195, 1196, 1197, 1198, 1199, 1200
	1201, 1202, 1203, 1204, 1205, 1206
	1207, 1208, 1209, 1210, 1211, 1212, 1213
	1214, 1215, 1216, 1217, 1218
	1219, 1220, 1221, 1222
	1223, 1224, 1225, 1226
	1227, 1228, 1229, 1230, 1231
	1232, 1233, 1234, 1235
	1236, 1237, 1238, 1239, 1240, 1241, 1242
	1243, 1244, 1245, 1246, 1247, 1248
	1249, 1250, 1251, 1252, 1253, 1254
	1255, 1256, 1257, 1258, 1259, 1260, 1261
	1262, 1263, 1264, 1265, 1266
Seed Numbers: 422
	0
	1
	2
	3
	4
	5
	6
	7
	8
	9
	10
	11
	12
	13
	14
	15
	16
	17
	18
	19
	20
	21
	22
	23
	24
	25
	26
	27
	28
	29
	30
	31
	32
	33
	34
	35
	36
	37
	38
	39
	40
	41
	42
	43
	44
	45
	46
	47
	48
	49
	50
	51
	52
	53
	54
	55
	56
	57
	58
	59
	60
	61
	62
	63
	64
	65
	66
	67
	68
	69
	70
	71
	72
	73
	74
	75
	76
	77
	78
	79
	80
	81
	82
	83
	84
	85
	86
	87
	88
	89
	90
	91
	92
	93
	94
	95
	96
	97
	98
	99
	100
	101
	102
	103
	104
	105
	106
	107
	108
	109
	110
	111
	112
	113
	114
	115
	116
	117
	118
	119
	120
	121
	122
	123
	124
	125
	126
	127
	128
	129
	130
	131
	132
	133
	134
	135
	136
	137
	138
	139
	140
	141
	142
	143
	144
	145
	146
	147
	148
	149
	150
	151
	152
	153
	154
	155
	156
	157
	158
	159
	160
	161
	162
	163
	164
	165
	166
	167
	168
	169
	170
	171
	172
	173
	174
	175
	176
	177
	178
	179
	180
	181
	182
	183
	184
	185
	186
	187
	188
	189
	190
	191
	192
	193
	194
	195
	196
	197
	198
	199
	200
	201
	202
	203
	204
	205
	206
	207
	208
	209
	210
	211
	212
	213
	214
	215
	216
	217
	218
	219
	220
	221
	222
	223
	224
	225
	226
	227
	228
	229
	230
	231
	232
	233
	234
	235
	236
	237
	238
	239
	240
	241
	242
	243
	244
	245
	246
	247
	248
	249
	250
	251
	252
	253
	254
	255
	256
	257
	258
	259
	260
	261
	262
	263
	264
	265
	266
	267
	268
	269
	270
	271
	272
	273
	274
	275
	276
	277
	278
	279
	280
	281
	282
	283
	284
	285
	286
	287
	288
	289
	290
	291
	292
	293
	294
	295
	296
	297
	298
	299
	300
	301
	302
	303
	304
	305
	306
	307
	308
	309
	310
	311
	312
	313
	314
	315
	316
	317
	318
	319
	320
	321
	322
	323
	324
	325
	326
	327
	328
	329
	330
	331
	332
	333
	334
	335
	336
	337
	338
	339
	340
	341
	342
	343
	344
	345
	346
	347
	348
	349
	350
	351
	352
	353
	354
	355
	356
	357
	358
	359
	360
	361
	362
	363
	364
	365
	366
	367
	368
	369
	370
	371
	372
	373
	374
	375
	376
	377
	378
	379
	380
	381
	382
	383
	384
	385
	386
	387
	388
	389
	390
	391
	392
	393
	394
	395
	396
	397
	398
	399
	400
	401
	402
	403
	404
	405
	406
	407
	408
	409
	410
	411
	412
	413
	414
	415
	416
	417
	418
	419
	420
	421
Phase Numbers: 422
	2
	2
	1
	3
	2
	3
	2
	2
	0
	2
	2
	1
	3
	2
	0
	2
	0
	0
	2
	3
	3
	3
	2
	2
	2
	3
	1
	2
	3
	3
	3
	3
	3
	3
	2
	3
	2
	3
	0
	2
	2
	2
	2
	2
	3
	3
	1
	2
	0
	2
	0
	2
	0
	2
	2
	3
	1
	3
	2
	3
	2
	1
	2
	3
	2
	2
	3
	3
	2
	2
	3
	2
	3
	3
	3
	2
	3
	2
	3
	2
	1
	2
	0
	0
	2
	3
	2
	3
	2
	2
	2
	2
	3
	2
	2
	2
	0
	0
	1
	3
	0
	0
	3
	3
	0
	2
	2
	3
	2
	3
	1
	2
	1
	3
	2
	2
	2
	3
	2
	3
	3
	3
	2
	3
	3
	3
	1
	3
	2
	2
	2
	3
	2
	1
	3
	2
	2
	0
	2
	2
	0
	2
	3
	2
	2
	2
	2
	2
	3
	3
	2
	3
	0
	3
	3
	0
	2
	3
	2
	0
	2
	3
	2
	3
	2
	2
	3
	3
	3
	0
	3
	2
	3
	3
	3
	3
	3
	2
	3
	3
	3
	0
	3
	2
	0
	1
	2
	1
	2
	2
	3
	2
	0
	2
	1
	2
	0
	3
	3
	3
	3
	1
	2
	3
	3
	2
	2
	0
	3
	3
	3
	2
	3
	3
	2
	1
	3
	3
	3
	3
	3
	2
	2
	2
	3
	3
	2
	0
	2
	3
	2
	0
	3
	3
	3
	1
	1
	2
	3
	0
	3
	2
	1
	1
	3
	0
	2
	1
	3
	1
	3
	2
	3
	3
	1
	2
	3
	2
	3
	3
	3
	0
	3
	1
	2
	3
	2
	2
	3
	2
	3
	0
	3
	3
	2
	1
	2
	3
	1
	3
	3
	2
	3
	3
	2
	3
	1
	2
	1
	3
	2
	2
	3
	2
	3
	1
	0
	2
	2
	3
	2
	3
	2
	3
	3
	3
	1
	2
	3
	2
	3
	2
	3
	3
	3
	2
	3
	2
	2
	3
	2
	3
	3
	2
	3
	2
	3
	2
	2
	3
	2
	0
	3
	3
	3
	2
	2
	3
	0
	3
	1
	3
	3
	2
	2
	2
	2
	1
	2
	2
	3
	2
	2
	3
	0
	3
	1
	3
	3
	3
	2
	1
	3
	0
	3
	3
	3
	1
	3
	2
	2
	2
	2
	2
	2
	3
	3
	3
	3
	0
	2
	2
	2
	3
	3
	0
	2
	2
	1
	2
	1
	2
	3
	3
	2
	2
	1
	2
	2
	3
	3
	3
	0
	3
	3
	3
	3
	2
	2
	2
	3
	3
	2
	3
	0
	2
	1
	2
	3
	3
	2
	2
Volumes: 422
	0.0019946940571031507
	0.0022557975878627783
	0.0024092266379511862
	0.0018295417348956912
	0.0025599246261898854
	0.0027581459853540974
	0.002312394790173
	0.0023141616014724304
	0.002795669543292626
	0.0024909904037291953
	0.003288983585876352
	0.0023809001149601734
	0.002409724419388347
	0.002568031980696172
	0.0025471691614215464
	0.0031936748524470093
	0.0025505338969170205
	0.0024224369754600695
	0.0018167089527912736
	0.0018000530651417
	0.002482438324740827
	0.0025569412769973895
	0.0027165142277537292
	0.0029004291833053413
	0.0027981501395079036
	0.002429411293741857
	0.0021488056309946425
	0.002213045565896726
	0.0021283297814283122
	0.0026532155497900342
	0.0025604242003215293
	0.002914839996269865
	0.0011751567675075214
	0.0023876761255932533
	0.0029884778035151904
	0.002422125707463943
	0.0030533719306867378
	0.0030699504856168715
	0.0025391045090191588
	0.0023994546226243246
	0.0025862506962382307
	0.002617185501640559
	0.0022795813213326082
	0.0019389542239107796
	0.001996833104935445
	0.001568570554647751
	0.002110134930030264
	0.002856957313942224
	0.0014983189047834715
	0.0027183030284679355
	0.0017381444038251695
	0.001627918254174103
	0.0019208347748117536
	0.002065850505922723
	0.0017737148700705256
	0.002930739734755101
	0.0025134668417867937
	0.00216960816798026
	0.0026574164863882215
	0.0022414996158961176
	0.0019952839283461678
	0.0020861047838195684
	0.0016446030341412106
	0.0027842124946055855
	0.0008433553606669256
	0.003007354687803541
	0.00199539358286855
	0.0024686132244525903
	0.0011994960613502452
	0.002504584601605699
	0.002429124365735484
	0.002081789363039011
	0.002683450676474984
	0.0033137141890149154
	0.001073825143507812
	0.001319807277417063
	0.00216011370962757
	0.0032149181165405855
	0.0023310274272188144
	0.0021607387118024813
	0.002369598443666984
	0.0025237164633544256
	0.0030471140483430336
	0.003092389955344222
	0.002104694592549068
	0.0027623880610365414
	0.0030655614422471717
	0.0032266143050094336
	0.003091183731764758
	0.002976726606159381
	0.0021550593552377637
	0.0020079883631217046
	0.002505615180855216
	0.000885348475840696
	0.0026811704002954384
	0.0019423756553214055
	0.0031120422193526825
	0.002581608011978099
	0.0019905559515760083
	0.001998680245528138
	0.0027771752239363697
	0.0014751071360260865
	0.002223523802248619
	0.001884720102507863
	0.0013622518181632469
	0.0020406699782768625
	0.0019307156806259496
	0.0024565984959488024
	0.0013281496564237435
	0.002584171432507866
	0.002799266192653108
	0.002576375187358812
	0.0029786425514216766
	0.0019625411614641393
	0.0027257694224095065
	0.002948720019743291
	0.00133644028371062
	0.002915560803704579
	0.0033204188129384274
	0.002180806578593638
	0.0027950393177388192
	0.003084675826762834
	0.0020539110002323296
	0.0022112927656951094
	0.0024584802418764692
	0.002139686240940497
	0.0018768871151967133
	0.0029913698850534513
	0.0018087134466631734
	0.0015066060080866077
	0.002672501397165002
	0.0031475044214417346
	0.0026654949434782396
	0.002029192668228699
	0.0013401713945354855
	0.0023860616415331266
	0.0030245851472809563
	0.0008678803440913178
	0.001971744835224816
	0.00287772876480562
	0.002042411841687417
	0.0017607693673691782
	0.0021179215819465583
	0.0023769077757782066
	0.0019008592715902533
	0.0018381390385759748
	0.002545767148646871
	0.002545905091820324
	0.0028596285684227805
	0.0021429160779620334
	0.003035047701625918
	0.0018655011168441688
	0.0021539063999181478
	0.002809839801276193
	0.0020285189033105956
	0.002626021707337946
	0.0027554095191850217
	0.0025125966783879176
	0.0027256998778131297
	0.0016195761064354093
	0.002527863017598801
	0.003168340270134084
	0.0022501927009392865
	0.00254910112495349
	0.002830649881450786
	0.003268156100652924
	0.002827094978942886
	0.0023449332545667006
	0.0024944468510957004
	0.0026728893365225302
	0.002760895988524946
	0.001846238126237884
	0.003475297721522889
	0.0023683130440445743
	0.003373412056280026
	0.003618311027385777
	0.002124858752001551
	0.0019829508268476154
	0.0017946829363718081
	0.0024787205390608504
	0.0008520727975190888
	0.0022123803246253183
	0.0020285277965000183
	0.0017462373245850549
	0.00236762002489347
	0.00252162458484063
	0.0024534651376060227
	0.003381676960828076
	0.0016474391492418668
	0.0029825249591495366
	0.0017576106253612083
	0.0025948274040308488
	0.0023758576833350937
	0.0029749827106721315
	0.002129888439211712
	0.003199287228145248
	0.0015944605807643865
	0.0013425548266814188
	0.0030929319729051928
	0.0015029232812697982
	0.002400289334745842
	0.003210479518817465
	0.0026565883438995925
	0.0026611496448312177
	0.0021192640806014366
	0.0026399736842299478
	0.0017760585445706109
	0.0027753948277579573
	0.0024202346658347062
	0.0027620760415547497
	0.001796085600673266
	0.0019263142620061222
	0.0030662273355290754
	0.0029839851838271633
	0.0021580276948136566
	0.0020934361912256167
	0.0034341816400223915
	0.0028092747558603635
	0.002103971912391003
	0.0023532484116965922
	0.0024223065736411493
	0.002119719883532486
	0.0017202294168600948
	0.0023999187741752023
	0.0026958795343653284
	0.002026243476878071
	0.0015401079394207944
	0.0024281358093923818
	0.0014535917197857483
	0.002386673917899802
	0.0029605421083499926
	0.002211317459334034
	0.0029624619258591554
	0.0033760370318077094
	0.002109597507139218
	0.002951732513470414
	0.0022492577679725594
	0.0018327848625937248
	0.002916576039570312
	0.0014740152942325834
	0.0016548303704050807
	0.0024160930854317266
	0.0010871359553952151
	0.0032846508061594127
	0.002526250633271115
	0.0028148831574792716
	0.0017778721324234865
	0.003093979584246412
	0.0027579749198708486
	0.0026524162087231814
	0.0023088549661844883
	0.0030860248144286727
	0.002925914050875636
	0.001557001263237978
	0.0022449722961187593
	0.0017116638230558758
	0.0022195055049646726
	0.0019483001992273295
	0.0023210525310783715
	0.003535720936910373
	0.0019340202399880696
	0.0018031466556656583
	0.0010357667191321026
	0.002358140767416726
	0.0019315566727365133
	0.0027214172879186185
	0.0030937049743789452
	0.002387564152517216
	0.0026741924297450166
	0.0016497339315610527
	0.0024978212827227704
	0.0019434911834287577
	0.0013530157954117325
	0.0019745250499068924
	0.0030719634264418953
	0.0029005833291064717
	0.001913190724228716
	0.0010656139587269526
	0.002342941332041722
	0.0022922775849007603
	0.00292861456785597
	0.0024127628943133557
	0.002938745422031446
	0.0021412368065909593
	0.0028889542986303557
	0.00201225708858055
	0.0019679368763700624
	0.002959018041691839
	0.0012526196716545195
	0.0026236351016989128
	0.0032593912960754987
	0.00182851362834346
	0.002253560574496185
	0.0016353967832823525
	0.002450795720221394
	0.0009407481417277694
	0.0031580005912182543
	0.0019226314733203338
	0.0018536294604510847
	0.002038494123818708
	0.0029828983297919246
	0.0020617191856431563
	0.002792268966341609
	0.003040096891810533
	0.0022353967784160015
	0.003032225984290611
	0.0025327709603319985
	0.003045315794816683
	0.0029560907429772272
	0.0030954264509493045
	0.002170450845733209
	0.002037203945977821
	0.0029623816704024593
	0.0020807047212575928
	0.0019948146884263673
	0.0030417866932057934
	0.0022421750625244907
	0.0024339886425885555
	0.003074629565426124
	0.002943888626797688
	0.00316791678885391
	0.0025113479657436774
	0.00205880471474801
	0.002347367405482202
	0.002815912496925557
	0.0024698955369336644
	0.0029407851071007705
	0.0020038663098606965
	0.0031137499826747535
	0.002416859748532383
	0.0032853736798413706
	0.0030302378627104385
	0.002805093993013142
	0.0029784066597454764
	0.0019369419229785852
	0.00233048822518233
	0.0018420443239390398
	0.0029888596407799933
	0.0017321039575280393
	0.002107231947793746
	0.0011412217547787599
	0.002783098566337109
	0.002516676613717954
	0.0020863601305361593
	0.0024775138426411333
	0.0031231677760861914
	0.0020018246701661918
	0.0021146747454230883
	0.003288979055526573
	0.0029278341122844333
	0.001987421574949015
	0.0030915580920502493
	0.0019849591479967907
	0.002074254660631587
	0.0015614633000254519
	0.002683694986009124
	0.001804920275335422
	0.0021303579384020655
	0.0025502464216692203
	0.0028085569186691983
	0.0015032337679524548
	0.002486229504467239
	0.002607201301235067
	0.0026536370748173666
	0.002487645767060079
	0.002279690803968935
	0.0011418352610648446
	0.0023437395775855897
	0.0025621151137362897
	0.0030571766733239383
	0.0033255279784817995
	0.0029809055383317987
	0.0016915973867256625
	0.0019618521324768594
	0.002363607560657735
	0.002325598741933488
	0.002696631428449877
	0.0018751587538685891
	0.0025335903131349373
	0.002548908173186294
	0.0023003591807296466
	0.003049415293506877
	0.0024883882009037626
	0.001858639724925665
	0.0017516320035595445
	0.002784616870363167
	0.0028814470553147602
	0.0029090460625375283
	0.002471199515857135
	0.0016620950964997788
	0.003150118733542581
	0.0022175316436835887
	0.0008842347665320555
	0.0034754159416222744
	0.0020859452776093752
	0.0020974365489263187
	0.0019285379255199137
	0.0022534185420051015
	0.002891640606226836
	0.0024051350861245893
	0.002367323149854078
	0.002308249956979257
	0.003435802262874275
	0.0016799208203734741
	0.002657322151414499
	0.003174342979556476
	0.002214140226563917
	0.0019347267069780392
	0.0022026429055316756
	0.002313996358224245
	0.0024720519080622663
	0.0030326940764834956
	0.001575334633196204
	0.0015056341690756342
	0.0016644781945021835
	0.0017691936915668306
	0.0013042205573455526
	0.0026984224145557437
	0.0019507380249776038
	0.0021811217434370474
	0.002738548377749088
	0.002386961579939983
