Mesh Points: 846
	 1.216513e-03,  2.316064e-01
	 1.679150e-02,  2.095692e-01
	 8.000148e-03,  2.718663e-01
	 3.260126e-02,  2.867951e-01
	 3.493085e-02,  2.859001e-01
	 6.350114e-02,  2.440695e-01
	 3.034358e-02,  2.110472e-01
	-2.281124e-01, -8.637944e-03
	-2.317033e-01, -3.534554e-03
	-2.349711e-01, -5.633501e-02
	-2.632493e-01, -6.607869e-02
	-2.584462e-01, -6.736237e-02
	-2.768652e-01, -4.117476e-02
	-2.670553e-01, -1.261246e-02
	 8.914265e-02,  2.572640e-01
	 6.380243e-02,  2.440280e-01
	 9.489726e-02,  2.884012e-01
	 7.931831e-02,  3.036139e-01
	-4.764885e-01,  7.128535e-02
	-4.672276e-01,  3.833653e-02
	-5.000000e-01,  8.279518e-02
	-5.000000e-01,  1.817935e-02
	-3.944987e-01, -7.262681e-02
	-3.897402e-01, -7.275105e-02
	-3.676900e-01, -1.003409e-01
	-4.022351e-01, -1.450109e-01
	-4.263950e-01, -1.039034e-01
	-3.742598e-01, -1.324065e-01
	-3.928446e-01, -1.452965e-01
	 1.608630e-01, -2.880159e-02
	 1.635627e-01,  1.571780e-03
	 1.163961e-01, -3.326600e-02
	 9.854244e-02, -1.828635e-03
	 1.202047e-01,  2.944166e-02
	 1.212894e-01,  2.976786e-02
	-4.410406e-01,  1.185147e-01
	-4.391816e-01,  1.028352e-01
	-5.000000e-01,  1.352595e-01
	 3.685577e-01, -2.139223e-01
	 3.521114e-01, -2.268745e-01
	 3.097798e-01, -2.096498e-01
	 3.399805e-01, -1.606917e-01
	 3.728225e-01, -1.909502e-01
	 3.081995e-01, -1.714763e-01
	 3.008485e-01, -1.851122e-01
	 1.674459e-01,  3.186296e-01
	 1.743565e-01,  3.342438e-01
	 1.863641e-01,  2.697743e-01
	 2.233431e-01,  3.355988e-01
	 2.355884e-01,  2.995613e-01
	 2.355661e-01,  2.995147e-01
	 2.450194e-02, -1.863714e-01
	 4.157231e-03, -2.071236e-01
	-3.131677e-02, -2.043908e-01
	-3.521916e-02, -1.592742e-01
	-2.967765e-03, -1.484541e-01
	 2.499860e-02, -1.720029e-01
	-2.786860e-02, -4.205061e-01
	-4.857994e-02, -4.416681e-01
	-4.901141e-02, -3.729841e-01
	-9.472016e-02, -4.118178e-01
	-9.425415e-02, -3.845236e-01
	-5.582193e-02, -4.419177e-01
	-3.035572e-01, -2.391117e-01
	-3.078241e-01, -2.656911e-01
	-3.228602e-01, -2.243469e-01
	-3.486460e-01, -2.619748e-01
	-3.549642e-01, -2.428099e-01
	-3.242581e-01, -2.741413e-01
	 3.915914e-01, -4.523397e-01
	 3.560606e-01, -4.251263e-01
	 3.619044e-01, -4.860435e-01
	 3.227485e-01, -4.577233e-01
	 3.251136e-01, -4.682025e-01
	-4.799741e-02,  3.701043e-01
	-3.738196e-02,  3.839939e-01
	-4.672951e-02,  3.140234e-01
	-6.102103e-03,  3.770676e-01
	 1.804571e-04,  3.307606e-01
	-4.378384e-02,  3.128087e-01
	 4.367055e-01,  5.000000e-01
	 4.280684e-01,  4.680000e-01
	 3.813750e-01,  5.000000e-01
	 3.850889e-01,  4.631873e-01
	 4.187075e-01,  4.605049e-01
	-1.511056e-01, -4.070638e-01
	-1.312053e-01, -3.763081e-01
	-1.837665e-01, -4.057254e-01
	-1.688336e-01, -3.484953e-01
	-1.687576e-01, -3.484518e-01
	-1.883133e-01, -3.990637e-01
	 4.423312e-01, -1.872722e-01
	 4.369208e-01, -1.903598e-01
	 4.542903e-01, -1.397468e-01
	 4.406347e-01, -1.167065e-01
	 3.998573e-01, -1.764560e-01
	 3.948288e-01, -1.379026e-01
	 4.111789e-01, -1.163701e-01
	 3.300944e-01, -7.169143e-02
	 3.204621e-01, -4.074713e-02
	 3.555684e-01, -7.860522e-02
	 3.590222e-01, -2.789438e-02
	 3.736751e-01, -5.112861e-02
	-7.786677e-02, -2.890049e-01
	-3.965526e-02, -2.846448e-01
	-7.943987e-02, -3.238096e-01
	-2.963023e-02, -2.994510e-01
	-4.023960e-02, -3.411155e-01
	-4.686808e-01, -3.417217e-01
	-4.258587e-01, -3.204399e-01
	-4.814239e-01, -3.151380e-01
	-4.275827e-01, -2.880374e-01
	-4.589634e-01, -2.787657e-01
	 1.688037e-01, -2.422911e-01
	 2.114604e-01, -2.462420e-01
	 1.557502e-01, -2.126284e-01
	 1.563237e-01, -2.103466e-01
	 1.949702e-01, -1.862007e-01
	 2.376584e-01, -2.144876e-01
	 2.375701e-01, -2.166708e-01
	-2.268263e-01, -3.853091e-01
	-2.483594e-01, -4.167911e-01
	-2.968478e-01, -4.055878e-01
	-2.896971e-01, -3.682933e-01
	-2.658205e-01, -3.541746e-01
	-2.278771e-01, -3.816372e-01
	-2.234180e-01, -4.735509e-01
	-2.300152e-01, -4.458001e-01
	-1.949284e-01, -4.870044e-01
	-1.710830e-01, -4.620395e-01
	-1.903942e-01, -4.294632e-01
	 1.777106e-01, -5.000000e-01
	 1.731669e-01, -4.576171e-01
	 1.239066e-01, -5.000000e-01
	 1.301129e-01, -4.739410e-01
	-2.446380e-02, -4.853525e-01
	 1.297479e-02, -4.621854e-01
	-3.272682e-04, -4.176092e-01
	 6.836006e-03, -4.224397e-01
	-1.448443e-01, -1.327412e-01
	-1.544535e-01, -1.454225e-01
	-1.878755e-01, -1.507171e-01
	-1.937367e-01, -9.030954e-02
	-2.087941e-01, -1.155523e-01
	-1.559168e-01, -9.073412e-02
	-2.015292e-01, -1.406071e-01
	 4.011732e-01, -1.020587e-01
	 4.080413e-01, -5.608896e-02
	 4.426097e-01, -6.148354e-02
	 4.535582e-01, -9.713454e-02
	 3.028375e-01, -1.028741e-01
	 3.481532e-01, -1.261093e-01
	 3.622985e-01, -9.523115e-02
	 3.406837e-03, -1.146901e-01
	 4.645435e-02, -1.081814e-01
	-1.284831e-02, -8.968906e-02
	-3.448842e-03, -6.516415e-02
	 3.412535e-02, -5.396002e-02
	 5.127957e-02, -1.009243e-01
	-2.476140e-01, -2.631401e-01
	-2.077712e-01, -2.319657e-01
	-2.742399e-01, -2.239503e-01
	-2.113724e-01, -2.123753e-01
	-2.388559e-01, -1.989098e-01
	-2.698291e-01, -2.079758e-01
	 2.775102e-01, -2.548756e-01
	 2.454665e-01, -2.817231e-01
	 2.216282e-01, -2.730630e-01
	 1.212277e-01,  1.571822e-01
	 1.200674e-01,  1.529570e-01
	 1.028903e-01,  1.898062e-01
	 8.052703e-02,  1.194196e-01
	 6.258064e-02,  1.247677e-01
	 5.076864e-02,  1.483934e-01
	 6.531814e-02,  1.801893e-01
	 9.489012e-02,  1.912398e-01
	-3.704723e-01, -2.331871e-01
	-4.073242e-01, -2.519878e-01
	-3.782053e-01, -2.058400e-01
	-4.235062e-01, -2.041501e-01
	-4.311826e-01, -2.112484e-01
	 1.646545e-01,  3.523475e-01
	 1.846677e-01,  3.816382e-01
	 2.293394e-01,  3.502604e-01
	 2.180811e-01,  3.734207e-01
	-2.731200e-01,  2.763570e-01
	-2.412413e-01,  2.858608e-01
	-2.847004e-01,  2.850370e-01
	-2.564192e-01,  3.409989e-01
	-2.258753e-01,  3.234107e-01
	-2.974516e-01,  3.296550e-01
	-5.000000e-01, -3.545845e-01
	-4.687236e-01, -3.418695e-01
	-5.000000e-01, -3.933111e-01
	-4.495896e-01, -3.867367e-01
	-4.632540e-01, -3.986504e-01
	-2.621166e-01,  5.157069e-02
	-2.711125e-01,  4.954079e-02
	-2.508254e-01,  9.683958e-02
	-3.168615e-01,  1.049528e-01
	-2.671615e-01,  1.137814e-01
	-3.166405e-01,  7.515922e-02
	-1.744637e-01,  1.826823e-01
	-1.743378e-01,  1.829695e-01
	-1.889154e-01,  1.779395e-01
	-2.058820e-01,  2.485962e-01
	-1.876252e-01,  2.501285e-01
	-2.374241e-01,  2.160696e-01
	-2.264706e-01,  1.918827e-01
	-1.827262e-01,  2.441086e-01
	-5.000000e-01, -1.454313e-03
	-4.423202e-01, -1.054584e-02
	-4.656764e-01, -3.166806e-02
	-4.475006e-01,  3.293969e-02
	-2.257439e-01,  1.016748e-01
	-2.027197e-01,  7.529387e-02
	-2.401126e-01,  4.114256e-02
	 1.232363e-02, -3.052923e-01
	-3.062274e-02, -2.587554e-01
	 2.816309e-02, -2.851904e-01
	 2.595210e-02, -2.578319e-01
	 1.574972e-02, -2.511279e-01
	-1.053310e-01,  7.447951e-02
	-1.423851e-01,  7.853486e-02
	-1.634093e-01,  1.072751e-01
	-1.394492e-01,  1.372215e-01
	-9.061021e-02,  1.075639e-01
	-1.633887e-01,  1.076766e-01
	-9.186641e-02,  8.338563e-02
	-6.448240e-02, -9.632694e-02
	-9.317185e-02, -9.568097e-02
	-6.591845e-02, -4.248359e-02
	-9.489091e-02, -3.747528e-02
	-1.154675e-01, -7.187331e-02
	-7.650405e-02, -3.490955e-02
	 4.683122e-01, -3.377678e-01
	 4.805471e-01, -3.178121e-01
	 4.302083e-01, -3.456337e-01
	 4.212567e-01, -3.382261e-01
	 4.293831e-01, -2.891362e-01
	 4.535091e-01, -2.859146e-01
	 2.373009e-01, -1.376452e-01
	 2.379344e-01, -1.379057e-01
	 2.231786e-01, -8.270574e-02
	 2.663589e-01, -7.136333e-02
	 2.914976e-01, -1.054498e-01
	 2.817949e-01, -1.252747e-01
	-2.127693e-02, -6.343068e-03
	-2.701445e-02, -3.600935e-02
	-6.444647e-02,  1.612216e-02
	-5.821886e-02,  1.999607e-02
	-3.417777e-02,  1.238461e-02
	 3.675611e-01, -1.700901e-03
	 3.740629e-01,  6.024118e-04
	 4.126342e-01, -1.788725e-02
	 4.055338e-01, -5.314851e-02
	-2.482468e-01, -2.659719e-01
	-2.715146e-01, -2.843352e-01
	-4.656951e-01, -5.540934e-02
	-4.657440e-01, -5.535278e-02
	-4.631946e-01, -7.351083e-02
	-5.000000e-01, -5.570869e-02
	-5.000000e-01, -1.209934e-01
	-4.911901e-01, -1.181049e-01
	 4.162688e-01,  2.868166e-01
	 4.567361e-01,  2.915191e-01
	 3.947781e-01,  3.046460e-01
	 3.962124e-01,  3.105536e-01
	 4.343588e-01,  3.387019e-01
	 4.511349e-01,  3.323772e-01
	 8.151471e-02,  6.050580e-02
	 9.871894e-02,  9.214976e-02
	 1.224160e-01,  9.218206e-02
	 1.423870e-01,  6.212120e-02
	 4.351799e-01,  3.378481e-02
	 4.539672e-01,  3.994559e-02
	 4.873935e-01,  2.273117e-02
	 4.647487e-01, -2.849402e-02
	 4.296258e-01, -8.985384e-03
	 5.000000e-01, -4.830690e-01
	 4.606726e-01, -4.549664e-01
	 5.000000e-01, -4.085223e-01
	-3.412628e-01,  3.941014e-01
	-3.167320e-01,  4.057931e-01
	-3.649364e-01,  4.233368e-01
	-3.449884e-01,  4.497568e-01
	-3.234170e-01,  4.424344e-01
	 7.795321e-02,  3.925749e-01
	 4.548528e-02,  3.701554e-01
	 7.838982e-02,  4.002288e-01
	 1.635573e-02,  3.885451e-01
	 2.589702e-02,  4.295204e-01
	 5.013021e-02,  4.312651e-01
	 3.144884e-01,  4.424126e-01
	 3.234711e-01,  4.041067e-01
	 3.420777e-01,  4.683569e-01
	 3.312887e-01,  3.987979e-01
	 3.744112e-01,  4.571507e-01
	 3.672269e-01,  4.096090e-01
	-4.847604e-02, -2.222801e-01
	 3.497065e-02, -3.719727e-01
	 8.946997e-03, -3.778894e-01
	 3.717657e-02, -3.414452e-01
	 1.578063e-02, -3.275804e-01
	-1.153070e-02, -3.534127e-01
	 1.443720e-02,  1.536192e-01
	-3.721209e-03,  1.775539e-01
	 1.604633e-03,  1.181116e-01
	-3.351796e-02,  1.732341e-01
	-3.219051e-02,  1.746439e-01
	-3.903649e-02,  1.187081e-01
	-4.005505e-02,  1.197839e-01
	-4.144507e-01,  3.216678e-02
	-4.335890e-01,  3.777438e-02
	-3.746168e-01,  6.124073e-02
	-4.262638e-01,  8.874714e-02
	-3.834752e-01,  8.242872e-02
	 2.548912e-01, -1.925979e-01
	 3.449063e-01,  1.014566e-01
	 3.399616e-01,  1.121201e-01
	 3.884662e-01,  1.042199e-01
	 3.436115e-01,  1.444992e-01
	 3.917403e-01,  1.545556e-01
	 4.015709e-01,  1.278036e-01
	 3.091686e-01, -5.000000e-01
	 2.960279e-01, -4.431610e-01
	 2.626729e-01, -5.000000e-01
	 2.653576e-01, -4.627033e-01
	 3.650697e-01, -2.948698e-01
	 3.118507e-01, -3.030865e-01
	 2.997961e-01, -2.625706e-01
	 3.478126e-01, -2.459951e-01
	 3.713703e-01, -2.837234e-01
	 3.369906e-01,  2.341491e-02
	 2.985180e-01, -2.860696e-02
	 3.209500e-01,  2.087277e-02
	 1.790400e-01,  3.993654e-01
	 1.966259e-01,  4.232653e-01
	 2.273375e-01,  4.194242e-01
	 2.299595e-01,  4.153458e-01
	 1.066608e-01,  4.451494e-01
	 1.132949e-01,  4.314888e-01
	 1.164323e-01,  4.739058e-01
	 1.549730e-01,  4.800101e-01
	 1.737164e-01,  4.553690e-01
	 1.334262e-01,  4.202006e-01
	-1.301981e-01, -3.161246e-01
	-1.571165e-01, -3.207223e-01
	-1.144633e-01, -2.822511e-01
	-1.440230e-01, -2.628709e-01
	-1.712995e-01, -2.957609e-01
	 1.259441e-01,  3.650825e-01
	 1.377420e-01,  4.095044e-01
	-4.686294e-01,  4.439002e-01
	-4.919612e-01,  4.662241e-01
	-4.441652e-01,  4.474304e-01
	-4.694309e-01,  5.000000e-01
	-4.287313e-01,  5.000000e-01
	-5.000000e-01, -4.782905e-01
	-4.741903e-01, -4.920799e-01
	-5.000000e-01, -5.000000e-01
	-4.740471e-01, -5.000000e-01
	 2.106619e-02,  3.202827e-01
	 4.916160e-02,  3.506166e-01
	 8.605209e-02,  3.332414e-01
	-3.592953e-02, -3.505916e-01
	-1.056611e-01, -3.728763e-01
	-1.022094e-01, -3.394654e-01
	-9.767527e-02,  3.654653e-01
	-1.083475e-01,  3.544032e-01
	-9.395127e-02,  4.148424e-01
	-1.453962e-01,  3.936313e-01
	-1.217873e-01,  3.573858e-01
	-1.014738e-01,  4.218233e-01
	-3.330059e-01,  2.713034e-01
	-3.420546e-01,  3.100464e-01
	-3.264479e-01,  3.338476e-01
	-3.358848e-01,  2.727908e-01
	-3.051749e-01,  3.344139e-01
	 2.269702e-01,  4.265247e-02
	 1.993080e-01,  2.141266e-02
	 2.241519e-01,  7.417497e-02
	 1.878778e-01,  8.064226e-02
	 1.938905e-01,  2.281338e-02
	 1.757995e-01,  6.440628e-02
	 8.513022e-02, -3.791110e-01
	 4.761750e-02, -3.830739e-01
	 9.210725e-02, -3.589499e-01
	 6.729929e-02, -3.293046e-01
	 4.297502e-01,  4.249460e-01
	 3.933457e-01,  3.886146e-01
	-8.786105e-02, -4.719533e-01
	-1.240377e-01, -4.365154e-01
	-1.244854e-01, -4.405709e-01
	 7.335937e-02, -3.090375e-01
	 6.965101e-02, -3.009447e-01
	 8.218891e-02, -5.000000e-01
	 1.086026e-01, -4.542135e-01
	 7.414329e-02, -4.667537e-01
	-4.694979e-01, -2.649425e-01
	-4.679491e-01, -2.402603e-01
	-4.376136e-01, -2.117777e-01
	-4.149919e-01, -2.791351e-01
	-3.308289e-01, -1.487734e-01
	-3.209922e-01, -8.953594e-02
	-3.095014e-01, -9.791938e-02
	-3.053805e-01, -1.161039e-01
	 1.144019e-01,  3.587426e-01
	-8.596856e-02,  2.631495e-01
	-1.159747e-01,  2.646439e-01
	-7.035596e-02,  3.085885e-01
	-1.342737e-01,  2.891240e-01
	-9.646023e-02,  3.213532e-01
	-1.342845e-01,  2.890450e-01
	 4.097840e-01, -2.412619e-01
	 4.056277e-01, -2.710449e-01
	 1.740308e-01, -4.558009e-01
	 2.033122e-01, -4.025383e-01
	 1.740432e-01, -4.558910e-01
	 2.206042e-01, -4.639523e-01
	 2.401456e-01, -4.466764e-01
	 2.078185e-01, -4.026840e-01
	 2.401207e-01, -4.270855e-01
	-3.568514e-01, -3.962120e-02
	-3.726325e-01, -9.253415e-03
	-3.962315e-01, -5.231413e-03
	-4.144242e-01, -1.902403e-02
	-4.181443e-01, -4.747946e-02
	 5.000000e-01,  2.174359e-01
	 4.694504e-01,  2.241221e-01
	 5.000000e-01,  2.840927e-01
	 4.615630e-01,  2.402683e-01
	 4.766522e-01,  2.780435e-01
	 1.839317e-01,  2.648022e-01
	 1.512412e-01,  2.571159e-01
	 1.303930e-01,  3.049917e-01
	 1.280277e-01,  2.977909e-01
	 1.282641e-01, -3.393950e-01
	 1.285203e-01, -3.237761e-01
	 1.228104e-01, -3.161375e-01
	 3.760134e-01, -3.897364e-01
	 3.541020e-01, -4.008135e-01
	 3.882056e-01, -3.400387e-01
	 3.413156e-01, -3.477786e-01
	 3.752338e-01, -3.307484e-01
	 3.366406e-01, -3.886339e-01
	-3.132494e-01, -3.012945e-02
	-2.955133e-01,  1.074783e-02
	-3.043579e-01,  8.102357e-03
	 4.675028e-01,  4.591883e-01
	 4.973439e-01,  5.000000e-01
	-3.263073e-01, -3.424776e-01
	-3.516242e-01, -3.647700e-01
	-3.251028e-01, -3.204743e-01
	-3.644895e-01, -3.079989e-01
	-3.876219e-01, -3.437183e-01
	-3.284458e-01, -3.159042e-01
	-3.674014e-01, -3.645611e-01
	-4.193338e-01,  4.241720e-01
	-4.195807e-01,  5.000000e-01
	-3.862635e-01,  4.649989e-01
	-4.030789e-01,  4.216558e-01
	-3.995571e-01,  4.238669e-01
	-3.451259e-01, -4.644279e-01
	-3.262719e-01, -5.000000e-01
	-3.865642e-01, -5.000000e-01
	-3.589328e-01, -4.590406e-01
	-3.794301e-01, -4.650123e-01
	 2.441232e-01, -3.593417e-01
	 2.444547e-01, -3.743453e-01
	 1.854153e-01, -3.551556e-01
	 2.041088e-01, -3.312047e-01
	 1.891615e-01, -3.900286e-01
	 2.183156e-01, -3.338853e-01
	-4.213502e-01,  2.095989e-01
	-4.475352e-01,  1.994593e-01
	-4.186810e-01,  2.261439e-01
	-4.720001e-01,  2.477541e-01
	-4.682094e-01,  2.515206e-01
	-4.725817e-01,  2.174673e-01
	-4.446944e-01,  2.524108e-01
	 7.104367e-02,  4.506197e-01
	 4.018315e-01,  1.772757e-01
	 3.526641e-01,  2.016740e-01
	 3.390103e-01,  1.521462e-01
	-3.193850e-01, -1.847809e-01
	-3.281661e-01, -1.776496e-01
	-2.927916e-01, -1.853234e-01
	-2.671241e-01, -1.380881e-01
	-2.668411e-01, -1.389707e-01
	 2.368390e-01,  8.386898e-02
	 1.829989e-01,  1.136431e-01
	 2.208862e-01,  1.321723e-01
	 2.308229e-01,  1.243012e-01
	-4.002036e-01,  1.522404e-01
	-4.273606e-01,  1.401654e-01
	-4.561429e-01,  1.713522e-01
	-3.934555e-01,  1.769933e-01
	-1.699737e-01,  4.284675e-01
	-2.179134e-01,  4.050394e-01
	-1.685958e-01,  4.350915e-01
	-2.100146e-01,  4.605104e-01
	-2.275129e-01,  4.252793e-01
	-1.990865e-01,  4.629925e-01
	-3.066673e-01, -4.319482e-01
	-3.055426e-01, -4.120221e-01
	-2.797025e-01, -4.609838e-01
	-2.435718e-01, -4.361204e-01
	 5.862755e-02,  5.000000e-01
	 1.771497e-02,  4.753896e-01
	 3.851391e-02,  5.000000e-01
	 1.982157e-02,  4.364524e-01
	-1.937275e-01, -2.880147e-01
	-2.133810e-01, -2.967094e-01
	-1.965860e-01, -2.414830e-01
	 5.000000e-01, -4.569418e-02
	 4.658858e-01, -3.151119e-02
	 5.000000e-01,  2.512012e-02
	-3.904734e-01,  2.771062e-01
	-3.809102e-01,  3.064963e-01
	-4.266777e-01,  2.824741e-01
	-4.452263e-01,  3.177056e-01
	-4.257991e-01,  3.354590e-01
	-3.966507e-01,  3.313063e-01
	 1.366591e-01,  1.129895e-01
	-5.000000e-01,  3.558693e-01
	-4.830076e-01,  3.545772e-01
	-5.000000e-01,  2.970515e-01
	-4.572159e-01,  3.172606e-01
	-4.804773e-01,  2.966839e-01
	-4.604659e-01,  3.860824e-01
	-4.537639e-01,  3.858946e-01
	-4.831836e-01,  4.079337e-01
	-5.574084e-02, -1.482362e-01
	-8.718430e-02, -1.623950e-01
	-9.912758e-02, -1.873543e-01
	-5.608556e-02, -2.221237e-01
	-3.532023e-01,  3.653283e-01
	-3.706057e-01,  3.635724e-01
	-1.657534e-01,  3.310562e-01
	-1.909211e-01,  3.208566e-01
	-1.789266e-01,  2.661806e-01
	 5.000000e-01, -9.176321e-02
	-3.323280e-01, -4.036759e-01
	 5.000000e-01,  4.234121e-01
	 4.780939e-01,  4.331562e-01
	 5.000000e-01,  5.000000e-01
	 5.827060e-02, -2.406697e-01
	 8.909640e-02, -2.576308e-01
	 2.839646e-01,  4.614335e-02
	 2.637981e-01,  1.162411e-02
	 2.664250e-01,  3.002120e-02
	 2.942208e-01, -2.913731e-02
	-2.898368e-01,  4.634868e-01
	-2.895536e-01,  3.975648e-01
	-2.775155e-01,  4.580148e-01
	-2.696173e-01,  4.392936e-01
	-1.495267e-01, -4.657067e-01
	-1.419702e-01, -5.000000e-01
	-8.872885e-02, -5.000000e-01
	-3.356023e-01, -4.559640e-02
	 3.050048e-01,  2.526643e-01
	 3.157984e-01,  2.205247e-01
	 3.574231e-01,  2.792996e-01
	 3.721238e-01,  2.378128e-01
	 3.494328e-01,  2.095095e-01
	-2.097919e-01, -3.452692e-01
	-1.386051e-01, -1.829909e-01
	-9.940689e-02, -1.874973e-01
	-1.162865e-01, -1.305818e-01
	-1.412371e-01,  4.716994e-01
	-1.183797e-01,  4.816965e-01
	-1.662606e-01,  5.000000e-01
	-1.150556e-01,  5.000000e-01
	-2.115025e-01,  1.325277e-01
	-2.123444e-01,  1.350295e-01
	-1.392501e-01,  1.405091e-01
	 5.000000e-01, -1.447816e-01
	 3.176489e-02,  9.220057e-02
	 2.026846e-02,  9.196081e-02
	-5.000000e-01,  4.052750e-01
	 3.544873e-01,  5.666357e-02
	 3.956434e-01,  4.587638e-02
	-1.512876e-01,  4.558224e-02
	-1.757582e-01,  3.242117e-02
	-1.993853e-01,  7.491586e-02
	-5.823788e-02, -1.008847e-01
	 5.000000e-01,  1.836222e-01
	 4.752284e-01,  1.778805e-01
	 4.593109e-01,  1.955135e-01
	 2.847070e-01,  6.158694e-02
	 2.720614e-01,  7.960150e-02
	 5.000000e-01,  8.421574e-02
	 4.649912e-01,  8.886753e-02
	 5.000000e-01,  1.388011e-01
	 4.648975e-01,  1.413799e-01
	 4.506299e-01,  1.209436e-01
	 4.575979e-01,  1.364043e-01
	 4.527160e-01,  1.035469e-01
	-1.823001e-01,  5.000000e-01
	-1.462805e-01,  4.501927e-01
	-2.416606e-01,  4.881805e-01
	-2.406038e-01,  5.000000e-01
	-3.057390e-01,  5.000000e-01
	-5.000000e-01, -2.190601e-01
	-5.000000e-01, -1.787493e-01
	-4.698439e-01, -1.795017e-01
	-5.000000e-01,  1.587997e-01
	-5.000000e-01,  2.008303e-01
	-9.827790e-02,  1.747024e-01
	-1.012985e-01,  1.993026e-01
	-8.478239e-02,  1.653673e-01
	-8.380417e-02,  2.125793e-01
	-4.901712e-02,  2.077985e-01
	 1.585250e-01,  5.000000e-01
	 1.016737e-01,  5.000000e-01
	 2.209976e-01, -8.165775e-02
	 1.918901e-01, -9.040967e-02
	 2.136296e-01, -3.074580e-02
	 1.646128e-01, -3.300496e-02
	 1.639616e-01, -6.783953e-02
	-4.209882e-01, -1.592565e-01
	-3.680486e-01, -1.883926e-01
	-5.000000e-01, -3.126489e-01
	 2.311841e-01, -5.000000e-01
	-2.436717e-01, -1.096071e-01
	 2.288541e-01, -1.795198e-02
	 2.735924e-01, -4.506747e-02
	-5.000000e-01,  2.486100e-01
	-2.415050e-01, -1.561228e-01
	 5.000000e-01, -2.255305e-01
	 4.862228e-01, -2.241072e-01
	 5.000000e-01, -1.767076e-01
	 4.730458e-01, -1.933489e-01
	 6.133316e-02, -2.115990e-01
	 1.004864e-01, -1.169750e-01
	 9.778374e-02, -1.353892e-01
	 8.347190e-02, -9.646705e-02
	 5.998825e-02, -1.511588e-01
	 4.033775e-01,  4.923088e-02
	 4.072655e-01,  8.157736e-02
	 1.831063e-01,  1.888280e-01
	 1.624001e-01,  1.625157e-01
	 1.351740e-01,  2.230990e-01
	 3.769110e-01,  3.520039e-01
	 3.946287e-01,  3.844204e-01
	 4.256600e-01,  3.691180e-01
	 1.953878e-01, -3.140334e-01
	 1.584460e-01, -2.635280e-01
	 1.711661e-01, -3.023701e-01
	 1.356197e-01,  2.365314e-01
	 2.859612e-01, -4.057803e-01
	 3.053476e-01, -3.898557e-01
	-4.280030e-01,  3.637088e-01
	-3.715514e-01, -2.923632e-01
	-4.055809e-01, -3.420289e-01
	-7.453697e-02,  5.000000e-01
	-7.658571e-02,  4.679435e-01
	-9.172886e-02,  4.602136e-01
	-1.434810e-01, -7.219137e-02
	 2.211326e-01,  1.550941e-01
	 2.672088e-01,  1.853665e-01
	 1.842052e-01,  1.890924e-01
	 2.094783e-01,  2.233823e-01
	 2.407074e-01,  2.242222e-01
	 4.265094e-01, -4.882729e-01
	 4.268980e-01, -5.000000e-01
	 3.930575e-01, -4.523374e-01
	 3.643154e-01, -5.000000e-01
	 2.234413e-01, -1.837381e-02
	 2.879110e-01, -3.351078e-01
	 2.914488e-01, -3.264647e-01
	 3.054819e-01, -3.168221e-01
	-8.901562e-02, -2.452524e-01
	-1.107663e-01, -2.266756e-01
	-1.027962e-01,  4.270634e-01
	-1.483067e-01,  3.943227e-01
	-4.335032e-01, -1.033949e-01
	-4.454787e-01, -1.549624e-01
	-4.589574e-01, -1.260492e-01
	 2.927369e-01, -2.562998e-01
	-4.120925e-01, -4.472714e-01
	-4.426869e-01, -4.615233e-01
	-4.085290e-01, -4.079411e-01
	-4.685135e-01, -4.351106e-01
	-4.338840e-01, -3.869897e-01
	 1.412240e-01, -3.523929e-01
	 1.434060e-01, -4.039012e-01
	 1.387395e-01, -4.107212e-01
	 1.185616e-01, -4.150656e-01
	 9.476695e-02, -4.033257e-01
	-1.172878e-01,  3.533224e-02
	 6.189540e-02,  5.429468e-02
	 2.884637e-01,  3.517388e-01
	 3.286908e-01,  3.693232e-01
	 2.966075e-01,  3.181246e-01
	 3.433640e-01,  3.494711e-01
	 3.319854e-01,  3.189217e-01
	 3.602791e-01,  2.874008e-01
	 4.388261e-02, -4.182310e-01
	 3.450781e-02, -4.728063e-01
	 6.260245e-02, -4.594163e-01
	 5.785672e-02, -4.279062e-01
	 2.705341e-01, -4.035706e-01
	 2.865415e-01,  1.661732e-01
	 2.789603e-01,  1.811189e-01
	 1.054443e-01, -5.913311e-02
	 1.357147e-01, -8.376130e-02
	 2.731064e-01,  4.643251e-01
	 2.359270e-01,  4.505784e-01
	 2.133044e-01,  4.752928e-01
	 2.183806e-01,  5.000000e-01
	 2.539910e-01,  5.000000e-01
	 2.737347e-01,  4.689108e-01
	 3.506829e-01, -1.348439e-01
	-1.441927e-01, -2.358318e-01
	-1.488265e-01, -2.433096e-01
	-1.503044e-01, -1.971693e-01
	-1.913291e-01, -1.914575e-01
	 2.763126e-01,  4.023770e-01
	 2.853823e-01,  4.478307e-01
	-1.284563e-01,  2.151617e-01
	-5.000000e-01,  5.000000e-01
	-5.000000e-01,  4.667352e-01
	-1.268599e-01, -1.075065e-02
	-1.387065e-01, -1.379135e-02
	-1.522797e-01, -5.544642e-02
	-3.605593e-02,  4.370033e-01
	-4.822696e-02,  4.093334e-01
	-3.804168e-01,  2.497675e-01
	-3.787033e-01,  2.563139e-01
	 3.272310e-02, -5.000000e-01
	 1.759303e-01,  1.180839e-01
	-4.434879e-01, -4.643724e-01
	-5.000000e-01, -4.415958e-01
	 1.773094e-01,  4.545341e-01
	-5.000000e-01, -2.674059e-01
	-2.019427e-01, -6.710662e-02
	 4.390354e-02, -3.676776e-02
	 7.242860e-02, -1.793423e-03
	 9.336167e-02, -6.485478e-02
	 4.344819e-02, -4.239333e-02
	 1.077804e-01,  3.449797e-01
	-1.727978e-01,  3.707043e-01
	-1.628334e-01,  3.367818e-01
	-2.669369e-02, -5.000000e-01
	-3.558030e-01,  4.719775e-01
	-3.464310e-01,  5.000000e-01
	-2.441748e-01,  1.537459e-01
	 2.788698e-01,  1.256316e-01
	-3.492688e-02,  2.379892e-01
	-2.484638e-02,  2.777021e-01
	-3.951541e-02,  2.475136e-01
	-3.988511e-01,  3.844436e-01
	 2.549571e-01,  2.457764e-01
	 2.971521e-01,  2.573888e-01
	-1.838795e-01, -4.758849e-02
	-7.773029e-02,  2.523704e-01
	-1.324976e-01,  2.256512e-01
	 2.807299e-01,  1.222383e-01
	-2.615303e-03,  6.423707e-02
	-4.023263e-02,  7.654127e-02
	 1.964277e-01, -1.477686e-01
	 1.751448e-01, -1.337924e-01
	-3.306498e-01,  1.238491e-01
	-2.894371e-01,  1.680391e-01
	-3.218326e-01,  1.501254e-01
	-2.589012e-01,  1.498901e-01
	 5.000000e-01, -2.699616e-01
	 4.692695e-01, -2.626861e-01
	 4.668056e-01, -2.453289e-01
	-1.922341e-01, -5.000000e-01
	 5.000000e-01, -3.956076e-01
	 4.327558e-01, -3.967535e-01
	 5.000000e-01, -3.938763e-01
	 2.499919e-01, -3.066151e-01
	 1.239845e-01, -2.755586e-01
	 9.542515e-02, -2.562322e-01
	-1.890723e-01, -1.804171e-02
	-1.687607e-01,  1.283620e-03
	 2.847515e-01,  3.019240e-01
	 3.415528e-01,  8.886845e-02
	-2.552812e-01,  2.192442e-01
	-2.758230e-01,  2.425358e-01
	-1.758402e-01,  3.223354e-02
	-2.286618e-01,  2.247609e-02
	 4.150191e-01,  1.848408e-01
	 4.090219e-01,  2.316644e-01
	-3.180432e-01,  2.182829e-01
	-2.885444e-01,  1.891747e-01
	-3.142627e-01,  2.271785e-01
	-3.455204e-01,  4.657584e-02
	-3.428924e-01,  3.188876e-02
	-3.653308e-01,  1.204278e-01
	 5.000000e-01, -5.000000e-01
	 4.586043e-01, -4.550145e-01
	-3.521683e-01,  2.010366e-01
	-3.536779e-01,  1.972567e-01
	 4.467135e-01,  4.168038e-01
	 1.214459e-03,  4.637656e-02
	-5.967448e-02,  6.500144e-02
	 4.176429e-01,  2.400187e-01
	 4.182293e-01,  1.840186e-01
	 3.270563e-01,  5.000000e-01
	 2.772282e-01,  4.011663e-01
	-9.277538e-02, -2.776462e-01
	-2.097149e-01,  3.793618e-01
	-2.197354e-01,  3.946550e-01
	 4.802290e-01,  3.456652e-01
	 4.720542e-01,  3.807865e-01
	 4.530345e-01,  3.883211e-01
	 5.902906e-02, -1.532739e-01
	 8.555521e-02, -1.885300e-01
	 1.179500e-01, -1.611164e-01
	-2.860778e-01,  3.916373e-01
	 4.262994e-01, -4.038136e-01
	 4.247008e-01, -4.219559e-01
	-2.156179e-01,  3.273973e-01
	-7.812876e-02,  1.196397e-01
	-2.570125e-01,  3.793554e-01
	 5.000000e-01,  3.388644e-01
	 1.333125e-01, -1.038972e-01
	 1.657112e-01, -1.349981e-01
	 1.370833e-01, -1.641960e-01
	 2.737536e-01,  3.639560e-01
	 4.312940e-01, -2.235272e-01
	-4.291466e-01, -5.000000e-01
	-3.559584e-01, -4.160472e-01
	-1.101535e-01,  2.142391e-02
	-2.441473e-01, -5.000000e-01
	-2.832366e-01, -5.000000e-01
	 1.409164e-02, -1.107961e-03
	 2.505864e-02,  2.958693e-02
	 5.093727e-02,  3.493637e-02
	 8.384951e-02, -1.975659e-01
	 1.092000e-01, -2.234985e-01
	-3.819373e-01, -3.984841e-01
	-2.747185e-01, -3.113786e-01
	-2.234276e-01, -3.219057e-01
	-2.618173e-01, -3.285570e-01
	 5.000000e-01,  3.996666e-01
	-4.313497e-02,  4.580821e-01
	-2.492870e-02,  4.897653e-01
	-2.708787e-02,  5.000000e-01
	 3.040703e-01,  5.000000e-01
	 5.000000e-01, -3.137710e-01
Mesh Facets: 1267
	5, 4
	21, 20
	20, 37
	18, 20
	82, 80
	131, 133
	58, 57
	94, 97
	98, 100
	114, 119
	48, 46
	193, 191
	21, 19
	210, 21
	196, 198
	106, 104
	234, 231
	102, 101
	63, 64
	159, 161
	262, 261
	33, 34
	281, 279
	221, 218
	53, 52
	43, 44
	242, 246
	19, 18
	18, 36
	315, 313
	213, 19
	72, 73
	324, 326
	252, 101
	101, 99
	184, 182
	182, 181
	336, 182
	356, 357
	360, 358
	361, 360
	3, 4
	17, 4
	105, 107
	59, 61
	187, 190
	302, 300
	83, 84
	298, 297
	62, 60
	217, 219
	388, 302
	302, 303
	133, 134
	133, 396
	180, 177
	111, 112
	27, 24
	341, 345
	289, 287
	352, 351
	332, 331
	38, 39
	22, 23
	430, 428
	45, 47
	388, 394
	387, 388
	12, 13
	80, 81
	80, 450
	355, 357
	357, 459
	464, 465
	421, 417
	292, 289
	341, 289
	340, 341
	322, 321
	403, 406
	381, 382
	474, 475
	122, 121
	481, 292
	510, 508
	292, 291
	256, 159
	159, 160
	517, 515
	277, 276
	272, 271
	171, 169
	527, 525
	353, 355
	458, 355
	53, 299
	53, 54
	376, 375
	519, 523
	411, 413
	515, 542
	516, 515
	149, 148
	505, 122
	452, 451
	123, 122
	546, 544
	450, 449
	450, 546
	219, 220
	395, 219
	335, 334
	286, 283
	391, 393
	559, 558
	404, 24
	23, 423
	24, 23
	90, 88
	125, 120
	140, 139
	534, 535
	572, 573
	130, 127
	90, 87
	507, 121
	121, 120
	120, 90
	227, 225
	204, 202
	93, 94
	149, 94
	149, 542
	542, 577
	307, 305
	173, 172
	525, 580
	532, 530
	526, 525
	252, 253
	252, 333
	223, 224
	155, 156
	231, 229
	231, 248
	428, 587
	429, 428
	381, 490
	381, 379
	549, 551
	594, 592
	599, 572
	500, 503
	572, 570
	603, 602
	555, 553
	401, 400
	604, 605
	607, 608
	479, 475
	496, 475
	309, 308
	615, 614
	342, 343
	173, 174
	173, 305
	1, 6
	305, 306
	179, 178
	25, 28
	146, 147
	100, 102
	152, 100
	255, 102
	191, 623
	110, 108
	192, 191
	326, 327
	326, 624
	419, 420
	11, 10
	488, 406
	406, 405
	383, 384
	30, 34
	34, 273
	550, 552
	137, 57
	59, 365
	57, 59
	301, 304
	276, 517
	276, 275
	592, 593
	592, 517
	479, 608
	479, 477
	608, 628
	163, 164
	489, 487
	632, 630
	547, 220
	52, 51
	221, 52
	220, 221
	158, 154
	274, 275
	275, 593
	593, 598
	170, 168
	267, 268
	114, 167
	113, 114
	170, 175
	15, 14
	170, 643
	70, 72
	72, 325
	445, 441
	392, 393
	130, 87
	87, 85
	129, 130
	393, 557
	528, 526
	530, 526
	530, 531
	522, 521
	454, 455
	111, 402
	109, 111
	573, 656
	571, 573
	569, 139
	144, 139
	233, 230
	340, 481
	481, 508
	508, 615
	342, 615
	342, 340
	71, 69
	666, 668
	243, 244
	618, 616
	627, 626
	434, 433
	650, 643
	643, 641
	663, 662
	456, 454
	66, 68
	654, 454
	445, 652
	443, 445
	535, 536
	568, 535
	500, 600
	498, 500
	373, 371
	25, 26
	25, 621
	331, 330
	40, 39
	39, 331
	195, 194
	274, 278
	253, 582
	639, 274
	254, 253
	470, 472
	385, 387
	686, 687
	387, 437
	223, 222
	223, 583
	578, 172
	172, 171
	171, 271
	271, 270
	40, 680
	40, 44
	118, 119
	44, 317
	165, 119
	697, 696
	644, 267
	266, 267
	136, 138
	652, 651
	670, 652
	468, 469
	562, 565
	484, 483
	607, 496
	37, 607
	35, 37
	495, 496
	31, 29
	619, 620
	711, 712
	179, 180
	621, 179
	678, 621
	606, 401
	401, 180
	246, 245
	246, 43
	150, 151
	41, 43
	160, 162
	160, 514
	708, 709
	339, 338
	576, 202
	610, 609
	202, 203
	356, 354
	722, 356
	723, 722
	73, 324
	73, 71
	71, 668
	668, 324
	232, 233
	659, 233
	511, 291
	77, 75
	290, 291
	476, 480
	520, 518
	396, 398
	396, 731
	701, 700
	168, 169
	168, 642
	524, 169
	416, 417
	472, 417
	687, 472
	688, 687
	359, 358
	682, 684
	358, 734
	344, 343
	343, 614
	711, 710
	614, 711
	215, 214
	574, 227
	227, 224
	585, 224
	399, 112
	623, 736
	110, 623
	110, 112
	625, 11
	11, 9
	142, 143
	31, 706
	32, 31
	16, 17
	435, 436
	364, 17
	30, 383
	383, 380
	619, 29
	29, 30
	619, 618
	669, 618
	632, 633
	577, 632
	93, 577
	91, 93
	371, 372
	676, 371
	527, 529
	628, 527
	478, 477
	628, 477
	136, 135
	136, 700
	700, 731
	731, 745
	460, 459
	459, 747
	553, 286
	603, 553
	746, 747
	747, 603
	286, 285
	575, 204
	208, 204
	660, 661
	493, 492
	705, 704
	0, 2
	537, 538
	462, 461
	284, 282
	412, 411
	411, 539
	372, 369
	744, 372
	518, 730
	518, 519
	519, 375
	375, 377
	134, 397
	134, 132
	688, 689
	688, 416
	416, 418
	562, 705
	562, 561
	705, 661
	661, 664
	144, 659
	144, 142
	737, 142
	726, 659
	612, 610
	610, 721
	409, 408
	520, 480
	521, 520
	528, 521
	528, 529
	529, 478
	480, 478
	490, 591
	490, 493
	493, 749
	446, 12
	10, 405
	10, 12
	405, 404
	404, 560
	307, 579
	310, 307
	260, 263
	679, 677
	384, 273
	273, 272
	272, 524
	382, 384
	382, 491
	524, 732
	241, 243
	243, 616
	616, 617
	586, 229
	229, 230
	569, 230
	569, 534
	534, 533
	200, 199
	630, 768
	631, 630
	558, 557
	558, 771
	129, 557
	129, 128
	774, 772
	237, 235
	468, 473
	468, 670
	671, 670
	439, 394
	548, 395
	394, 395
	726, 756
	725, 726
	755, 561
	563, 561
	697, 698
	695, 697
	591, 590
	591, 759
	319, 318
	703, 469
	469, 421
	421, 422
	66, 654
	654, 402
	402, 177
	67, 66
	177, 176
	512, 514
	514, 716
	349, 350
	185, 186
	205, 207
	584, 585
	215, 585
	215, 216
	564, 565
	565, 483
	482, 483
	14, 650
	14, 16
	16, 436
	436, 434
	434, 650
	754, 755
	780, 755
	50, 49
	783, 782
	672, 443
	443, 444
	329, 328
	60, 61
	60, 392
	392, 85
	61, 366
	85, 86
	201, 197
	447, 448
	316, 315
	35, 495
	495, 494
	315, 36
	36, 35
	408, 410
	751, 752
	757, 408
	76, 79
	491, 732
	732, 642
	641, 662
	641, 642
	492, 491
	492, 660
	662, 660
	279, 794
	794, 666
	280, 279
	666, 665
	717, 718
	140, 141
	140, 567
	435, 742
	435, 45
	46, 45
	351, 181
	181, 46
	407, 351
	503, 501
	601, 602
	599, 503
	602, 599
	775, 473
	167, 647
	167, 166
	473, 471
	284, 462
	285, 284
	460, 746
	462, 460
	746, 285
	785, 784
	8, 7
	778, 779
	671, 672
	671, 775
	165, 680
	166, 165
	330, 680
	330, 329
	775, 166
	329, 672
	729, 476
	474, 476
	497, 474
	81, 84
	81, 449
	449, 545
	389, 84
	9, 7
	9, 737
	778, 7
	778, 756
	737, 756
	201, 791
	201, 199
	793, 316
	316, 314
	764, 199
	761, 760
	251, 250
	786, 787
	429, 589
	431, 429
	83, 297
	82, 83
	803, 82
	297, 295
	363, 362
	77, 290
	77, 78
	290, 288
	622, 178
	67, 176
	65, 67
	178, 176
	486, 485
	55, 54
	533, 586
	533, 54
	155, 153
	586, 155
	294, 293
	720, 719
	801, 787
	698, 266
	266, 264
	563, 564
	563, 698
	787, 564
	765, 766
	788, 789
	796, 797
	103, 105
	348, 346
	105, 367
	498, 499
	498, 676
	743, 676
	412, 369
	410, 412
	369, 368
	74, 76
	76, 410
	269, 268
	268, 646
	638, 636
	214, 574
	214, 198
	748, 575
	575, 574
	198, 200
	767, 200
	684, 734
	684, 195
	193, 195
	734, 193
	690, 689
	701, 398
	701, 702
	398, 397
	689, 397
	5, 15
	6, 5
	174, 6
	175, 174
	15, 175
	62, 58
	62, 391
	135, 745
	58, 135
	559, 391
	745, 559
	613, 612
	757, 752
	757, 612
	752, 750
	8, 13
	8, 785
	447, 13
	447, 197
	785, 216
	197, 196
	216, 196
	568, 567
	568, 674
	717, 567
	715, 717
	150, 245
	98, 150
	627, 244
	627, 552
	552, 334
	98, 99
	334, 99
	245, 244
	537, 282
	537, 376
	378, 376
	554, 283
	282, 283
	281, 280
	772, 281
	772, 773
	280, 795
	209, 206
	413, 409
	541, 413
	758, 409
	744, 539
	743, 744
	806, 743
	539, 540
	576, 609
	225, 576
	609, 611
	226, 225
	554, 556
	814, 554
	502, 499
	499, 807
	265, 269
	269, 808
	820, 430
	430, 432
	636, 635
	636, 813
	637, 158
	158, 157
	740, 741
	696, 644
	696, 694
	296, 298
	298, 390
	644, 645
	645, 390
	646, 645
	389, 798
	389, 390
	810, 646
	804, 294
	294, 296
	694, 693
	296, 694
	92, 95
	42, 38
	38, 414
	826, 361
	359, 733
	359, 361
	790, 783
	374, 187
	187, 185
	185, 783
	505, 504
	505, 543
	463, 466
	822, 821
	620, 617
	707, 620
	763, 617
	164, 161
	161, 63
	485, 487
	485, 65
	487, 164
	65, 63
	2, 3
	2, 751
	79, 78
	79, 751
	3, 362
	362, 78
	337, 336
	336, 352
	352, 345
	344, 735
	345, 344
	222, 691
	222, 228
	250, 249
	800, 250
	805, 348
	716, 715
	716, 349
	673, 674
	349, 348
	715, 674
	829, 830
	506, 507
	126, 127
	507, 127
	788, 796
	796, 729
	730, 729
	730, 377
	790, 374
	790, 788
	374, 377
	653, 531
	458, 461
	461, 753
	531, 458
	773, 815
	237, 773
	237, 238
	440, 442
	738, 739
	425, 424
	791, 792
	791, 314
	312, 314
	403, 486
	403, 27
	28, 27
	28, 622
	486, 622
	234, 232
	234, 249
	828, 249
	232, 724
	366, 86
	367, 366
	367, 346
	86, 89
	346, 347
	143, 145
	625, 488
	625, 143
	489, 488
	629, 489
	597, 596
	802, 786
	323, 322
	322, 482
	786, 482
	312, 313
	312, 425
	425, 426
	211, 213
	213, 313
	104, 218
	104, 103
	673, 536
	673, 805
	536, 299
	805, 103
	218, 299
	438, 437
	470, 686
	471, 470
	471, 647
	686, 437
	649, 647
	634, 51
	51, 56
	811, 812
	651, 325
	325, 327
	422, 703
	422, 420
	703, 651
	327, 420
	550, 626
	626, 669
	551, 550
	379, 551
	669, 380
	380, 379
	759, 319
	759, 749
	704, 484
	749, 704
	321, 319
	484, 321
	634, 834
	547, 634
	547, 548
	548, 777
	639, 582
	639, 640
	581, 582
	320, 318
	781, 318
	827, 466
	681, 683
	466, 467
	799, 251
	247, 251
	831, 832
	604, 400
	736, 604
	400, 399
	399, 736
	467, 465
	465, 826
	826, 733
	733, 682
	682, 681
	681, 467
	113, 648
	113, 115
	835, 777
	777, 776
	735, 710
	710, 709
	337, 735
	338, 337
	709, 338
	257, 256
	513, 256
	259, 258
	212, 211
	211, 426
	426, 427
	809, 810
	798, 545
	545, 544
	544, 840
	810, 798
	808, 820
	808, 809
	809, 840
	840, 820
	766, 764
	764, 793
	497, 797
	494, 497
	797, 766
	793, 494
	95, 42
	96, 95
	714, 41
	42, 41
	190, 378
	190, 188
	378, 814
	814, 819
	116, 117
	822, 763
	823, 822
	762, 763
	727, 511
	509, 511
	510, 509
	843, 510
	842, 509
	769, 770
	240, 239
	415, 414
	414, 825
	502, 556
	501, 502
	555, 556
	555, 601
	601, 501
	590, 549
	590, 781
	549, 335
	781, 581
	581, 333
	333, 335
	125, 124
	125, 566
	839, 838
	239, 238
	239, 415
	328, 332
	328, 444
	332, 415
	442, 444
	238, 442
	91, 633
	633, 631
	631, 770
	770, 825
	825, 92
	92, 91
	727, 728
	841, 727
	658, 657
	675, 373
	370, 373
	123, 451
	451, 453
	124, 123
	124, 839
	837, 839
	708, 713
	720, 708
	844, 803
	803, 295
	295, 293
	720, 293
	47, 433
	47, 50
	50, 754
	754, 664
	433, 663
	664, 663
	68, 64
	68, 456
	257, 837
	837, 453
	64, 257
	456, 453
	598, 596
	598, 640
	320, 323
	320, 640
	323, 596
	624, 419
	624, 131
	418, 419
	418, 132
	131, 132
	263, 679
	263, 262
	605, 262
	606, 605
	606, 678
	679, 678
	804, 824
	339, 719
	339, 184
	719, 804
	183, 184
	89, 88
	89, 347
	347, 350
	566, 838
	88, 566
	512, 350
	513, 512
	513, 838
	761, 800
	761, 310
	226, 818
	226, 228
	311, 310
	228, 800
	115, 116
	115, 835
	813, 823
	813, 812
	834, 812
	835, 834
	823, 116
	560, 423
	560, 446
	424, 792
	423, 424
	448, 446
	448, 792
	154, 638
	153, 154
	55, 153
	56, 55
	638, 811
	811, 56
	738, 741
	831, 738
	247, 831
	247, 248
	248, 156
	156, 157
	741, 157
	311, 818
	818, 611
	611, 308
	308, 311
	589, 802
	589, 588
	595, 597
	802, 597
	570, 600
	570, 571
	571, 658
	600, 675
	658, 675
	774, 235
	845, 774
	235, 236
	718, 162
	141, 718
	163, 629
	629, 145
	141, 145
	162, 163
	189, 188
	819, 807
	819, 188
	806, 807
	806, 817
	845, 236
	768, 845
	769, 768
	240, 769
	236, 240
	126, 829
	126, 128
	128, 771
	771, 829
	828, 724
	724, 725
	779, 784
	725, 779
	691, 828
	691, 583
	584, 583
	584, 784
	832, 799
	833, 832
	799, 760
	760, 579
	579, 578
	578, 692
	714, 151
	151, 152
	152, 146
	146, 97
	714, 96
	97, 96
	836, 683
	683, 685
	455, 655
	455, 457
	26, 677
	26, 22
	427, 22
	677, 260
	260, 258
	258, 427
	795, 816
	795, 665
	667, 665
	690, 702
	385, 690
	386, 385
	699, 702
	830, 506
	830, 464
	506, 504
	463, 504
	464, 463
	748, 767
	767, 765
	207, 782
	207, 208
	208, 748
	789, 765
	789, 782
	431, 801
	432, 431
	264, 801
	264, 265
	265, 432
	843, 842
	656, 843
	656, 657
	841, 657
	842, 841
	635, 821
	635, 637
	740, 706
	637, 740
	706, 707
	707, 821
	317, 118
	242, 317
	242, 241
	762, 241
	117, 762
	118, 117
	209, 758
	209, 203
	721, 758
	721, 203
	212, 259
	259, 261
	212, 210
	261, 210
	287, 288
	287, 407
	363, 288
	364, 363
	364, 742
	742, 407
	194, 685
	194, 192
	192, 108
	108, 109
	655, 109
	655, 685
	386, 699
	300, 386
	300, 301
	699, 138
	138, 137
	137, 301
	523, 522
	522, 653
	753, 538
	653, 753
	538, 523
	255, 147
	255, 254
	277, 278
	277, 516
	516, 148
	278, 254
	148, 147
	206, 205
	206, 541
	189, 817
	817, 540
	540, 541
	205, 186
	186, 189
	833, 692
	739, 833
	692, 270
	32, 33
	32, 739
	33, 270
	457, 452
	457, 836
	543, 827
	543, 452
	836, 827
	594, 595
	587, 594
	588, 587
	595, 588
	844, 713
	712, 844
	712, 713
	438, 439
	438, 649
	649, 648
	439, 776
	776, 648
	75, 74
	728, 75
	728, 370
	74, 368
	368, 370
	309, 613
	306, 309
	750, 0
	613, 750
	1, 306
	0, 1
	440, 441
	440, 815
	69, 70
	667, 69
	815, 816
	816, 667
	70, 441
	217, 303
	303, 304
	106, 217
	304, 365
	365, 107
	107, 106
	353, 354
	353, 532
	723, 354
	580, 723
	532, 580
	780, 695
	780, 49
	824, 183
	824, 693
	49, 48
	48, 183
	695, 693
Facet Neighbors: 1267
	0, 2
	-1, 3
	-1, 6
	3, 6
	-4, 14
	-3, 23
	10, 24
	16, 26
	17, 27
	20, 30
	8, 33
	-1, 35
	3, 38
	-1, 38
	36, 39
	18, 40
	42, 45
	17, 46
	11, 47
	29, 47
	-1, 48
	5, 50
	-2, 52
	40, 56
	9, 56
	7, 60
	44, 60
	3, 62
	6, 62
	59, 62
	38, 62
	12, 63
	-3, 63
	46, 65
	17, 65
	33, 66
	33, 69
	66, 69
	-4, 70
	-1, 71
	-3, 71
	0, 72
	2, 72
	18, 73
	10, 73
	34, 75
	57, 77
	14, 78
	55, 78
	10, 79
	40, 80
	77, 80
	57, 80
	23, 81
	-3, 81
	32, 82
	19, 82
	4, 83
	67, 84
	54, 84
	69, 84
	64, 86
	7, 86
	4, 88
	-2, 89
	8, 90
	80, 91
	77, 91
	1, 93
	14, 94
	-4, 94
	70, 96
	-4, 96
	-3, 97
	87, 98
	54, 100
	84, 100
	67, 100
	61, 101
	83, 102
	76, 103
	99, 104
	21, 106
	100, 107
	-4, 107
	54, 107
	47, 108
	29, 108
	-2, 109
	51, 109
	50, 111
	31, 111
	-1, 112
	70, 113
	96, 113
	56, 114
	9, 114
	75, 115
	110, 115
	85, 116
	-2, 117
	109, 117
	26, 117
	106, 118
	95, 118
	21, 118
	-2, 119
	94, 119
	-4, 119
	40, 120
	80, 120
	65, 121
	53, 122
	79, 123
	-3, 123
	83, 124
	88, 124
	4, 124
	15, 126
	21, 126
	25, 127
	114, 127
	-4, 128
	22, 129
	15, 129
	106, 129
	21, 129
	126, 129
	41, 130
	37, 130
	16, 131
	26, 131
	117, 131
	-2, 131
	58, 132
	31, 132
	-1, 133
	113, 133
	112, 133
	46, 134
	65, 134
	41, 135
	28, 136
	42, 136
	45, 136
	-2, 137
	89, 137
	103, 138
	76, 138
	121, 138
	-2, 139
	-4, 140
	105, 140
	128, 140
	-4, 141
	122, 141
	82, 142
	-1, 142
	-1, 143
	99, 143
	104, 143
	58, 144
	-4, 145
	67, 145
	31, 146
	132, 146
	0, 146
	58, 146
	32, 148
	4, 148
	26, 149
	17, 149
	27, 149
	46, 149
	-1, 150
	19, 150
	35, 150
	63, 151
	-3, 151
	87, 151
	1, 152
	102, 152
	83, 152
	76, 153
	5, 153
	50, 153
	121, 154
	24, 155
	73, 155
	10, 155
	57, 155
	109, 156
	51, 156
	139, 156
	-2, 156
	143, 157
	99, 157
	-1, 157
	29, 158
	102, 158
	-2, 159
	120, 160
	9, 160
	56, 160
	40, 160
	28, 161
	51, 162
	156, 162
	139, 162
	31, 163
	49, 164
	30, 165
	20, 165
	31, 166
	2, 166
	163, 166
	12, 167
	63, 167
	92, 167
	79, 168
	129, 168
	15, 168
	22, 168
	123, 168
	112, 169
	133, 169
	113, 169
	110, 169
	95, 170
	82, 170
	19, 170
	-4, 171
	128, 171
	127, 172
	25, 172
	42, 172
	100, 173
	107, 173
	-4, 173
	145, 173
	67, 173
	12, 175
	-3, 175
	44, 176
	147, 176
	154, 176
	90, 177
	166, 177
	163, 177
	174, 177
	95, 178
	11, 178
	170, 178
	167, 179
	92, 179
	114, 180
	127, 180
	140, 181
	105, 181
	74, 181
	4, 182
	148, 182
	64, 183
	7, 183
	86, 183
	35, 184
	51, 185
	134, 185
	162, 185
	46, 185
	98, 186
	77, 187
	186, 187
	91, 187
	41, 188
	135, 188
	132, 189
	31, 189
	111, 189
	50, 189
	183, 191
	7, 191
	20, 191
	60, 191
	30, 191
	190, 192
	164, 192
	49, 192
	24, 193
	167, 194
	179, 194
	98, 194
	125, 195
	101, 195
	143, 196
	-1, 196
	6, 196
	104, 196
	5, 197
	147, 197
	-4, 198
	32, 199
	148, 199
	182, 199
	142, 199
	82, 199
	44, 200
	60, 200
	27, 200
	7, 200
	29, 201
	108, 201
	198, 202
	66, 202
	130, 203
	144, 203
	37, 203
	70, 204
	-4, 204
	-1, 204
	63, 205
	12, 205
	175, 205
	-3, 205
	42, 206
	172, 206
	107, 207
	13, 207
	54, 207
	99, 208
	110, 208
	81, 209
	-3, 209
	193, 209
	31, 210
	163, 210
	111, 210
	87, 211
	98, 211
	186, 211
	187, 211
	71, 212
	184, 212
	-1, 212
	67, 213
	145, 213
	198, 213
	-4, 213
	39, 214
	130, 214
	41, 214
	135, 214
	82, 215
	-1, 215
	150, 215
	19, 215
	152, 216
	1, 216
	25, 216
	197, 217
	5, 217
	2, 218
	90, 218
	72, 218
	153, 219
	76, 219
	197, 219
	5, 219
	147, 219
	176, 219
	159, 220
	-2, 220
	131, 220
	16, 220
	74, 221
	181, 221
	112, 222
	-1, 222
	99, 222
	157, 222
	24, 223
	193, 223
	209, 223
	-3, 223
	96, 224
	-4, 224
	122, 225
	141, 225
	224, 225
	-4, 225
	53, 225
	130, 226
	37, 226
	174, 227
	103, 227
	195, 227
	0, 228
	115, 229
	96, 229
	53, 229
	85, 230
	116, 230
	74, 230
	221, 230
	208, 231
	110, 231
	115, 231
	75, 231
	81, 232
	23, 232
	187, 232
	211, 232
	87, 232
	195, 233
	125, 233
	227, 233
	174, 233
	172, 234
	25, 234
	216, 234
	206, 234
	144, 235
	203, 235
	85, 235
	208, 236
	110, 236
	169, 236
	112, 236
	222, 236
	99, 236
	138, 237
	103, 237
	227, 237
	93, 238
	152, 238
	1, 238
	83, 238
	124, 238
	132, 239
	58, 239
	48, 240
	182, 240
	153, 241
	50, 241
	111, 241
	76, 241
	103, 241
	210, 241
	44, 242
	176, 242
	147, 242
	136, 243
	42, 243
	172, 243
	127, 243
	114, 243
	36, 244
	-2, 245
	159, 245
	123, 246
	-3, 246
	168, 246
	22, 246
	-2, 247
	43, 247
	98, 248
	194, 248
	179, 248
	91, 249
	120, 249
	80, 249
	234, 250
	206, 250
	233, 251
	125, 251
	192, 251
	190, 251
	138, 252
	237, 252
	61, 252
	194, 253
	98, 253
	87, 253
	178, 254
	170, 254
	82, 254
	11, 254
	32, 254
	108, 255
	201, 255
	68, 255
	34, 256
	37, 256
	135, 257
	214, 257
	39, 257
	125, 258
	195, 258
	101, 258
	166, 259
	2, 259
	218, 259
	90, 259
	177, 259
	233, 260
	251, 260
	8, 260
	256, 261
	179, 262
	92, 262
	64, 262
	10, 263
	79, 263
	168, 263
	73, 263
	15, 263
	36, 264
	93, 264
	59, 265
	196, 265
	104, 265
	62, 265
	6, 265
	85, 266
	228, 266
	235, 266
	13, 266
	241, 267
	210, 267
	177, 267
	163, 267
	103, 267
	227, 267
	174, 267
	-2, 268
	-3, 268
	52, 268
	175, 268
	201, 269
	25, 269
	127, 269
	218, 270
	90, 270
	8, 270
	69, 270
	33, 270
	84, 270
	105, 271
	141, 271
	140, 271
	-4, 271
	248, 272
	165, 272
	30, 272
	98, 272
	229, 273
	53, 273
	224, 273
	96, 273
	225, 273
	257, 274
	1, 274
	250, 274
	179, 275
	248, 275
	191, 275
	30, 275
	183, 275
	64, 275
	272, 275
	262, 275
	208, 276
	99, 276
	104, 276
	14, 277
	94, 277
	119, 277
	78, 277
	1, 278
	216, 278
	274, 278
	250, 278
	234, 278
	264, 279
	36, 279
	265, 279
	59, 279
	244, 279
	239, 280
	45, 280
	258, 281
	137, 281
	89, 281
	78, 282
	14, 282
	-4, 282
	55, 282
	72, 283
	207, 283
	13, 283
	54, 283
	148, 284
	254, 284
	11, 284
	32, 284
	102, 284
	9, 285
	243, 285
	114, 285
	28, 285
	136, 285
	55, 286
	202, 286
	281, 287
	192, 287
	49, 287
	125, 287
	251, 287
	258, 287
	244, 288
	261, 288
	276, 288
	18, 289
	68, 289
	73, 289
	105, 290
	181, 290
	221, 290
	230, 291
	85, 291
	74, 291
	13, 291
	266, 291
	49, 292
	164, 292
	161, 293
	214, 294
	39, 294
	226, 294
	130, 294
	36, 294
	244, 294
	212, 295
	184, 295
	35, 295
	-1, 295
	187, 296
	209, 296
	193, 296
	81, 296
	232, 296
	2, 297
	0, 297
	146, 297
	31, 297
	166, 297
	10, 298
	79, 298
	223, 298
	24, 298
	123, 298
	-3, 298
	144, 299
	266, 299
	235, 299
	228, 299
	1, 300
	274, 300
	93, 300
	264, 300
	257, 300
	36, 300
	39, 300
	127, 301
	180, 301
	269, 301
	201, 301
	200, 302
	27, 302
	176, 302
	154, 302
	121, 302
	17, 302
	65, 302
	44, 302
	229, 303
	115, 303
	75, 303
	122, 303
	53, 303
	52, 304
	-2, 304
	247, 304
	268, 304
	37, 305
	85, 305
	116, 305
	235, 305
	230, 306
	221, 306
	290, 306
	116, 306
	203, 307
	130, 307
	144, 307
	41, 307
	122, 308
	303, 308
	105, 308
	290, 308
	49, 309
	292, 309
	-2, 309
	89, 309
	161, 310
	293, 310
	161, 311
	28, 311
	217, 311
	192, 312
	190, 312
	55, 312
	78, 312
	164, 312
	312, 313
	164, 313
	277, 313
	78, 313
	292, 313
	286, 314
	55, 314
	190, 314
	312, 314
	16, 315
	7, 315
	86, 315
	-3, 316
	212, 316
	71, 316
	261, 317
	75, 317
	34, 317
	256, 317
	106, 318
	118, 318
	97, 318
	310, 319
	147, 319
	197, 319
	242, 319
	29, 320
	47, 320
	102, 320
	284, 320
	158, 320
	11, 320
	0, 321
	228, 321
	13, 321
	266, 321
	72, 321
	283, 321
	66, 322
	69, 322
	84, 322
	213, 322
	67, 322
	188, 323
	41, 323
	45, 323
	280, 323
	289, 324
	201, 324
	255, 324
	180, 324
	68, 324
	301, 324
	-3, 325
	106, 325
	22, 325
	129, 325
	288, 326
	276, 326
	208, 326
	231, 326
	317, 326
	261, 326
	75, 326
	169, 327
	96, 327
	229, 327
	113, 327
	304, 328
	247, 328
	43, 328
	92, 328
	217, 329
	88, 330
	264, 330
	279, 330
	59, 330
	102, 331
	83, 331
	4, 331
	148, 331
	284, 331
	42, 332
	45, 332
	323, 332
	206, 332
	263, 333
	73, 333
	289, 333
	15, 333
	68, 333
	25, 334
	152, 334
	216, 334
	102, 334
	158, 334
	139, 335
	281, 335
	61, 335
	101, 335
	258, 335
	59, 336
	330, 336
	88, 336
	38, 336
	62, 336
	40, 337
	18, 337
	180, 337
	324, 337
	114, 337
	289, 337
	56, 337
	91, 338
	186, 338
	98, 338
	272, 338
	187, 338
	165, 338
	160, 339
	9, 339
	293, 339
	167, 340
	63, 340
	253, 340
	87, 340
	194, 340
	151, 340
	154, 341
	176, 341
	121, 341
	138, 341
	219, 341
	76, 341
	252, 342
	237, 342
	195, 342
	227, 342
	61, 342
	101, 342
	339, 343
	160, 343
	120, 343
	249, 343
	185, 344
	162, 344
	134, 344
	61, 344
	252, 344
	318, 345
	184, 345
	97, 345
	280, 346
	45, 346
	329, 346
	142, 347
	-1, 347
	82, 347
	215, 347
	97, 348
	-3, 348
	316, 348
	212, 348
	184, 348
	345, 348
	165, 349
	20, 349
	343, 349
	249, 349
	213, 350
	198, 350
	322, 350
	66, 350
	202, 350
	47, 351
	108, 351
	48, 352
	38, 352
	336, 352
	88, 352
	292, 353
	277, 353
	119, 353
	-2, 353
	313, 353
	309, 354
	292, 354
	353, 354
	-2, 354
	244, 355
	279, 355
	276, 355
	104, 355
	288, 355
	265, 355
	315, 356
	16, 356
	200, 356
	7, 356
	75, 357
	34, 357
	303, 357
	308, 357
	20, 358
	319, 358
	310, 358
	242, 358
	207, 359
	107, 359
	107, 360
	-4, 360
	359, 360
	245, 361
	43, 361
	86, 361
	315, 361
	308, 362
	105, 362
	122, 362
	141, 362
	271, 362
	138, 363
	252, 363
	121, 363
	344, 363
	134, 363
	65, 363
	21, 364
	126, 364
	351, 364
	43, 365
	361, 365
	64, 365
	262, 365
	86, 365
	92, 365
	328, 365
	220, 366
	159, 366
	245, 366
	361, 366
	315, 366
	16, 366
	207, 367
	359, 367
	171, 367
	181, 367
	74, 367
	118, 368
	95, 368
	21, 368
	364, 368
	351, 368
	198, 369
	202, 369
	-4, 369
	282, 369
	55, 369
	286, 369
	90, 370
	8, 370
	260, 370
	233, 370
	177, 370
	174, 370
	11, 371
	178, 371
	351, 371
	368, 371
	47, 371
	95, 371
	139, 372
	162, 372
	61, 372
	344, 372
	335, 372
	151, 373
	-3, 373
	87, 373
	232, 373
	23, 373
	240, 374
	48, 374
	-1, 374
	142, 374
	199, 374
	182, 374
	314, 375
	202, 375
	66, 375
	286, 375
	33, 375
	15, 376
	333, 376
	68, 376
	364, 376
	126, 376
	255, 376
	108, 376
	351, 376
	280, 377
	239, 377
	307, 377
	41, 377
	58, 377
	323, 377
	20, 378
	349, 378
	310, 378
	293, 378
	339, 378
	343, 378
	358, 378
	124, 379
	238, 379
	330, 379
	88, 379
	93, 379
	264, 379
	161, 380
	28, 380
	285, 380
	9, 380
	293, 380
	339, 380
	217, 381
	329, 381
	346, 381
	45, 381
	136, 381
	28, 381
	311, 381
	377, 382
	307, 382
	144, 382
	58, 382
	281, 383
	137, 383
	139, 383
	335, 383
	140, 384
	128, 384
	171, 384
	181, 384
	367, 384
	247, 385
	-2, 385
	43, 385
	201, 386
	269, 386
	158, 386
	334, 386
	25, 386
	29, 386
	34, 387
	308, 387
	357, 387
	290, 387
	306, 387
	385, 388
	-2, 388
	245, 388
	361, 388
	43, 388
	325, 389
	22, 389
	246, 389
	-3, 389
	332, 390
	206, 390
	274, 390
	250, 390
	323, 390
	188, 390
	135, 390
	257, 390
	346, 391
	329, 391
	280, 391
	239, 391
	132, 391
	189, 391
	200, 392
	27, 392
	149, 392
	26, 392
	356, 392
	16, 392
	345, 393
	184, 393
	170, 393
	95, 393
	182, 394
	4, 394
	88, 394
	240, 394
	48, 394
	352, 394
	304, 395
	268, 395
	175, 395
	296, 396
	187, 396
	77, 396
	193, 396
	325, 397
	-3, 397
	106, 397
	318, 397
	97, 397
	294, 398
	244, 398
	256, 398
	37, 398
	226, 398
	288, 398
	261, 398
	281, 399
	89, 399
	287, 399
	49, 399
	309, 399
	360, 400
	-4, 400
	171, 400
	367, 400
	359, 400
	310, 401
	161, 401
	217, 401
	311, 401
	197, 401
	319, 401
	191, 402
	60, 402
	44, 402
	242, 402
	358, 402
	20, 402
	305, 403
	37, 403
	235, 403
	203, 403
	352, 404
	48, 404
	38, 404
	-1, 404
	54, 405
	84, 405
	283, 405
	72, 405
	218, 405
	270, 405
	184, 406
	35, 406
	150, 406
	19, 406
	170, 406
	393, 406
	396, 407
	77, 407
	57, 407
	193, 407
	24, 407
	155, 407
	110, 408
	169, 408
	229, 408
	327, 408
	115, 408
	149, 409
	46, 409
	51, 409
	109, 409
	117, 409
	185, 409
	26, 409
	37, 410
	305, 410
	387, 410
	306, 410
	116, 410
	256, 410
	34, 410
	391, 411
	329, 411
	189, 411
	5, 411
	217, 411
	50, 411
	95, 412
	393, 412
	318, 412
	118, 412
	345, 412
	139, 413
	-2, 413
	137, 413
	383, 413
	369, 414
	-4, 414
	198, 414
	91, 415
	338, 415
	165, 415
	249, 415
	349, 415
	13, 416
	207, 416
	367, 416
	291, 416
	74, 416
	144, 417
	58, 417
	228, 417
	299, 417
	146, 417
	0, 417
	92, 418
	328, 418
	12, 418
	175, 418
	304, 418
	395, 418
	167, 418
	80, 419
	57, 419
	40, 419
	155, 419
	73, 419
	18, 419
	70, 420
	113, 420
	204, 420
	-1, 420
	133, 420
	251, 421
	260, 421
	375, 421
	314, 421
	8, 421
	33, 421
	190, 421
Mesh Regions: 422
	0, 41, 166, 396, 652, 756, 1241
	68, 180, 357, 435, 561, 578, 666
	0, 42, 214, 361, 500, 651
	1, 3, 12, 27
	57, 63, 117, 169, 260, 803, 1117
	21, 184, 298, 360, 367, 1211
	2, 3, 28, 296, 522
	25, 62, 263, 281, 309, 734, 922
	10, 65, 506, 543, 984, 1264
	24, 96, 202, 606, 844, 1046
	6, 44, 49, 189, 511, 656
	18, 251, 486, 603, 755, 989
	31, 216, 241, 321, 1244
	327, 526, 599, 631, 758, 1231
	4, 47, 69, 574, 594
	118, 124, 221, 515, 813, 1016
	7, 130, 373, 733, 920, 966, 1111
	8, 17, 34, 171, 682
	15, 43, 622, 831, 1254
	56, 175, 230, 355, 1180
	9, 212, 282, 890, 927, 1030, 1162
	82, 105, 119, 126, 951, 974
	123, 222, 462, 779, 1089
	5, 53, 409, 1004
	6, 187, 288, 380, 659, 1187
	120, 234, 358, 418, 539, 815, 1076
	7, 102, 131, 170, 1109, 1200
	8, 172, 308, 678, 1107
	142, 205, 609, 717, 1044, 1054
	19, 87, 198, 310, 750, 1077
	9, 211, 284, 553, 566
	91, 135, 164, 209, 213, 277, 334, 654
	55, 168, 301, 487, 604
	10, 35, 36, 545, 1015, 1265
	45, 491, 741, 924, 1078, 1207
	11, 176, 265, 644, 1178
	14, 456, 516, 584, 640, 671
	129, 316, 392, 492, 694, 1137, 1164, 1201
	12, 13, 30, 828, 901, 1169
	14, 348, 495, 637, 672
	15, 23, 50, 109, 204, 830, 1251
	128, 141, 274, 350, 705, 768, 1027
	16, 143, 235, 324, 452, 806
	464, 794, 937, 954, 1071, 1087
	26, 243, 306, 448, 684, 1159
	16, 144, 589, 769, 807, 877, 1052
	17, 33, 139, 173, 269, 1195
	18, 19, 86, 751, 898, 993
	20, 440, 900, 1006, 1120, 1168
	210, 287, 615, 633, 710, 1144
	21, 90, 185, 279, 443, 1213
	89, 192, 206, 266, 1196
	22, 536, 690
	112, 390, 399, 556, 689
	59, 75, 85, 328, 600, 1171
	48, 596, 611, 721, 730, 981
	23, 24, 95, 203, 836
	46, 52, 190, 1185, 1250
	134, 161, 167, 439, 1028, 1059, 1237
	29, 518, 586, 800, 825
	25, 26, 283, 307, 1158
	78, 479, 822, 862, 871, 997
	27, 28, 29, 30, 521, 829
	31, 32, 177, 217, 320, 847
	61, 262, 510, 568, 956
	33, 34, 111, 140, 683, 950
	35, 37, 313, 762, 896, 1013
	58, 77, 163, 240, 344, 766
	490, 623, 775, 814, 1018
	36, 37, 60, 544, 763
	38, 71, 93, 317, 1255
	39, 40, 341, 738
	41, 42, 363, 597, 760, 1174
	43, 44, 188, 514, 624, 811, 1253
	259, 374, 402, 630, 971, 1235
	45, 97, 407, 687, 740, 787, 923
	80, 148, 183, 365, 445, 857
	46, 51, 67, 271, 1127, 1184
	47, 48, 577, 593, 722, 727
	49, 113, 219, 512, 657
	50, 51, 52, 66, 110, 470, 1249
	53, 54, 331, 408, 649
	55, 56, 156, 229, 305, 352, 485, 881
	57, 79, 115, 182, 436, 802
	58, 59, 60, 76, 546, 764, 1172
	99, 400, 423, 523, 629, 695
	61, 62, 264, 735, 938, 958
	74, 179, 337, 412, 482, 849, 1002
	63, 116, 797, 827, 903, 1040, 1118
	64, 146, 592, 713, 1142
	65, 246, 362, 502, 542, 983
	66, 67, 273, 468, 837, 1226
	218, 254, 509, 795, 959, 1242
	68, 433, 517, 668, 1041
	69, 70, 107, 575
	104, 228, 250, 973, 994, 1115, 1214
	71, 72, 94, 384, 398, 558, 789
	73, 745, 875, 883, 1133
	74, 270, 291, 338, 465, 481, 554, 839
	81, 159, 196, 329, 378, 429, 572
	75, 76, 77, 83, 236
	78, 293, 498, 823, 863
	79, 181, 199, 605, 752, 801, 818
	80, 147, 394, 431, 446, 531
	81, 160, 297, 520, 573, 916
	152, 258, 547, 625, 708, 941
	82, 103, 125, 743, 778, 1131
	83, 84, 85, 237, 326, 932, 933
	86, 87, 311, 488, 899, 1022
	88, 89, 101, 191, 1197
	98, 227, 330, 405, 425, 1189
	90, 91, 278, 336, 444
	92, 138, 224, 376, 427
	93, 94, 137, 226, 791, 1256
	95, 96, 121, 255, 455, 608, 834
	97, 98, 397, 406, 686, 1193
	99, 401, 696, 701, 1205
	100, 101, 102, 132, 1198
	103, 104, 105, 744, 972, 1217
	106, 107, 108, 576, 906
	109, 110, 201, 469, 866
	111, 149, 186, 681, 854, 947
	112, 155, 386, 688, 706, 942
	113, 114, 223, 459, 660
	115, 116, 117, 437, 1037
	292, 414, 474, 496, 616
	118, 119, 127, 952, 1020
	120, 121, 233, 256, 454, 540, 673
	122, 153, 232, 1065
	123, 124, 125, 126, 127, 220, 780
	128, 129, 314, 349, 391, 639, 703
	130, 131, 132, 133, 372
	134, 135, 165, 276, 438, 1104
	136, 137, 138, 225, 1259
	139, 140, 267, 870, 949
	141, 275, 351, 493, 1098
	142, 143, 144, 451, 610, 1053
	145, 146, 591, 1061, 1221
	147, 148, 149, 430, 477, 855, 945
	150, 193, 208, 820, 995, 1062, 1219
	151, 152, 153, 257, 549, 1064
	154, 155, 387, 548, 943
	156, 157, 304, 879, 1008
	158, 159, 160, 195, 294
	161, 315, 421, 662, 704, 1058, 1236
	162, 163, 239, 345
	164, 165, 166, 167, 653, 1240
	244, 299, 368, 450, 747
	168, 169, 261, 302, 601, 804
	170, 171, 172, 173, 1108, 1194
	174, 175, 176, 354, 1179
	177, 178, 179, 851, 1000
	180, 181, 182, 356, 434, 816
	183, 184, 185, 364, 442
	186, 245, 680, 852
	187, 188, 189, 190, 1188, 1252
	191, 192, 193, 194, 207
	195, 196, 197, 379
	198, 199, 754, 819, 1074
	200, 370, 458, 962
	201, 202, 203, 204, 843, 865
	205, 635, 714, 716, 1043, 1152
	206, 207, 208, 268, 869, 996
	209, 215, 248, 335, 530
	210, 286, 634, 723, 725
	211, 212, 552, 842, 889, 1228
	213, 214, 215, 247, 499, 655
	216, 217, 218, 253, 289, 846, 1248
	219, 220, 221, 222, 223, 461, 513
	224, 225, 226, 227, 426, 788, 1190
	228, 229, 230, 252, 484, 1114, 1181
	231, 232, 969, 1066, 1148
	233, 234, 235, 325, 417, 453
	236, 237, 238, 239, 240
	249, 393, 416, 533, 988
	241, 242, 322, 537, 1124, 1245
	243, 244, 245, 369, 449, 679, 853
	246, 247, 248, 249, 503, 529, 987
	250, 251, 252, 483, 990
	253, 254, 290, 467, 508, 563
	255, 256, 674, 774, 832
	257, 258, 259, 375, 626, 970, 1067
	260, 261, 303, 441, 1010, 1116
	262, 263, 264, 280, 567
	265, 342, 643, 874, 887, 1113, 1177
	266, 267, 268, 269, 868, 1199
	270, 272, 339, 838
	271, 272, 273, 340, 410, 646, 841, 1126
	274, 275, 767, 1097
	276, 277, 278, 279, 1105, 1210
	285, 476, 720, 731, 1266
	280, 281, 282, 283, 284, 565, 1157
	285, 286, 287, 475, 614, 719
	288, 333, 381, 648, 1128, 1186
	289, 290, 291, 466, 480, 850
	292, 293, 395, 413, 497, 860
	294, 295, 296, 297, 519
	298, 299, 359, 366, 748, 1155
	300, 312, 346, 894, 977, 1225
	301, 302, 303, 304, 305, 1009
	306, 307, 308, 309, 677, 921, 1106
	310, 311, 489, 538, 676, 772, 1072
	312, 313, 612, 897, 978, 1012
	314, 315, 316, 422, 702, 1166
	317, 318, 319, 1257
	320, 321, 322, 323
	324, 325, 420, 472, 809, 1093
	326, 327, 328, 598, 931, 967, 1232
	329, 330, 404, 424, 571, 783
	331, 332, 333, 382, 647
	334, 335, 336, 447, 528
	337, 338, 339, 340, 411
	341, 342, 343, 642, 737, 886
	344, 345, 346, 347, 765, 893
	348, 349, 350, 351, 494, 636
	352, 353, 354, 355, 882
	356, 357, 358, 419, 579, 817
	359, 360, 718, 796, 1049, 1153, 1212
	361, 362, 363, 501, 541, 1175
	364, 365, 366, 367, 368, 369, 856
	370, 371, 372, 373, 961
	374, 375, 403, 627, 699
	376, 377, 378, 379, 428
	380, 381, 382, 383, 658
	384, 385, 388, 557
	386, 387, 388, 389, 390, 559
	391, 392, 638, 1138
	393, 394, 395, 415, 432, 532, 861
	396, 524, 665, 757, 1238
	397, 398, 399, 555, 685, 790, 1191
	400, 401, 402, 403, 628, 698
	404, 405, 406, 407, 784
	408, 409, 410, 411, 412, 650, 1003
	413, 414, 415, 416, 473, 504, 986
	417, 418, 419, 420, 471, 582
	421, 422, 423, 525, 664, 697, 1165
	424, 425, 426, 427, 428, 429
	430, 431, 432, 478, 859
	433, 434, 435, 436, 437, 1038
	438, 439, 588, 1025, 1103
	440, 441, 1005, 1119
	442, 443, 444, 445, 446, 447, 527
	448, 449, 450, 749, 930, 1160
	451, 452, 453, 454, 455, 607
	456, 587, 619, 641, 913, 1135
	457, 458, 936, 963, 1085
	459, 460, 461, 462, 1090
	463, 464, 692, 793, 1069
	465, 466, 467, 551, 564
	468, 469, 470, 867, 892, 1229
	471, 472, 562, 581, 1095
	473, 474, 475, 476, 505, 617, 1260
	477, 478, 479, 858, 872, 946
	480, 481, 482, 848
	483, 484, 485, 486, 487, 602
	488, 489, 490, 773, 1021
	491, 492, 507, 742, 1136, 1206
	493, 494, 495, 560, 670, 1099
	496, 497, 498, 590, 618, 824
	499, 500, 501, 502, 503
	504, 505, 506, 985, 1261
	507, 620, 739, 786, 1140
	508, 509, 510, 570, 957
	511, 512, 513, 514, 515, 810
	516, 517, 583, 669, 798, 1042
	518, 519, 520, 521, 522, 585, 918
	523, 524, 525, 526, 632, 663, 759
	527, 528, 529, 530, 531, 532, 533
	534, 535, 536, 537, 693, 1123
	538, 539, 540, 675, 1073
	541, 542, 543, 544, 545, 546, 1176
	547, 548, 549, 550, 944
	551, 552, 553, 554, 569, 840
	555, 556, 557, 558, 559
	560, 561, 562, 580, 667, 1094
	563, 564, 565, 566, 567, 568, 569, 570
	571, 572, 573, 621, 782, 915
	574, 575, 576, 577, 726, 905
	578, 579, 580, 581, 582
	583, 584, 585, 586, 587, 799, 914
	588, 589, 770, 876, 1024, 1102
	590, 591, 592, 613, 821, 1060, 1141
	593, 594, 595, 596, 980
	597, 598, 599, 600, 761, 1173
	601, 602, 603, 604, 605, 753, 805
	606, 607, 608, 609, 610, 1045
	611, 612, 729, 982, 1014
	613, 614, 615, 616, 617, 618, 1143
	619, 620, 621, 781, 917, 1139
	622, 623, 624, 771, 812, 835
	625, 626, 627, 700, 709, 1081
	628, 629, 630, 631, 632, 1234
	633, 634, 711, 728, 904, 910
	635, 715, 845, 1033, 1047
	636, 637, 638, 639, 640, 641, 1134
	642, 643, 644, 645
	646, 647, 648, 649, 650, 1125
	651, 652, 653, 654, 655
	656, 657, 658, 659, 660, 661
	662, 663, 664, 665, 1239
	666, 667, 668, 669, 670, 671, 672
	673, 674, 675, 676, 776
	677, 678, 679, 680, 681, 682, 683, 684
	685, 686, 687, 688, 689, 707, 925
	690, 691, 692, 693, 792, 1122, 1246
	694, 695, 696, 697, 1163, 1202
	698, 699, 700, 701, 1082, 1204
	702, 703, 704, 705, 1026, 1057
	706, 707, 708, 709, 926, 940, 1079
	710, 711, 712, 713, 909, 1145
	714, 715, 746, 929, 1032, 1151
	716, 717, 718, 1055, 1154
	719, 720, 721, 722, 723, 724, 732
	724, 725, 726, 727, 728, 908
	729, 730, 731, 732, 1011, 1263
	733, 734, 735, 919, 939, 965
	736, 737, 738, 885
	739, 740, 741, 742, 785
	743, 744, 745, 873, 1132, 1216
	746, 747, 748, 749, 928, 1156
	750, 751, 752, 753, 754, 755
	756, 757, 758, 759, 760, 761
	762, 763, 764, 765, 766, 895
	767, 768, 769, 770, 808, 1029, 1096
	771, 772, 773, 774, 775, 776, 833
	777, 778, 779, 780, 1088, 1129
	781, 782, 783, 784, 785, 786, 787
	788, 789, 790, 791, 1192
	792, 793, 794, 795, 960, 1243
	796, 878, 1050, 1101, 1209
	797, 798, 799, 800, 826, 1039
	801, 802, 803, 804, 805
	806, 807, 808, 809, 1092
	810, 811, 812, 813, 814, 1017
	815, 816, 817, 818, 819, 1075
	820, 821, 822, 823, 824, 999, 1063
	825, 826, 827, 828, 829, 902
	830, 831, 832, 833, 834, 835, 836
	837, 838, 839, 840, 841, 842, 1227
	843, 844, 845, 864, 1034, 1048
	846, 847, 848, 849, 850, 851
	852, 853, 854, 855, 856, 857
	858, 859, 860, 861, 862, 863
	864, 865, 866, 867, 891, 1035
	868, 869, 870, 871, 872, 948, 998
	873, 874, 875, 888, 1112, 1218
	876, 877, 878, 1051, 1100
	879, 880, 881, 882
	883, 884, 885, 886, 887, 888
	889, 890, 891, 892, 1031, 1230
	893, 894, 895, 896, 897
	898, 899, 953, 976, 991, 1023
	900, 901, 902, 903, 1121, 1167
	904, 905, 906, 907, 908, 911
	909, 910, 911, 912
	913, 914, 915, 916, 917, 918
	919, 920, 921, 922, 1110
	923, 924, 925, 926, 1080
	927, 928, 929, 930, 1036, 1161
	931, 932, 935, 968, 1150
	933, 934, 935, 1146
	936, 937, 938, 939, 955, 964, 1086
	940, 941, 942, 943, 944
	945, 946, 947, 948, 949, 950
	951, 952, 953, 975, 1019
	954, 955, 956, 957, 958, 959, 960
	961, 962, 963, 964, 965, 966
	967, 968, 969, 970, 971, 1068, 1149, 1233
	972, 973, 974, 975, 976, 992
	977, 978, 979, 980, 981, 982, 1223
	983, 984, 985, 986, 987, 988
	989, 990, 991, 992, 993, 994
	995, 996, 997, 998, 999
	1000, 1001, 1002, 1003, 1004
	1005, 1006, 1007, 1008, 1009, 1010
	1011, 1012, 1013, 1014, 1015, 1262
	1016, 1017, 1018, 1019, 1020, 1021, 1022, 1023
	1024, 1025, 1026, 1027, 1028, 1029, 1056
	1030, 1031, 1032, 1033, 1034, 1035, 1036
	1037, 1038, 1039, 1040, 1041, 1042
	1043, 1044, 1045, 1046, 1047, 1048
	1049, 1050, 1051, 1052, 1053, 1054, 1055
	1056, 1057, 1058, 1059
	1060, 1061, 1062, 1063, 1222
	1064, 1065, 1066, 1067, 1068
	1069, 1070, 1071, 1083
	1072, 1073, 1074, 1075, 1076, 1077
	1078, 1079, 1080, 1081, 1082, 1203
	1083, 1084, 1085, 1086, 1087
	1088, 1089, 1090, 1091
	1092, 1093, 1094, 1095, 1096, 1097, 1098, 1099
	1100, 1101, 1102, 1103, 1104, 1105, 1208
	1106, 1107, 1108, 1109, 1110, 1111
	1112, 1113, 1114, 1115, 1182, 1215
	1116, 1117, 1118, 1119, 1120, 1121
	1122, 1123, 1124, 1247
	1125, 1126, 1127, 1128, 1183
	1129, 1130, 1131, 1132, 1133
	1134, 1135, 1136, 1137, 1138, 1139, 1140
	1141, 1142, 1143, 1144, 1145
	1146, 1147, 1148, 1149, 1150
	1151, 1152, 1153, 1154, 1155, 1156
	1157, 1158, 1159, 1160, 1161, 1162
	1163, 1164, 1165, 1166
	1167, 1168, 1169, 1170
	1171, 1172, 1173, 1174, 1175, 1176
	1177, 1178, 1179, 1180, 1181, 1182
	1183, 1184, 1185, 1186, 1187, 1188
	1189, 1190, 1191, 1192, 1193
	1194, 1195, 1196, 1197, 1198, 1199, 1200
	1201, 1202, 1203, 1204, 1205, 1206, 1207
	1208, 1209, 1210, 1211, 1212, 1213
	1214, 1215, 1216, 1217, 1218
	1219, 1220, 1221, 1222
	1223, 1224, 1225
	1226, 1227, 1228, 1229, 1230
	1231, 1232, 1233, 1234, 1235
	1236, 1237, 1238, 1239, 1240, 1241
	1242, 1243, 1244, 1245, 1246, 1247, 1248
	1249, 1250, 1251, 1252, 1253, 1254
	1255, 1256, 1257, 1258, 1259
	1260, 1261, 1262, 1263, 1264, 1265, 1266
Seed Numbers: 422
	0
	1
	2
	3
	4
	5
	6
	7
	8
	9
	10
	11
	12
	13
	14
	15
	16
	17
	18
	19
	20
	21
	22
	23
	24
	25
	26
	27
	28
	29
	30
	31
	32
	33
	34
	35
	36
	37
	38
	39
	40
	41
	42
	43
	44
	45
	46
	47
	48
	49
	50
	51
	52
	53
	54
	55
	56
	57
	58
	59
	60
	61
	62
	63
	64
	65
	66
	67
	68
	69
	70
	71
	72
	73
	74
	75
	76
	77
	78
	79
	80
	81
	82
	83
	84
	85
	86
	87
	88
	89
	90
	91
	92
	93
	94
	95
	96
	97
	98
	99
	100
	101
	102
	103
	104
	105
	106
	107
	108
	109
	110
	111
	112
	113
	114
	115
	116
	117
	118
	119
	120
	121
	122
	123
	124
	125
	126
	127
	128
	129
	130
	131
	132
	133
	134
	135
	136
	137
	138
	139
	140
	141
	142
	143
	144
	145
	146
	147
	148
	149
	150
	151
	152
	153
	154
	155
	156
	157
	158
	159
	160
	161
	162
	163
	164
	165
	166
	167
	168
	169
	170
	171
	172
	173
	174
	175
	176
	177
	178
	179
	180
	181
	182
	183
	184
	185
	186
	187
	188
	189
	190
	191
	192
	193
	194
	195
	196
	197
	198
	199
	200
	201
	202
	203
	204
	205
	206
	207
	208
	209
	210
	211
	212
	213
	214
	215
	216
	217
	218
	219
	220
	221
	222
	223
	224
	225
	226
	227
	228
	229
	230
	231
	232
	233
	234
	235
	236
	237
	238
	239
	240
	241
	242
	243
	244
	245
	246
	247
	248
	249
	250
	251
	252
	253
	254
	255
	256
	257
	258
	259
	260
	261
	262
	263
	264
	265
	266
	267
	268
	269
	270
	271
	272
	273
	274
	275
	276
	277
	278
	279
	280
	281
	282
	283
	284
	285
	286
	287
	288
	289
	290
	291
	292
	293
	294
	295
	296
	297
	298
	299
	300
	301
	302
	303
	304
	305
	306
	307
	308
	309
	310
	311
	312
	313
	314
	315
	316
	317
	318
	319
	320
	321
	322
	323
	324
	325
	326
	327
	328
	329
	330
	331
	332
	333
	334
	335
	336
	337
	338
	339
	340
	341
	342
	343
	344
	345
	346
	347
	348
	349
	350
	351
	352
	353
	354
	355
	356
	357
	358
	359
	360
	361
	362
	363
	364
	365
	366
	367
	368
	369
	370
	371
	372
	373
	374
	375
	376
	377
	378
	379
	380
	381
	382
	383
	384
	385
	386
	387
	388
	389
	390
	391
	392
	393
	394
	395
	396
	397
	398
	399
	400
	401
	402
	403
	404
	405
	406
	407
	408
	409
	410
	411
	412
	413
	414
	415
	416
	417
	418
	419
	420
	421
Phase Numbers: 422
	2
	2
	1
	3
	2
	3
	2
	2
	0
	2
	2
	1
	3
	2
	0
	2
	0
	0
	2
	3
	3
	3
	2
	2
	2
	3
	1
	2
	3
	3
	3
	3
	3
	3
	2
	3
	2
	3
	0
	2
	2
	2
	2
	2
	3
	3
	1
	2
	0
	2
	0
	2
	0
	2
	2
	3
	1
	3
	2
	3
	2
	1
	2
	3
	2
	2
	3
	3
	2
	2
	3
	2
	3
	3
	3
	2
	3
	2
	3
	2
	1
	2
	0
	0
	2
	3
	2
	3
	2
	2
	2
	2
	3
	2
	2
	2
	0
	0
	1
	3
	0
	0
	3
	3
	0
	2
	2
	3
	2
	3
	1
	2
	1
	3
	2
	2
	2
	3
	2
	3
	3
	3
	2
	3
	3
	3
	1
	3
	2
	2
	2
	3
	2
	1
	3
	2
	2
	0
	2
	2
	0
	2
	3
	2
	2
	2
	2
	2
	3
	3
	2
	3
	0
	3
	3
	0
	2
	3
	2
	0
	2
	3
	2
	3
	2
	2
	3
	3
	3
	0
	3
	2
	3
	3
	3
	3
	3
	2
	3
	3
	3
	0
	3
	2
	0
	1
	2
	1
	2
	2
	3
	2
	0
	2
	1
	2
	0
	3
	3
	3
	3
	1
	2
	3
	3
	2
	2
	0
	3
	3
	3
	2
	3
	3
	2
	1
	3
	3
	3
	3
	3
	2
	2
	2
	3
	3
	2
	0
	2
	3
	2
	0
	3
	3
	3
	1
	1
	2
	3
	0
	3
	2
	1
	1
	3
	0
	2
	1
	3
	1
	3
	2
	3
	3
	1
	2
	3
	2
	3
	3
	3
	0
	3
	1
	2
	3
	2
	2
	3
	2
	3
	0
	3
	3
	2
	1
	2
	3
	1
	3
	3
	2
	3
	3
	2
	3
	1
	2
	1
	3
	2
	2
	3
	2
	3
	1
	0
	2
	2
	3
	2
	3
	2
	3
	3
	3
	1
	2
	3
	2
	3
	2
	3
	3
	3
	2
	3
	2
	2
	3
	2
	3
	3
	2
	3
	2
	3
	2
	2
	3
	2
	0
	3
	3
	3
	2
	2
	3
	0
	3
	1
	3
	3
	2
	2
	2
	2
	1
	2
	2
	3
	2
	2
	3
	0
	3
	1
	3
	3
	3
	2
	1
	3
	0
	3
	3
	3
	1
	3
	2
	2
	2
	2
	2
	2
	3
	3
	3
	3
	0
	2
	2
	2
	3
	3
	0
	2
	2
	1
	2
	1
	2
	3
	3
	2
	2
	1
	2
	2
	3
	3
	3
	0
	3
	3
	3
	3
	2
	2
	2
	3
	3
	2
	3
	0
	2
	1
	2
	3
	3
	2
	2
Volumes: 422
	0.0029862530587054844
	0.002154267832047336
	0.0021293088121615658
	0.001392849099023845
	0.002645440690398554
	0.002723624468138198
	0.002627648927013118
	0.0031270735109096255
	0.002973860340992497
	0.002657033463672344
	0.0030225288678657693
	0.0016729398913369645
	0.0022842593529949534
	0.002625019897664177
	0.001823864279915784
	0.001981690370048707
	0.0033026804541560553
	0.001728002761973894
	0.0020608160690358214
	0.002275255010106476
	0.003114843095958215
	0.002819283028215145
	0.0020832588957760893
	0.0016505013838154618
	0.0027215127742191546
	0.0029939537314137552
	0.002463734335549832
	0.0018753807554402143
	0.0026684026778817497
	0.002642109156868767
	0.00238991546499338
	0.003218662217265812
	0.0018875036933774926
	0.002239333885881427
	0.003094064358110207
	0.002054766332408877
	0.00300467384979174
	0.0030752725577763273
	0.002748536972461474
	0.0021676869184290666
	0.0028168926122555237
	0.002940233994873985
	0.002322394060591682
	0.0024437110237561454
	0.0029853507767308206
	0.0024853736162043874
	0.002028937899202116
	0.0022057727314167865
	0.0016692534489755227
	0.0021435858387259723
	0.0022965517788684515
	0.002532432256437199
	0.0014658640001273923
	0.0016794610957322307
	0.002475825710803092
	0.0029459116641201164
	0.002500458577865117
	0.0015750098969196632
	0.002531568672311586
	0.002232254493952525
	0.003102640245128913
	0.00252481669531475
	0.0023194603002606833
	0.0026519524065829925
	0.0026941966694000842
	0.002811083384598655
	0.0017710939737869832
	0.0025195664522848736
	0.001975318840812464
	0.0022385275899894632
	0.0024029246574605694
	0.00038293256442181354
	0.002642374291312647
	0.0028846386347382534
	0.002112552616293394
	0.002597585549934112
	0.0020536941022070545
	0.00221865767625575
	0.003209630019003565
	0.002113858753591232
	0.0023214995072907167
	0.0019198069788874527
	0.0032301058343072427
	0.0027603425201839548
	0.00261310165232092
	0.0023166925079158547
	0.0027826821833578947
	0.002524002570704253
	0.002712878874721946
	0.0018966520805611495
	0.002210441221323853
	0.0020281290884393705
	0.002423005577203663
	0.001519899551179538
	0.001906382837549024
	0.0024207147327735814
	0.0028691294570721395
	0.0017668279886603106
	0.0028449713274456717
	0.0020725661348682516
	0.0018174139036800066
	0.0021781519020466354
	0.0028830423911164007
	0.002272639572793468
	0.0027790658821937515
	0.001928271212646842
	0.002236665995780041
	0.002859407495763477
	0.002119901534971422
	0.00158738511676081
	0.002595404813248676
	0.0020215629745521835
	0.0017637538397520937
	0.002371936447222531
	0.0033267749053431787
	0.00272248470431272
	0.002048167405293421
	0.002855511581183496
	0.0026964232959907288
	0.0015321748970137318
	0.0024542633575343085
	0.002439168364953143
	0.002336994896649784
	0.0026335971974758864
	0.002601328745451343
	0.0028825080755394148
	0.0020075095124145975
	0.002645013200963893
	0.0009171356444238885
	0.002556980525049566
	0.0031122218675565167
	0.00248570225476478
	0.0024810712826877678
	0.001472772662198607
	0.0019807759259192134
	0.002455601972376143
	0.0030492637769032674
	0.0014229069748921768
	0.0024679482251831423
	0.0023831488864486704
	0.002365968354819128
	0.0017447490587050077
	0.002509960257937117
	0.0021201129874985126
	0.0023626920330188208
	0.0011161164650329643
	0.002778827039662891
	0.0027046970844554524
	0.0024778595225570656
	0.001990297877912053
	0.0008897867358495654
	0.0017748243944225306
	0.00278733153148044
	0.002839874395353016
	0.0017980955389018255
	0.0028095462155143724
	0.0023905920615427123
	0.0010792800038785602
	0.0024005235893493192
	0.0008604959090942459
	0.002668761492757809
	0.002013541178538152
	0.002919581510271662
	0.0031370638040836563
	0.0025165794149937704
	0.0030878716066795354
	0.0027690642992528117
	0.003419726002210718
	0.002693038126785046
	0.0025454399311773497
	0.0028332603287325323
	0.0013204518415981191
	0.002713373736988955
	0.0023656761372691302
	0.003430218565706844
	0.001963288074762527
	0.002591832676094975
	0.003432579522092435
	0.0017131665295941935
	0.0026309939889135672
	0.001610628536915051
	0.0021386328884122783
	0.0019307131871359098
	0.0018476138727411052
	0.00329213474930854
	0.0026821381355375683
	0.001958893515365461
	0.003231193907851156
	0.0013553439310291795
	0.0028122832503439076
	0.001977639856712004
	0.0033103444053376426
	0.0027317698936498926
	0.00228758754758177
	0.0026959674075138673
	0.00321133380106313
	0.002472289666485058
	0.002334871971014833
	0.002071764720186889
	0.0017953495164472668
	0.002958731056027138
	0.0027928340325187755
	0.002441049526883123
	0.003201452832448361
	0.0006499531363962346
	0.0011119943733312874
	0.002318286066496455
	0.0034797777820885804
	0.002324053044069968
	0.0015361315803959787
	0.0019160610343486276
	0.0021853007390113077
	0.0021952859017578936
	0.002057612740596665
	0.0018790772906515428
	0.0015178848181994099
	0.002647379071454485
	0.003003001220489705
	0.001826525725198971
	0.0024087677170897023
	0.002374319872268371
	0.0016089191624440752
	0.0012629461517119855
	0.0016740306867305279
	0.001674247124837873
	0.0027439587784345958
	0.0017417192607079202
	0.002950959241110189
	0.0015699586246086267
	0.002685824733077835
	0.0027174044301805523
	0.0020996765837534015
	0.0024804496045770317
	0.003541944417967732
	0.0018571148498079404
	0.002559045522098113
	0.0024072851564128704
	0.00185486081355079
	0.0029830872277913562
	0.0024544091086632245
	0.0015465547955372365
	0.0027607799520013997
	0.002712539466026329
	0.002850725534055829
	0.0031135773049941707
	0.0011551718005363598
	0.0014983589268551727
	0.0029742322098494445
	0.0020526203313485304
	0.0022854314031883136
	0.0019100852861437796
	0.003299755092175928
	0.002855371494469062
	0.00165573773763687
	0.0025001282382705763
	0.002129557986643263
	0.003153792505850208
	0.0018835901447355344
	0.002617401478604717
	0.002390279793497559
	0.002357630617258459
	0.0018103546547138902
	0.0023499776331357045
	0.002354894934580994
	0.002903994070128567
	0.0035484601734403665
	0.0028056175656415317
	0.0027907902859566664
	0.002219358914491038
	0.0020533817310520123
	0.002565637888656535
	0.0015342117401662876
	0.002035669095512561
	0.0017889676742965746
	0.002305209222037024
	0.003211832293082535
	0.0029180485811514754
	0.0019884769672296743
	0.002160415019514385
	0.0037108089729821583
	0.00274465064033647
	0.002647403043237782
	0.0017989042196990307
	0.0025253553541147306
	0.0027054470392382044
	0.0032812642040133885
	0.0016263932150468053
	0.0032436367761329425
	0.0026208089605145057
	0.0022046403495131
	0.0025299261030860398
	0.0029521759684339906
	0.0020795019352501504
	0.0016459090898430107
	0.002155714419863501
	0.0014440820418283337
	0.002569260539632832
	0.0020509349725025463
	0.0026771143997058825
	0.0016249201894616557
	0.0028577533256084215
	0.0019205044866923767
	0.0031696611660992254
	0.0032394630660562843
	0.0029013509345812627
	0.00264889517695683
	0.002272453047711344
	0.0023325225746519463
	0.0027973414696725427
	0.0026490933965424273
	0.0025483458260074964
	0.0021777153093276067
	0.0028807499523362525
	0.0019378562868149138
	0.0023218801420337885
	0.0029185521822121356
	0.0009234175238569051
	0.002287041780743756
	0.0021753879536605346
	0.0024385934681204913
	0.002065870507982607
	0.0029581965106576773
	0.0020249564147368513
	0.0029966069936295837
	0.002354552088921866
	0.0027200623654673934
	0.00285212545592155
	0.0019635115000846744
	0.002872702873053097
	0.0024617484145352812
	0.0031209875230223125
	0.0023153405099087553
	0.002496812903777569
	0.0027652875780255475
	0.0019469502392191096
	0.0025752434152492313
	0.0019815916289376034
	0.002974905040603707
	0.0028167935005255634
	0.002107574622431204
	0.0022185597449633047
	0.002437258614554666
	0.0025131292412134123
	0.0019743264686869623
	0.002871842595037648
	0.0028442203175051296
	0.001882119288676376
	0.0011492839043761418
	0.00247709880230976
	0.0030780736703752963
	0.0020527486138811183
	0.0025553018439299327
	0.001664270834739008
	0.0019541925849176824
	0.0011689757404777555
	0.003887397392843559
	0.002348522777160313
	0.0020273260897480075
	0.002962435639475249
	0.0025962657271593565
	0.0010099478430453564
	0.002899363558677943
	0.0024793747804871032
	0.002962496795888257
	0.002131936605189025
	0.003309013718959546
	0.0021007566982049063
	0.0028927679333282845
	0.0025573644257095296
	0.0026371933110603566
	0.003368560040355329
	0.002278883036987071
	0.0019026752214690885
	0.00199838841952084
	0.0025944429261984623
	0.002740867011621383
	0.0029061752502533554
	0.002336049105556204
	0.0029013146063771055
	0.0033424255609567346
	0.002770979547100135
	0.0030794325434314197
	0.0022153242660570725
	0.0017973612786869504
	0.0017888255612010277
	0.0014385555208676906
	0.0028401404123273993
	0.002520126867013714
	0.0017974967602835614
	0.0008535239235028926
	0.002660565466307078
	0.0026115394247083323
	0.0019360587191675077
	0.002710322471028381
	0.0024733461261633558
	0.0021710144357872806
	0.0016902151099301484
	0.003031867623133568
	0.0029236770744319883
	0.0025540300861356243
	0.0016681143727087712
	0.0019568840784575455
	0.0030942548485868877
	0.0017637400835184343
	0.0013367634969034157
	0.00243743317022222
	0.0024543272251979042
	0.0018567519671989553
	0.0019319646080748316
	0.0020785782796900166
	0.003297187805846619
	0.0027471598071654533
	0.0015522864251491832
	0.0012090965052308947
	0.0007784624430775506
	0.0019428119714688307
	0.002323876458786414
	0.002861181354157687
	0.002940099137877078
	0.002200926107670578
	0.0013308558678996566
	0.003558617599514349
