Mesh Points: 838
	 1.349758e-01, -1.884661e-01
	 9.467681e-02, -1.801757e-01
	 1.335957e-01, -2.326372e-01
	 8.045181e-02, -2.068704e-01
	 1.103490e-01, -2.501119e-01
	 1.170845e-01, -2.504328e-01
	 2.275279e-01,  1.945658e-01
	 2.455558e-01,  1.960354e-01
	 2.037984e-01,  1.636468e-01
	 2.159627e-01,  1.332439e-01
	 2.591845e-01,  1.411523e-01
	 2.451026e-01,  1.255097e-01
	 2.495266e-01,  1.922207e-01
	 3.438304e-01,  9.284681e-02
	 3.098426e-01,  1.059368e-01
	 3.540452e-01,  1.440597e-01
	 3.031514e-01,  1.461728e-01
	 3.027751e-01,  1.457222e-01
	 4.078505e-01, -5.000000e-01
	 3.864921e-01, -4.568423e-01
	 3.538345e-01, -5.000000e-01
	 3.589962e-01, -4.616539e-01
	-1.488718e-01, -4.720658e-01
	-1.377554e-01, -4.633287e-01
	-1.531255e-01, -5.000000e-01
	-1.017329e-01, -4.736038e-01
	-9.711968e-02, -5.000000e-01
	-3.437481e-01, -5.831889e-02
	-3.595837e-01, -7.563638e-02
	-3.457830e-01, -3.939060e-02
	-3.982487e-01, -5.476629e-02
	-3.807443e-01, -2.850981e-02
	-3.905847e-01, -6.839537e-02
	 1.427471e-01, -1.818676e-01
	 1.440826e-01, -1.358601e-01
	 8.735187e-02, -1.537233e-01
	 8.630599e-02, -1.560117e-01
	 1.287700e-02,  1.493185e-01
	 1.439953e-03,  1.084932e-01
	 6.507830e-03,  1.662122e-01
	-3.161095e-02,  1.719968e-01
	-5.845260e-02,  1.465125e-01
	-1.210287e-02,  1.004941e-01
	-5.919825e-02,  1.350219e-01
	 2.854820e-01, -3.828961e-01
	 3.295202e-01, -3.665038e-01
	 2.838615e-01, -4.032847e-01
	 3.452578e-01, -3.990165e-01
	 3.330191e-01, -4.174512e-01
	 2.908220e-01, -4.121504e-01
	-1.490928e-01,  5.000000e-01
	-1.496923e-01,  4.905118e-01
	-2.106653e-01,  5.000000e-01
	-2.095629e-01,  4.843323e-01
	-1.740948e-01,  4.720767e-01
	-2.924177e-01,  1.113877e-01
	-2.672905e-01,  1.268029e-01
	-3.088317e-01,  1.141644e-01
	-2.935731e-01,  1.806133e-01
	-2.655061e-01,  1.661320e-01
	-3.234592e-01,  1.558106e-01
	-2.592221e-01,  1.482816e-01
	 3.553323e-01, -2.436754e-01
	 3.633717e-01, -2.564331e-01
	 3.603515e-01, -2.117488e-01
	 4.059023e-01, -2.045520e-01
	 4.174786e-01, -2.300083e-01
	 3.980337e-01, -2.605584e-01
	 3.455467e-01,  2.042464e-01
	 3.152165e-01,  2.000144e-01
	 3.423838e-01,  2.530470e-01
	 2.921001e-01,  2.449157e-01
	 2.927910e-01,  2.473135e-01
	 3.262321e-01,  2.601910e-01
	-4.543140e-01, -4.688448e-01
	-4.385987e-01, -4.603014e-01
	-4.514568e-01, -5.000000e-01
	-4.096607e-01, -4.686800e-01
	-3.971683e-01, -5.000000e-01
	 8.186791e-02, -3.100341e-01
	 2.889844e-02, -3.008961e-01
	 9.063912e-02, -2.617847e-01
	 5.818818e-02, -2.560168e-01
	 2.808560e-02, -2.875392e-01
	 4.444667e-01,  3.635637e-01
	 4.369832e-01,  3.449633e-01
	 4.388864e-01,  3.891574e-01
	 3.770908e-01,  3.699719e-01
	 3.835919e-01,  3.972121e-01
	 3.934297e-01,  3.451404e-01
	 4.100057e-01,  4.140713e-01
	-4.216289e-01,  3.853619e-01
	-4.545530e-01,  3.951144e-01
	-4.030289e-01,  3.575443e-01
	-4.604501e-01,  3.165289e-01
	-4.836639e-01,  3.336795e-01
	-4.028413e-01,  3.502592e-01
	 2.056721e-02,  3.866936e-01
	-1.620386e-02,  3.989934e-01
	 4.309183e-02,  4.037270e-01
	-8.681754e-03,  4.369330e-01
	 2.064968e-02,  4.501664e-01
	 2.076296e-01, -1.013432e-01
	 1.791959e-01, -1.289929e-01
	 1.492656e-01, -1.276620e-01
	 1.552983e-01, -7.155180e-02
	 1.975216e-01, -6.979923e-02
	 1.449785e-01, -1.173539e-01
	 2.027704e-01, -7.431895e-02
	-7.260497e-02, -3.850855e-01
	-5.475662e-02, -3.764376e-01
	-8.230210e-02, -4.195603e-01
	-7.198209e-02, -4.353622e-01
	-4.104341e-02, -4.279363e-01
	-3.384215e-02, -4.067219e-01
	-2.541009e-01, -2.491945e-01
	-2.735772e-01, -2.710692e-01
	-2.556419e-01, -2.137590e-01
	-3.136862e-01, -2.080898e-01
	-2.995217e-01, -1.976698e-01
	-3.067123e-01, -2.539934e-01
	-2.807432e-01, -1.971036e-01
	 6.129865e-02,  1.367853e-01
	 4.999876e-02,  9.033561e-02
	-1.536677e-01, -1.269173e-01
	-1.902866e-01, -1.583435e-01
	-1.607095e-01, -1.031861e-01
	-2.114353e-01, -1.133575e-01
	-2.073640e-01, -1.007072e-01
	-1.996051e-01, -9.534524e-02
	 7.667034e-02,  3.990376e-01
	 8.262438e-02,  4.022889e-01
	 1.203288e-01,  3.840544e-01
	 6.556053e-02,  3.526399e-01
	 8.779975e-02,  3.299964e-01
	 1.274498e-01,  3.542732e-01
	 1.410946e-01,  2.930071e-01
	 1.376410e-01,  2.899391e-01
	 1.388741e-01,  3.462375e-01
	 8.404851e-02,  3.027030e-01
	 1.057489e-01,  2.868069e-01
	-1.321785e-01, -2.729828e-01
	-1.563323e-01, -2.299833e-01
	-1.659715e-01, -2.920612e-01
	-1.854882e-01, -2.679282e-01
	-1.675119e-01, -2.306507e-01
	 3.702079e-01, -1.624314e-01
	 3.545326e-01, -2.035975e-01
	 3.331696e-01, -1.557175e-01
	 3.258117e-01, -1.963829e-01
	 3.176207e-01, -1.748611e-01
	-1.020764e-01, -3.238645e-02
	-1.221807e-01, -7.045092e-03
	-1.180847e-01,  1.284907e-02
	-8.973004e-02,  3.547103e-02
	-5.182670e-02,  1.685064e-02
	-4.513273e-02, -9.911365e-05
	 1.074712e-03, -8.776656e-02
	-2.456770e-02, -4.683453e-02
	-3.491155e-02, -1.170719e-01
	-2.544687e-02, -4.649212e-02
	-5.398294e-02, -7.134341e-02
	-4.051487e-01, -4.207977e-01
	-4.321189e-01, -4.276114e-01
	-3.984975e-01, -3.785732e-01
	-4.570631e-01, -3.913430e-01
	-4.126405e-01, -3.736660e-01
	-4.570776e-01, -3.995860e-01
	-4.167277e-01, -5.160919e-02
	-4.335862e-01, -1.053999e-02
	-3.935105e-01,  5.628562e-03
	-4.309345e-01, -6.148905e-03
	-3.879851e-01,  2.859281e-03
	 3.390833e-01, -5.607617e-02
	 3.925749e-01, -7.200476e-02
	 3.497438e-01, -1.747205e-02
	 3.977899e-01, -2.051835e-02
	 3.760824e-01, -7.703636e-03
	 4.055356e-01, -5.322820e-02
	-1.020031e-01, -3.483449e-02
	-1.408411e-01, -7.448643e-02
	-1.772400e-01, -4.207773e-02
	-1.624321e-01, -1.568700e-02
	-2.813508e-02, -4.740363e-01
	-2.054433e-02, -4.497645e-01
	-5.128725e-02, -4.804710e-01
	-7.894766e-02, -4.594434e-01
	 9.940295e-02, -8.982557e-02
	 1.461844e-01, -6.226005e-02
	 1.096324e-01, -6.987875e-02
	 5.000000e-01, -1.839388e-02
	 4.684739e-01, -1.528696e-02
	 5.000000e-01,  3.484172e-02
	 4.793611e-01,  3.427699e-02
	 4.608256e-01,  1.913738e-03
	 3.032231e-01,  1.859579e-01
	 2.537832e-01,  2.238117e-01
	 3.744927e-01,  2.327222e-02
	 4.079564e-01,  5.174292e-02
	 3.349480e-01,  4.542311e-02
	 3.522445e-01,  8.045470e-02
	 3.937247e-01,  8.067680e-02
	-2.172901e-01, -3.212729e-01
	-2.574385e-01, -3.409019e-01
	-2.245143e-01, -2.974392e-01
	-2.712404e-01, -2.819986e-01
	-2.855403e-01, -3.140700e-01
	 2.809925e-01, -2.729542e-01
	 2.577588e-01, -2.276465e-01
	 3.081097e-01, -2.651347e-01
	 2.659731e-01, -2.098301e-01
	 3.058402e-01, -2.180741e-01
	 3.174467e-01, -2.466470e-01
	 1.424083e-01,  5.501308e-02
	 1.418001e-01,  5.339984e-02
	 1.192771e-01,  1.031345e-01
	 7.682969e-02,  7.573519e-02
	 9.608668e-02,  3.252722e-02
	-2.218681e-01, -2.505918e-01
	-2.118746e-01, -2.280660e-01
	-2.333476e-01, -2.066613e-01
	 3.701647e-01, -3.138952e-01
	 3.585707e-01, -3.440156e-01
	 3.346822e-01, -3.526099e-01
	 3.492814e-01, -2.922052e-01
	 3.366456e-01, -2.925887e-01
	 3.081342e-01, -3.253055e-01
	 2.845423e-01, -1.686227e-01
	 2.651873e-01, -2.065940e-01
	-8.618880e-02,  4.712451e-01
	-6.958463e-02,  4.494911e-01
	-8.128789e-02,  5.000000e-01
	-2.045859e-02,  5.000000e-01
	-3.815873e-02,  4.554748e-01
	 5.000000e-01,  4.360914e-01
	 4.755353e-01,  4.350640e-01
	 5.000000e-01,  4.784159e-01
	 4.826079e-01,  4.821816e-01
	 4.567490e-01,  4.551549e-01
	 4.567426e-01,  4.550531e-01
	-4.070166e-01, -1.042970e-01
	-4.149042e-01, -1.061677e-01
	-4.503396e-01, -7.813815e-02
	-1.501474e-01,  2.295624e-01
	-1.494208e-01,  2.489109e-01
	-2.029250e-01,  1.965595e-01
	-2.148842e-01,  2.444059e-01
	-1.995104e-01,  2.619839e-01
	-3.523852e-01, -9.676097e-02
	-3.756080e-01, -1.260646e-01
	-1.373294e-01,  2.602238e-01
	-8.708481e-02,  2.511541e-01
	-1.061693e-01,  3.080075e-01
	-9.908186e-02,  3.090476e-01
	-8.890719e-02,  3.024747e-01
	 4.256607e-01,  5.000000e-01
	 4.778145e-01,  5.000000e-01
	 2.595997e-01,  3.734868e-01
	 2.466480e-01,  3.626445e-01
	 2.615220e-01,  4.191990e-01
	 2.231899e-01,  4.308090e-01
	 2.295538e-01,  4.339107e-01
	 2.093252e-01,  3.969474e-01
	 9.375992e-02, -3.198480e-02
	 1.035248e-01, -7.994965e-03
	 4.576716e-02, -5.269471e-02
	 3.520576e-02, -1.798635e-03
	 4.870867e-02,  8.757370e-03
	 3.323175e-02, -3.477382e-02
	 9.000751e-02,  1.056081e-02
	-3.297915e-01,  1.021747e-01
	-3.605457e-01,  1.146869e-01
	-3.570185e-01,  1.632061e-01
	 2.166211e-01, -1.743752e-01
	 2.103663e-01, -1.753799e-01
	 2.330860e-01, -2.415775e-01
	 1.923788e-01, -2.306620e-01
	 1.932376e-01, -1.951023e-01
	-2.247155e-01,  3.181443e-01
	-2.591940e-01,  3.456621e-01
	-2.254197e-01,  2.981666e-01
	-2.798704e-01,  3.200314e-01
	-2.761856e-01,  2.955374e-01
	-2.520995e-01,  2.847141e-01
	-4.287820e-01, -1.351029e-01
	-4.704367e-01, -1.370393e-01
	-4.711465e-01, -1.364302e-01
	-4.582147e-01, -7.838591e-02
	-1.807229e-01,  3.731655e-01
	-1.905074e-01,  3.609528e-01
	-1.835368e-01,  4.171644e-01
	-2.165981e-01,  4.219075e-01
	-2.337609e-01,  3.754253e-01
	-2.356730e-01,  3.981442e-01
	 2.313669e-01, -1.013801e-02
	 2.792473e-01, -3.743862e-04
	 2.229147e-01,  3.101857e-02
	 2.238624e-01,  3.203599e-02
	 2.618340e-01,  3.449228e-02
	 7.190145e-02,  1.881372e-01
	 7.261371e-02,  1.875702e-01
	 2.216784e-02,  1.903625e-01
	 7.156084e-02,  1.437253e-01
	-4.536018e-01,  2.969401e-01
	-5.000000e-01,  3.330322e-01
	-5.000000e-01,  2.636012e-01
	-4.763568e-01,  2.601634e-01
	-4.770497e-01, -3.693675e-01
	-5.000000e-01, -3.709450e-01
	-5.000000e-01, -4.332535e-01
	-4.895656e-01, -4.347843e-01
	-1.002399e-01, -9.869879e-02
	-1.406348e-01, -7.642739e-02
	-7.772340e-02, -6.934782e-02
	 4.091636e-01,  3.001641e-01
	 3.830231e-01,  3.219420e-01
	 4.409568e-01,  3.287636e-01
	-4.571943e-01,  1.222768e-01
	-4.685311e-01,  1.134645e-01
	-4.678075e-01,  1.608073e-01
	-5.000000e-01,  1.662326e-01
	-5.000000e-01,  1.153454e-01
	-1.221946e-01,  4.657153e-01
	 1.788473e-01,  6.863986e-02
	 1.920154e-01,  3.221654e-02
	 1.635410e-01,  6.766426e-03
	 2.304455e-01,  2.568247e-01
	 2.341170e-01,  2.702887e-01
	 2.726064e-01,  2.803012e-01
	-1.990056e-01,  1.193879e-01
	-2.094306e-01,  1.471994e-01
	-1.615411e-01,  1.230967e-01
	-1.955107e-01,  1.767716e-01
	-1.494657e-01,  1.643864e-01
	-3.679334e-01, -3.412193e-01
	-3.856784e-01, -3.122065e-01
	-3.198043e-01, -3.326923e-01
	-3.158614e-01, -3.253054e-01
	-3.526977e-01, -2.734149e-01
	-3.412464e-01, -2.763682e-01
	-2.094833e-01, -2.702049e-01
	-2.996374e-01, -4.618533e-01
	-3.170747e-01, -4.694836e-01
	-2.661285e-01, -4.877015e-01
	-2.654999e-01, -5.000000e-01
	-3.166902e-01, -5.000000e-01
	-1.974867e-01, -4.079142e-01
	-2.011254e-01, -3.858237e-01
	-1.366784e-01, -4.213848e-01
	-1.268663e-01, -3.971272e-01
	-1.275236e-01, -4.098835e-01
	-1.543495e-01, -3.681501e-01
	-1.952739e-01, -3.759353e-01
	 2.992742e-01,  4.696494e-01
	 2.794850e-01,  4.588262e-01
	 2.463880e-01,  4.731937e-01
	 2.557011e-01,  5.000000e-01
	 2.937756e-01,  5.000000e-01
	 1.901250e-01, -2.328984e-01
	 1.848146e-01, -2.644893e-01
	 1.487909e-01, -2.849092e-01
	 1.383177e-01, -2.813438e-01
	-3.866808e-01, -4.415185e-01
	 3.557801e-01,  3.142590e-01
	 3.462305e-01,  3.548298e-01
	 2.668201e-01, -6.466163e-02
	 2.725084e-01, -7.791610e-02
	 2.409139e-01, -5.508655e-02
	 2.499433e-01, -1.208866e-01
	-9.696155e-02, -1.266112e-01
	-1.349678e-01, -1.377375e-01
	 3.729138e-02, -3.539885e-01
	 1.611028e-02, -3.794141e-01
	 6.340755e-02, -3.552864e-01
	 8.563553e-02, -3.791102e-01
	 6.672147e-02, -4.083774e-01
	 4.950402e-02, -4.119948e-01
	 1.607352e-02, -3.859996e-01
	 3.760077e-01, -3.931322e-01
	 3.861682e-01, -3.768905e-01
	 2.680272e-01, -3.537834e-01
	 2.192214e-01, -3.790300e-01
	 2.693720e-01, -3.412861e-01
	 2.148520e-01, -3.114900e-01
	 2.100460e-01, -3.764382e-01
	 1.939657e-01, -3.308323e-01
	-3.070370e-01,  2.603594e-01
	-3.338795e-01,  2.457380e-01
	-3.047973e-01,  2.717993e-01
	-3.590765e-01,  2.531486e-01
	-3.689031e-01,  2.813387e-01
	-3.335940e-01,  3.062128e-01
	-3.426305e-01,  3.069215e-01
	-4.188227e-01,  6.273951e-02
	-4.454372e-01,  5.407391e-02
	-4.256287e-01,  1.203536e-01
	-4.657375e-01,  7.103422e-02
	-3.793984e-01,  1.053364e-01
	-4.187128e-01,  1.247898e-01
	-3.890533e-01,  6.618929e-02
	-4.049764e-01,  5.890337e-02
	-9.127167e-02,  2.022005e-01
	-1.342298e-01,  2.059724e-01
	-8.302725e-02,  2.107625e-01
	-1.423895e-01,  2.583085e-01
	-8.481790e-02,  2.487845e-01
	-3.312431e-01, -2.445161e-02
	-3.584149e-01,  1.518271e-02
	-3.331872e-01, -1.112881e-03
	-3.371051e-01,  3.613325e-01
	-3.573065e-01,  3.806274e-01
	-3.581166e-01,  3.317842e-01
	-3.928301e-01,  3.371916e-01
	 4.199112e-01, -3.465173e-01
	 4.079542e-01, -3.724622e-01
	 4.007333e-01, -3.082815e-01
	-3.114910e-01,  3.268724e-01
	-3.248470e-01,  3.608656e-01
	-7.783527e-02,  4.160724e-01
	-1.372771e-01,  4.221271e-01
	-1.248316e-01,  4.097154e-01
	-2.820181e-01,  4.354437e-01
	-3.236781e-01,  4.314074e-01
	-2.740566e-01,  4.068689e-01
	-3.277642e-01,  4.217431e-01
	-3.020052e-01,  3.807278e-01
	-2.933853e-01,  3.810805e-01
	 8.668514e-02, -3.167065e-01
	 2.247146e-02, -3.112580e-01
	 1.368295e-01,  1.808871e-01
	 1.193137e-01,  1.957711e-01
	 1.203979e-01,  2.303131e-01
	 1.469214e-01,  2.471167e-01
	 1.804432e-01,  2.380358e-01
	 1.869297e-01,  2.309057e-01
	 1.539038e-01,  1.800000e-01
	 1.001257e-01,  2.473165e-01
	-2.591517e-01,  3.476521e-01
	-4.772517e-01, -4.027424e-02
	-4.641593e-01, -7.451983e-02
	-4.682983e-01, -2.127921e-02
	 1.913234e-02,  3.540733e-01
	-2.443841e-02,  3.575556e-01
	-2.268885e-02,  3.938386e-01
	-1.818675e-01,  1.533946e-02
	-2.154735e-01,  3.848613e-03
	-2.063139e-01, -3.874724e-02
	-1.904482e-01, -4.621118e-02
	 4.667842e-01,  6.351070e-02
	 4.084736e-01,  5.145232e-02
	 4.308323e-01,  8.507923e-03
	 2.837025e-01, -3.248413e-01
	 2.367335e-01, -2.828263e-01
	 2.175523e-01, -2.994750e-01
	 2.734261e-01, -2.841180e-01
	-4.400394e-01,  1.897363e-01
	-5.000000e-01,  2.060930e-01
	-4.673237e-01,  2.199746e-01
	-1.409857e-01, -1.746108e-01
	-1.912541e-01, -1.646162e-01
	-4.522899e-01,  3.711072e-02
	-4.985486e-01,  1.613392e-02
	-5.000000e-01,  6.499198e-02
	-5.000000e-01,  1.642433e-02
	 2.729762e-01,  7.749852e-02
	 2.533051e-01,  8.912285e-02
	-2.381780e-01, -4.565660e-01
	-2.404249e-01, -4.385219e-01
	-2.724894e-01, -4.146706e-01
	-2.888207e-01, -4.217288e-01
	 5.000000e-01, -4.246581e-01
	 4.755942e-01, -4.240909e-01
	 4.511244e-01, -3.899704e-01
	 4.658722e-01, -3.661884e-01
	 5.000000e-01, -3.619318e-01
	-3.018051e-02,  2.590955e-01
	-1.850684e-02,  2.402230e-01
	-4.451633e-02,  2.050914e-01
	-4.709407e-01, -4.640255e-01
	-5.000000e-01, -4.845672e-01
	-3.504431e-01,  5.153300e-02
	 2.275168e-01, -1.609021e-02
	 2.892813e-01, -5.314931e-03
	 2.909288e-01, -2.898394e-02
	-4.152321e-01, -2.291870e-01
	-4.637971e-01, -2.331557e-01
	-4.106507e-01, -2.162814e-01
	-4.265992e-01, -1.805084e-01
	-4.592915e-01, -1.784701e-01
	-4.791513e-01, -2.006110e-01
	-3.574305e-01, -4.426482e-01
	-3.397913e-01, -4.055629e-01
	-3.502427e-01, -4.567563e-01
	-3.330601e-01, -4.033560e-01
	 1.743764e-01, -4.049892e-01
	 1.712570e-01, -3.294752e-01
	 1.471477e-01, -3.469422e-01
	 1.597375e-01, -4.017885e-01
	 1.633497e-01, -4.047769e-01
	-4.142594e-01, -1.607426e-01
	-3.626430e-01, -2.589565e-01
	-4.086311e-01, -2.489148e-01
	-4.265072e-01, -2.824846e-01
	-4.170104e-01, -3.058145e-01
	 2.760495e-01,  6.843468e-02
	 3.275744e-01,  4.113514e-02
	 3.140772e-01,  7.995470e-03
	-9.217014e-02,  6.111490e-02
	-1.340238e-01,  8.299690e-02
	-1.490994e-01,  4.022999e-02
	 4.130561e-01, -2.930077e-01
	-3.878534e-01,  2.224632e-01
	-4.189546e-01,  2.532968e-01
	-4.174482e-01,  2.776052e-01
	-3.976378e-01,  2.241974e-01
	-3.968012e-01,  2.896025e-01
	-2.722678e-01,  6.092381e-02
	-2.970935e-01,  3.994745e-02
	-3.359966e-01,  5.831337e-02
	-4.644196e-01,  2.351857e-01
	 1.364646e-02,  2.317144e-01
	 3.216775e-01, -1.159285e-01
	 3.249761e-01, -1.078097e-01
	 2.738906e-01, -1.426245e-01
	 3.177683e-01, -8.773995e-02
	 2.539524e-01, -1.318917e-01
	-2.023533e-01,  2.816962e-01
	-1.706149e-01,  3.048059e-01
	 4.478491e-01, -3.422652e-01
	 4.558906e-01, -3.169242e-01
	 4.361282e-01, -2.917430e-01
	-2.565501e-01,  2.325410e-01
	-2.456454e-01,  2.444676e-01
	-2.373460e-01,  1.980535e-01
	-2.030751e-01,  1.961943e-01
	-9.493090e-02, -2.170780e-01
	-5.898618e-02, -2.146960e-01
	-9.458132e-02, -2.575363e-01
	-5.011754e-02, -2.795992e-01
	-6.092356e-02, -2.820174e-01
	-4.624542e-02, -2.737630e-01
	-4.092236e-01,  1.569775e-01
	-4.374360e-01,  1.894400e-01
	-3.636983e-01,  1.707497e-01
	-3.632394e-01,  1.924094e-01
	-1.773446e-01,  3.344658e-02
	 2.419981e-01, -4.148073e-01
	 2.362978e-01, -4.277192e-01
	 2.020789e-01, -4.360990e-01
	-3.559901e-01,  4.056987e-01
	-3.895534e-01,  4.252949e-01
	-2.982472e-01, -4.908272e-02
	-3.176095e-01, -6.813492e-02
	-3.043879e-01, -3.226252e-02
	-1.791284e-01, -2.232111e-01
	-1.918663e-01, -1.653391e-01
	-2.225045e-01, -1.741265e-01
	-1.229414e-01, -2.015376e-01
	-1.153049e-01, -2.019865e-01
	-7.794147e-02, -1.415981e-01
	-7.805699e-02, -1.476876e-01
	-1.042076e-01, -3.748921e-01
	 3.984374e-01,  2.339410e-01
	 3.761904e-01,  2.662486e-01
	 3.684914e-01,  1.918441e-01
	 3.695520e-01,  2.677593e-01
	 3.684852e-01,  1.918413e-01
	-1.486436e-01,  1.647785e-01
	 5.000000e-01,  8.881791e-02
	 4.735134e-01,  8.450600e-02
	 4.466077e-01, -4.481371e-01
	 4.184925e-01, -4.356723e-01
	 4.314977e-01, -3.935115e-01
	-1.901216e-01,  5.043887e-02
	-2.347019e-01,  4.717515e-02
	-2.323209e-01,  1.379422e-02
	 4.104241e-02,  2.515527e-01
	-2.636773e-02,  2.978825e-01
	 2.468565e-02,  3.054761e-01
	 4.376521e-02,  2.880025e-01
	 1.964297e-01, -5.000000e-01
	 1.950811e-01, -4.728891e-01
	 2.340936e-01, -4.799206e-01
	 2.354642e-01, -5.000000e-01
	 3.243611e-01,  3.033190e-01
	 3.003937e-01,  3.140579e-01
	 3.534196e-01,  3.111278e-01
	 3.154704e-01,  3.666317e-01
	-4.594982e-02, -2.032662e-01
	-4.412373e-02, -1.958485e-01
	-4.561714e-01,  3.976594e-01
	-5.000000e-01,  4.200499e-01
	 2.872790e-02,  3.423873e-01
	 5.049516e-03,  1.179610e-02
	 3.738777e-02,  5.399097e-02
	 1.868545e-03,  4.784973e-02
	-3.687141e-01, -5.000000e-01
	 1.625350e-01,  4.515664e-01
	 1.742038e-01,  4.561735e-01
	 1.277861e-01,  4.995958e-01
	 1.278025e-01,  5.000000e-01
	 1.959945e-01,  5.000000e-01
	 1.965817e-01,  4.962643e-01
	 2.415155e-01,  4.705480e-01
	-9.082041e-02,  3.554619e-01
	-1.321034e-01,  3.668463e-01
	-1.298449e-01,  3.686030e-01
	-1.409278e-01,  3.294009e-01
	 4.042315e-01,  1.263441e-01
	 4.063899e-01,  1.043368e-01
	 3.653524e-01,  1.521980e-01
	 9.230370e-02, -4.691571e-01
	 1.021126e-01, -5.000000e-01
	 2.551144e-02, -5.000000e-01
	 4.100358e-02, -4.669647e-01
	-2.832990e-01, -9.000086e-04
	-2.972650e-01,  1.849738e-02
	 2.829321e-01, -4.644625e-01
	 2.544902e-01, -4.614200e-01
	 6.299005e-02,  5.000000e-01
	 6.941069e-02,  4.615495e-01
	 9.409350e-02,  4.522213e-01
	 8.815265e-02,  4.495167e-01
	-3.624398e-02, -1.228906e-01
	-4.552288e-03, -2.524112e-01
	-2.733166e-04, -2.359040e-01
	 2.997979e-02, -2.105792e-01
	 4.069010e-02, -2.152725e-01
	 3.222827e-01,  4.619059e-01
	 3.494610e-01,  5.000000e-01
	 3.494869e-01,  4.970241e-01
	 1.098986e-01, -3.228565e-01
	 1.238463e-01, -3.425505e-01
	 3.109142e-01,  3.748336e-01
	 3.186305e-01,  4.074840e-01
	 3.325443e-01,  4.193201e-01
	-3.584934e-02,  3.083370e-01
	-3.667840e-02,  3.447116e-01
	-7.612264e-02,  3.636234e-01
	-4.392400e-01,  5.000000e-01
	-4.480864e-01,  4.662490e-01
	-5.000000e-01,  5.000000e-01
	-5.000000e-01,  4.578047e-01
	-1.826752e-01,  7.855725e-02
	-1.379677e-01,  9.109298e-02
	 2.337875e-01,  3.397903e-01
	 2.419527e-01,  3.445882e-01
	 1.836363e-01,  3.450081e-01
	 1.874922e-01,  3.889490e-01
	 1.799196e-01,  3.486837e-01
	 4.610622e-01,  1.972139e-01
	 4.308610e-01,  2.034260e-01
	 4.676549e-01,  1.516301e-01
	 4.158863e-01,  1.860894e-01
	 4.303313e-01,  1.508026e-01
	 4.652229e-01,  1.497148e-01
	-3.546445e-01, -1.990971e-01
	-3.711613e-01, -1.523928e-01
	-3.644441e-01, -1.576929e-01
	-2.832909e-01,  2.304109e-01
	 5.813023e-03,  5.000000e-01
	 2.097913e-02,  4.507604e-01
	-3.815077e-01, -3.729267e-01
	-4.331765e-01, -3.299499e-01
	 1.211945e-01,  1.082259e-01
	 1.687527e-01,  1.150365e-01
	 1.861377e-01,  8.166597e-02
	 1.792711e-01,  1.087400e-01
	 3.352300e-01,  4.371578e-01
	 3.771300e-01,  4.599666e-01
	-1.062102e-01,  1.202296e-01
	-1.377786e-01,  9.291042e-02
	-1.155172e-01,  1.542219e-01
	-3.505304e-01,  5.000000e-01
	-3.524732e-01,  4.724563e-01
	-4.090349e-01,  5.000000e-01
	-3.868330e-01,  4.615951e-01
	-1.087423e-01, -3.452879e-01
	-7.890687e-02, -3.345921e-01
	-4.802366e-02, -3.589331e-01
	-2.525710e-01, -5.328651e-02
	-2.647834e-01, -6.435645e-03
	 5.000000e-01,  3.913327e-01
	 4.730037e-01,  4.068408e-01
	-3.369923e-01,  4.635228e-01
	-3.942458e-01,  4.481029e-01
	 4.614162e-01,  1.008421e-01
	 1.899454e-02, -8.960210e-02
	 4.581207e-02, -5.883001e-02
	 5.000000e-01,  5.000000e-01
	 4.508959e-01,  2.599687e-01
	 4.430746e-01,  2.584585e-01
	 4.629956e-01,  3.107848e-01
	 4.090348e-01,  2.897221e-01
	-3.314445e-01,  2.134849e-01
	-2.993368e-01,  2.036134e-01
	-1.905661e-01, -4.581858e-01
	-1.994560e-01, -4.124143e-01
	-2.110013e-01, -4.709297e-01
	 1.610538e-01, -2.498949e-03
	 1.986013e-01, -2.555159e-02
	 6.382500e-02,  2.378368e-01
	 8.311921e-02, -9.614013e-02
	-2.496165e-01, -1.579684e-01
	-2.560148e-01, -1.375433e-01
	-2.470862e-01,  6.054333e-02
	-3.044461e-01,  4.851061e-01
	-3.056961e-01,  5.000000e-01
	 2.254406e-01,  7.122967e-02
	-2.638442e-01,  5.000000e-01
	-2.657818e-01,  4.671263e-01
	-5.000000e-01, -1.349517e-01
	-5.000000e-01, -1.995962e-01
	-2.340057e-01,  9.412223e-02
	-2.037769e-01,  1.077744e-01
	-5.000000e-01, -8.159087e-02
	 3.811145e-01, -1.569397e-01
	 4.063001e-01, -2.033533e-01
	-2.573523e-01, -6.106901e-02
	 5.000000e-01, -4.778068e-01
	 4.560031e-01, -4.850957e-01
	-1.725832e-01,  4.248265e-01
	-3.874382e-02, -4.514703e-03
	-2.566481e-01, -6.721303e-02
	-4.655128e-01, -3.373840e-01
	-4.885815e-01, -3.097649e-01
	-4.623587e-01, -2.738146e-01
	 2.574366e-02, -1.951648e-01
	-1.192233e-02, -1.711971e-01
	 3.996631e-01, -4.411399e-01
	-9.046297e-02,  1.712457e-01
	-1.688214e-01, -3.124095e-01
	-2.029704e-01, -3.297175e-01
	-2.402514e-02,  6.812115e-02
	-7.436037e-02,  7.876780e-02
	-7.894541e-02,  1.166494e-01
	 1.461420e-01, -4.470785e-01
	 1.010599e-01, -4.534898e-01
	 1.159131e-01, -4.021983e-01
	 9.837353e-02, -4.392799e-01
	 5.000000e-01,  3.154355e-01
	 5.000000e-01,  2.614620e-01
	 4.631638e-01,  2.534752e-01
	 1.938343e-01, -4.715199e-01
	 1.662022e-01, -4.724157e-01
	 1.547361e-01,  4.106985e-01
	 4.379241e-01, -1.855834e-01
	 4.404955e-01, -1.560940e-01
	 4.226782e-01, -1.419019e-01
	 3.870179e-01, -1.464375e-01
	 4.924611e-01, -6.787795e-02
	 4.558443e-01, -8.853476e-02
	 4.651401e-01, -2.973660e-02
	 4.354678e-01, -5.430953e-02
	 4.105470e-01,  4.193644e-01
	 2.160340e-01,  2.928231e-01
	 2.840171e-01,  3.089650e-01
	 5.531015e-02,  8.126764e-02
	 1.117752e-01,  1.280294e-01
	 3.928731e-01, -7.857000e-02
	 3.741737e-01, -1.109395e-01
	 3.303696e-01, -6.077311e-02
	-1.275078e-01, -2.745215e-01
	-1.125587e-01, -3.023033e-01
	-7.636346e-02, -2.989069e-01
	-2.805025e-02, -3.473264e-01
	-1.939401e-02, -3.216561e-01
	-6.948247e-02,  4.030097e-01
	-2.124119e-01, -5.000000e-01
	 1.450867e-01, -1.267730e-02
	-3.086155e-01, -1.410962e-01
	-2.600531e-01, -1.349184e-01
	 1.516845e-01, -5.000000e-01
	 9.486421e-02, -3.788558e-01
	 1.814661e-01,  2.931985e-01
	 1.823677e-01,  2.938799e-01
	 1.889429e-01,  2.306449e-01
	 1.556499e-01,  4.420373e-01
	 5.000000e-01, -3.087968e-01
	-1.207810e-02, -1.483201e-01
	 3.470735e-03, -4.009023e-01
	 5.000000e-01, -2.775268e-01
	 4.602217e-01, -2.654510e-01
	 5.000000e-01, -2.237809e-01
	 4.676941e-01, -2.112540e-01
	 4.509322e-01, -2.354532e-01
	-2.631735e-01,  4.623580e-01
	-2.359005e-01,  4.574833e-01
	 7.669068e-02, -1.095532e-01
	 3.471804e-02, -1.205185e-01
	 5.000000e-01,  3.667229e-01
	-9.502122e-03, -5.000000e-01
	 6.805889e-03, -4.405317e-01
	 3.340184e-02, -4.527139e-01
	 2.969526e-01, -5.000000e-01
	 3.460908e-01, -4.552422e-01
	 2.952783e-01, -4.770887e-01
	 4.213444e-01,  2.344285e-01
	 4.790220e-01,  2.145920e-01
	-2.733079e-01, -9.732881e-02
	-3.133375e-01, -1.028773e-01
	 4.212774e-01,  5.000000e-01
	 3.879600e-01,  4.574153e-01
	-1.681748e-01,  3.183763e-01
	-1.892971e-01,  3.388017e-01
	-1.372100e-01, -3.354882e-01
	-1.256992e-01, -3.335347e-01
	 2.751570e-01,  4.258070e-01
	-4.726856e-01, -2.543421e-01
	-5.000000e-01, -2.550243e-01
	-5.000000e-01, -3.090423e-01
	-5.000000e-01, -3.912292e-02
	 2.978467e-02, -1.364496e-01
	 4.320212e-02, -1.585341e-01
	 4.496990e-01, -5.000000e-01
	 4.675761e-01, -2.100527e-01
	-5.564586e-02, -5.000000e-01
	 5.000000e-01, -1.176551e-01
	 4.707293e-01, -1.227367e-01
	 5.000000e-01, -6.934245e-02
	 4.518938e-01, -1.012688e-01
	-5.000000e-01, -5.000000e-01
	 1.678643e-01,  1.666231e-01
	-2.376445e-02,  6.710950e-02
	-4.342295e-01,  4.482512e-01
	 4.358961e-01, -1.069139e-01
	-3.115409e-01, -3.592572e-01
	-2.617106e-01, -3.760423e-01
	-2.607006e-01, -3.780765e-01
	 5.000000e-01,  1.534633e-01
	 5.000000e-01,  2.118503e-01
	 5.000000e-01, -1.695033e-01
	 4.668050e-01, -1.462133e-01
	-3.489309e-01, -2.039206e-01
	-3.130532e-01, -1.375618e-01
	 5.000000e-01, -1.700232e-01
	-3.153416e-01, -1.054779e-01
	 5.000000e-01, -5.000000e-01
Mesh Facets: 1255
	18, 20
	26, 24
	0, 1
	52, 50
	78, 76
	37, 38
	134, 135
	30, 31
	151, 152
	112, 113
	107, 105
	192, 190
	12, 7
	71, 69
	115, 117
	211, 210
	149, 150
	231, 232
	236, 234
	30, 32
	30, 168
	32, 28
	240, 32
	255, 256
	237, 238
	60, 57
	228, 210
	210, 208
	241, 242
	37, 39
	37, 122
	95, 94
	305, 304
	165, 167
	309, 308
	180, 179
	16, 17
	12, 10
	12, 195
	89, 85
	321, 320
	231, 229
	50, 231
	50, 51
	214, 213
	71, 196
	72, 71
	204, 205
	116, 115
	218, 115
	344, 345
	356, 357
	5, 2
	77, 75
	163, 162
	87, 89
	89, 315
	108, 102
	312, 311
	124, 126
	223, 222
	47, 45
	318, 317
	395, 393
	243, 244
	251, 250
	29, 31
	31, 172
	93, 96
	221, 222
	379, 222
	411, 409
	392, 391
	230, 229
	322, 229
	209, 212
	62, 63
	225, 224
	371, 373
	80, 79
	432, 431
	140, 137
	426, 423
	293, 292
	168, 242
	168, 169
	287, 242
	98, 97
	182, 181
	193, 194
	382, 383
	319, 320
	320, 456
	124, 370
	125, 124
	463, 462
	394, 396
	11, 10
	10, 17
	17, 14
	343, 341
	474, 470
	405, 403
	309, 310
	479, 309
	400, 399
	172, 407
	172, 170
	294, 295
	365, 367
	341, 469
	341, 342
	385, 384
	487, 488
	284, 285
	338, 335
	482, 295
	295, 298
	154, 153
	224, 221
	224, 63
	63, 67
	221, 415
	390, 389
	270, 57
	57, 55
	305, 306
	456, 305
	457, 456
	301, 39
	39, 40
	477, 476
	368, 366
	404, 244
	244, 247
	385, 495
	383, 385
	359, 360
	453, 383
	415, 510
	413, 415
	245, 246
	514, 511
	152, 153
	152, 182
	509, 153
	182, 444
	494, 384
	384, 381
	410, 93
	93, 91
	29, 406
	27, 29
	175, 177
	506, 505
	197, 199
	220, 219
	370, 369
	458, 370
	350, 349
	109, 111
	70, 68
	227, 228
	525, 523
	228, 273
	534, 245
	245, 243
	402, 243
	333, 332
	192, 193
	568, 192
	448, 193
	472, 471
	444, 445
	444, 545
	520, 476
	476, 475
	583, 580
	364, 363
	535, 536
	558, 560
	304, 591
	95, 304
	92, 95
	133, 130
	99, 97
	97, 441
	266, 267
	596, 78
	362, 77
	490, 492
	77, 78
	600, 601
	261, 260
	598, 602
	253, 252
	15, 13
	201, 200
	612, 613
	406, 408
	553, 406
	281, 282
	391, 416
	391, 388
	46, 49
	546, 547
	600, 599
	619, 600
	311, 313
	159, 161
	369, 311
	559, 369
	83, 82
	353, 357
	357, 629
	361, 360
	360, 495
	495, 496
	460, 394
	393, 400
	400, 170
	170, 171
	394, 393
	364, 587
	364, 87
	88, 87
	254, 253
	253, 604
	396, 462
	396, 318
	321, 318
	462, 321
	641, 639
	642, 641
	509, 508
	509, 545
	545, 573
	262, 258
	64, 62
	62, 212
	211, 149
	211, 212
	149, 147
	486, 487
	499, 487
	386, 388
	388, 282
	282, 283
	531, 532
	660, 619
	619, 620
	503, 335
	335, 334
	164, 166
	554, 555
	459, 458
	142, 145
	458, 557
	215, 213
	323, 213
	628, 630
	608, 610
	566, 564
	654, 653
	331, 333
	333, 567
	449, 450
	198, 197
	197, 177
	176, 177
	412, 96
	96, 94
	303, 94
	515, 513
	675, 673
	109, 110
	109, 561
	169, 171
	169, 440
	461, 460
	460, 171
	446, 445
	575, 445
	234, 682
	235, 234
	674, 676
	549, 550
	422, 424
	449, 198
	449, 448
	198, 201
	569, 448
	609, 201
	603, 602
	601, 602
	601, 356
	356, 355
	158, 157
	268, 265
	236, 237
	689, 236
	256, 237
	256, 689
	314, 316
	386, 387
	386, 659
	466, 467
	294, 481
	296, 294
	324, 325
	436, 140
	139, 140
	576, 579
	686, 609
	654, 608
	654, 655
	609, 608
	299, 301
	576, 701
	520, 576
	301, 520
	189, 187
	688, 265
	263, 265
	556, 555
	127, 125
	125, 459
	459, 555
	681, 575
	517, 516
	615, 616
	575, 574
	673, 674
	673, 707
	684, 674
	297, 296
	666, 323
	324, 323
	324, 296
	148, 150
	523, 521
	523, 227
	227, 150
	707, 706
	707, 709
	274, 277
	103, 104
	33, 34
	286, 285
	488, 489
	488, 285
	712, 711
	693, 314
	586, 363
	315, 314
	315, 363
	563, 565
	573, 643
	573, 574
	574, 705
	287, 439
	287, 286
	711, 715
	286, 711
	147, 146
	147, 64
	65, 64
	551, 553
	553, 615
	615, 681
	681, 680
	411, 392
	392, 390
	412, 515
	412, 411
	390, 515
	470, 719
	470, 471
	570, 471
	51, 322
	51, 54
	322, 419
	266, 268
	266, 593
	158, 160
	268, 158
	129, 128
	446, 680
	446, 447
	718, 680
	663, 503
	502, 503
	626, 625
	588, 589
	378, 379
	379, 414
	572, 571
	41, 40
	403, 477
	401, 403
	477, 40
	472, 572
	472, 473
	413, 528
	572, 414
	414, 413
	144, 143
	202, 204
	340, 204
	43, 42
	497, 498
	330, 329
	61, 56
	713, 714
	274, 273
	274, 103
	103, 102
	102, 368
	273, 525
	368, 525
	690, 692
	740, 741
	139, 579
	579, 578
	134, 139
	133, 134
	592, 133
	298, 504
	298, 297
	708, 297
	465, 464
	494, 498
	494, 548
	736, 498
	649, 648
	135, 132
	138, 135
	717, 716
	683, 235
	239, 235
	86, 90
	327, 328
	645, 646
	215, 664
	215, 216
	122, 302
	122, 123
	173, 174
	522, 524
	537, 539
	437, 426
	425, 426
	416, 417
	279, 281
	281, 416
	708, 465
	708, 666
	666, 667
	11, 465
	11, 9
	679, 678
	764, 539
	539, 538
	716, 146
	716, 749
	522, 760
	148, 521
	148, 146
	522, 521
	442, 443
	637, 638
	22, 24
	696, 698
	24, 768
	264, 263
	188, 189
	189, 263
	657, 499
	284, 241
	284, 499
	240, 249
	240, 241
	121, 119
	703, 704
	736, 737
	736, 744
	772, 612
	612, 611
	374, 373
	631, 632
	373, 427
	246, 532
	532, 283
	283, 280
	247, 246
	247, 526
	434, 433
	755, 327
	327, 326
	272, 271
	543, 541
	398, 397
	599, 621
	599, 597
	474, 473
	473, 528
	529, 528
	778, 474
	589, 728
	589, 560
	560, 559
	559, 623
	372, 377
	765, 679
	110, 679
	114, 110
	398, 395
	541, 398
	319, 455
	319, 317
	541, 542
	317, 395
	752, 753
	450, 176
	450, 194
	194, 191
	176, 178
	783, 781
	743, 548
	548, 547
	618, 547
	582, 581
	478, 310
	167, 163
	310, 167
	74, 75
	163, 75
	293, 291
	293, 423
	423, 421
	453, 452
	453, 359
	358, 359
	276, 275
	688, 702
	687, 688
	697, 696
	348, 346
	22, 696
	23, 22
	387, 694
	389, 511
	389, 387
	544, 511
	648, 262
	648, 745
	777, 597
	598, 260
	260, 262
	597, 598
	740, 692
	790, 740
	316, 85
	85, 84
	692, 316
	70, 565
	70, 73
	584, 586
	586, 565
	613, 614
	613, 791
	184, 183
	108, 106
	108, 367
	367, 481
	700, 481
	217, 216
	267, 594
	216, 757
	269, 267
	331, 671
	329, 331
	714, 329
	644, 643
	643, 714
	606, 605
	288, 290
	419, 420
	419, 721
	538, 540
	538, 766
	80, 428
	83, 80
	624, 83
	20, 21
	20, 794
	106, 105
	106, 700
	188, 769
	699, 700
	105, 188
	691, 690
	742, 690
	650, 651
	552, 551
	551, 718
	723, 718
	223, 45
	226, 223
	451, 382
	45, 44
	380, 382
	519, 306
	303, 513
	306, 303
	512, 513
	630, 669
	630, 629
	629, 801
	44, 46
	46, 546
	381, 380
	546, 381
	380, 44
	607, 252
	404, 527
	250, 404
	250, 252
	526, 527
	526, 280
	803, 527
	280, 278
	713, 56
	713, 705
	55, 56
	55, 516
	705, 516
	84, 86
	86, 683
	683, 682
	790, 84
	682, 790
	580, 581
	580, 772
	744, 772
	744, 743
	743, 581
	755, 775
	755, 645
	647, 645
	792, 184
	114, 780
	114, 113
	184, 113
	19, 21
	47, 378
	48, 47
	378, 729
	795, 21
	507, 508
	734, 735
	644, 508
	644, 671
	671, 670
	137, 136
	432, 137
	774, 433
	433, 432
	25, 23
	111, 112
	112, 186
	350, 111
	23, 348
	350, 348
	723, 799
	723, 128
	128, 127
	127, 704
	704, 771
	610, 15
	566, 610
	195, 69
	16, 195
	68, 566
	15, 16
	68, 69
	352, 351
	732, 731
	764, 678
	764, 763
	677, 678
	130, 99
	99, 101
	620, 622
	661, 620
	130, 131
	694, 544
	694, 695
	58, 60
	60, 272
	543, 544
	272, 543
	107, 104
	104, 34
	702, 187
	788, 702
	107, 187
	35, 34
	531, 533
	531, 659
	58, 695
	59, 58
	695, 659
	72, 73
	72, 328
	328, 756
	585, 584
	73, 584
	603, 355
	355, 354
	259, 261
	261, 603
	726, 725
	810, 809
	461, 440
	463, 461
	811, 463
	440, 438
	300, 299
	701, 436
	299, 701
	436, 431
	431, 430
	3, 4
	82, 627
	82, 81
	728, 727
	728, 779
	570, 720
	19, 729
	18, 19
	571, 570
	571, 729
	814, 18
	784, 785
	65, 717
	66, 65
	746, 717
	343, 466
	344, 343
	698, 768
	466, 698
	768, 344
	730, 41
	672, 670
	43, 735
	41, 43
	735, 670
	811, 438
	715, 811
	439, 715
	439, 438
	166, 165
	166, 663
	724, 663
	165, 307
	61, 330
	61, 59
	59, 533
	533, 534
	534, 332
	330, 332
	712, 489
	809, 712
	489, 485
	808, 809
	816, 26
	25, 186
	25, 26
	186, 185
	628, 668
	353, 628
	354, 353
	807, 354
	634, 635
	819, 817
	751, 750
	349, 561
	349, 351
	806, 677
	561, 677
	351, 805
	276, 358
	276, 277
	0, 33
	33, 277
	358, 2
	2, 0
	76, 74
	76, 821
	479, 478
	821, 479
	478, 74
	724, 725
	724, 307
	810, 725
	308, 810
	307, 308
	9, 667
	8, 9
	667, 665
	519, 512
	519, 457
	512, 514
	514, 542
	542, 455
	457, 455
	155, 154
	507, 734
	154, 507
	733, 734
	371, 372
	428, 371
	766, 428
	765, 766
	372, 765
	640, 639
	639, 675
	675, 676
	676, 685
	361, 631
	631, 427
	81, 4
	79, 81
	5, 361
	427, 79
	5, 4
	759, 760
	748, 749
	760, 749
	483, 482
	482, 506
	506, 175
	175, 173
	173, 761
	537, 762
	537, 535
	535, 558
	558, 557
	141, 142
	142, 557
	52, 53
	709, 52
	709, 710
	786, 787
	530, 510
	67, 66
	510, 67
	66, 785
	785, 782
	778, 529
	781, 778
	782, 781
	529, 530
	530, 782
	220, 556
	220, 117
	703, 121
	703, 556
	121, 117
	226, 451
	225, 226
	454, 451
	207, 209
	209, 225
	469, 493
	469, 468
	652, 650
	650, 798
	830, 829
	536, 588
	536, 540
	625, 624
	588, 625
	624, 540
	817, 831
	818, 817
	803, 804
	607, 803
	289, 288
	605, 607
	288, 605
	118, 120
	338, 500
	339, 338
	805, 806
	805, 731
	143, 731
	143, 141
	141, 762
	763, 806
	762, 763
	623, 159
	159, 157
	779, 623
	157, 687
	812, 779
	789, 687
	646, 756
	646, 258
	633, 587
	587, 585
	585, 756
	258, 257
	593, 722
	595, 593
	823, 155
	156, 155
	706, 684
	706, 710
	422, 684
	421, 422
	786, 421
	786, 710
	205, 206
	205, 116
	339, 120
	120, 116
	337, 339
	3, 627
	1, 3
	813, 727
	36, 1
	727, 626
	626, 627
	119, 118
	770, 119
	656, 658
	118, 833
	750, 819
	750, 752
	752, 191
	191, 190
	190, 819
	475, 577
	475, 405
	254, 636
	254, 251
	251, 405
	721, 290
	54, 721
	53, 54
	787, 53
	291, 787
	291, 290
	48, 795
	795, 796
	49, 48
	49, 617
	101, 661
	101, 100
	232, 233
	232, 660
	660, 661
	161, 313
	161, 160
	722, 160
	156, 722
	313, 179
	179, 151
	156, 151
	524, 761
	524, 366
	483, 761
	365, 483
	366, 365
	685, 550
	550, 91
	824, 685
	92, 91
	92, 590
	726, 808
	502, 726
	501, 502
	485, 808
	485, 484
	490, 362
	490, 491
	164, 662
	164, 162
	362, 162
	828, 827
	352, 347
	732, 202
	732, 352
	202, 203
	88, 90
	88, 635
	635, 668
	802, 669
	668, 669
	754, 90
	826, 827
	206, 203
	203, 827
	336, 337
	337, 206
	804, 278
	289, 804
	437, 292
	279, 437
	289, 292
	278, 279
	595, 823
	594, 595
	42, 38
	42, 733
	38, 123
	123, 757
	757, 594
	823, 733
	830, 798
	741, 830
	742, 741
	798, 742
	454, 207
	454, 452
	207, 208
	452, 275
	275, 208
	831, 835
	832, 831
	815, 746
	746, 747
	769, 699
	769, 264
	217, 214
	269, 217
	214, 325
	264, 269
	325, 699
	578, 577
	578, 592
	442, 637
	442, 441
	441, 592
	577, 636
	636, 637
	334, 336
	662, 334
	491, 493
	491, 662
	826, 493
	826, 336
	693, 563
	693, 691
	562, 563
	691, 797
	582, 618
	583, 582
	796, 794
	796, 617
	618, 617
	794, 583
	552, 800
	552, 27
	248, 28
	28, 27
	504, 464
	504, 505
	13, 200
	14, 13
	199, 505
	200, 199
	14, 464
	651, 653
	653, 564
	797, 562
	797, 651
	564, 562
	568, 569
	829, 568
	655, 652
	655, 686
	652, 829
	569, 686
	739, 738
	375, 374
	374, 773
	480, 399
	397, 271
	271, 270
	270, 518
	399, 397
	820, 818
	818, 832
	748, 825
	747, 748
	747, 832
	616, 408
	517, 616
	517, 518
	407, 480
	408, 407
	518, 480
	604, 638
	604, 606
	420, 418
	606, 420
	767, 638
	658, 657
	658, 834
	657, 249
	249, 248
	836, 248
	596, 492
	492, 342
	342, 345
	345, 596
	410, 549
	549, 424
	424, 425
	417, 409
	409, 410
	417, 425
	642, 640
	591, 642
	640, 824
	824, 590
	590, 591
	664, 758
	664, 665
	665, 822
	429, 435
	780, 792
	780, 377
	377, 376
	793, 792
	375, 376
	375, 739
	611, 737
	611, 614
	793, 376
	737, 739
	614, 793
	771, 799
	771, 770
	836, 834
	836, 800
	799, 800
	770, 834
	783, 784
	835, 783
	835, 815
	784, 815
	145, 144
	145, 554
	219, 554
	219, 218
	340, 218
	144, 340
	820, 825
	820, 751
	178, 753
	753, 751
	174, 178
	174, 759
	825, 759
	98, 443
	98, 100
	233, 100
	233, 230
	443, 767
	230, 418
	418, 767
	647, 775
	775, 774
	647, 649
	138, 649
	136, 138
	774, 136
	791, 183
	791, 816
	183, 185
	816, 185
	36, 35
	36, 813
	812, 789
	813, 812
	788, 35
	789, 788
	719, 837
	837, 814
	719, 720
	814, 720
	468, 467
	468, 828
	347, 346
	347, 828
	346, 697
	697, 467
	500, 501
	500, 833
	656, 833
	486, 656
	501, 484
	484, 486
	126, 312
	126, 129
	447, 181
	129, 447
	180, 312
	180, 181
	8, 822
	8, 6
	776, 434
	822, 435
	435, 434
	300, 302
	300, 430
	430, 429
	758, 302
	758, 429
	754, 802
	239, 754
	801, 802
	801, 255
	255, 238
	238, 239
	730, 672
	730, 401
	567, 402
	672, 567
	401, 402
	7, 6
	6, 776
	776, 326
	196, 326
	196, 7
	633, 257
	633, 634
	259, 807
	259, 257
	807, 634
	497, 496
	497, 738
	632, 496
	738, 773
	773, 632
	745, 777
	745, 132
	132, 131
	131, 622
	622, 621
	621, 777
Facet Neighbors: 1255
	-3, 3
	-3, 4
	0, 6
	-4, 9
	-3, 13
	7, 21
	23, 24
	5, 30
	27, 32
	19, 33
	18, 34
	-2, 35
	1, 36
	12, 36
	20, 41
	39, 43
	26, 43
	-4, 44
	-2, 45
	5, 46
	30, 46
	5, 48
	46, 48
	-4, 50
	45, 50
	10, 53
	43, 54
	39, 54
	46, 56
	7, 59
	21, 59
	16, 60
	-1, 60
	29, 61
	-1, 61
	32, 62
	2, 63
	1, 63
	36, 63
	15, 64
	-1, 65
	44, 66
	-4, 66
	9, 66
	40, 67
	36, 68
	12, 68
	38, 71
	20, 71
	41, 71
	-3, 72
	-4, 74
	0, 75
	13, 76
	29, 76
	15, 77
	64, 77
	18, 78
	62, 79
	22, 79
	42, 81
	8, 81
	65, 84
	84, 85
	47, 86
	49, 86
	5, 87
	30, 87
	16, 88
	42, 89
	81, 89
	88, 90
	83, 90
	44, 91
	66, 91
	39, 93
	11, 93
	42, 93
	80, 94
	14, 94
	95, 96
	24, 96
	92, 97
	57, 97
	46, 98
	30, 98
	56, 98
	17, 99
	32, 100
	35, 101
	82, 102
	65, 103
	-1, 103
	79, 104
	22, 104
	-1, 105
	84, 105
	1, 106
	63, 106
	2, 106
	72, 107
	-2, 108
	86, 109
	61, 110
	-1, 110
	85, 111
	87, 111
	30, 111
	58, 112
	78, 112
	107, 114
	72, 114
	82, 115
	113, 116
	56, 116
	70, 117
	112, 118
	58, 118
	27, 119
	42, 120
	93, 120
	11, 120
	89, 120
	83, 121
	53, 122
	10, 122
	60, 123
	-1, 123
	103, 123
	59, 124
	7, 124
	109, 124
	78, 125
	86, 126
	47, 126
	115, 127
	82, 127
	75, 127
	102, 127
	120, 128
	89, 128
	47, 129
	121, 131
	27, 132
	32, 132
	119, 132
	100, 132
	115, 133
	82, 133
	88, 134
	16, 134
	87, 135
	5, 135
	31, 136
	118, 136
	37, 136
	41, 137
	79, 138
	104, 138
	73, 139
	19, 139
	12, 140
	43, 141
	125, 141
	54, 141
	129, 142
	47, 142
	86, 142
	69, 142
	35, 143
	-2, 143
	101, 143
	108, 144
	100, 145
	132, 145
	124, 146
	109, 146
	-3, 147
	77, 148
	130, 149
	138, 149
	-1, 150
	60, 150
	16, 150
	23, 151
	17, 151
	99, 151
	52, 152
	-3, 153
	76, 153
	114, 153
	13, 153
	-4, 154
	51, 155
	154, 155
	49, 156
	2, 157
	37, 157
	-3, 158
	87, 159
	135, 159
	55, 160
	90, 160
	83, 160
	8, 161
	133, 161
	154, 162
	-4, 162
	62, 163
	28, 163
	79, 163
	138, 163
	14, 164
	74, 165
	-4, 165
	75, 166
	127, 166
	115, 166
	105, 167
	85, 167
	111, 167
	30, 167
	84, 167
	148, 168
	77, 168
	15, 168
	49, 169
	156, 169
	105, 170
	84, 170
	65, 170
	-1, 170
	-4, 171
	-1, 171
	119, 172
	132, 172
	145, 172
	51, 173
	11, 174
	93, 174
	43, 174
	39, 174
	26, 174
	113, 176
	116, 176
	83, 177
	160, 177
	55, 177
	129, 177
	-4, 178
	162, 178
	117, 179
	70, 179
	29, 179
	137, 180
	104, 180
	25, 180
	138, 180
	40, 181
	67, 181
	165, 182
	157, 183
	140, 183
	175, 183
	69, 184
	142, 184
	101, 185
	37, 185
	136, 185
	31, 185
	88, 186
	16, 186
	60, 186
	121, 186
	-4, 187
	19, 188
	139, 188
	30, 189
	98, 189
	105, 189
	167, 189
	100, 190
	145, 190
	-2, 191
	45, 191
	187, 192
	134, 192
	92, 192
	185, 193
	101, 193
	37, 193
	143, 193
	157, 193
	155, 194
	154, 194
	-4, 194
	74, 194
	28, 195
	52, 195
	45, 196
	-2, 196
	50, 196
	-4, 196
	64, 197
	83, 198
	177, 198
	107, 199
	112, 200
	58, 200
	67, 200
	96, 201
	24, 201
	146, 201
	193, 202
	183, 202
	175, 202
	157, 202
	59, 203
	201, 203
	146, 203
	124, 203
	34, 204
	195, 204
	52, 204
	137, 205
	22, 205
	104, 205
	180, 205
	190, 206
	122, 206
	159, 206
	145, 206
	187, 207
	-4, 207
	192, 207
	58, 208
	181, 208
	67, 208
	200, 208
	26, 209
	125, 209
	141, 209
	43, 209
	207, 210
	-4, 210
	54, 211
	18, 211
	6, 211
	56, 212
	113, 212
	116, 212
	-1, 212
	197, 213
	148, 213
	64, 213
	77, 213
	140, 213
	172, 214
	145, 214
	206, 214
	98, 215
	56, 215
	-1, 215
	212, 215
	26, 216
	174, 216
	11, 216
	135, 217
	159, 217
	206, 217
	190, 217
	90, 218
	83, 218
	186, 218
	88, 218
	121, 218
	-2, 219
	108, 219
	144, 219
	66, 220
	9, 220
	91, 220
	52, 221
	152, 221
	28, 221
	195, 221
	22, 222
	190, 222
	100, 222
	217, 222
	179, 223
	117, 223
	164, 224
	149, 224
	81, 225
	89, 225
	144, 225
	7, 226
	109, 226
	86, 226
	124, 226
	144, 227
	108, 227
	128, 227
	225, 227
	89, 227
	25, 228
	38, 228
	71, 228
	7, 229
	115, 230
	69, 231
	10, 231
	214, 231
	54, 232
	211, 232
	18, 232
	78, 232
	141, 232
	125, 232
	197, 233
	-2, 233
	201, 234
	146, 234
	24, 234
	23, 234
	151, 234
	118, 235
	58, 235
	208, 235
	106, 235
	115, 236
	133, 236
	230, 236
	173, 237
	23, 237
	24, 237
	216, 238
	191, 240
	45, 240
	15, 240
	68, 241
	173, 241
	181, 242
	40, 242
	59, 242
	21, 242
	31, 243
	125, 243
	130, 244
	97, 245
	92, 245
	90, 245
	55, 245
	160, 245
	235, 246
	208, 246
	181, 246
	106, 246
	1, 246
	188, 247
	244, 247
	130, 247
	216, 248
	238, 248
	243, 248
	209, 248
	26, 248
	125, 248
	99, 249
	169, 249
	4, 250
	199, 250
	-3, 250
	52, 251
	34, 251
	204, 251
	176, 252
	56, 252
	116, 252
	48, 252
	46, 252
	20, 253
	205, 253
	230, 254
	236, 254
	-3, 254
	158, 254
	80, 255
	166, 255
	94, 255
	129, 256
	177, 256
	55, 256
	47, 256
	126, 256
	95, 257
	241, 257
	68, 257
	53, 258
	131, 258
	85, 258
	162, 259
	154, 259
	108, 260
	227, 260
	128, 260
	-2, 260
	224, 261
	149, 261
	138, 261
	163, 261
	80, 262
	247, 262
	188, 262
	19, 262
	85, 263
	258, 263
	103, 263
	65, 263
	131, 263
	84, 263
	239, 264
	185, 264
	101, 264
	35, 264
	31, 264
	-2, 265
	236, 266
	133, 266
	161, 266
	147, 266
	110, 267
	29, 267
	61, 267
	13, 267
	76, 267
	57, 268
	97, 268
	92, 268
	102, 269
	127, 269
	75, 269
	54, 269
	204, 270
	195, 270
	199, 271
	73, 271
	250, 271
	4, 271
	198, 272
	121, 272
	83, 272
	131, 272
	173, 273
	237, 273
	259, 273
	155, 273
	51, 273
	154, 273
	233, 274
	-2, 274
	64, 274
	15, 274
	197, 274
	140, 275
	12, 275
	148, 275
	213, 275
	158, 276
	-3, 276
	33, 276
	18, 277
	78, 277
	112, 277
	200, 277
	40, 278
	152, 278
	242, 278
	52, 278
	184, 279
	69, 279
	231, 279
	172, 279
	214, 279
	156, 280
	57, 280
	91, 280
	220, 280
	130, 281
	247, 281
	94, 281
	14, 281
	164, 281
	3, 282
	-3, 282
	18, 283
	277, 283
	251, 283
	200, 283
	34, 283
	197, 284
	233, 284
	175, 284
	135, 285
	217, 285
	222, 285
	81, 286
	42, 286
	102, 286
	8, 286
	82, 286
	123, 287
	186, 287
	60, 287
	121, 287
	182, 288
	165, 288
	-4, 288
	8, 289
	161, 289
	82, 289
	133, 289
	286, 289
	156, 290
	126, 290
	86, 290
	49, 290
	126, 291
	256, 291
	290, 291
	55, 291
	231, 292
	214, 292
	10, 292
	122, 292
	206, 292
	15, 293
	240, 293
	191, 293
	274, 293
	-2, 293
	147, 294
	-3, 294
	254, 294
	236, 294
	266, 294
	257, 295
	241, 295
	173, 295
	276, 296
	262, 296
	19, 296
	33, 296
	3, 297
	81, 297
	8, 297
	225, 297
	282, 297
	119, 298
	229, 298
	172, 298
	279, 298
	184, 298
	24, 299
	96, 299
	257, 299
	95, 299
	4, 300
	19, 300
	33, 300
	139, 300
	271, 300
	73, 300
	285, 301
	222, 301
	22, 301
	205, 301
	253, 301
	157, 302
	183, 302
	36, 302
	63, 302
	140, 302
	2, 302
	12, 302
	73, 303
	228, 303
	247, 304
	244, 304
	188, 304
	151, 305
	17, 305
	162, 305
	178, 305
	23, 305
	272, 306
	198, 306
	10, 306
	53, 306
	131, 306
	258, 306
	18, 307
	211, 307
	204, 307
	270, 307
	34, 307
	6, 307
	129, 308
	177, 308
	306, 308
	10, 308
	198, 308
	12, 309
	68, 309
	241, 309
	148, 309
	275, 309
	194, 310
	74, 310
	51, 310
	155, 310
	223, 311
	-1, 311
	189, 312
	105, 312
	-1, 312
	98, 312
	59, 313
	201, 313
	203, 313
	96, 313
	95, 313
	0, 314
	164, 314
	14, 314
	224, 315
	261, 315
	219, 316
	297, 316
	3, 316
	144, 316
	225, 316
	-3, 316
	265, 317
	216, 317
	11, 317
	238, 317
	107, 318
	72, 318
	250, 318
	199, 318
	-3, 318
	226, 319
	184, 319
	229, 319
	7, 319
	298, 319
	312, 320
	-1, 320
	215, 320
	98, 320
	29, 321
	179, 321
	223, 321
	61, 321
	231, 322
	10, 322
	308, 322
	129, 322
	142, 322
	69, 322
	212, 323
	-1, 323
	113, 323
	311, 323
	-3, 324
	300, 324
	4, 324
	33, 324
	182, 325
	165, 325
	74, 325
	310, 325
	168, 325
	-2, 326
	239, 326
	139, 327
	73, 327
	304, 327
	188, 327
	303, 327
	269, 328
	54, 328
	6, 328
	211, 328
	75, 328
	0, 328
	13, 329
	-3, 329
	110, 329
	-1, 329
	267, 329
	223, 330
	321, 330
	311, 330
	-1, 330
	61, 330
	246, 331
	1, 331
	181, 331
	287, 332
	123, 332
	121, 332
	131, 332
	263, 332
	103, 332
	27, 333
	298, 333
	119, 333
	229, 333
	80, 334
	94, 334
	281, 334
	247, 334
	262, 334
	171, 335
	-4, 335
	187, 335
	192, 335
	166, 336
	255, 336
	314, 336
	14, 336
	75, 336
	94, 336
	0, 336
	243, 337
	238, 337
	248, 337
	112, 338
	118, 338
	136, 338
	31, 338
	243, 338
	244, 339
	130, 339
	149, 339
	138, 339
	25, 339
	180, 339
	9, 340
	-4, 340
	210, 340
	268, 340
	128, 341
	11, 341
	120, 341
	317, 341
	265, 341
	260, 342
	-2, 342
	265, 342
	128, 342
	341, 342
	137, 343
	41, 343
	253, 343
	205, 343
	20, 343
	286, 344
	42, 344
	102, 344
	39, 344
	93, 344
	114, 345
	107, 345
	175, 346
	284, 346
	-2, 346
	149, 347
	130, 347
	164, 347
	224, 347
	281, 347
	-2, 348
	326, 348
	291, 349
	290, 349
	57, 349
	156, 349
	280, 349
	20, 350
	117, 350
	70, 350
	327, 351
	303, 351
	228, 351
	25, 351
	339, 351
	304, 351
	244, 351
	163, 352
	28, 352
	261, 352
	195, 352
	315, 352
	270, 352
	241, 353
	173, 353
	168, 353
	148, 353
	309, 353
	51, 353
	221, 354
	152, 354
	333, 354
	27, 354
	207, 355
	210, 355
	192, 355
	92, 355
	268, 355
	340, 355
	38, 356
	71, 356
	350, 356
	20, 356
	70, 356
	314, 357
	0, 357
	315, 357
	6, 357
	224, 357
	164, 357
	20, 358
	253, 358
	176, 358
	350, 358
	326, 359
	239, 359
	264, 359
	35, 359
	-2, 359
	146, 360
	109, 360
	169, 360
	49, 360
	86, 360
	280, 361
	220, 361
	9, 361
	340, 361
	268, 361
	57, 361
	297, 362
	282, 362
	8, 362
	161, 362
	305, 363
	17, 363
	44, 363
	-4, 363
	178, 363
	163, 364
	28, 364
	221, 364
	354, 364
	62, 364
	32, 364
	27, 364
	243, 365
	125, 365
	338, 365
	112, 365
	78, 365
	192, 366
	134, 366
	335, 366
	16, 366
	150, 366
	311, 367
	223, 367
	117, 367
	323, 367
	113, 367
	153, 368
	114, 368
	179, 368
	29, 368
	76, 368
	345, 369
	73, 369
	228, 369
	303, 369
	38, 369
	15, 370
	168, 370
	325, 370
	288, 370
	182, 370
	240, 370
	345, 371
	38, 371
	369, 371
	70, 371
	356, 371
	291, 372
	349, 372
	97, 372
	245, 372
	57, 372
	55, 372
	354, 373
	152, 373
	7, 373
	229, 373
	21, 373
	242, 373
	278, 373
	333, 373
	346, 374
	-2, 374
	233, 374
	284, 374
	344, 375
	102, 375
	39, 375
	269, 375
	54, 375
	-2, 376
	348, 376
	317, 376
	238, 376
	283, 377
	251, 377
	40, 377
	278, 377
	67, 377
	52, 377
	200, 377
	146, 378
	234, 378
	249, 378
	99, 378
	151, 378
	360, 378
	169, 378
	70, 379
	179, 379
	114, 379
	368, 379
	345, 379
	371, 379
	213, 380
	197, 380
	140, 380
	284, 380
	266, 381
	147, 381
	282, 381
	362, 381
	161, 381
	-3, 381
	285, 382
	135, 382
	48, 382
	5, 382
	235, 383
	118, 383
	157, 383
	2, 383
	136, 383
	37, 383
	106, 383
	175, 384
	183, 384
	380, 384
	284, 384
	140, 384
	143, 385
	-2, 385
	175, 385
	202, 385
	346, 385
	193, 385
	230, 386
	80, 386
	255, 386
	111, 387
	258, 387
	53, 387
	122, 387
	85, 387
	326, 388
	348, 388
	337, 388
	238, 388
	376, 388
	159, 389
	206, 389
	122, 389
	111, 389
	87, 389
	387, 389
	169, 390
	156, 390
	91, 390
	280, 390
	249, 390
	176, 391
	358, 391
	252, 391
	48, 391
	382, 391
	153, 392
	114, 392
	72, 392
	-3, 392
	134, 393
	192, 393
	92, 393
	90, 393
	88, 393
	245, 393
	171, 394
	-1, 394
	335, 394
	366, 394
	150, 394
	242, 395
	181, 395
	331, 395
	95, 395
	296, 396
	262, 396
	80, 396
	276, 396
	80, 397
	386, 397
	254, 397
	158, 397
	396, 397
	230, 397
	276, 397
	301, 398
	253, 398
	391, 398
	382, 398
	285, 398
	358, 398
	265, 399
	-2, 399
	376, 399
	317, 399
	25, 400
	180, 400
	137, 400
	41, 400
	71, 400
	228, 400
	388, 401
	326, 401
	264, 401
	239, 401
	31, 401
	243, 401
	337, 401
	99, 402
	17, 402
	363, 402
	44, 402
	249, 402
	91, 402
	390, 402
	295, 403
	257, 403
	173, 403
	237, 403
	24, 403
	299, 403
	276, 404
	-3, 404
	33, 404
	324, 404
	6, 405
	357, 405
	352, 405
	315, 405
	307, 405
	270, 405
	-2, 406
	-3, 406
	219, 406
	316, 406
	107, 407
	345, 407
	73, 407
	369, 407
	271, 407
	199, 407
	117, 408
	350, 408
	358, 408
	176, 408
	367, 408
	113, 408
	79, 409
	22, 409
	100, 409
	222, 409
	62, 409
	32, 409
	331, 410
	1, 410
	257, 410
	395, 410
	95, 410
	59, 411
	313, 411
	95, 411
	242, 411
	395, 411
	370, 412
	240, 412
	288, 412
	-4, 412
	50, 412
	45, 412
	319, 413
	226, 413
	142, 413
	184, 413
	86, 413
	1, 414
	410, 414
	257, 414
	68, 414
	36, 414
	353, 415
	168, 415
	310, 415
	51, 415
	325, 415
	115, 416
	230, 416
	166, 416
	386, 416
	255, 416
	273, 417
	237, 417
	23, 417
	305, 417
	162, 417
	259, 417
Mesh Regions: 418
	2, 52, 733, 797, 836, 930
	12, 37, 97, 459, 809, 1214, 1234
	36, 99, 196, 684, 1071
	0, 594, 654, 740
	1, 471, 549, 668, 778
	7, 19, 21, 66, 152, 1067
	2, 347, 707, 794, 932, 1185
	5, 29, 130, 397, 409, 756, 1015
	61, 204, 610, 619, 656, 957
	3, 43, 380, 851, 951
	25, 125, 412, 634, 698, 711, 767
	76, 121, 238, 366, 746, 856
	13, 46, 161, 566, 685, 713
	4, 53, 191, 535, 798
	79, 212, 592, 735, 833
	39, 55, 225, 440, 563, 637, 996
	31, 68, 150, 183, 271, 979
	87, 185, 692, 960, 1169
	10, 57, 346, 416, 572, 596, 702
	9, 160, 275, 515, 652, 669
	14, 48, 482, 869, 892, 927, 935
	5, 30, 446, 1017
	59, 94, 325, 386, 676, 1208
	6, 184, 425, 435, 695, 1251
	6, 81, 311, 424, 436, 664, 1179
	256, 406, 849, 898, 1155
	16, 242, 339, 364, 467
	8, 118, 143, 817, 917, 970
	209, 297, 384, 903, 965
	33, 54, 253, 533, 762, 989
	7, 20, 67, 85, 107, 221, 277
	153, 269, 447, 526, 843, 1165
	8, 35, 88, 144, 969, 1212
	9, 571, 653, 670, 779, 1183
	10, 321, 475, 600, 706
	11, 89, 169, 525, 942
	12, 13, 38, 45, 681, 1238
	155, 197, 267, 290, 1073
	47, 407, 924, 995, 1003
	15, 27, 75, 241, 873, 1027
	44, 258, 444, 576, 1036
	14, 49, 156, 866, 1158
	60, 69, 77, 119, 608, 871
	15, 16, 26, 162, 240, 342
	17, 41, 73, 961, 1171
	18, 24, 284, 299, 439, 1228
	19, 20, 22, 28, 84, 481
	64, 134, 141, 166, 494
	21, 22, 480, 1066, 1113
	65, 195, 226, 627, 947
	23, 24, 301, 1227
	193, 237, 558, 720, 913, 1242
	187, 298, 323, 382, 474, 579, 1039
	25, 124, 499, 699, 1091
	26, 27, 164, 345, 414, 543, 793, 1029
	201, 247, 453, 493, 631, 1012
	28, 86, 114, 348, 361, 478
	83, 537, 586, 889, 954, 1011
	108, 117, 308, 335, 428
	29, 30, 129, 317, 445, 728, 1218
	31, 32, 126, 182, 272, 614
	33, 34, 103, 534, 765, 807
	35, 58, 208, 968, 1211
	36, 37, 38, 98, 682
	39, 56, 303, 354, 562
	40, 62, 91, 230, 519
	41, 42, 43, 74, 379
	44, 259, 309, 337, 1038
	45, 46, 441, 498, 714, 1237
	168, 264, 411, 581, 771
	115, 252, 894, 928, 1005, 1048
	47, 48, 49, 408, 925, 1159
	50, 100, 111, 749, 1117
	159, 547, 673, 686, 788, 992, 1197
	51, 213, 296, 719, 782
	52, 137, 215, 542, 796, 834
	53, 54, 189, 536, 990
	55, 56, 178, 224, 355
	57, 109, 132, 417, 573, 975
	58, 59, 93, 157, 210, 1207
	78, 488, 512, 821, 1087, 1136, 1138
	60, 61, 70, 394, 607, 655
	90, 112, 136, 148, 611, 621
	72, 123, 203, 245, 304, 372, 552
	62, 63, 96, 222, 229, 521
	63, 105, 219, 501, 516, 1093
	64, 65, 102, 133, 167, 399, 626, 948, 1233
	66, 67, 106, 151, 199, 1103
	68, 71, 149, 270, 374, 1123
	69, 70, 122, 140, 395, 405
	71, 72, 202, 371, 452, 1122
	73, 74, 381, 587, 1107, 1173
	82, 287, 451, 539, 921, 1121
	75, 76, 77, 120, 239, 874
	78, 79, 490, 591, 822, 835
	80, 496, 667, 732, 1133, 1217, 1220
	80, 81, 310, 665, 731
	82, 83, 450, 538, 1009
	84, 85, 86, 278, 360, 727, 761
	87, 186, 469, 1044, 1168
	88, 146, 173, 281, 388, 1209
	89, 171, 266, 289, 524
	90, 138, 540, 609, 872, 1026
	91, 92, 128, 518, 816
	93, 94, 158, 255, 326
	95, 96, 218, 228, 279, 725
	97, 98, 99, 430, 458, 1074
	100, 110, 306, 748, 876, 1195
	101, 172, 377, 402, 504
	102, 131, 176, 398, 945
	103, 104, 532, 800
	105, 106, 107, 220, 1089, 1102
	108, 109, 116, 307, 574, 840, 974
	113, 243, 349, 774, 985, 1206
	110, 111, 190, 875, 987, 1050, 1116
	112, 135, 147, 217, 410, 431, 1244
	113, 114, 244, 350, 479
	115, 251, 391, 893, 983, 1201
	116, 117, 154, 427, 841, 1069
	118, 145, 234, 659, 819
	119, 120, 121, 122, 139, 857
	123, 142, 273, 375, 551, 615, 813
	124, 125, 329, 635, 1092, 1101
	126, 127, 128, 612, 812
	129, 130, 131, 175, 320, 400
	132, 163, 340, 419, 448, 468, 972
	133, 134, 495, 625, 628
	135, 136, 137, 138, 216, 541
	139, 140, 403, 506, 855, 863
	141, 165, 248, 491, 708, 769
	179, 449, 462, 589, 846, 881
	142, 500, 520, 553, 700, 814
	143, 144, 145, 146, 174, 235
	147, 148, 205, 432, 529, 622
	149, 150, 286, 977, 1119
	151, 152, 200, 367, 604, 1065
	153, 154, 155, 268, 842, 1072
	156, 254, 324, 865, 1157
	157, 158, 180, 211, 257, 510, 848
	159, 160, 276, 671, 787
	161, 262, 356, 565, 683, 1056, 1079
	162, 163, 164, 341, 418
	165, 166, 167, 168, 265, 770, 1231
	169, 170, 171, 291, 1080
	172, 378, 396, 401, 741
	173, 174, 236, 282, 331, 358
	175, 176, 312, 319, 423, 944, 1041
	177, 531, 642, 1059
	178, 223, 353, 567, 716, 911
	179, 180, 393, 509, 847, 880
	181, 182, 183, 980, 1129
	184, 185, 186, 426, 691, 1045
	187, 383, 577, 915, 1014
	188, 189, 190, 191, 986, 1115
	192, 194, 206, 294, 503, 559
	193, 194, 293, 557, 721
	195, 227, 585, 624, 890, 1106
	196, 197, 261, 292, 316, 679, 1070
	198, 487, 569, 1141
	199, 200, 330, 368, 1099
	201, 202, 203, 246, 454
	204, 205, 530, 620, 958, 1062
	206, 207, 250, 502, 693, 1253
	208, 209, 210, 211, 511, 902, 964
	212, 392, 593, 734, 882, 934
	213, 214, 260, 617, 781
	215, 216, 217, 489, 830, 1246
	218, 219, 220, 221, 222, 280
	223, 224, 225, 784, 910, 997, 1240
	226, 227, 470, 946, 1047, 1105
	228, 229, 230, 231
	232, 233, 826, 1125
	234, 235, 236, 357, 583, 661
	237, 434, 442, 554, 649, 909, 1177
	238, 239, 240, 241, 242, 365
	263, 315, 603, 877, 1075, 1082
	243, 244, 477, 937, 1110, 1204
	245, 246, 247, 248, 305, 492, 709
	249, 250, 694, 963
	251, 252, 253, 390, 763, 988, 1049
	254, 255, 256, 257, 327, 850, 1156
	258, 259, 336, 443, 457, 810, 1131
	260, 616, 780, 1000
	261, 262, 263, 314, 680, 1076
	264, 265, 580, 663, 754, 1232
	266, 267, 268, 269, 288, 523
	270, 271, 272, 273, 373, 613
	274, 285, 332, 828
	275, 276, 460, 514, 690, 790
	277, 278, 279, 280, 724
	281, 282, 328, 370, 387
	283, 284, 438, 639
	285, 286, 287, 334, 829, 920, 976, 1120
	288, 289, 290, 291, 292, 313, 1085
	293, 294, 295, 296, 718
	297, 298, 322, 385, 545, 905
	299, 300, 301, 302
	303, 352, 420, 564, 601, 1055
	304, 305, 550, 697, 712
	306, 472, 546, 751, 1200
	307, 308, 309, 338, 575, 599, 1040
	310, 311, 312, 318, 422, 729
	313, 314, 315, 316, 1083
	317, 318, 319, 320, 730
	321, 322, 323, 476, 544, 704
	324, 325, 326, 327, 483, 677, 868
	328, 329, 330, 331, 359, 369, 636, 1100
	332, 333, 334, 343, 918
	335, 336, 337, 338, 429, 456
	339, 340, 341, 342, 466
	343, 344, 853, 919
	345, 346, 347, 415, 703, 795
	348, 349, 350, 351, 363, 772
	352, 353, 354, 355, 356, 568, 1054
	357, 358, 359, 413, 584, 633
	360, 361, 362, 363, 760
	364, 365, 366, 437, 463, 745
	367, 368, 369, 370, 389, 605
	371, 372, 373, 374, 375
	376, 377, 378, 738, 1193
	379, 380, 381, 588, 950
	382, 383, 384, 385, 914, 966
	386, 387, 388, 389, 606, 675, 1210
	390, 391, 722, 764, 803, 982
	392, 393, 508, 736, 883, 933
	394, 395, 396, 404, 657, 742
	397, 398, 399, 400, 753, 1230
	401, 402, 403, 404, 405, 505
	406, 407, 408, 687, 897, 993, 1160
	409, 660, 755, 820, 1016
	410, 433, 484, 1086, 1143, 1245
	411, 412, 413, 582, 632, 766
	414, 415, 416, 417, 418, 419
	420, 421, 560, 602, 1023
	422, 423, 424, 425, 426, 1042
	427, 428, 429, 430, 455, 1068
	431, 432, 433, 485, 528, 645
	434, 435, 436, 555, 1178, 1250
	437, 464, 747, 838, 1033, 1097
	522, 786, 940, 1164
	438, 439, 440, 638, 1001, 1224
	441, 442, 497, 648, 715, 908
	443, 444, 445, 446, 578, 1018, 1130, 1221
	447, 448, 465, 837, 844, 971, 1166
	449, 461, 689, 845, 901
	450, 451, 452, 453, 454, 1010, 1124
	455, 456, 457, 458, 459, 808
	460, 461, 462, 513, 590, 688, 824
	463, 464, 465, 466, 467, 468, 839
	469, 470, 1043, 1109, 1172
	471, 472, 473, 548, 750
	474, 475, 476, 598, 1035
	477, 478, 479, 480, 481, 1112
	482, 483, 678, 867, 936, 1146
	484, 485, 486, 487, 644, 1140
	488, 489, 490, 831, 1088, 1248
	491, 492, 493, 494, 495, 629
	496, 497, 498, 647, 666, 1176, 1215, 1236
	499, 500, 501, 517, 701, 1090
	502, 503, 556, 1254
	504, 505, 506, 507, 860
	508, 509, 510, 511, 737, 904
	512, 513, 514, 515, 651, 825, 1135
	516, 517, 518, 519, 520, 521, 815
	522, 523, 524, 525, 526, 941, 1163
	527, 744, 859, 862, 1151
	528, 529, 530, 531, 646, 1058
	532, 533, 534, 535, 536, 802
	537, 538, 539, 854, 922, 953
	540, 541, 542, 543, 792, 1028
	544, 545, 705, 907, 1190
	546, 547, 548, 549, 672, 1199
	550, 551, 552, 553, 696
	554, 555, 556, 557, 558, 559, 1249
	560, 561, 562, 563, 564, 640
	565, 566, 567, 568, 717
	569, 570, 571, 650, 1137, 1144, 1181
	572, 573, 574, 575, 597
	576, 577, 578, 579, 1019, 1037
	580, 581, 582, 583, 584, 662
	585, 586, 587, 588, 891, 949, 1108
	589, 590, 591, 592, 593, 823, 884
	594, 595, 658, 956, 1060
	596, 597, 598, 599, 600, 1034
	601, 602, 603, 878, 1024, 1057, 1078
	604, 605, 606, 674, 1064, 1149
	607, 608, 609, 610, 611, 623, 870
	612, 613, 614, 615, 811
	616, 617, 618, 999, 1225
	619, 620, 621, 622, 623
	624, 625, 626, 627, 630, 888
	628, 629, 630, 631, 887, 1007
	632, 633, 634, 635, 636
	637, 638, 639, 640, 641
	642, 643, 644, 645, 646
	647, 648, 649, 1175
	650, 651, 652, 653, 1134
	654, 655, 656, 657, 658, 739, 955
	659, 660, 661, 662, 663, 757, 818
	664, 665, 666, 667, 1180
	668, 669, 670, 671, 672, 673, 777
	674, 675, 676, 677, 678, 1145
	679, 680, 681, 682, 683, 684, 685
	686, 687, 791, 896, 994
	688, 689, 690, 789, 900
	691, 692, 693, 694, 695, 959, 1252
	696, 697, 698, 699, 700, 701, 710
	702, 703, 704, 705, 706, 707, 1189
	708, 709, 710, 711, 712, 768
	713, 714, 715, 716, 717, 912
	718, 719, 720, 721, 783, 1241
	722, 723, 775, 805, 981
	724, 725, 726, 727, 758
	728, 729, 730, 731, 732, 1219
	733, 734, 735, 832, 929
	736, 737, 906, 931, 1188
	738, 739, 740, 741, 742, 743, 1194
	744, 745, 746, 747, 858, 1032, 1154
	748, 749, 750, 751, 752
	753, 754, 755, 756, 757, 1229
	758, 759, 760, 761
	762, 763, 764, 765, 804
	766, 767, 768, 769, 770, 771
	772, 773, 774, 775, 984
	776, 777, 778, 779, 1184
	780, 781, 782, 783, 784, 998, 1243
	785, 786, 886, 939, 1094, 1162
	787, 788, 789, 790, 791, 895
	792, 793, 794, 795, 796, 797
	798, 799, 800, 801, 802
	803, 804, 805, 806, 807
	808, 809, 810, 1132, 1213
	811, 812, 813, 814, 815, 816
	817, 818, 819, 820, 916, 1020
	821, 822, 823, 824, 825
	826, 827, 828, 829, 978, 1127
	830, 831, 832, 833, 834, 835, 836
	837, 838, 839, 1096, 1167
	840, 841, 842, 843, 844, 973
	845, 846, 847, 848, 849, 850, 899
	851, 852, 853, 854, 923, 952
	855, 856, 857, 858, 859, 864
	860, 861, 862, 863, 864
	865, 866, 867, 868, 869
	870, 871, 872, 873, 874, 1025
	875, 876, 991, 1002, 1052, 1196
	877, 878, 879, 1021, 1084
	880, 881, 882, 883, 884
	885, 886, 1031, 1095
	887, 888, 889, 890, 891, 1008
	892, 893, 894, 926, 938, 1202
	895, 896, 897, 898, 899, 900, 901
	902, 903, 904, 905, 906, 907, 1187
	908, 909, 910, 911, 912, 913, 1239
	914, 915, 916, 917, 967, 1013
	918, 919, 920, 921, 922, 923
	924, 925, 926, 927, 928, 1006
	929, 930, 931, 932, 933, 934, 1186
	935, 936, 937, 938, 1111, 1150, 1203
	939, 940, 941, 942, 943
	944, 945, 946, 947, 948, 1046
	949, 950, 951, 952, 953, 954
	955, 956, 957, 958, 1061
	959, 960, 961, 962, 963, 1170
	964, 965, 966, 967, 968, 969, 970
	971, 972, 973, 974, 975
	976, 977, 978, 979, 980, 1128
	981, 982, 983, 984, 985, 1205
	986, 987, 988, 989, 990, 1051
	991, 992, 993, 994, 995, 1004, 1198
	996, 997, 998, 999, 1000, 1001, 1223
	1002, 1003, 1004, 1005, 1006, 1053
	1007, 1008, 1009, 1010, 1011, 1012
	1013, 1014, 1015, 1016, 1017, 1018, 1019, 1020
	1021, 1022, 1023, 1024
	1025, 1026, 1027, 1028, 1029
	1030, 1031, 1032, 1033, 1098, 1153
	1034, 1035, 1036, 1037, 1038, 1039, 1040
	1041, 1042, 1043, 1044, 1045, 1046, 1047
	1048, 1049, 1050, 1051, 1052, 1053
	1054, 1055, 1056, 1057, 1077
	1058, 1059, 1060, 1061, 1062, 1063
	1064, 1065, 1066, 1067, 1114, 1148
	1068, 1069, 1070, 1071, 1072, 1073, 1074
	1075, 1076, 1077, 1078, 1079
	1080, 1081, 1082, 1083, 1084, 1085
	1086, 1087, 1088, 1139, 1247
	1089, 1090, 1091, 1092, 1093, 1104
	1094, 1095, 1096, 1097, 1098, 1161
	1099, 1100, 1101, 1102, 1103, 1104
	1105, 1106, 1107, 1108, 1109, 1174
	1110, 1111, 1112, 1113, 1114, 1147
	1115, 1116, 1117, 1118
	1119, 1120, 1121, 1122, 1123, 1124
	1125, 1126, 1127, 1128, 1129
	1130, 1131, 1132, 1133, 1216, 1222
	1134, 1135, 1136, 1137, 1142
	1138, 1139, 1140, 1141, 1142, 1143, 1144
	1145, 1146, 1147, 1148, 1149, 1150
	1151, 1152, 1153, 1154
	1155, 1156, 1157, 1158, 1159, 1160
	1161, 1162, 1163, 1164, 1165, 1166, 1167
	1168, 1169, 1170, 1171, 1172, 1173, 1174
	1175, 1176, 1177, 1178, 1179, 1180
	1181, 1182, 1183, 1184
	1185, 1186, 1187, 1188, 1189, 1190
	1191, 1192, 1193, 1194
	1195, 1196, 1197, 1198, 1199, 1200
	1201, 1202, 1203, 1204, 1205, 1206
	1207, 1208, 1209, 1210, 1211, 1212
	1213, 1214, 1215, 1216, 1217, 1235
	1218, 1219, 1220, 1221, 1222
	1223, 1224, 1225, 1226, 1227, 1228
	1229, 1230, 1231, 1232, 1233
	1234, 1235, 1236, 1237, 1238
	1239, 1240, 1241, 1242, 1243
	1244, 1245, 1246, 1247, 1248
	1249, 1250, 1251, 1252, 1253, 1254
Seed Numbers: 418
	0
	1
	2
	3
	4
	5
	6
	7
	8
	9
	10
	11
	12
	13
	14
	15
	16
	17
	18
	19
	20
	21
	22
	23
	24
	25
	26
	27
	28
	29
	30
	31
	32
	33
	34
	35
	36
	37
	38
	39
	40
	41
	42
	43
	44
	45
	46
	47
	48
	49
	50
	51
	52
	53
	54
	55
	56
	57
	58
	59
	60
	61
	62
	63
	64
	65
	66
	67
	68
	69
	70
	71
	72
	73
	74
	75
	76
	77
	78
	79
	80
	81
	82
	83
	84
	85
	86
	87
	88
	89
	90
	91
	92
	93
	94
	95
	96
	97
	98
	99
	100
	101
	102
	103
	104
	105
	106
	107
	108
	109
	110
	111
	112
	113
	114
	115
	116
	117
	118
	119
	120
	121
	122
	123
	124
	125
	126
	127
	128
	129
	130
	131
	132
	133
	134
	135
	136
	137
	138
	139
	140
	141
	142
	143
	144
	145
	146
	147
	148
	149
	150
	151
	152
	153
	154
	155
	156
	157
	158
	159
	160
	161
	162
	163
	164
	165
	166
	167
	168
	169
	170
	171
	172
	173
	174
	175
	176
	177
	178
	179
	180
	181
	182
	183
	184
	185
	186
	187
	188
	189
	190
	191
	192
	193
	194
	195
	196
	197
	198
	199
	200
	201
	202
	203
	204
	205
	206
	207
	208
	209
	210
	211
	212
	213
	214
	215
	216
	217
	218
	219
	220
	221
	222
	223
	224
	225
	226
	227
	228
	229
	230
	231
	232
	233
	234
	235
	236
	237
	238
	239
	240
	241
	242
	243
	244
	245
	246
	247
	248
	249
	250
	251
	252
	253
	254
	255
	256
	257
	258
	259
	260
	261
	262
	263
	264
	265
	266
	267
	268
	269
	270
	271
	272
	273
	274
	275
	276
	277
	278
	279
	280
	281
	282
	283
	284
	285
	286
	287
	288
	289
	290
	291
	292
	293
	294
	295
	296
	297
	298
	299
	300
	301
	302
	303
	304
	305
	306
	307
	308
	309
	310
	311
	312
	313
	314
	315
	316
	317
	318
	319
	320
	321
	322
	323
	324
	325
	326
	327
	328
	329
	330
	331
	332
	333
	334
	335
	336
	337
	338
	339
	340
	341
	342
	343
	344
	345
	346
	347
	348
	349
	350
	351
	352
	353
	354
	355
	356
	357
	358
	359
	360
	361
	362
	363
	364
	365
	366
	367
	368
	369
	370
	371
	372
	373
	374
	375
	376
	377
	378
	379
	380
	381
	382
	383
	384
	385
	386
	387
	388
	389
	390
	391
	392
	393
	394
	395
	396
	397
	398
	399
	400
	401
	402
	403
	404
	405
	406
	407
	408
	409
	410
	411
	412
	413
	414
	415
	416
	417
Phase Numbers: 418
	2
	2
	1
	3
	2
	3
	2
	2
	0
	2
	2
	1
	3
	2
	0
	2
	0
	0
	2
	3
	3
	3
	2
	2
	2
	3
	1
	2
	3
	3
	3
	3
	3
	3
	2
	3
	2
	3
	0
	2
	2
	2
	2
	2
	3
	3
	1
	2
	0
	2
	0
	2
	0
	2
	2
	3
	1
	3
	2
	3
	2
	1
	2
	3
	2
	2
	3
	3
	2
	2
	3
	2
	3
	3
	3
	2
	3
	2
	3
	2
	1
	2
	0
	0
	2
	3
	2
	3
	2
	2
	2
	2
	3
	2
	2
	2
	0
	0
	1
	3
	0
	0
	3
	3
	0
	2
	2
	3
	2
	3
	1
	2
	1
	3
	2
	2
	2
	3
	2
	3
	3
	3
	2
	3
	3
	3
	1
	3
	2
	2
	2
	3
	2
	1
	3
	2
	2
	0
	2
	2
	0
	2
	3
	2
	2
	2
	2
	2
	3
	3
	2
	3
	0
	3
	3
	0
	2
	3
	2
	0
	2
	3
	2
	3
	2
	2
	3
	3
	3
	0
	3
	2
	3
	3
	3
	3
	3
	2
	3
	3
	3
	0
	3
	2
	0
	1
	2
	1
	2
	2
	3
	2
	0
	2
	1
	2
	0
	3
	3
	3
	3
	1
	2
	3
	3
	2
	2
	0
	3
	3
	3
	2
	3
	3
	2
	1
	3
	3
	3
	3
	3
	2
	2
	2
	3
	3
	2
	0
	2
	3
	2
	0
	3
	3
	3
	1
	1
	2
	3
	0
	3
	2
	1
	1
	3
	0
	2
	1
	3
	1
	3
	2
	3
	3
	1
	2
	3
	2
	3
	3
	3
	0
	3
	1
	2
	3
	2
	2
	3
	2
	3
	0
	3
	3
	2
	1
	2
	3
	1
	3
	3
	2
	3
	3
	2
	3
	1
	2
	1
	3
	2
	2
	3
	2
	3
	1
	0
	2
	2
	3
	2
	3
	2
	3
	3
	3
	1
	2
	3
	2
	3
	2
	3
	3
	3
	2
	3
	2
	2
	3
	2
	3
	3
	2
	3
	2
	3
	2
	2
	3
	2
	0
	3
	3
	3
	2
	2
	3
	0
	3
	1
	3
	3
	2
	2
	2
	2
	1
	2
	2
	3
	2
	2
	3
	0
	3
	1
	3
	3
	3
	2
	1
	3
	0
	3
	3
	3
	1
	3
	2
	2
	2
	2
	2
	2
	3
	3
	3
	3
	0
	2
	2
	2
	3
	3
	0
	2
	2
	1
	2
	1
	2
	3
	3
	2
	2
	1
	2
	2
	3
	3
	3
	0
	3
	3
	3
	3
	2
	2
	2
	3
	3
	2
	3
	0
	2
	1
	2
Volumes: 418
	0.0026147533489764736
	0.002698329709463665
	0.0019630558087717414
	0.001680363970946851
	0.0016153102079148505
	0.001749943825170117
	0.0021100687549589717
	0.003395210876852568
	0.0021757202083648266
	0.001240992588701342
	0.0029532240045533837
	0.002600130289663133
	0.0022505670491289103
	0.0017354367355469622
	0.002344456376180844
	0.0033859965999482222
	0.003678242808421003
	0.002388276519313783
	0.002876833541157868
	0.0018843309036317816
	0.003283049853713382
	0.0022904458322503198
	0.002228527931978015
	0.002857874352635489
	0.0028637574032358707
	0.0018814135185313927
	0.00167122246963572
	0.003065882448994981
	0.002034300817676065
	0.0021051157864256194
	0.0021342982847334943
	0.002921680770656044
	0.002960284897998047
	0.0020877343973212466
	0.001854308350092451
	0.001630726734008157
	0.0026109675161477214
	0.002759374037868093
	0.002461423985636581
	0.0024770638089205866
	0.0025859681166364606
	0.0014492570116935452
	0.00230135196755632
	0.001999388156157471
	0.0024749070691619033
	0.0014554317582304596
	0.0018789979750520377
	0.0026323551296462792
	0.0019330898208655153
	0.0018082370715187253
	0.0014645770895008368
	0.0024219678987706635
	0.0032025620573937034
	0.0022156972325762876
	0.003332780499847612
	0.00221090117625411
	0.0021684298609839503
	0.0025470323469467364
	0.0017534485172001825
	0.0027924850553951303
	0.0025630663008494176
	0.0019907677858644044
	0.00205691942469815
	0.002224250097501573
	0.0017089116904568042
	0.0018298575569390626
	0.0018043394144469584
	0.0017408637907557333
	0.00212982463404558
	0.0024415290760728308
	0.002870401363220286
	0.002103624086867103
	0.0014418308910453025
	0.002758014323198276
	0.0016244064704420869
	0.002681015523678866
	0.0016193521360338954
	0.0016940651499082698
	0.002946860919816276
	0.0025988643651493914
	0.002643276411759033
	0.0019905788259590392
	0.0030000110117070202
	0.0025205616581373412
	0.002706690317694254
	0.002082149224144424
	0.003158206188036516
	0.0021633164077467827
	0.0019693540236984043
	0.002806440891636031
	0.0015884453479835452
	0.0030559033555854027
	0.001918773236461986
	0.0018298608259090694
	0.0023553561109650994
	0.0030500755867247705
	0.00201775290344299
	0.002150913698663872
	0.002651111063847174
	0.0016387811058353164
	0.0021635861514441453
	0.0028047013214049336
	0.002627849452381159
	0.002419410886504929
	0.00161232756837453
	0.0020325926654112636
	0.0031189960822258942
	0.0028129931639278138
	0.002316747167551853
	0.002578956984489575
	0.0008838729376490265
	0.0023424908621943142
	0.0027977683129125257
	0.002781085126121367
	0.003037844553020607
	0.003233149427899912
	0.0019153879526818572
	0.0030575056708269034
	0.0029210606814765784
	0.0025543356413567286
	0.0025598413777941447
	0.002727834041472607
	0.0031888494846288003
	0.0015262059059840945
	0.0035054404393400546
	0.0030935917123623303
	0.0019031047585217086
	0.002804406460065089
	0.002085977138925281
	0.0018371030584356167
	0.0023971387247833376
	0.003092101707599755
	0.002422938866521001
	0.0023879430173951686
	0.0026444760740919897
	0.0014114542896129104
	0.002521875276258573
	0.002316832496938542
	0.0029494752408003736
	0.0016353787452814128
	0.0027685408831153013
	0.0027712660186634914
	0.0026684465877136435
	0.0014651971092424806
	0.002025266447505163
	0.002057786695907299
	0.004269278197106839
	0.0009159838897536983
	0.0023581332808325223
	0.0027768054947753446
	0.002507383750182175
	0.0025944318824547416
	0.001871244882170778
	0.0024924079209770874
	0.0019178843998391185
	0.0024922177033709723
	0.002021363244448096
	0.003305992876923339
	0.0020456425779669584
	0.0015711913795789462
	0.0019197550473784757
	0.002349610118056517
	0.0020604223413099513
	0.003235508114146489
	0.00279031280668159
	0.0014294462298871003
	0.002375430466406114
	0.0027581405801110044
	0.0031484808655266976
	0.0029547582838093584
	0.0015276068395702791
	0.0021206110858027795
	0.0021106263785280444
	0.002631954905016447
	0.00203691350278311
	0.002073851657849412
	0.0031530795049712883
	0.002790255395011294
	0.0023734307606833984
	0.003156767041146559
	0.0028692192518962687
	0.002712355241915679
	0.0016555745641563771
	0.0028978843443185237
	0.002501186723980234
	0.002444510497288158
	0.0030608862450137433
	0.0015860785967840114
	0.0020617247624539208
	0.002214319409305596
	0.0026015119458900194
	0.0009480967848907549
	0.0032058689541357944
	0.0031190675033435527
	0.0010086063260746764
	0.0023960573249895006
	0.00038535152334132604
	0.002272900973673197
	0.0018821055578979212
	0.0018013149167185232
	0.0028046716045027243
	0.0031464057566768
	0.0024885347996867462
	0.00270432250695462
	0.002383787998790454
	0.0024392252304433976
	0.0033516620976777817
	0.0012954545748888016
	0.0018001459243857994
	0.00217005435561478
	0.0009646060384347129
	0.0032099690584108686
	0.00216571619155237
	0.0019250566249801836
	0.002705939144941677
	0.002052098476538042
	0.0016234438368323881
	0.0019931981939750425
	0.002109658536563014
	0.002567795442399542
	0.0025671741623129085
	0.0030848800192883738
	0.002515796762221651
	0.0029758064694053506
	0.002750445484926239
	0.002422837116699224
	0.0026315727650399034
	0.0019770193626623992
	0.0025342028091362837
	0.0028807743159079786
	0.002374701049199302
	0.002585354337152082
	0.003071161425814012
	0.0024058234283611687
	0.002953761720780192
	0.002183948982497837
	0.002561679508010576
	0.0030844886786358027
	0.0024349070075787554
	0.001738615336794464
	0.002543297659440339
	0.003105973997126777
	0.0031554989876047277
	0.0029646666583796706
	0.0018372047805625654
	0.0025093982972874775
	0.0031972628891011826
	0.003096690953152411
	0.0026869618127404967
	0.002263951111447205
	0.0021394171796170285
	0.002557462807876888
	0.002155032373040848
	0.002575578034061213
	0.003035939897525314
	0.0022286476028097373
	0.002116626270212886
	0.0024350219482928226
	0.0028244445173014427
	0.001960570683544964
	0.0023583094640842253
	0.0029054663433345663
	0.0026542856557668438
	0.0027310030364526517
	0.0031237213771187168
	0.00235501716693976
	0.002165844316884035
	0.0024266554861178645
	0.002866060939143619
	0.0024048614511685052
	0.002260390172819397
	0.0029165289953426783
	0.0021291222547759983
	0.003072712918737076
	0.0029562872868125626
	0.001850186676994774
	0.0030165399026665807
	0.0017159095639790996
	0.0030587337268445478
	0.0018749737183321822
	0.002856142289131831
	0.0033612780845270742
	0.002137314232607366
	0.0030387604215062047
	0.0024121220404923157
	0.002310694015131737
	0.0026053613356277314
	0.0022635445857926463
	0.001751277875390284
	0.0024894858636230156
	0.0025509365108848706
	0.002036242396214582
	0.0023923018577520516
	0.0019747034396110806
	0.0010277536560217475
	0.0020853650004706726
	0.00169508382002504
	0.003118331181676808
	0.002454129463458781
	0.0019442922569140296
	0.0031743765287685776
	0.0026090965083526456
	0.003400606712918435
	0.0027666808593861483
	0.0016451541678166517
	0.0029787933915535873
	0.00284376359250481
	0.0028788506996208973
	0.0027055130038841956
	0.0025784934808854585
	0.0018207901067222956
	0.0015008413654794242
	0.0011244362852037121
	0.0026110298818414097
	0.002345809563316176
	0.002072508314636934
	0.0032707610013074486
	0.0019232536227456886
	0.0017397236985942064
	0.002066703048964884
	0.0011430185903459138
	0.002502713138310003
	0.0026950608458964753
	0.0016211113253484792
	0.0014903189206035548
	0.0026231569899768316
	0.0018720256321059572
	0.0019938485177642433
	0.0026171439598091147
	0.0013495098155162672
	0.0015746888809088418
	0.0019983212652841514
	0.0025407396645439244
	0.002672632378980225
	0.0027402485708656653
	0.0024235310164272945
	0.002634374973069932
	0.0026765544281349063
	0.0025636593812441147
	0.003015120207651939
	0.0019107811812468754
	0.002734266716789785
	0.002302709185992283
	0.0018795510385191303
	0.002518749569845457
	0.002846803051149946
	0.002086877172223665
	0.0023711067848241965
	0.0011941678125177515
	0.002320006158657563
	0.002907581456216051
	0.002269862308228638
	0.0027848307791107562
	0.003337950877500546
	0.002545529054082466
	0.002584512676517388
	0.0030889014721561924
	0.00301164941244455
	0.0032884875768513008
	0.0012447477758395636
	0.003070592069854991
	0.0030724694253781654
	0.0028339488392544318
	0.002490396771227821
	0.0033397590674136978
	0.002191147619443648
	0.002758523900122327
	0.0024774938745825755
	0.003094340104279141
	0.0031637208771615934
	0.0030333032701971214
	0.0025170187429365385
	0.0024658300937642507
	0.0031917164152525613
	0.0012998606439394676
	0.001861284509063482
	0.002371294524740071
	0.0032771151543182307
	0.0032865999251576587
	0.0032424776728089814
	0.0021766443054335284
	0.002018474347162156
	0.0014965334479649498
	0.0030337168163578144
	0.001950695989012097
	0.0023609964287217653
	0.0016296654635391916
	0.002672740034035697
	0.001739975585351372
	0.0024759659849155815
	0.0028183911049222314
	0.0026360349808759215
	0.0016284896083367715
	0.0021402624699459684
	0.003121575149690422
	0.0030737625871308247
	0.0019461071912905581
	0.002908187642289277
	0.0018432893991307154
	0.000890184166651985
	0.0017458798165667713
	0.002176311213885858
	0.0031639151836446626
	0.002338197219038779
	0.0008110762613211566
	0.0020543681510639526
	0.0008630652378106328
	0.0030456869528484886
	0.0026258383806730184
	0.0022956929209154075
	0.0028496399740114793
	0.003090092432322403
	0.002886073137225249
	0.0022293025258819654
	0.0022727431474982625
	0.0024176121189503235
	0.002637094375838621
	0.0036701456134827243
