Mesh Points: 846
	-3.855963e-01, -1.390537e-01
	-3.836550e-01, -1.217525e-01
	-3.470147e-01, -9.477245e-02
	-3.276920e-01, -1.349620e-01
	-3.398663e-01, -1.595658e-01
	-3.668724e-01, -1.650749e-01
	 2.342647e-01,  4.596128e-01
	 2.635645e-01,  4.800046e-01
	 2.015991e-01,  4.789217e-01
	 1.967712e-01,  5.000000e-01
	 2.598896e-01,  5.000000e-01
	 5.000000e-01,  3.087706e-01
	 4.544631e-01,  3.155758e-01
	 5.000000e-01,  3.595720e-01
	 4.656556e-01,  3.602012e-01
	-9.846178e-02, -1.611593e-01
	-1.275314e-01, -1.697289e-01
	-7.174154e-02, -1.770144e-01
	-8.555425e-02, -2.159838e-01
	-1.170747e-01, -2.099761e-01
	 2.113966e-02,  3.701379e-01
	-8.216288e-03,  3.691342e-01
	 2.652144e-02,  4.217799e-01
	-3.626742e-02,  3.996392e-01
	-3.831156e-02,  4.181848e-01
	 1.672136e-03,  4.327516e-01
	 3.251323e-01,  2.810934e-02
	 2.959307e-01, -9.373279e-03
	 3.252465e-01,  2.878568e-02
	 2.801220e-01,  4.306449e-02
	 2.549265e-01,  2.534957e-02
	 2.530015e-01,  9.360712e-04
	 4.233188e-01, -2.416629e-01
	 4.121616e-01, -2.648260e-01
	 4.667858e-01, -2.382150e-01
	 4.651255e-01, -2.803660e-01
	 4.404521e-01, -2.870198e-01
	 4.730641e-01, -2.456521e-01
	 4.520755e-01,  3.822864e-01
	 4.003478e-01,  3.657628e-01
	 4.555344e-01,  4.028563e-01
	 4.444092e-01,  4.242799e-01
	 4.255199e-01,  4.329059e-01
	 3.942625e-01,  4.213753e-01
	 3.951146e-01,  3.703400e-01
	-1.123493e-01, -4.161015e-01
	-1.463257e-01, -4.404227e-01
	-1.229746e-01, -3.812407e-01
	-1.436893e-01, -3.729142e-01
	-1.638787e-01, -3.809936e-01
	-1.664695e-01, -4.195874e-01
	 3.119804e-01, -3.707474e-01
	 3.238501e-01, -3.880561e-01
	 2.739714e-01, -3.787787e-01
	 2.697262e-01, -3.913772e-01
	 2.871440e-01, -4.282925e-01
	 3.195911e-01, -4.143070e-01
	-1.235173e-01,  1.356164e-01
	-7.994728e-02,  1.053399e-01
	-9.240962e-02,  1.734999e-01
	-4.977149e-02,  1.506747e-01
	 4.224889e-01,  4.759896e-01
	 4.198360e-01,  4.719284e-01
	 3.872670e-01,  4.740126e-01
	 3.745532e-01,  5.000000e-01
	 4.185021e-01,  5.000000e-01
	 3.451677e-01,  1.664610e-01
	 3.465643e-01,  2.214755e-01
	 3.127360e-01,  1.554942e-01
	 3.057257e-01,  2.214762e-01
	 2.883311e-01,  1.829108e-01
	 2.960530e-01,  1.638063e-01
	-7.903567e-02,  2.407792e-01
	-4.691199e-02,  2.431565e-01
	-8.729884e-02,  2.906304e-01
	-6.281766e-02,  2.925518e-01
	-3.362642e-02,  2.673596e-01
	-2.326815e-01,  4.334863e-01
	-2.062135e-01,  4.542197e-01
	-2.688789e-01,  4.431965e-01
	-2.766062e-01,  4.718974e-01
	-2.655502e-01,  5.000000e-01
	-2.191285e-01,  5.000000e-01
	-4.360258e-01, -1.714691e-01
	-4.637831e-01, -1.762397e-01
	-4.276738e-01, -1.466324e-01
	-4.668834e-01, -1.264550e-01
	-4.433572e-01, -1.222185e-01
	-4.799373e-01, -1.546166e-01
	-4.469027e-01, -2.400240e-01
	-4.263016e-01, -2.601465e-01
	-4.170163e-01, -1.942750e-01
	-3.676589e-01, -2.218930e-01
	-4.103516e-01, -2.603470e-01
	-3.805598e-01, -1.942499e-01
	 4.218112e-02, -2.995521e-01
	 3.913197e-02, -3.062120e-01
	 3.684633e-02, -2.784846e-01
	-1.769786e-02, -2.881951e-01
	 9.230303e-03, -2.653038e-01
	-9.570414e-03, -3.137397e-01
	-1.526806e-01,  1.133961e-02
	-1.911922e-01, -2.287303e-02
	-2.143859e-01, -9.031263e-03
	-2.193132e-01,  1.334626e-02
	-1.745959e-01,  3.436845e-02
	-3.307323e-01,  4.496900e-01
	-3.368021e-01,  4.476852e-01
	-3.242499e-01,  4.606584e-01
	-3.740788e-01,  4.762940e-01
	-3.668869e-01,  5.000000e-01
	-3.312290e-01,  5.000000e-01
	-3.716538e-01, -4.334197e-01
	-3.887426e-01, -4.500239e-01
	-3.880086e-01, -3.833192e-01
	-4.173300e-01, -3.944768e-01
	-4.324691e-01, -4.393228e-01
	-4.297247e-01, -4.467482e-01
	-2.263621e-01, -4.122696e-01
	-2.603716e-01, -4.556122e-01
	-2.318844e-01, -3.886944e-01
	-2.531991e-01, -3.798162e-01
	-2.945352e-01, -4.187397e-01
	-2.888352e-01, -4.465009e-01
	 2.190089e-01, -3.611869e-01
	 2.110638e-01, -3.720167e-01
	 2.115898e-01, -3.252907e-01
	 1.680672e-01, -3.731781e-01
	 1.602778e-01, -3.677171e-01
	 1.557495e-01, -3.271119e-01
	 1.507860e-01, -3.406981e-01
	 1.671420e-01, -3.208200e-01
	 1.739960e-01,  4.319740e-01
	 2.337112e-01,  4.205712e-01
	 2.774526e-01,  8.198894e-02
	 2.384672e-01,  7.441274e-02
	 2.316093e-01,  5.106298e-02
	 1.393354e-01, -4.644823e-01
	 1.511744e-01, -4.523549e-01
	 1.403318e-01, -5.000000e-01
	 2.044240e-01, -4.686210e-01
	 2.055998e-01, -5.000000e-01
	-2.471281e-01, -1.479381e-01
	-2.486202e-01, -1.487122e-01
	-2.713758e-01, -1.426046e-01
	-2.861024e-01, -1.231704e-01
	-2.856089e-01, -1.124168e-01
	-2.254217e-01, -1.081970e-01
	-2.583232e-01, -8.528746e-02
	-1.406587e-01, -2.904286e-01
	-1.743682e-01, -3.117331e-01
	-1.476526e-01, -2.424816e-01
	-1.906543e-01, -2.670979e-01
	-1.532189e-01, -2.411851e-01
	-6.158473e-02, -1.744419e-01
	-4.728387e-02, -1.337783e-01
	-8.867140e-02, -1.212929e-01
	-5.236549e-02, -1.257540e-01
	-4.536501e-01,  1.497160e-01
	-4.424232e-01,  1.231988e-01
	-4.465675e-01,  1.605517e-01
	-4.033023e-01,  1.739111e-01
	-3.893846e-01,  1.663360e-01
	-3.953652e-01,  1.202427e-01
	-4.585056e-01, -3.780798e-01
	-5.000000e-01, -3.552735e-01
	-4.716989e-01, -4.134303e-01
	-5.000000e-01, -4.228353e-01
	-4.438280e-01,  3.757066e-01
	-4.385657e-01,  3.529385e-01
	-4.827972e-01,  3.968249e-01
	-5.000000e-01,  3.927070e-01
	-5.000000e-01,  3.349758e-01
	-4.456583e-01,  3.423050e-01
	 2.614515e-01, -4.523422e-01
	 2.822442e-01, -4.414577e-01
	 2.699772e-01, -5.000000e-01
	 3.069134e-01, -4.675469e-01
	 2.959883e-01, -5.000000e-01
	-2.962960e-01, -3.047396e-01
	-3.185703e-01, -3.395552e-01
	-3.482087e-01, -3.210310e-01
	-3.454605e-01, -2.873331e-01
	-3.238049e-01, -2.820799e-01
	 3.461230e-01, -4.366133e-01
	 3.401624e-01, -4.593125e-01
	 3.538708e-01, -4.782893e-01
	 3.484401e-01, -5.000000e-01
	 3.915583e-01, -4.703575e-01
	 3.969845e-01, -4.756024e-01
	 3.992612e-01, -5.000000e-01
	 3.340300e-01,  2.781130e-01
	 3.551669e-01,  3.099727e-01
	 2.865603e-01,  2.805282e-01
	 2.835628e-01,  2.857343e-01
	 3.045457e-01,  3.348966e-01
	 3.361217e-01,  3.361570e-01
	-2.731341e-01,  1.053001e-03
	-2.723333e-01, -2.237362e-02
	-3.115549e-01,  2.578985e-02
	-3.305546e-01, -2.234563e-02
	-3.057450e-01, -4.572275e-02
	-2.957018e-01, -4.424502e-02
	 5.000000e-01, -1.979410e-01
	 4.683138e-01, -1.975466e-01
	 5.000000e-01, -1.471990e-01
	 4.682786e-01, -1.530588e-01
	 4.682834e-01, -1.975169e-01
	-2.685597e-01, -2.696297e-01
	-2.451855e-01, -2.376277e-01
	-2.206109e-01, -2.407793e-01
	-2.072018e-01, -2.620581e-01
	-2.358049e-01, -2.903644e-01
	 3.458106e-01, -1.644579e-01
	 3.147941e-01, -1.644409e-01
	 3.065300e-01, -1.182173e-01
	 3.229338e-01, -9.595357e-02
	 3.553533e-01, -1.083015e-01
	 3.581399e-01, -1.538951e-01
	-3.221915e-01,  2.391359e-01
	-3.275519e-01,  2.671738e-01
	-2.927308e-01,  3.007570e-01
	-2.800826e-01,  2.992449e-01
	-2.697170e-01,  2.431389e-01
	-2.589980e-01,  2.560528e-01
	 5.000000e-01, -2.471852e-01
	-5.000000e-01, -3.118356e-02
	-4.675398e-01, -3.006215e-02
	-5.000000e-01, -9.566708e-02
	-4.608720e-01, -7.309421e-02
	-1.683361e-02, -3.319663e-01
	-6.759551e-03, -3.588484e-01
	 4.949876e-02, -3.345474e-01
	 2.166598e-02, -3.646956e-01
	-2.295253e-01,  3.535809e-01
	-2.480634e-01,  3.364448e-01
	-2.885975e-01,  3.679838e-01
	-2.918759e-01,  3.874184e-01
	-2.289082e-01,  3.889524e-01
	-2.266715e-01,  3.868329e-01
	 2.091458e-01,  3.711125e-01
	 2.125323e-01,  3.720509e-01
	 1.706907e-01,  4.064732e-01
	 1.723096e-01,  4.311510e-01
	 2.373310e-01,  4.155631e-01
	-4.402212e-01, -3.158304e-01
	-3.867466e-01, -3.133259e-01
	-3.801268e-01, -2.819523e-01
	-4.270902e-01, -3.273026e-01
	-4.312370e-01, -3.263674e-01
	-4.247882e-01,  4.050691e-01
	-4.447507e-01,  4.365333e-01
	-4.627662e-01,  4.343771e-01
	-5.000000e-01,  3.516569e-02
	-4.630732e-01,  2.013552e-02
	-4.570545e-01,  8.664292e-03
	-4.652310e-01, -2.790688e-02
	-3.289927e-01,  6.628024e-02
	-3.263861e-01,  4.174339e-02
	-3.550381e-01,  8.193001e-02
	-3.795958e-01,  6.661768e-02
	-3.782803e-01,  2.875238e-02
	 6.454676e-02,  4.203092e-01
	 7.801373e-02,  3.741339e-01
	 9.928895e-02,  4.393476e-01
	 1.149331e-01,  4.300626e-01
	 1.171675e-01,  3.759354e-01
	-2.428110e-01,  2.826948e-02
	-2.387890e-01,  2.854928e-02
	-2.751168e-01,  5.211574e-02
	-2.731521e-01,  7.120772e-02
	-2.331061e-01,  8.939673e-02
	-2.199239e-01,  7.906188e-02
	-2.031497e-01, -2.039707e-01
	-2.445179e-01, -1.919585e-01
	-2.618939e-01, -2.102571e-01
	-2.047375e-01, -2.016633e-01
	 4.268497e-01, -3.613619e-03
	 4.089119e-01, -5.386166e-02
	 3.833696e-01, -2.435585e-03
	 3.724927e-01, -1.838768e-02
	 3.848918e-01, -5.710662e-02
	 3.868500e-01, -5.872463e-02
	 1.305785e-01, -2.972794e-01
	 9.302255e-02, -3.027817e-01
	 1.354147e-01, -2.634799e-01
	 1.062609e-01, -2.463794e-01
	 8.270506e-02, -2.921955e-01
	 8.330578e-02, -2.570920e-01
	 1.958873e-01,  2.512055e-01
	 1.730059e-01,  2.554423e-01
	 1.499691e-01,  3.017625e-01
	 1.843438e-01,  3.261766e-01
	 2.255662e-01,  2.977980e-01
	 2.122922e-01,  2.585852e-01
	-7.468646e-02,  2.041143e-01
	-9.302281e-02,  1.768478e-01
	-1.256189e-01,  1.979255e-01
	-1.070198e-01,  2.278733e-01
	-8.708269e-02,  2.304824e-01
	 3.422094e-01, -1.746994e-02
	 3.354434e-01,  3.986542e-02
	 3.689037e-01,  3.910859e-02
	 2.760520e-02,  3.645255e-01
	 7.600371e-02,  3.721019e-01
	 4.473939e-02,  4.274953e-01
	 3.969828e-01, -2.714822e-01
	 3.669115e-01, -2.121046e-01
	 4.117704e-01, -2.005898e-01
	 3.529079e-01, -2.355452e-01
	 3.649711e-01, -2.641598e-01
	-3.268151e-02, -1.875696e-01
	-2.236291e-03, -1.503549e-01
	-7.738621e-03, -1.414308e-01
	-4.609891e-01,  2.874483e-01
	-4.402068e-01,  3.117910e-01
	-5.000000e-01,  3.098854e-01
	 2.802657e-01,  2.474568e-01
	 3.524392e-01,  2.414551e-01
	 3.494025e-01,  2.243431e-01
	 2.389605e-01,  3.035130e-01
	 1.846126e-01,  3.430247e-01
	 2.506498e-01,  3.473297e-01
	 1.695919e-01, -1.855613e-01
	 1.567309e-01, -2.163064e-01
	 1.470579e-01, -1.583265e-01
	 1.251260e-01, -1.609098e-01
	 1.056599e-01, -1.981082e-01
	 1.145287e-01, -2.102274e-01
	-3.842729e-01,  2.301407e-01
	-3.875880e-01,  2.778044e-01
	-4.151788e-01,  2.177889e-01
	-3.948241e-01,  2.815078e-01
	-4.353221e-01,  2.507782e-01
	-4.197047e-01,  2.199697e-01
	-1.080434e-01,  5.000000e-01
	-1.003536e-01,  4.529999e-01
	-6.963158e-02,  5.000000e-01
	-5.001500e-02,  4.724995e-01
	-5.584046e-02,  4.552844e-01
	-9.259763e-02, -3.042615e-02
	-1.221031e-01, -5.337364e-02
	-9.383112e-02, -1.384356e-02
	-1.464184e-01,  9.815449e-03
	-1.353926e-01,  1.367887e-02
	-1.364849e-01, -5.152055e-02
	 1.461962e-01,  2.029400e-01
	 1.457151e-01,  2.361919e-01
	 1.674836e-01,  1.839714e-01
	 1.953412e-01,  2.054646e-01
	-1.053764e-01,  3.339007e-01
	-1.331456e-01,  3.303658e-01
	-1.647672e-01,  3.550804e-01
	-1.645556e-01,  3.596986e-01
	-1.275040e-01,  3.926866e-01
	-1.062839e-01,  3.852775e-01
	-9.284783e-02,  3.567917e-01
	 3.108909e-01,  4.329064e-01
	 3.392338e-01,  4.539886e-01
	 3.351417e-01,  3.932938e-01
	 3.674277e-01,  4.388146e-01
	 3.704892e-01,  4.318681e-01
	 3.362688e-01,  3.929301e-01
	 4.792038e-01,  9.320146e-02
	 4.591179e-01,  8.027066e-02
	 4.340762e-01,  9.379372e-02
	 4.199989e-01,  1.261344e-01
	 4.511168e-01,  1.554841e-01
	 4.784136e-01,  1.389393e-01
	-4.206282e-01,  4.649728e-01
	-4.373015e-01,  5.000000e-01
	-4.951009e-01,  4.609474e-01
	-4.666378e-01,  5.000000e-01
	 3.899310e-01,  2.711566e-01
	 3.689286e-01,  3.078858e-01
	 5.000000e-01,  4.592450e-01
	 4.804768e-01,  4.609319e-01
	 5.000000e-01,  5.000000e-01
	 4.616492e-01,  5.000000e-01
	 4.598536e-01,  4.859338e-01
	 3.904248e-01, -4.458267e-01
	 3.569043e-01, -4.310402e-01
	 1.529864e-01, -4.381190e-01
	 1.835674e-01, -4.158762e-01
	 1.220988e-01, -4.045734e-01
	-3.571189e-01, -2.282553e-01
	-3.606873e-01, -2.774103e-01
	-3.366142e-01, -2.268997e-01
	-3.081280e-01, -2.511800e-01
	-4.129389e-01, -8.295524e-02
	-4.117440e-01, -8.127161e-02
	-3.708622e-01, -7.086502e-02
	-3.466702e-01, -9.332407e-02
	 7.010400e-02,  2.715907e-01
	 5.550923e-02,  2.486632e-01
	 6.986113e-02,  2.723889e-01
	 4.020274e-03,  3.001064e-01
	 2.266328e-02,  3.081724e-01
	-6.011939e-03,  2.747900e-01
	 1.357019e-02,  2.432102e-01
	 9.418676e-02, -4.561556e-01
	 7.763900e-02, -4.700402e-01
	 9.663057e-02, -4.039885e-01
	 8.502527e-02, -3.937065e-01
	 4.106628e-02, -4.506503e-01
	 3.760215e-02, -4.155290e-01
	 4.520974e-02, -4.031904e-01
	-2.043523e-01, -4.276425e-01
	-2.003441e-01, -4.702219e-01
	-1.794676e-01, -4.739743e-01
	-1.463188e-01, -4.407293e-01
	 2.345747e-01,  1.606090e-01
	 2.391382e-01,  1.971595e-01
	 2.168166e-01,  1.453337e-01
	 1.680568e-01,  1.749374e-01
	 2.064492e-01,  1.451286e-01
	 2.720657e-01, -2.410249e-01
	 2.610647e-01, -2.499178e-01
	 2.675425e-01, -1.988379e-01
	 2.225415e-01, -2.121900e-01
	 2.496786e-01, -1.951219e-01
	 2.173246e-01, -2.308552e-01
	 2.202043e-01, -2.379983e-01
	 4.149110e-01, -1.955274e-01
	 4.589791e-01, -1.442899e-01
	 4.116544e-01, -1.512885e-01
	 4.087663e-01, -1.555224e-01
	-3.294606e-02,  3.301499e-01
	-3.377992e-02,  3.334624e-01
	 3.174682e-02,  3.243206e-01
	 7.862224e-02, -5.000000e-01
	-4.656361e-01, -4.728629e-01
	-5.000000e-01, -4.587590e-01
	-4.354712e-01, -4.576343e-01
	-6.539748e-02,  3.574749e-01
	-8.801568e-02,  4.104641e-01
	-3.946809e-02,  4.189731e-01
	-1.649921e-01, -5.000000e-01
	-2.150309e-01, -5.000000e-01
	-2.138750e-01, -4.798896e-01
	 5.000000e-01, -3.103813e-01
	 4.957787e-01, -3.099363e-01
	 4.342741e-01, -3.188786e-01
	 4.033378e-01, -3.161757e-01
	-1.788540e-01,  4.130793e-01
	-1.453731e-01,  4.194054e-01
	-1.897795e-01,  3.944542e-01
	 8.779574e-02, -3.461738e-01
	 9.059741e-02, -3.499475e-01
	-2.926239e-01,  3.882549e-01
	-2.925740e-01,  4.167398e-01
	 1.423948e-01,  3.735172e-01
	 2.321962e-01, -3.055374e-01
	 2.067122e-01, -2.726988e-01
	 1.842256e-01, -2.781409e-01
	 2.272097e-01,  9.007836e-02
	 1.823886e-01,  8.458398e-02
	 2.002915e-01,  4.512314e-02
	 3.027854e-01, -1.729387e-01
	 2.514102e-01, -1.288583e-01
	 2.520930e-01, -1.193640e-01
	 2.540345e-01, -1.176413e-01
	-1.780241e-01,  6.903817e-02
	-1.387928e-01,  7.942767e-02
	-1.139965e-01,  4.290785e-02
	-1.170177e-01,  6.722149e-02
	-1.835218e-02, -2.172811e-01
	-3.662858e-02, -2.328688e-01
	-7.824608e-02, -2.315209e-01
	 6.586724e-02,  2.095631e-01
	 6.551059e-02,  2.088882e-01
	 1.402387e-02,  1.933574e-01
	 4.027202e-03,  2.084591e-01
	-4.359475e-02,  7.505770e-02
	-7.787942e-02,  9.688804e-02
	-4.250814e-02,  1.529886e-01
	-2.880294e-02,  1.486961e-01
	-1.556020e-02,  1.111675e-01
	-1.615925e-01,  2.089242e-01
	-2.096667e-01,  2.234465e-01
	-1.537007e-01,  2.518712e-01
	-2.099546e-01,  2.267673e-01
	-1.834183e-01,  2.597349e-01
	 1.207833e-02,  1.703602e-01
	 3.771765e-02,  1.413527e-01
	 1.114908e-02,  1.092733e-01
	 5.000000e-01, -5.000000e-01
	 5.000000e-01, -4.813134e-01
	 4.382077e-01, -5.000000e-01
	 4.333675e-01, -4.757119e-01
	 4.554115e-01, -4.480270e-01
	-4.061300e-01,  4.602962e-01
	-3.917962e-01,  4.248166e-01
	-4.009601e-01,  4.084320e-01
	 3.656206e-01,  1.067258e-01
	 3.514013e-01,  1.625919e-01
	 3.236000e-01,  9.061524e-02
	 3.102578e-01,  9.814266e-02
	-2.577408e-01,  1.996549e-01
	-3.064052e-01,  1.880671e-01
	-3.280943e-01,  2.265274e-01
	-1.389945e-01,  4.382098e-01
	-1.553089e-01,  4.624465e-01
	-2.028502e-01,  4.526229e-01
	 3.301422e-02,  7.110543e-02
	 3.176209e-02,  6.380823e-02
	 6.778179e-02,  1.039318e-01
	 9.549997e-02,  8.318138e-02
	 9.328951e-02,  5.585507e-02
	 6.926415e-02,  3.928985e-02
	 3.200485e-01, -8.528439e-02
	 2.823302e-01, -6.029253e-02
	 3.421268e-01, -5.363844e-02
	 3.035167e-01, -2.890148e-02
	 3.321348e-01, -3.069694e-02
	 5.000000e-01, -3.714536e-01
	 4.733239e-01, -3.805273e-01
	 4.555648e-01, -3.735010e-01
	 4.463787e-01, -3.596044e-01
	 4.486548e-01, -3.354216e-01
	 1.422352e-01,  4.803223e-01
	 1.563828e-01,  5.000000e-01
	 1.545175e-01,  4.394694e-01
	-3.564011e-01,  2.171156e-01
	-3.732576e-01,  1.713580e-01
	-8.820502e-02,  2.911429e-01
	-1.539545e-01,  3.039835e-01
	-1.362227e-01,  2.674529e-01
	 3.892409e-01, -3.714289e-01
	 3.776164e-01, -3.415354e-01
	 1.207017e-02, -5.000000e-01
	 1.201241e-02, -4.709881e-01
	-2.205480e-02, -7.868813e-02
	 2.643133e-03, -9.397926e-02
	-4.126950e-02, -8.407046e-02
	-1.966132e-01, -1.553281e-01
	-1.918228e-01, -1.518675e-01
	-1.753621e-01, -2.084089e-01
	-1.492421e-01, -1.601854e-01
	-1.479101e-01, -1.620072e-01
	 1.252619e-01,  3.709643e-01
	 1.201536e-01,  4.164989e-02
	 1.228853e-01,  9.624455e-02
	 1.480216e-01,  7.404573e-02
	 1.399527e-01,  5.041712e-02
	 1.618563e-01, -2.952270e-02
	 1.551273e-01,  7.910619e-03
	 1.348267e-01, -4.280286e-02
	 1.043800e-01, -5.624116e-03
	 1.165475e-01,  5.833443e-03
	 1.125610e-01, -3.027793e-02
	 2.550985e-02, -1.619897e-01
	-3.315479e-03, -2.193616e-01
	 2.448875e-01,  2.320298e-01
	-9.858545e-02, -1.044241e-01
	-9.657357e-02, -9.552018e-02
	-5.685931e-02, -7.756317e-02
	 2.645316e-01,  1.470370e-01
	 2.393264e-01,  1.973365e-01
	 3.204071e-01, -2.311726e-01
	 2.985115e-01, -1.821197e-01
	-2.582983e-01, -7.265514e-02
	-3.189282e-01, -7.972260e-02
	-4.584224e-01,  2.600958e-01
	-4.029460e-01,  2.986290e-01
	-2.423046e-01, -3.441281e-02
	-2.392491e-01, -5.394887e-02
	-3.278411e-02,  2.117878e-01
	-4.521678e-02,  2.000258e-01
	 5.981913e-02, -2.469082e-01
	 6.981923e-02, -1.881920e-01
	 5.059863e-02, -2.282360e-01
	-2.208280e-01,  2.950930e-01
	-2.503052e-01,  3.193897e-01
	-1.967957e-01,  2.964716e-01
	-1.878743e-01,  3.313119e-01
	-1.875076e-01,  3.074628e-01
	 4.497017e-01, -7.445970e-02
	 4.716925e-01, -3.820202e-02
	 4.362535e-01,  2.625098e-03
	 4.528804e-01, -2.037846e-03
	-1.969343e-01, -3.638789e-01
	-3.541886e-01, -4.334155e-01
	-3.272639e-01, -3.979635e-01
	-3.320987e-01, -3.825091e-01
	-3.840516e-01, -3.772014e-01
	 2.335021e-01, -1.544989e-01
	 4.448241e-01,  3.090738e-01
	 4.045466e-01,  3.329340e-01
	 4.492760e-01,  1.818239e-01
	 4.476057e-01,  1.785100e-01
	 4.049741e-01,  1.811412e-01
	 3.971683e-01,  2.124215e-01
	 4.231635e-01,  2.328784e-01
	 4.347885e-01,  2.278174e-01
	-7.010522e-02, -3.973309e-02
	-4.482710e-02, -2.403692e-02
	-1.541290e-02, -3.738461e-02
	-1.394325e-01,  2.595729e-01
	-3.661517e-01, -3.231958e-02
	-3.558871e-01, -2.322860e-02
	-4.345601e-01,  6.001205e-02
	-5.000000e-01,  8.446737e-02
	-4.542475e-01,  8.846953e-02
	-4.349749e-01,  7.009929e-02
	-1.020339e-01,  4.505560e-01
	-1.462517e-01,  5.000000e-01
	 6.152920e-03, -2.271837e-01
	 3.020911e-01, -2.454616e-01
	-3.144469e-01, -3.533516e-01
	-2.667827e-01, -3.593572e-01
	-5.000000e-01, -2.707616e-01
	-4.679051e-01, -3.141302e-01
	-5.000000e-01, -3.402949e-01
	-1.136532e-01, -3.005570e-01
	-1.158652e-01, -3.304035e-01
	-8.396624e-02, -2.820897e-01
	-8.033616e-02, -3.564437e-01
	-8.416371e-02, -3.561832e-01
	-7.434695e-02, -2.869748e-01
	-6.190717e-02, -3.334786e-01
	-5.000000e-01,  1.490460e-01
	-5.000000e-01,  1.898176e-01
	-4.756980e-01,  2.060683e-01
	-4.564926e-01,  1.975764e-01
	 2.789927e-01,  3.614495e-01
	-3.086676e-01, -5.000000e-01
	-3.179109e-01, -4.680439e-01
	-3.677373e-01, -5.000000e-01
	-3.222925e-01, -4.674588e-01
	 3.879512e-01, -3.768120e-01
	 3.639312e-01, -3.937087e-01
	 3.225200e-01, -3.408820e-01
	 3.507300e-01, -3.297301e-01
	-1.906898e-02, -4.191195e-01
	-2.853816e-02, -4.334563e-01
	-2.895443e-02, -4.455994e-01
	 2.913904e-01,  4.362859e-01
	 2.817819e-01,  4.702262e-01
	 3.279901e-01,  5.000000e-01
	 3.279958e-01,  5.000000e-01
	 2.638688e-01,  4.099840e-01
	-2.333473e-01, -3.123317e-01
	-2.602100e-01, -3.302922e-01
	-1.949517e-01, -3.300022e-01
	 4.553697e-01, -4.477526e-01
	 4.196499e-01, -4.178737e-01
	 4.223759e-01, -4.181268e-01
	 2.324449e-01, -4.104178e-01
	 2.418655e-01, -4.467339e-01
	-4.138896e-01, -3.428950e-02
	-4.302681e-01, -8.918322e-02
	 4.727485e-01,  2.530859e-01
	 5.000000e-01,  2.675860e-01
	 4.419753e-01,  2.960150e-01
	 4.934198e-01,  2.559473e-02
	 5.000000e-01,  2.527284e-02
	 4.585571e-01,  6.744109e-02
	 5.000000e-01,  9.066465e-02
	-1.447182e-01, -1.172961e-01
	-1.541242e-01,  1.965060e-01
	-2.000967e-01,  1.559947e-01
	-2.275299e-01,  1.947696e-01
	-5.000000e-01, -2.603286e-01
	-4.491962e-01, -2.396084e-01
	 9.945892e-02,  2.163335e-01
	 1.140261e-01,  2.505124e-01
	 1.089678e-01,  2.603731e-01
	-1.800796e-01,  1.339020e-01
	-1.998531e-01,  1.523896e-01
	-1.332017e-01,  1.362225e-01
	-1.443722e-01,  1.923385e-01
	 5.000000e-01,  1.449325e-01
	-1.217475e-01, -5.000000e-01
	-1.160300e-01, -4.797789e-01
	 2.614612e-01,  1.177492e-01
	 2.354472e-01,  1.133231e-01
	 7.133153e-02,  3.841284e-03
	-3.000652e-01,  9.472507e-02
	-3.123255e-01,  2.936746e-02
	-5.000000e-01,  5.000000e-01
	-5.000000e-01,  4.602147e-01
	 1.138725e-01,  1.399629e-01
	 1.253782e-01,  1.342255e-01
	 9.893205e-02,  1.677184e-01
	 1.167190e-01,  1.979487e-01
	 1.443817e-01,  1.405585e-01
	-1.451332e-01, -5.590253e-02
	-1.858550e-01, -4.388080e-02
	 5.861408e-02, -1.027290e-01
	 4.608954e-02, -1.059365e-01
	 1.013329e-01, -1.297405e-01
	 1.012273e-01, -1.332039e-01
	 6.410986e-02, -1.767281e-01
	 3.377339e-02, -1.606783e-01
	-2.604379e-01, -5.000000e-01
	-2.538607e-01, -4.668054e-01
	-4.293838e-02,  7.302869e-02
	-4.708736e-02,  5.603824e-02
	 1.629739e-02,  5.281422e-02
	-3.015790e-02,  1.796474e-02
	 5.443524e-03,  1.048217e-02
	 1.789224e-01,  1.153593e-01
	-2.444182e-01,  2.573117e-01
	-2.039208e-01, -6.536861e-02
	 2.718130e-01, -6.226592e-02
	 2.566708e-01, -5.139997e-02
	 2.515138e-01, -7.253251e-04
	 5.897458e-02, -4.614609e-03
	 8.019044e-02, -6.724727e-02
	 4.739526e-02, -4.324037e-02
	 2.064400e-01, -4.652072e-01
	 1.964489e-01, -1.756786e-01
	 2.023247e-01, -1.628976e-01
	 2.012429e-01, -9.300895e-02
	 1.795406e-01, -1.305254e-01
	 1.606795e-01, -1.329202e-01
	 1.268769e-01, -9.978200e-02
	 1.270589e-01, -9.735912e-02
	 1.360755e-01, -8.630820e-02
	 1.967799e-01, -8.044234e-02
	-3.728331e-01, -5.000000e-01
	-4.204718e-01, -5.000000e-01
	-4.526237e-01, -3.759454e-01
	-5.000000e-01, -1.953646e-01
	-4.716067e-01, -1.922154e-01
	 2.030335e-01, -5.585141e-02
	 1.968318e-01, -4.066991e-02
	 2.098274e-01, -9.819030e-03
	 2.340969e-01, -3.055666e-01
	 2.588616e-01, -3.592239e-01
	 2.618222e-01, -3.306128e-01
	 6.800423e-04, -2.586620e-02
	 6.867852e-03,  7.717863e-03
	-4.926597e-02,  2.130793e-03
	 2.815232e-01,  3.734952e-01
	-1.981330e-01, -1.027087e-01
	-1.996633e-01, -1.017071e-01
	-1.608414e-01, -9.943614e-02
	-1.908143e-01,  7.893834e-02
	-2.413419e-01,  1.205291e-01
	-1.386578e-01, -3.407714e-01
	-5.000000e-01, -1.539644e-01
	 1.218804e-01,  3.173747e-01
	 1.359633e-01,  3.030571e-01
	 4.079310e-02, -4.567463e-02
	 2.180197e-02, -9.123558e-02
	 8.048375e-02, -6.862720e-02
	-3.000013e-01,  1.074039e-01
	-2.697556e-01,  1.341686e-01
	-2.730469e-01,  1.461906e-01
	-2.480409e-01,  1.934977e-01
	 3.908227e-01,  1.641166e-01
	-9.023741e-02, -2.554268e-01
	-1.408992e-01, -2.400984e-01
	-7.324693e-02, -4.111555e-01
	-9.150947e-02, -4.227356e-01
	-8.419045e-02, -4.627375e-01
	-5.562728e-02, -4.715832e-01
	 3.825545e-01, -9.265440e-02
	 4.091695e-01, -1.145898e-01
	 4.522948e-01, -8.400593e-02
	-3.335787e-01,  1.299161e-01
	-3.350955e-01,  1.529500e-01
	-3.085472e-01,  1.731100e-01
	-1.745352e-01, -3.122981e-01
	 1.918764e-01, -4.180812e-01
	 2.953935e-01, -3.149467e-01
	 7.242467e-02,  3.302757e-01
	 1.678734e-03,  4.693280e-01
	-2.315177e-02,  4.882196e-01
	 8.616783e-02,  3.150409e-01
	 5.000000e-01,  4.104093e-01
	-1.317097e-01,  1.353092e-01
	-3.858763e-01, -3.677771e-01
	 5.000000e-01, -9.576300e-02
	 4.653067e-01, -9.523072e-02
	 5.000000e-01, -3.902510e-02
	-3.633399e-02, -2.771503e-01
	 1.823854e-01,  8.458599e-02
	 3.604028e-02,  5.000000e-01
	 3.674134e-02,  4.888695e-01
	-2.208412e-02,  5.000000e-01
	-3.600171e-01,  1.072179e-01
	-3.930274e-01,  1.163759e-01
	-4.022780e-01,  8.328921e-02
	 4.345812e-02,  1.401961e-01
	 8.049311e-02,  1.730972e-01
	-4.685835e-01, -5.000000e-01
	 2.861018e-01,  9.294252e-02
	-3.050023e-01, -1.905202e-01
	-3.054027e-01, -1.888278e-01
	 4.948835e-02,  4.758334e-01
	-3.699947e-01, -3.276855e-01
	 2.174457e-01, -4.039484e-01
	 4.714842e-01,  2.470268e-01
	 4.122047e-01,  2.665137e-01
	 2.642149e-01, -2.801153e-01
	 2.952868e-01, -2.928980e-01
	 6.690407e-02,  1.161539e-01
	 1.010057e-01,  4.849732e-01
	 9.545285e-02,  4.767295e-01
	 1.008985e-01,  5.000000e-01
	-7.545569e-02,  2.904276e-02
	-7.185877e-02,  1.006528e-02
	-3.118496e-01,  3.284737e-01
	-3.469726e-01,  3.826675e-01
	-3.472874e-01,  3.344853e-01
	-3.450989e-01,  3.320186e-01
	 3.712166e-01,  1.049240e-01
	 4.111754e-01,  1.280668e-01
	 3.925735e-01,  6.599752e-02
	 1.633395e-01,  1.852998e-02
	 1.885706e-01,  2.239501e-02
	 1.544879e-01, -2.531963e-01
	 1.613428e-01, -2.253546e-01
	-3.518854e-01,  2.843466e-01
	-5.000000e-01, -5.000000e-01
	-4.001755e-01,  3.497986e-01
	-3.815082e-01,  3.810231e-01
	-2.318672e-02, -3.811952e-01
	 3.490848e-01,  3.704202e-01
	 3.033738e-01, -2.848529e-01
	-3.896104e-01,  3.354584e-01
	-5.190119e-02, -5.000000e-01
	-6.718285e-02, -3.756059e-01
	-4.085037e-01, -2.853906e-02
	-4.017038e-01,  2.136249e-02
	-3.798591e-01,  2.678946e-02
	-4.109531e-01,  9.943220e-03
	-2.717880e-01, -2.702485e-01
	-2.991011e-01, -2.499443e-01
	-2.811973e-01, -2.096844e-01
	 3.914968e-01,  5.672063e-02
	 4.282734e-01,  3.603939e-02
	 5.000000e-01, -4.199545e-01
	 4.844996e-01, -4.173006e-01
	 3.485005e-01, -2.861174e-01
	-3.475434e-01,  3.831262e-01
	-5.000000e-01,  2.468095e-01
	-4.817483e-01,  2.441176e-01
	-2.913009e-01, -3.035647e-01
	-3.544392e-01,  4.230514e-01
	 5.000000e-01,  2.026047e-01
	 5.000000e-01,  2.152099e-01
	-5.000000e-01, -9.582598e-02
Mesh Facets: 1267
	9, 10
	13, 11
	64, 65
	81, 82
	110, 111
	8, 6
	29, 30
	141, 139
	17, 15
	167, 165
	172, 171
	178, 176
	55, 56
	177, 175
	190, 187
	205, 203
	203, 225
	204, 203
	37, 34
	228, 226
	100, 96
	132, 133
	90, 93
	170, 168
	226, 227
	226, 253
	210, 209
	26, 28
	279, 280
	20, 22
	262, 263
	33, 32
	154, 155
	172, 173
	316, 172
	193, 191
	67, 69
	293, 292
	240, 241
	335, 337
	290, 289
	372, 370
	251, 252
	318, 191
	192, 191
	377, 375
	378, 377
	188, 186
	185, 184
	127, 128
	182, 183
	1, 2
	50, 46
	348, 349
	81, 80
	111, 81
	111, 108
	207, 206
	21, 20
	20, 303
	397, 396
	139, 137
	139, 430
	401, 400
	116, 117
	432, 167
	167, 166
	356, 355
	23, 24
	437, 438
	408, 409
	225, 440
	37, 225
	35, 37
	306, 33
	33, 36
	354, 353
	129, 130
	284, 283
	79, 77
	238, 237
	242, 240
	240, 321
	126, 131
	135, 136
	215, 214
	343, 344
	105, 101
	17, 154
	17, 18
	154, 311
	394, 399
	58, 60
	476, 477
	487, 486
	486, 488
	251, 369
	250, 251
	68, 66
	219, 223
	445, 444
	440, 515
	441, 440
	132, 243
	8, 132
	521, 9
	9, 8
	329, 331
	162, 161
	350, 351
	138, 137
	137, 400
	400, 402
	384, 382
	519, 518
	443, 442
	430, 401
	430, 530
	404, 401
	155, 157
	313, 155
	273, 276
	243, 242
	522, 243
	265, 266
	242, 451
	508, 507
	311, 466
	311, 312
	194, 193
	294, 293
	293, 320
	317, 193
	157, 156
	534, 157
	70, 71
	411, 412
	458, 214
	213, 214
	307, 309
	202, 201
	146, 148
	314, 315
	332, 333
	198, 202
	561, 202
	295, 299
	73, 72
	399, 472
	73, 76
	399, 398
	73, 567
	286, 288
	327, 328
	294, 553
	289, 294
	289, 349
	412, 558
	412, 349
	235, 234
	278, 277
	50, 407
	50, 49
	118, 120
	112, 114
	418, 420
	459, 458
	458, 560
	14, 12
	38, 39
	534, 556
	534, 532
	526, 527
	576, 574
	480, 482
	562, 201
	201, 200
	391, 392
	254, 253
	253, 602
	606, 335
	335, 336
	501, 502
	97, 99
	571, 569
	247, 93
	385, 386
	93, 92
	418, 560
	416, 418
	560, 559
	121, 122
	583, 584
	613, 611
	621, 622
	158, 160
	444, 503
	444, 446
	238, 77
	77, 78
	239, 238
	322, 320
	320, 194
	195, 194
	626, 628
	529, 528
	52, 51
	405, 404
	404, 531
	276, 535
	276, 274
	143, 142
	358, 357
	639, 640
	244, 133
	6, 133
	6, 7
	638, 637
	121, 610
	120, 121
	120, 581
	490, 489
	380, 188
	189, 188
	55, 175
	54, 55
	175, 174
	646, 380
	631, 630
	380, 381
	390, 389
	229, 227
	227, 256
	587, 12
	11, 12
	11, 653
	364, 363
	658, 656
	16, 15
	156, 554
	156, 15
	539, 538
	479, 478
	612, 611
	611, 663
	89, 90
	90, 245
	70, 69
	70, 558
	553, 317
	553, 558
	317, 69
	394, 393
	469, 394
	661, 660
	658, 363
	672, 658
	368, 363
	673, 437
	409, 410
	437, 409
	411, 557
	413, 411
	508, 541
	509, 508
	549, 548
	270, 269
	258, 257
	372, 371
	680, 372
	681, 680
	348, 414
	346, 348
	595, 556
	556, 555
	340, 341
	345, 343
	102, 101
	101, 343
	438, 439
	438, 695
	414, 415
	414, 686
	481, 482
	482, 574
	574, 572
	566, 565
	103, 102
	102, 688
	31, 27
	513, 511
	677, 548
	550, 548
	176, 174
	176, 141
	174, 649
	141, 140
	419, 420
	420, 586
	694, 693
	552, 551
	571, 607
	570, 571
	488, 489
	488, 190
	189, 489
	189, 190
	3, 2
	392, 562
	562, 146
	146, 145
	2, 392
	117, 113
	117, 433
	721, 722
	249, 245
	613, 612
	165, 613
	164, 165
	245, 612
	663, 724
	664, 663
	707, 706
	452, 126
	126, 124
	700, 701
	597, 596
	641, 637
	637, 357
	357, 359
	704, 688
	687, 688
	669, 668
	271, 272
	615, 618
	47, 48
	724, 742
	88, 84
	725, 724
	451, 321
	321, 292
	540, 451
	292, 291
	103, 104
	103, 565
	268, 267
	565, 198
	198, 197
	710, 709
	689, 690
	270, 271
	270, 678
	740, 271
	661, 669
	669, 740
	662, 661
	749, 740
	66, 495
	66, 67
	67, 319
	592, 591
	19, 18
	18, 468
	635, 636
	282, 278
	278, 577
	336, 339
	605, 336
	435, 436
	52, 631
	631, 381
	381, 184
	184, 56
	56, 52
	748, 749
	750, 749
	150, 149
	615, 741
	615, 614
	481, 479
	703, 481
	223, 224
	223, 498
	662, 751
	479, 662
	382, 138
	382, 383
	711, 140
	140, 138
	730, 731
	51, 53
	632, 51
	304, 303
	303, 429
	25, 24
	24, 436
	339, 338
	436, 339
	743, 540
	304, 263
	263, 266
	266, 540
	768, 304
	713, 712
	325, 323
	716, 715
	14, 38
	13, 14
	40, 38
	772, 13
	94, 91
	0, 5
	83, 85
	297, 296
	671, 670
	57, 59
	249, 248
	723, 249
	114, 115
	585, 114
	659, 538
	738, 736
	538, 536
	777, 775
	761, 577
	577, 578
	100, 230
	100, 98
	620, 619
	413, 676
	702, 415
	413, 415
	455, 456
	281, 280
	512, 514
	300, 280
	782, 780
	770, 769
	259, 260
	484, 483
	470, 471
	722, 433
	722, 788
	431, 433
	603, 602
	602, 621
	621, 158
	158, 159
	134, 135
	135, 455
	455, 676
	676, 675
	94, 5
	5, 4
	385, 92
	387, 385
	94, 92
	395, 397
	397, 429
	768, 771
	429, 768
	25, 769
	769, 781
	305, 22
	22, 25
	675, 557
	789, 675
	557, 71
	68, 71
	68, 497
	72, 299
	72, 74
	527, 525
	598, 527
	299, 298
	448, 447
	233, 232
	403, 406
	181, 182
	247, 386
	246, 247
	182, 386
	54, 648
	53, 54
	125, 124
	124, 730
	730, 53
	777, 578
	578, 580
	656, 655
	656, 777
	439, 696
	439, 408
	407, 408
	407, 118
	119, 118
	710, 745
	710, 708
	732, 733
	654, 652
	593, 594
	720, 719
	547, 545
	727, 726
	685, 346
	665, 666
	346, 347
	787, 470
	684, 685
	665, 685
	469, 665
	469, 470
	729, 731
	767, 731
	507, 542
	507, 506
	682, 683
	718, 717
	691, 689
	689, 747
	780, 781
	780, 802
	792, 781
	783, 784
	162, 524
	163, 162
	763, 762
	150, 765
	152, 150
	211, 212
	644, 642
	461, 460
	720, 726
	714, 720
	706, 705
	726, 706
	700, 734
	700, 698
	236, 237
	449, 237
	782, 770
	337, 782
	337, 338
	338, 770
	366, 365
	447, 232
	284, 447
	287, 284
	232, 96
	95, 96
	719, 718
	719, 547
	550, 547
	709, 747
	709, 550
	718, 747
	353, 352
	446, 353
	234, 239
	575, 234
	446, 239
	727, 728
	727, 545
	545, 546
	517, 518
	518, 528
	647, 646
	646, 630
	630, 528
	453, 454
	422, 421
	471, 483
	472, 471
	567, 472
	568, 567
	475, 476
	483, 476
	113, 112
	721, 113
	112, 582
	629, 628
	628, 721
	205, 206
	775, 205
	206, 424
	775, 776
	644, 765
	581, 644
	741, 48
	765, 741
	49, 581
	48, 49
	220, 221
	808, 805
	797, 729
	453, 422
	453, 452
	452, 729
	422, 417
	426, 423
	218, 213
	213, 307
	308, 307
	125, 794
	127, 125
	383, 127
	766, 383
	181, 793
	181, 180
	609, 584
	584, 585
	774, 585
	241, 322
	241, 244
	244, 641
	641, 735
	625, 322
	432, 431
	817, 432
	431, 788
	788, 817
	168, 250
	250, 493
	169, 168
	235, 573
	236, 235
	236, 805
	221, 805
	222, 221
	406, 405
	233, 406
	231, 233
	405, 634
	521, 520
	802, 521
	800, 802
	195, 196
	195, 625
	735, 359
	359, 362
	625, 735
	798, 797
	608, 416
	797, 417
	417, 416
	504, 505
	477, 485
	477, 473
	699, 697
	526, 576
	526, 351
	575, 352
	352, 351
	576, 575
	315, 173
	315, 564
	173, 169
	169, 818
	163, 784
	159, 163
	604, 603
	603, 159
	784, 785
	522, 265
	520, 522
	801, 800
	800, 520
	265, 264
	810, 366
	752, 591
	590, 591
	367, 366
	762, 748
	783, 762
	259, 783
	259, 257
	257, 678
	678, 748
	659, 554
	659, 738
	341, 345
	341, 555
	554, 555
	738, 687
	687, 345
	778, 619
	753, 468
	467, 468
	619, 616
	737, 704
	561, 566
	561, 148
	148, 147
	704, 566
	252, 371
	252, 170
	681, 371
	171, 681
	170, 171
	794, 766
	794, 648
	711, 766
	649, 711
	648, 649
	360, 358
	640, 358
	640, 64
	64, 63
	786, 787
	787, 684
	684, 682
	682, 799
	475, 60
	475, 568
	296, 295
	296, 59
	295, 568
	60, 59
	23, 434
	23, 21
	428, 21
	627, 629
	629, 582
	123, 122
	582, 583
	122, 583
	347, 666
	290, 347
	291, 744
	291, 290
	667, 666
	824, 673
	757, 758
	673, 674
	231, 820
	620, 230
	617, 620
	230, 231
	379, 378
	65, 61
	65, 378
	216, 215
	215, 461
	511, 510
	705, 511
	461, 705
	599, 600
	186, 187
	185, 186
	185, 177
	178, 177
	187, 178
	209, 208
	275, 209
	301, 28
	134, 789
	134, 29
	789, 497
	28, 29
	496, 497
	312, 551
	312, 313
	313, 533
	690, 694
	746, 690
	694, 551
	277, 579
	277, 279
	279, 302
	634, 635
	635, 755
	825, 820
	634, 820
	19, 754
	539, 16
	539, 537
	16, 19
	151, 153
	74, 525
	74, 75
	525, 350
	356, 434
	434, 428
	356, 350
	428, 427
	734, 596
	596, 595
	340, 342
	340, 595
	734, 804
	460, 459
	460, 714
	714, 715
	713, 715
	713, 586
	586, 459
	152, 153
	152, 211
	273, 537
	537, 153
	211, 210
	210, 273
	796, 593
	593, 592
	318, 373
	319, 318
	592, 319
	804, 342
	342, 344
	344, 464
	803, 804
	145, 144
	145, 3
	3, 4
	791, 4
	606, 502
	82, 606
	82, 78
	503, 78
	502, 503
	515, 835
	516, 515
	632, 767
	767, 798
	822, 798
	633, 632
	814, 815
	328, 324
	328, 286
	285, 286
	217, 216
	282, 281
	282, 759
	281, 512
	216, 510
	510, 512
	823, 818
	806, 807
	818, 819
	717, 691
	717, 716
	692, 691
	716, 325
	326, 325
	105, 462
	105, 104
	272, 268
	272, 739
	104, 268
	424, 776
	424, 425
	760, 761
	761, 776
	519, 442
	519, 441
	35, 441
	442, 36
	36, 35
	32, 34
	32, 308
	423, 207
	207, 204
	204, 34
	308, 423
	314, 563
	316, 314
	839, 316
	426, 425
	426, 218
	217, 759
	218, 217
	760, 425
	759, 760
	160, 624
	160, 161
	334, 331
	331, 161
	826, 829
	650, 256
	256, 255
	329, 523
	329, 330
	219, 220
	219, 500
	816, 220
	31, 707
	31, 30
	457, 136
	136, 30
	813, 728
	707, 728
	166, 116
	166, 164
	164, 723
	115, 723
	115, 116
	816, 330
	816, 808
	564, 823
	332, 564
	807, 808
	330, 332
	807, 823
	106, 108
	80, 79
	108, 80
	79, 450
	667, 393
	744, 667
	743, 744
	743, 771
	395, 771
	395, 393
	601, 254
	827, 829
	255, 254
	255, 829
	764, 763
	500, 523
	500, 499
	524, 523
	763, 524
	664, 89
	664, 725
	725, 84
	89, 91
	83, 91
	84, 83
	504, 485
	506, 504
	484, 786
	484, 485
	506, 799
	786, 799
	465, 463
	773, 57
	57, 58
	58, 474
	533, 532
	532, 597
	597, 732
	745, 746
	745, 732
	746, 533
	750, 751
	750, 764
	498, 751
	499, 498
	499, 764
	756, 757
	757, 674
	674, 410
	410, 46
	46, 45
	285, 814
	285, 283
	814, 454
	454, 131
	129, 283
	131, 129
	419, 421
	419, 712
	323, 712
	324, 323
	815, 324
	421, 815
	772, 40
	375, 772
	376, 375
	40, 41
	642, 643
	642, 212
	830, 208
	208, 212
	535, 536
	535, 142
	736, 737
	736, 536
	142, 147
	147, 737
	260, 261
	785, 260
	785, 604
	601, 604
	601, 827
	828, 827
	543, 542
	683, 542
	683, 686
	702, 779
	702, 686
	614, 149
	149, 151
	151, 754
	754, 753
	753, 616
	614, 616
	463, 462
	463, 773
	668, 739
	668, 670
	670, 773
	739, 462
	262, 264
	262, 305
	792, 305
	792, 801
	801, 264
	26, 300
	300, 514
	27, 26
	27, 513
	514, 513
	41, 42
	41, 376
	61, 62
	61, 379
	379, 376
	199, 200
	828, 261
	261, 258
	258, 679
	600, 828
	200, 600
	651, 389
	1, 0
	1, 389
	87, 85
	0, 85
	697, 698
	697, 473
	474, 473
	474, 465
	698, 803
	465, 464
	803, 464
	179, 180
	643, 610
	643, 841
	609, 610
	609, 180
	626, 627
	695, 626
	119, 696
	696, 695
	627, 123
	123, 119
	756, 45
	755, 756
	825, 755
	45, 47
	47, 618
	618, 617
	617, 825
	374, 192
	192, 196
	196, 821
	39, 588
	39, 44
	832, 275
	791, 790
	791, 144
	274, 275
	144, 143
	143, 274
	598, 298
	298, 297
	480, 598
	480, 478
	297, 671
	660, 478
	660, 671
	639, 638
	10, 639
	7, 10
	638, 7
	493, 819
	493, 492
	838, 819
	99, 607
	99, 98
	467, 466
	467, 778
	466, 552
	552, 607
	778, 98
	530, 531
	530, 824
	758, 636
	636, 531
	824, 758
	334, 624
	333, 334
	563, 333
	840, 563
	624, 623
	501, 605
	605, 435
	445, 501
	445, 354
	355, 354
	355, 435
	839, 840
	622, 839
	623, 622
	623, 840
	368, 672
	368, 367
	590, 589
	590, 367
	843, 672
	495, 752
	752, 810
	810, 809
	494, 495
	653, 844
	795, 652
	653, 652
	837, 822
	608, 559
	822, 608
	309, 310
	559, 309
	842, 492
	491, 492
	109, 107
	327, 326
	327, 570
	692, 326
	693, 692
	693, 570
	387, 388
	387, 790
	790, 832
	832, 831
	813, 812
	543, 544
	543, 779
	779, 456
	457, 813
	457, 456
	443, 529
	443, 306
	306, 310
	633, 529
	633, 837
	837, 310
	677, 708
	509, 677
	708, 733
	699, 505
	505, 509
	701, 699
	733, 701
	391, 390
	391, 599
	599, 826
	390, 650
	826, 650
	75, 427
	75, 76
	427, 396
	396, 398
	76, 398
	384, 128
	384, 402
	403, 448
	448, 130
	128, 130
	403, 402
	287, 95
	95, 97
	97, 569
	288, 569
	288, 287
	487, 490
	835, 487
	835, 836
	490, 645
	110, 109
	370, 110
	370, 369
	109, 491
	491, 369
	106, 450
	107, 106
	449, 806
	450, 449
	842, 107
	806, 838
	838, 842
	86, 88
	742, 845
	88, 742
	651, 229
	651, 87
	228, 229
	845, 228
	86, 845
	87, 86
	834, 833
	364, 657
	364, 365
	811, 365
	594, 795
	589, 594
	795, 844
	844, 843
	589, 843
	821, 44
	821, 362
	362, 361
	44, 43
	549, 546
	549, 541
	544, 541
	544, 812
	546, 812
	657, 834
	657, 655
	655, 580
	579, 580
	579, 834
	841, 179
	830, 841
	388, 831
	183, 388
	830, 831
	179, 183
	793, 774
	774, 248
	248, 246
	246, 793
	62, 42
	42, 43
	360, 63
	63, 62
	361, 360
	43, 361
	373, 796
	373, 374
	374, 588
	588, 587
	587, 654
	796, 654
	572, 573
	572, 703
	222, 573
	222, 224
	703, 224
	269, 679
	269, 267
	679, 199
	199, 197
	267, 197
	811, 833
	809, 811
	494, 809
	494, 496
	833, 302
	302, 301
	301, 496
	836, 645
	516, 836
	516, 517
	647, 645
	647, 517
Facet Neighbors: 1267
	-4, 1
	-2, 2
	-4, 11
	-4, 14
	-4, 19
	1, 23
	5, 24
	-3, 25
	3, 28
	-1, 30
	-1, 31
	-3, 32
	9, 34
	32, 34
	-3, 35
	-2, 38
	-2, 42
	38, 42
	6, 42
	-1, 43
	17, 44
	23, 46
	16, 47
	31, 48
	43, 49
	-1, 49
	39, 53
	5, 58
	54, 58
	4, 59
	51, 59
	6, 60
	28, 61
	31, 62
	-1, 62
	36, 63
	12, 63
	56, 64
	46, 64
	-4, 67
	56, 69
	-4, 73
	48, 73
	63, 74
	36, 74
	-2, 75
	-4, 75
	35, 76
	34, 76
	22, 77
	33, 78
	0, 79
	8, 82
	69, 83
	14, 84
	-4, 84
	19, 84
	38, 86
	4, 87
	59, 87
	80, 87
	25, 88
	-3, 88
	81, 88
	20, 89
	-1, 89
	30, 89
	70, 90
	4, 90
	-3, 91
	82, 91
	-2, 92
	42, 92
	6, 92
	60, 93
	6, 93
	70, 94
	22, 95
	55, 95
	14, 96
	45, 96
	46, 97
	64, 97
	22, 98
	24, 99
	40, 100
	68, 101
	18, 101
	28, 102
	3, 102
	61, 102
	80, 103
	10, 104
	104, 106
	-2, 107
	-3, 107
	73, 108
	48, 108
	12, 109
	41, 110
	94, 111
	-2, 114
	92, 114
	46, 115
	23, 115
	-4, 115
	1, 115
	66, 116
	29, 116
	70, 117
	25, 118
	88, 118
	81, 118
	77, 118
	114, 119
	93, 119
	88, 120
	-3, 120
	81, 120
	28, 121
	61, 121
	53, 122
	46, 123
	115, 123
	51, 123
	97, 123
	112, 124
	102, 126
	61, 126
	36, 127
	56, 127
	64, 127
	63, 127
	28, 128
	121, 128
	12, 129
	83, 129
	100, 130
	40, 130
	60, 130
	37, 131
	26, 131
	62, 132
	66, 132
	37, 133
	131, 133
	57, 134
	13, 134
	103, 135
	13, 135
	80, 135
	134, 135
	55, 136
	65, 136
	127, 137
	56, 137
	69, 137
	129, 137
	83, 137
	45, 138
	54, 139
	82, 140
	8, 140
	21, 140
	20, 141
	85, 142
	100, 142
	130, 142
	2, 143
	7, 143
	128, 145
	121, 145
	117, 146
	138, 146
	105, 146
	131, 147
	37, 147
	79, 147
	49, 148
	-1, 148
	-4, 149
	67, 149
	111, 149
	17, 150
	136, 150
	47, 151
	78, 151
	16, 151
	142, 152
	85, 152
	130, 152
	21, 153
	141, 153
	-1, 154
	-1, 156
	29, 156
	111, 157
	94, 157
	96, 157
	14, 157
	45, 157
	64, 158
	127, 158
	36, 158
	-3, 159
	119, 160
	9, 160
	81, 161
	120, 161
	122, 162
	53, 162
	26, 162
	71, 163
	-4, 163
	46, 164
	23, 164
	1, 164
	163, 164
	153, 165
	21, 165
	140, 165
	107, 166
	76, 166
	35, 166
	34, 167
	9, 167
	32, 167
	166, 168
	160, 168
	76, 168
	79, 169
	43, 169
	49, 169
	143, 170
	2, 170
	-2, 170
	72, 171
	-2, 171
	3, 172
	128, 172
	28, 172
	122, 172
	105, 173
	154, 174
	-1, 174
	16, 174
	47, 174
	12, 175
	129, 175
	127, 175
	137, 175
	63, 175
	80, 176
	103, 176
	173, 177
	171, 178
	-2, 178
	72, 178
	-3, 179
	82, 179
	91, 179
	129, 180
	83, 180
	124, 181
	112, 181
	125, 181
	52, 182
	50, 182
	73, 183
	-4, 183
	-1, 183
	83, 184
	69, 184
	145, 185
	128, 185
	68, 185
	68, 186
	18, 186
	101, 186
	91, 188
	-3, 188
	83, 190
	184, 190
	105, 191
	146, 191
	138, 191
	133, 192
	18, 192
	186, 192
	5, 193
	113, 193
	181, 194
	125, 194
	32, 195
	-3, 195
	167, 195
	25, 195
	85, 196
	142, 196
	187, 197
	126, 197
	150, 197
	136, 197
	107, 199
	-3, 199
	166, 199
	35, 199
	0, 200
	147, 200
	131, 200
	26, 200
	79, 200
	20, 201
	89, 201
	-3, 201
	47, 202
	154, 202
	-1, 202
	30, 202
	174, 202
	-1, 203
	174, 203
	193, 204
	98, 205
	22, 205
	189, 206
	145, 206
	164, 207
	163, 207
	71, 207
	192, 208
	186, 208
	177, 209
	52, 209
	155, 210
	8, 210
	-1, 211
	15, 211
	203, 211
	97, 212
	64, 212
	123, 212
	56, 212
	18, 213
	192, 213
	52, 213
	133, 213
	37, 213
	194, 214
	187, 214
	52, 215
	182, 215
	209, 215
	177, 216
	209, 216
	173, 216
	215, 216
	109, 217
	12, 217
	63, 217
	144, 217
	3, 218
	102, 218
	161, 219
	54, 220
	139, 220
	67, 221
	149, 221
	90, 221
	160, 222
	168, 222
	76, 222
	34, 222
	9, 222
	215, 223
	216, 223
	27, 224
	210, 224
	155, 224
	105, 225
	191, 225
	41, 225
	110, 225
	216, 225
	173, 225
	118, 226
	77, 226
	195, 226
	25, 226
	205, 227
	9, 227
	160, 227
	59, 228
	87, 228
	4, 229
	90, 229
	67, 229
	221, 229
	212, 230
	59, 230
	51, 230
	123, 230
	228, 230
	196, 231
	65, 231
	198, 231
	143, 232
	2, 232
	7, 232
	-2, 232
	16, 233
	0, 233
	15, 233
	57, 234
	177, 234
	10, 234
	47, 235
	202, 235
	20, 235
	141, 235
	172, 236
	208, 236
	122, 236
	-2, 237
	220, 237
	139, 237
	44, 238
	17, 238
	155, 238
	180, 239
	190, 239
	83, 239
	99, 239
	54, 240
	113, 240
	58, 240
	-4, 241
	229, 241
	50, 242
	106, 243
	103, 243
	201, 244
	-3, 244
	89, 244
	148, 245
	-1, 245
	156, 245
	29, 245
	24, 246
	99, 246
	239, 246
	180, 246
	233, 247
	0, 247
	151, 247
	78, 247
	16, 247
	80, 248
	87, 248
	230, 248
	228, 248
	229, 249
	241, 249
	59, 249
	4, 249
	180, 250
	246, 250
	129, 250
	12, 250
	109, 250
	134, 251
	13, 251
	117, 251
	146, 251
	57, 251
	95, 252
	44, 252
	81, 252
	33, 253
	151, 253
	47, 253
	78, 253
	167, 254
	9, 254
	22, 254
	205, 254
	227, 254
	237, 255
	139, 255
	171, 255
	-2, 255
	188, 256
	91, 256
	82, 256
	140, 256
	21, 256
	214, 257
	194, 257
	206, 257
	170, 258
	144, 258
	198, 259
	125, 259
	204, 259
	184, 260
	176, 260
	69, 260
	243, 261
	184, 261
	260, 261
	176, 261
	103, 261
	205, 262
	227, 262
	124, 263
	112, 263
	184, 263
	198, 264
	187, 264
	214, 264
	241, 265
	-4, 265
	249, 265
	242, 266
	116, 266
	29, 266
	223, 266
	224, 267
	27, 267
	39, 267
	165, 267
	100, 268
	259, 268
	198, 268
	193, 268
	204, 268
	206, 269
	189, 269
	45, 270
	96, 270
	241, 271
	-4, 271
	67, 271
	229, 271
	72, 272
	252, 273
	95, 273
	55, 273
	44, 273
	17, 273
	198, 274
	259, 274
	125, 274
	214, 274
	194, 274
	264, 274
	70, 275
	94, 275
	45, 275
	138, 275
	157, 275
	204, 276
	259, 276
	125, 276
	114, 277
	119, 277
	166, 277
	168, 277
	160, 277
	98, 278
	85, 278
	243, 279
	103, 279
	135, 279
	134, 279
	104, 279
	106, 279
	20, 280
	201, 280
	141, 280
	159, 280
	-3, 280
	38, 281
	-2, 281
	86, 281
	237, 281
	267, 282
	165, 282
	210, 282
	224, 282
	140, 282
	8, 282
	41, 283
	270, 283
	262, 284
	278, 284
	98, 284
	205, 284
	85, 284
	86, 285
	40, 285
	130, 285
	60, 285
	254, 286
	22, 286
	77, 286
	226, 286
	253, 287
	33, 287
	153, 287
	141, 287
	235, 287
	64, 288
	46, 288
	164, 288
	207, 288
	158, 288
	89, 289
	-1, 289
	244, 289
	-3, 289
	48, 290
	108, 290
	31, 290
	138, 291
	45, 291
	270, 291
	283, 291
	41, 291
	81, 292
	252, 292
	44, 292
	161, 292
	115, 293
	-4, 293
	265, 293
	36, 294
	158, 294
	207, 294
	71, 294
	288, 294
	262, 295
	152, 295
	284, 295
	85, 295
	112, 296
	106, 296
	104, 296
	189, 296
	146, 297
	117, 297
	275, 297
	70, 297
	138, 297
	62, 298
	132, 298
	31, 298
	290, 298
	266, 299
	29, 299
	148, 299
	245, 299
	242, 299
	123, 300
	115, 300
	265, 300
	293, 300
	51, 300
	272, 301
	217, 301
	144, 301
	72, 301
	223, 302
	266, 302
	242, 302
	50, 302
	182, 302
	215, 302
	172, 303
	236, 303
	68, 303
	185, 303
	128, 303
	208, 303
	186, 303
	238, 304
	218, 304
	102, 304
	155, 304
	208, 305
	133, 305
	131, 305
	26, 305
	192, 305
	73, 306
	48, 306
	183, 306
	-1, 306
	31, 306
	286, 307
	254, 307
	226, 307
	195, 307
	167, 307
	71, 308
	163, 308
	-4, 308
	11, 308
	243, 309
	261, 309
	184, 309
	263, 309
	104, 310
	279, 310
	57, 310
	234, 310
	134, 310
	10, 310
	90, 311
	4, 311
	87, 311
	159, 312
	280, 312
	21, 312
	141, 312
	153, 312
	260, 313
	69, 313
	212, 313
	56, 313
	176, 313
	-3, 314
	219, 314
	179, 314
	292, 315
	238, 315
	155, 315
	44, 315
	75, 316
	11, 316
	-4, 316
	40, 317
	100, 317
	113, 317
	193, 317
	268, 317
	147, 318
	35, 319
	76, 319
	34, 319
	32, 319
	-3, 319
	39, 320
	53, 320
	58, 321
	246, 321
	24, 321
	250, 321
	5, 321
	109, 321
	126, 322
	61, 322
	121, 322
	187, 322
	214, 322
	197, 322
	139, 323
	54, 323
	58, 323
	161, 324
	219, 324
	315, 324
	292, 324
	218, 325
	172, 325
	122, 325
	3, 325
	27, 325
	251, 326
	13, 326
	117, 326
	90, 326
	311, 326
	70, 326
	87, 326
	206, 327
	145, 327
	68, 327
	185, 327
	269, 327
	100, 328
	268, 328
	198, 328
	231, 328
	196, 328
	142, 328
	27, 329
	267, 329
	122, 329
	325, 329
	39, 329
	53, 329
	258, 330
	144, 330
	74, 330
	63, 330
	217, 330
	327, 331
	68, 331
	101, 331
	269, 331
	26, 332
	200, 332
	0, 332
	247, 332
	149, 333
	-4, 333
	14, 333
	157, 333
	111, 333
	-2, 334
	114, 334
	227, 335
	262, 335
	295, 335
	160, 335
	278, 336
	65, 336
	136, 336
	55, 336
	40, 337
	54, 337
	220, 337
	240, 337
	317, 337
	113, 337
	298, 338
	270, 338
	290, 338
	264, 339
	198, 339
	187, 339
	231, 339
	65, 339
	101, 340
	18, 340
	52, 340
	209, 340
	213, 340
	281, 341
	86, 341
	220, 341
	237, 341
	119, 342
	114, 342
	92, 342
	93, 342
	6, 342
	6, 343
	60, 343
	86, 343
	38, 343
	42, 343
	285, 343
	132, 344
	62, 344
	-1, 344
	86, 345
	285, 345
	337, 345
	40, 345
	341, 345
	220, 345
	156, 346
	29, 346
	66, 346
	116, 346
	318, 347
	169, 347
	49, 347
	116, 348
	66, 348
	41, 348
	110, 348
	283, 348
	193, 349
	5, 349
	99, 349
	24, 349
	276, 349
	204, 349
	89, 350
	30, 350
	202, 350
	235, 350
	20, 350
	348, 351
	283, 351
	298, 351
	132, 351
	270, 351
	66, 351
	338, 351
	19, 352
	14, 352
	84, 352
	96, 352
	176, 353
	313, 353
	212, 353
	230, 353
	248, 353
	80, 353
	148, 354
	318, 354
	49, 354
	347, 354
	223, 355
	348, 355
	110, 355
	116, 355
	266, 355
	174, 356
	203, 356
	211, 356
	16, 356
	233, 356
	15, 356
	296, 357
	112, 357
	243, 357
	106, 357
	263, 357
	309, 357
	101, 358
	234, 358
	10, 358
	104, 358
	121, 359
	145, 359
	206, 359
	214, 359
	257, 359
	322, 359
	216, 360
	223, 360
	225, 360
	110, 360
	355, 360
	219, 361
	314, 361
	179, 361
	82, 361
	8, 361
	336, 362
	55, 362
	278, 362
	98, 362
	95, 362
	22, 362
	85, 363
	196, 363
	231, 363
	65, 363
	336, 363
	278, 363
	232, 364
	-2, 364
	75, 364
	7, 364
	165, 365
	267, 365
	320, 365
	39, 365
	122, 366
	162, 366
	208, 366
	236, 366
	26, 366
	305, 366
	50, 367
	242, 367
	299, 367
	148, 367
	354, 367
	318, 367
	124, 368
	263, 368
	184, 368
	239, 368
	190, 368
	224, 369
	27, 369
	325, 369
	218, 369
	304, 369
	155, 369
	101, 370
	358, 370
	209, 370
	177, 370
	234, 370
	340, 370
	51, 371
	59, 371
	249, 371
	265, 371
	300, 371
	58, 372
	240, 372
	5, 372
	193, 372
	113, 372
	7, 373
	364, 373
	11, 373
	316, 373
	75, 373
	37, 374
	367, 374
	50, 374
	182, 374
	318, 374
	147, 374
	169, 375
	0, 375
	79, 375
	15, 375
	233, 375
	189, 376
	296, 376
	104, 376
	358, 376
	269, 376
	101, 376
	331, 376
	33, 377
	165, 377
	365, 377
	153, 377
	287, 377
	159, 378
	-3, 378
	256, 378
	188, 378
	312, 378
	21, 378
	361, 379
	219, 379
	324, 379
	8, 379
	210, 379
	155, 379
	315, 379
	74, 380
	36, 380
	294, 380
	143, 380
	7, 380
	320, 381
	247, 381
	332, 381
	53, 381
	26, 381
	162, 381
	251, 382
	57, 382
	146, 382
	105, 382
	234, 382
	173, 382
	177, 382
	163, 383
	-4, 383
	1, 383
	164, 383
	290, 384
	108, 384
	338, 384
	150, 385
	17, 385
	102, 385
	304, 385
	126, 385
	197, 385
	238, 385
	120, 386
	-3, 386
	219, 386
	161, 386
	314, 386
	346, 387
	66, 387
	132, 387
	344, 387
	156, 387
	149, 388
	221, 388
	111, 388
	94, 388
	70, 388
	90, 388
	344, 389
	-1, 389
	156, 389
	387, 389
	178, 390
	72, 390
	144, 390
	301, 390
	-2, 390
	217, 391
	301, 391
	272, 391
	109, 391
	-2, 392
	258, 392
	170, 392
	335, 393
	152, 393
	295, 393
	60, 393
	130, 393
	384, 394
	108, 394
	19, 394
	65, 395
	136, 395
	339, 395
	187, 395
	197, 395
	78, 396
	247, 396
	381, 396
	320, 396
	276, 397
	124, 397
	368, 397
	239, 397
	349, 397
	99, 397
	119, 398
	93, 398
	60, 398
	160, 398
	335, 398
	393, 398
	194, 399
	181, 399
	257, 399
	296, 399
	112, 399
	189, 399
	206, 399
	79, 400
	147, 400
	318, 400
	169, 400
	347, 400
	326, 401
	13, 401
	87, 401
	80, 401
	135, 401
	77, 402
	118, 402
	252, 402
	95, 402
	22, 402
	81, 402
	273, 403
	17, 403
	150, 403
	136, 403
	55, 403
	107, 404
	-2, 404
	334, 404
	166, 404
	19, 405
	-4, 405
	73, 405
	394, 405
	108, 405
	352, 406
	19, 406
	270, 406
	96, 406
	394, 406
	338, 406
	384, 406
	15, 407
	-1, 407
	211, 407
	169, 408
	375, 408
	43, 408
	-1, 408
	407, 408
	15, 408
	323, 409
	171, 409
	72, 409
	272, 409
	258, 410
	144, 410
	392, 410
	-2, 410
	390, 410
	380, 411
	294, 411
	71, 411
	7, 411
	125, 412
	181, 412
	124, 412
	397, 412
	276, 412
	409, 413
	171, 413
	255, 413
	139, 413
	323, 413
	377, 414
	365, 414
	396, 414
	78, 414
	320, 414
	33, 414
	287, 415
	235, 415
	47, 415
	253, 415
	373, 416
	7, 416
	308, 416
	11, 416
	71, 416
	411, 416
	330, 417
	74, 417
	380, 417
	143, 417
	170, 417
	258, 417
	138, 418
	191, 418
	291, 418
	41, 418
	225, 418
	182, 419
	52, 419
	374, 419
	37, 419
	213, 419
	409, 420
	272, 420
	391, 420
	109, 420
	323, 420
	58, 420
	321, 420
	404, 421
	334, 421
	114, 421
	166, 421
	277, 421
Mesh Regions: 422
	51, 307, 411, 453, 813, 1025
	0, 5, 106, 216, 1074
	1, 168, 234, 407
	8, 89, 238, 361, 776
	29, 58, 68, 394, 464, 719
	6, 27, 289, 758, 886, 1010
	18, 31, 73, 75, 857, 858
	169, 408, 969, 1013, 1058, 1212, 1234
	52, 162, 335, 591, 953, 1050
	12, 206, 225, 373, 390, 483
	92, 415, 717, 936
	2, 707, 739, 1015, 1236
	36, 98, 135, 247, 358, 468
	147, 149, 471, 779, 1160
	3, 54, 79, 199, 817, 904
	337, 412, 927, 1027, 1191, 1199
	22, 187, 245, 410, 456, 925
	20, 183, 427, 549, 1080, 1171
	87, 277, 287, 343, 845
	4, 56, 903, 1125, 1179, 1185
	64, 164, 312, 418, 577, 895
	163, 191, 219, 495, 723, 1046
	49, 77, 83, 324, 484, 604, 959, 1168
	5, 21, 104, 215
	6, 84, 448, 756, 888
	7, 61, 110, 296, 388
	141, 211, 310, 692, 811, 978, 1063
	376, 528, 777, 796, 992
	8, 32, 88, 119, 133, 240
	108, 195, 447, 525, 659, 874
	9, 66, 318, 892
	10, 23, 33, 623, 656, 698
	11, 13, 226, 293, 750
	50, 478, 608, 1036, 1228
	12, 13, 48, 224, 372, 749
	14, 47, 223, 306, 747
	35, 44, 129, 203, 636, 1055
	140, 144, 176, 347, 1018, 1253
	15, 17, 57, 582, 861
	26, 529, 752, 800, 973
	85, 138, 600, 741, 830, 870
	99, 381, 592, 628, 882, 1248
	16, 17, 18, 72, 862
	19, 24, 231, 1196
	20, 426, 476, 548, 631, 737
	80, 159, 200, 538, 558, 625
	21, 38, 81, 103, 122, 214, 613
	22, 185, 246, 315, 416, 480, 1231
	23, 42, 97, 621, 695
	24, 25, 178, 232, 879, 915
	267, 438, 675, 980, 1020
	30, 124, 400, 667, 1003
	266, 333, 345, 350, 846, 1251
	26, 121, 210, 753, 801, 1062
	28, 160, 364, 433, 767, 831
	78, 152, 547, 829, 955, 1174
	37, 40, 130, 155, 342, 729
	146, 413, 474, 714, 1066
	27, 28, 435, 754, 768, 1008, 1260
	29, 30, 59, 392, 399, 463, 1004
	31, 74, 139, 602, 859, 1121, 1143
	32, 90, 120, 128, 761
	33, 34, 142, 654, 865
	35, 36, 43, 132, 251, 359, 805
	37, 38, 82, 131, 201, 340, 612
	153, 404, 827, 843, 963, 1126
	107, 143, 875, 881, 901, 1092
	39, 181, 366, 396, 542
	86, 275, 276, 680, 787, 808
	40, 53, 156, 272, 506, 727
	67, 76, 109, 556, 652, 783, 1100
	212, 329, 639, 704, 1211, 1237
	236, 257, 544, 671, 1107, 1202
	41, 42, 96, 268, 694, 1181
	43, 44, 804, 1054, 1240
	45, 46, 738, 968, 1017
	47, 48, 222, 229, 371, 748
	49, 113, 386, 605, 1164
	50, 186, 455, 481, 1131, 1226
	51, 177, 230, 311, 1026, 1154
	60, 91, 150, 252, 457, 912, 1162
	63, 112, 118, 207, 477, 629, 1169
	52, 70, 161, 259, 493, 952
	53, 136, 158, 262, 271, 281, 431
	54, 55, 56, 905
	165, 189, 297, 570, 598, 644, 960
	57, 584, 599, 850, 860, 867
	58, 59, 60, 393, 458, 720, 784, 1161
	61, 62, 63, 111, 116
	64, 65, 66, 313, 443, 617, 891
	67, 68, 368, 395, 718, 781, 1101
	69, 70, 260, 279, 492
	71, 72, 73, 102, 855
	74, 75, 115, 856, 1142
	76, 100, 197, 557, 1099
	77, 78, 475, 546, 958, 1167
	79, 80, 198, 539, 906, 1187
	81, 82, 125, 339
	83, 323, 569, 596, 957
	84, 432, 449, 887, 1140
	85, 137, 166, 531, 742, 790
	86, 87, 278, 809, 844, 934, 997, 1034
	88, 89, 90, 127, 362, 687, 1081
	91, 148, 253, 440, 511, 572
	92, 93, 575, 647, 712, 937, 1031
	174, 242, 283, 379, 1068
	93, 439, 576, 646, 931
	94, 95, 221, 303, 1175
	96, 97, 622, 1077, 1124, 1183
	98, 357, 469, 759, 1114, 1258
	99, 382, 883, 919, 947
	100, 182, 196, 819, 1098
	126, 264, 515, 645, 929, 1151
	290, 434, 743, 835, 1012
	101, 102, 114, 564, 821, 854, 1264
	103, 104, 105, 106, 123, 633, 664
	107, 108, 524, 876, 880, 920
	109, 172, 472, 650, 780
	110, 111, 112, 113, 385, 1165
	114, 115, 205, 565, 853, 1141
	116, 117, 118, 208, 1086
	119, 120, 134, 171, 762, 938
	121, 209, 241, 422, 775, 798, 974
	122, 123, 124, 125, 341, 401, 663
	126, 263, 514, 986, 1136, 1215
	265, 292, 502, 552, 563, 1213
	127, 128, 300, 760, 1083
	129, 130, 131, 132, 154, 202, 249
	133, 134, 170, 239, 274, 682
	135, 136, 157, 248, 261, 467
	137, 138, 139, 167, 190, 601, 1122
	140, 141, 145, 175, 309, 691
	142, 143, 655, 864, 899, 1093
	144, 145, 286, 346, 690
	146, 147, 151, 470, 574, 716
	148, 149, 150, 151, 573, 1163
	152, 153, 184, 302, 828, 1127, 1173
	154, 155, 156, 157, 158, 250
	159, 173, 285, 559, 624, 653, 1245
	160, 365, 425, 488, 766, 1221
	161, 162, 163, 220, 494, 590
	164, 192, 419, 579, 610, 724
	165, 166, 167, 188, 298, 795
	168, 169, 233, 406, 1057, 1242
	360, 500, 670, 803, 1108, 1205
	170, 171, 273, 326, 786, 939
	172, 173, 174, 284, 473, 649, 1067
	175, 176, 177, 308, 746, 1023, 1155
	178, 179, 444, 660, 913, 983
	180, 181, 182, 367, 815, 1096
	183, 184, 301, 1079, 1172
	185, 186, 187, 454, 479
	188, 189, 190, 642, 1119
	191, 192, 218, 609, 725, 1039
	193, 243, 316
	334, 378, 428, 688, 736, 996, 1052
	194, 195, 446, 873, 1095, 1104
	196, 197, 198, 199, 200, 560, 818
	201, 202, 203, 616, 637
	204, 580, 721, 1041
	205, 206, 228, 369, 391, 568, 825, 1144
	207, 208, 363, 632, 769, 1089
	209, 210, 211, 975, 1064
	212, 213, 217, 328, 705, 1072
	214, 215, 216, 217, 327, 614, 1075
	218, 219, 220, 530, 587, 970, 1037
	221, 222, 223, 227, 305, 566, 1178, 1265
	224, 225, 226, 295, 482, 703
	227, 228, 229, 370, 567
	230, 231, 232, 878, 1024, 1157, 1194
	233, 234, 235, 499, 1117, 1243
	236, 237, 255, 489, 1201, 1219
	238, 239, 240, 241, 420, 678, 774
	242, 254, 355, 384, 1070
	243, 244, 245, 246, 319, 321, 922
	247, 248, 249, 250, 251
	252, 253, 505, 510, 730, 907
	254, 332, 353, 414, 1000, 1071
	255, 256, 257, 1106
	258, 259, 260, 733, 951
	261, 262, 429, 451, 465
	263, 264, 265, 291, 1148, 1214
	266, 267, 351, 676, 1021, 1250
	268, 269, 270, 696
	271, 272, 282, 504, 508, 516, 710, 988
	273, 274, 275, 681, 788
	276, 277, 278, 288, 331, 684
	299, 349, 518, 763, 841, 1129
	279, 280, 491, 1044
	325, 537, 648, 1029, 1152
	281, 282, 430, 990
	283, 284, 285, 380, 1246
	286, 287, 288, 330, 344, 693
	289, 290, 322, 534, 744, 885, 1011
	291, 292, 348, 497, 554, 1147
	293, 294, 295, 296, 387, 702
	297, 298, 403, 794, 961
	299, 300, 301, 302, 765, 1084, 1130
	405, 501, 517, 533, 550, 792, 840
	303, 304, 305, 306
	307, 308, 309, 310, 311, 812
	312, 313, 314, 441, 578
	315, 316, 317, 318, 319, 417, 893
	320, 321, 338, 923
	322, 503, 535, 561, 890
	323, 324, 389, 485, 512, 597
	325, 326, 498, 536, 785, 940, 1153
	327, 328, 329, 615, 638
	330, 331, 421, 683, 689, 976
	332, 333, 352, 354, 847, 999
	334, 335, 377, 588, 1051
	336, 337, 338, 924, 1193
	339, 340, 341, 342, 398, 728, 909
	343, 344, 345, 346, 347, 848, 1254
	348, 349, 496, 519, 553, 764, 941
	350, 351, 352, 356, 374, 677
	353, 354, 355, 356, 375, 383, 944
	357, 358, 359, 360, 669, 806, 1111
	361, 362, 686, 773, 994
	363, 732, 770, 949, 1048, 1088
	364, 365, 424, 832, 851, 872
	366, 367, 368, 397, 1097
	369, 370, 371, 372, 373
	374, 375, 526, 672, 917, 945
	376, 377, 378, 527, 589, 991
	379, 380, 381, 382, 383, 384, 946, 1249
	385, 386, 387, 388, 606, 701
	389, 390, 391, 486, 513, 822
	392, 393, 402, 460
	394, 395, 396, 397, 437, 461, 543
	398, 399, 400, 401, 402, 459, 910
	403, 404, 405, 793, 842, 962
	406, 407, 408, 409, 966
	410, 411, 412, 452, 926, 1028
	413, 414, 415, 715, 935, 1001, 1069
	416, 417, 418, 419, 611, 894, 1230
	420, 421, 422, 679, 977
	423, 424, 425, 487, 585, 852
	426, 427, 428, 685, 735, 1085
	429, 430, 431, 432, 450, 989, 1138
	433, 434, 435, 833, 1009
	436, 437, 462, 520, 540
	438, 523, 662, 674, 981
	439, 440, 507, 571, 708, 930
	441, 442, 443, 619
	444, 445, 446, 447, 661
	448, 449, 450, 451, 466, 755
	452, 453, 454, 455, 456, 814, 1060, 1132
	457, 458, 459, 460, 911
	461, 462, 463, 464, 522, 1005
	465, 466, 467, 468, 469, 757
	470, 471, 472, 473, 474, 778, 1065
	475, 476, 477, 545, 630, 1166
	478, 479, 480, 481, 607, 1232
	482, 483, 484, 485, 486, 603, 700
	487, 488, 489, 490, 1220
	491, 492, 493, 494, 495, 1043
	496, 497, 498, 942, 1149
	499, 500, 802, 1116, 1204, 1244
	501, 502, 503, 532, 551, 562
	504, 505, 506, 509, 726
	507, 508, 509, 510, 511, 709
	512, 513, 594, 641, 823
	514, 515, 516, 711, 932, 987
	517, 518, 519, 555, 839
	520, 521, 522, 635, 665, 1006
	523, 524, 525, 526, 658, 673, 921
	527, 528, 529, 530, 586, 797, 971
	531, 532, 533, 534, 535, 745, 791
	536, 537, 789, 810, 1033
	538, 539, 593, 626, 837, 900, 1186
	540, 541, 542, 543
	544, 668, 1113, 1203, 1256
	545, 546, 547, 548, 549, 1170
	550, 551, 552, 553, 554, 555
	556, 557, 558, 559, 560, 651
	561, 562, 563, 889, 1135, 1217
	564, 565, 566, 567, 568, 1266
	569, 570, 595, 826, 956, 965
	571, 572, 573, 574, 575, 576, 713
	577, 578, 579, 580, 581, 722
	582, 583, 584, 585, 849
	586, 587, 588, 589, 590, 591
	592, 593, 627, 884, 897
	594, 595, 596, 597, 598, 643
	599, 600, 601, 602, 863, 868
	603, 604, 605, 606, 699
	607, 608, 609, 610, 611, 1040, 1229
	612, 613, 614, 615, 616, 640
	617, 618, 619, 620
	621, 622, 623, 657, 838, 1076
	624, 625, 626, 627, 628, 1247
	629, 630, 631, 632, 734, 772
	633, 634, 635, 666
	636, 637, 638, 639, 640, 1056, 1210
	641, 642, 643, 644, 824, 1120
	645, 646, 647, 648, 928, 1030, 1150
	649, 650, 651, 652, 653
	654, 655, 656, 657, 836, 898
	658, 659, 660, 661, 662, 982
	663, 664, 665, 666, 667, 1007
	668, 669, 670, 671, 1109, 1112
	672, 673, 674, 675, 676, 677
	678, 679, 680, 681, 682, 683, 684
	685, 686, 687, 688, 995, 1082
	689, 690, 691, 692, 693, 979
	694, 695, 696, 697, 698
	699, 700, 701, 702, 703
	704, 705, 706, 707, 1235
	708, 709, 710, 711, 933
	712, 713, 714, 715, 716, 717
	718, 719, 720, 782
	721, 722, 723, 724, 725, 1045
	726, 727, 728, 729, 730, 908
	731, 732, 733, 950, 1090
	734, 735, 736, 737, 771, 1053
	738, 739, 740, 1016
	741, 742, 743, 744, 745, 834
	746, 877, 914, 985, 1022, 1156
	747, 748, 749, 750, 751
	752, 753, 972, 1059, 1134, 1227
	754, 755, 756, 757, 758, 759, 1261
	760, 761, 762, 763, 764, 765, 943
	766, 767, 768, 1200, 1222, 1259
	769, 770, 771, 772, 1049
	773, 774, 775, 776, 777, 799, 993
	778, 779, 780, 781, 782, 783, 784, 1159
	785, 786, 787, 788, 789, 807
	790, 791, 792, 793, 794, 795
	796, 797, 798, 799, 800, 801
	802, 803, 804, 805, 806, 1239
	807, 808, 809, 810, 1035
	811, 812, 813, 814, 1061
	815, 816, 817, 818, 819
	820, 821, 1177, 1263
	822, 823, 824, 825, 1118, 1145
	826, 827, 828, 829, 954, 964
	830, 831, 832, 833, 834, 835, 869
	836, 837, 838, 902, 1078, 1189
	839, 840, 841, 842, 843, 1128
	844, 845, 846, 847, 848, 1002
	849, 850, 851, 852, 871
	853, 854, 855, 856, 857
	858, 859, 860, 861, 862, 863
	864, 865, 866, 1094, 1102
	867, 868, 869, 870, 871, 872
	873, 874, 875, 876, 1091
	877, 878, 879, 916, 1158
	880, 881, 882, 883, 884, 896, 918
	885, 886, 887, 888, 889, 890, 1139
	891, 892, 893, 894, 895
	896, 897, 898, 899, 900, 901, 902
	903, 904, 905, 906, 1184
	907, 908, 909, 910, 911, 912
	913, 914, 915, 916, 984
	917, 918, 919, 920, 921, 948
	922, 923, 924, 925, 926, 927
	928, 929, 930, 931, 932, 933
	934, 935, 936, 937, 998, 1032
	938, 939, 940, 941, 942, 943
	944, 945, 946, 947, 948
	949, 950, 951, 952, 953, 1047
	954, 955, 956, 957, 958, 959
	960, 961, 962, 963, 964, 965
	966, 967, 968, 969, 1014
	970, 971, 972, 973, 1038, 1224
	974, 975, 976, 977, 978, 979
	980, 981, 982, 983, 984, 985, 1019
	986, 987, 988, 989, 990, 1137
	991, 992, 993, 994, 995, 996
	997, 998, 999, 1000, 1001, 1002
	1003, 1004, 1005, 1006, 1007
	1008, 1009, 1010, 1011, 1012
	1013, 1014, 1015, 1016, 1017, 1233
	1018, 1019, 1020, 1021, 1022, 1023, 1252
	1024, 1025, 1026, 1027, 1028, 1195
	1029, 1030, 1031, 1032, 1033, 1034, 1035
	1036, 1037, 1038, 1039, 1040, 1223
	1041, 1042, 1043, 1044, 1045, 1046
	1047, 1048, 1049, 1050, 1051, 1052, 1053
	1054, 1055, 1056, 1057, 1058, 1209, 1241
	1059, 1060, 1061, 1062, 1063, 1064, 1133
	1065, 1066, 1067, 1068, 1069, 1070, 1071
	1072, 1073, 1074, 1075
	1076, 1077, 1078, 1123, 1190
	1079, 1080, 1081, 1082, 1083, 1084, 1085
	1086, 1087, 1088, 1089, 1090
	1091, 1092, 1093, 1094, 1095, 1105
	1096, 1097, 1098, 1099, 1100, 1101
	1102, 1103, 1104, 1105
	1106, 1107, 1108, 1109, 1110, 1208
	1111, 1112, 1113, 1114, 1257
	1115, 1116, 1117, 1206
	1118, 1119, 1120, 1121, 1122, 1146
	1123, 1124, 1125, 1182, 1188
	1126, 1127, 1128, 1129, 1130
	1131, 1132, 1133, 1134, 1225
	1135, 1136, 1137, 1138, 1139, 1140, 1216
	1141, 1142, 1143, 1144, 1145, 1146
	1147, 1148, 1149, 1150, 1151, 1152, 1153
	1154, 1155, 1156, 1157, 1158
	1159, 1160, 1161, 1162, 1163
	1164, 1165, 1166, 1167, 1168, 1169
	1170, 1171, 1172, 1173, 1174
	1175, 1176, 1177, 1178, 1262
	1179, 1180, 1181, 1182, 1183
	1184, 1185, 1186, 1187, 1188, 1189, 1190
	1191, 1192, 1193, 1198
	1194, 1195, 1196, 1197, 1198, 1199
	1200, 1201, 1202, 1203, 1218, 1255
	1204, 1205, 1206, 1207, 1208
	1209, 1210, 1211, 1212, 1238
	1213, 1214, 1215, 1216, 1217
	1218, 1219, 1220, 1221, 1222
	1223, 1224, 1225, 1226, 1227, 1228
	1229, 1230, 1231, 1232
	1233, 1234, 1235, 1236, 1237, 1238
	1239, 1240, 1241, 1242, 1243, 1244
	1245, 1246, 1247, 1248, 1249
	1250, 1251, 1252, 1253, 1254
	1255, 1256, 1257, 1258, 1259, 1260, 1261
	1262, 1263, 1264, 1265, 1266
Seed Numbers: 422
	0
	1
	2
	3
	4
	5
	6
	7
	8
	9
	10
	11
	12
	13
	14
	15
	16
	17
	18
	19
	20
	21
	22
	23
	24
	25
	26
	27
	28
	29
	30
	31
	32
	33
	34
	35
	36
	37
	38
	39
	40
	41
	42
	43
	44
	45
	46
	47
	48
	49
	50
	51
	52
	53
	54
	55
	56
	57
	58
	59
	60
	61
	62
	63
	64
	65
	66
	67
	68
	69
	70
	71
	72
	73
	74
	75
	76
	77
	78
	79
	80
	81
	82
	83
	84
	85
	86
	87
	88
	89
	90
	91
	92
	93
	94
	95
	96
	97
	98
	99
	100
	101
	102
	103
	104
	105
	106
	107
	108
	109
	110
	111
	112
	113
	114
	115
	116
	117
	118
	119
	120
	121
	122
	123
	124
	125
	126
	127
	128
	129
	130
	131
	132
	133
	134
	135
	136
	137
	138
	139
	140
	141
	142
	143
	144
	145
	146
	147
	148
	149
	150
	151
	152
	153
	154
	155
	156
	157
	158
	159
	160
	161
	162
	163
	164
	165
	166
	167
	168
	169
	170
	171
	172
	173
	174
	175
	176
	177
	178
	179
	180
	181
	182
	183
	184
	185
	186
	187
	188
	189
	190
	191
	192
	193
	194
	195
	196
	197
	198
	199
	200
	201
	202
	203
	204
	205
	206
	207
	208
	209
	210
	211
	212
	213
	214
	215
	216
	217
	218
	219
	220
	221
	222
	223
	224
	225
	226
	227
	228
	229
	230
	231
	232
	233
	234
	235
	236
	237
	238
	239
	240
	241
	242
	243
	244
	245
	246
	247
	248
	249
	250
	251
	252
	253
	254
	255
	256
	257
	258
	259
	260
	261
	262
	263
	264
	265
	266
	267
	268
	269
	270
	271
	272
	273
	274
	275
	276
	277
	278
	279
	280
	281
	282
	283
	284
	285
	286
	287
	288
	289
	290
	291
	292
	293
	294
	295
	296
	297
	298
	299
	300
	301
	302
	303
	304
	305
	306
	307
	308
	309
	310
	311
	312
	313
	314
	315
	316
	317
	318
	319
	320
	321
	322
	323
	324
	325
	326
	327
	328
	329
	330
	331
	332
	333
	334
	335
	336
	337
	338
	339
	340
	341
	342
	343
	344
	345
	346
	347
	348
	349
	350
	351
	352
	353
	354
	355
	356
	357
	358
	359
	360
	361
	362
	363
	364
	365
	366
	367
	368
	369
	370
	371
	372
	373
	374
	375
	376
	377
	378
	379
	380
	381
	382
	383
	384
	385
	386
	387
	388
	389
	390
	391
	392
	393
	394
	395
	396
	397
	398
	399
	400
	401
	402
	403
	404
	405
	406
	407
	408
	409
	410
	411
	412
	413
	414
	415
	416
	417
	418
	419
	420
	421
Phase Numbers: 422
	2
	2
	1
	3
	2
	3
	2
	2
	0
	2
	2
	1
	3
	2
	0
	2
	0
	0
	2
	3
	3
	3
	2
	2
	2
	3
	1
	2
	3
	3
	3
	3
	3
	3
	2
	3
	2
	3
	0
	2
	2
	2
	2
	2
	3
	3
	1
	2
	0
	2
	0
	2
	0
	2
	2
	3
	1
	3
	2
	3
	2
	1
	2
	3
	2
	2
	3
	3
	2
	2
	3
	2
	3
	3
	3
	2
	3
	2
	3
	2
	1
	2
	0
	0
	2
	3
	2
	3
	2
	2
	2
	2
	3
	2
	2
	2
	0
	0
	1
	3
	0
	0
	3
	3
	0
	2
	2
	3
	2
	3
	1
	2
	1
	3
	2
	2
	2
	3
	2
	3
	3
	3
	2
	3
	3
	3
	1
	3
	2
	2
	2
	3
	2
	1
	3
	2
	2
	0
	2
	2
	0
	2
	3
	2
	2
	2
	2
	2
	3
	3
	2
	3
	0
	3
	3
	0
	2
	3
	2
	0
	2
	3
	2
	3
	2
	2
	3
	3
	3
	0
	3
	2
	3
	3
	3
	3
	3
	2
	3
	3
	3
	0
	3
	2
	0
	1
	2
	1
	2
	2
	3
	2
	0
	2
	1
	2
	0
	3
	3
	3
	3
	1
	2
	3
	3
	2
	2
	0
	3
	3
	3
	2
	3
	3
	2
	1
	3
	3
	3
	3
	3
	2
	2
	2
	3
	3
	2
	0
	2
	3
	2
	0
	3
	3
	3
	1
	1
	2
	3
	0
	3
	2
	1
	1
	3
	0
	2
	1
	3
	1
	3
	2
	3
	3
	1
	2
	3
	2
	3
	3
	3
	0
	3
	1
	2
	3
	2
	2
	3
	2
	3
	0
	3
	3
	2
	1
	2
	3
	1
	3
	3
	2
	3
	3
	2
	3
	1
	2
	1
	3
	2
	2
	3
	2
	3
	1
	0
	2
	2
	3
	2
	3
	2
	3
	3
	3
	1
	2
	3
	2
	3
	2
	3
	3
	3
	2
	3
	2
	2
	3
	2
	3
	3
	2
	3
	2
	3
	2
	2
	3
	2
	0
	3
	3
	3
	2
	2
	3
	0
	3
	1
	3
	3
	2
	2
	2
	2
	1
	2
	2
	3
	2
	2
	3
	0
	3
	1
	3
	3
	3
	2
	1
	3
	0
	3
	3
	3
	1
	3
	2
	2
	2
	2
	2
	2
	3
	3
	3
	3
	0
	2
	2
	2
	3
	3
	0
	2
	2
	1
	2
	1
	2
	3
	3
	2
	2
	1
	2
	2
	3
	3
	3
	0
	3
	3
	3
	3
	2
	2
	2
	3
	3
	2
	3
	0
	2
	1
	2
	3
	3
	2
	2
Volumes: 422
	0.002584242055444534
	0.0019026448692017015
	0.0019265066973090726
	0.00208520449044215
	0.0030287113367298037
	0.0024125566740014516
	0.0021197307228984262
	0.00307945936960523
	0.0025181481083367176
	0.0021345190662784225
	0.00260708660820468
	0.001066745639228671
	0.0030680633846790675
	0.0019510378040917863
	0.0035950510797331196
	0.001958523049973759
	0.003340774928392162
	0.001963348006733708
	0.002149132328246316
	0.0017964083422360429
	0.0027468453453918856
	0.003156278987350843
	0.002926997026619689
	0.002202125032324464
	0.001893124548816219
	0.0025970352469418707
	0.00233438258874434
	0.0021391686486312246
	0.001980074618370458
	0.002584896083570285
	0.0018399045191810266
	0.002892885325184614
	0.0018460516293494836
	0.0018921444738777449
	0.0022018887122666393
	0.0012010281704535777
	0.002935642987138176
	0.0026143890899953206
	0.0015102973532219485
	0.0018937490717093994
	0.002798285167182753
	0.0028505801750059777
	0.0015577706785316122
	0.00196370734596024
	0.0027313366903497288
	0.0023434162423148774
	0.002398741492202036
	0.002778015405360636
	0.0020847159400676843
	0.0022473297086768344
	0.002002989849440889
	0.0026008377591220707
	0.0020194943368891326
	0.0018572859707430037
	0.002094109674741995
	0.002317464379363017
	0.003564711426678186
	0.0016217604457784602
	0.0025051088410037343
	0.002661943872941421
	0.0035386664675251646
	0.0019274753658535477
	0.0023071479226346534
	0.003349219219065833
	0.003126947599685102
	0.0025256105037623384
	0.00205543449414163
	0.0021626007503767553
	0.0022964930279449525
	0.0027320800281434806
	0.002866428379012864
	0.0019136403257371901
	0.0030222121506155862
	0.0031953034463971593
	0.002155403658379104
	0.0013144729597067547
	0.0017394732807599197
	0.0023289296025337733
	0.002267086535060373
	0.001802531421721013
	0.003137880263987028
	0.003443182164943026
	0.002103131217726994
	0.0029558345373531004
	0.0018992819202327772
	0.002147815813621832
	0.002746838224583715
	0.003164421807366281
	0.002405158635786959
	0.002863626184407236
	0.0029058818869098363
	0.0011200011871543183
	0.0016311674577484136
	0.0016857639892751417
	0.0021533227803701457
	0.0025947877610759014
	0.0028934561229348775
	0.002100888791473377
	0.0021813038120684115
	0.0017426725188837225
	0.0021046553696695645
	0.0031960372662690065
	0.0027808564785300315
	0.002404456126444333
	0.00298649592841318
	0.0017808371501410146
	0.00252382019915019
	0.002357071598984118
	0.0020139319900653097
	0.0030699854114364313
	0.0027491946310368737
	0.002040488671598683
	0.0024906855191947413
	0.00206005484045769
	0.0027864412312339337
	0.002798647491352877
	0.0024638644257092765
	0.0027120258016596907
	0.002655054626729487
	0.002833330694939872
	0.00260252815402697
	0.0024629669445125598
	0.0020916337390634488
	0.0029408750054182014
	0.002027468386383626
	0.002131602970402288
	0.002202470117811192
	0.003570079405700046
	0.0018696328807509478
	0.002001904939209291
	0.003385315550823824
	0.002435285329850151
	0.0025734391298246834
	0.001626094807747322
	0.001674130524311803
	0.0028448539435699813
	0.0030400076180961974
	0.0022542390840941447
	0.002541716331108823
	0.002962104219929695
	0.003077164921357174
	0.0023148554250013685
	0.002714692240297279
	0.003200567153849765
	0.0019297392294507346
	0.002276591480394121
	0.002312293763189067
	0.0032635015645585373
	0.0033474731170282227
	0.0025962588796628284
	0.0019900363444022577
	0.0018681743815819351
	0.002239706489067966
	0.0032558257069615123
	0.0011158324840208462
	0.0026615087625109822
	0.00244117312294619
	0.0024174453064662108
	0.0030930292006002653
	0.0010284046615896222
	0.003529827718249388
	0.0027933518888116687
	0.002097089548569803
	0.0023809727798956883
	0.002906600740112117
	0.0038205746235267833
	0.002509636116573854
	0.002180750395681611
	0.0025704563372678704
	0.0026291882851276816
	0.0025444429949431384
	0.0019063485576603742
	0.0029259955647119775
	0.002728246873644112
	0.003713186744919373
	0.002811050122609561
	0.002498904569626333
	0.0026342806525253806
	0.0010603090144445477
	0.0023714191030743113
	0.0015030177858830086
	0.002350623340676905
	0.0022838159021005343
	0.0007488950324896367
	0.003160181691182762
	0.00253538495168372
	0.0023113474743569297
	0.0029697156681975125
	0.0011632597576504361
	0.002518653563736488
	0.0018737588374798837
	0.0025477595780610393
	0.0020748950988983854
	0.002258200922073158
	0.002932043367938065
	0.002799523670190287
	0.0018165613313822434
	0.003247689948884353
	0.002548740938661775
	0.0009166723219341181
	0.0020117819973350863
	0.0024697960979342395
	0.0028361012617241204
	0.0023583161445870364
	0.0024933833956681324
	0.002023403125435158
	0.002228376943682654
	0.00266523680759598
	0.002482752489075875
	0.0030751953306861106
	0.0017938074820579176
	0.0011758167164048713
	0.003180003979367246
	0.0024450452709951134
	0.002149673826439876
	0.002693965391593747
	0.003336493214327687
	0.0029626146662444473
	0.0017618275698570258
	0.002503616506498418
	0.0026505342337843876
	0.001962675665006734
	0.0014875668950176803
	0.0026050957761892418
	0.0018806494931102897
	0.002548675784071281
	0.0017007082690245947
	0.0028175841278565853
	0.0018286612566301623
	0.0028388869170532915
	0.002823023654291529
	0.0019094463388861862
	0.002037420403810233
	0.0028314394044751134
	0.0019194917749143436
	0.002634698241863061
	0.0025582184504051404
	0.002352851130205092
	0.0027650290398884524
	0.002401819318677786
	0.0015357416681883503
	0.0012497194272126266
	0.0015607384274480024
	0.0029649453199371402
	0.0014059952356838667
	0.0032482253484735096
	0.0017080230365998695
	0.003398569385904558
	0.0021306232669632322
	0.0024517466455993703
	0.0027510603283342093
	0.0023512272772508655
	0.003234898802934662
	0.0015647064243510492
	0.002320818732090576
	0.0021164033849198397
	0.0025572759008178057
	0.002030141070772559
	0.002379526220885428
	0.0030637524137340573
	0.0017337229761224704
	0.0015474414327220853
	0.0019007511674777864
	0.002158172029579139
	0.002175642857297308
	0.0014246030106603203
	0.0028808627906558777
	0.0026888060605704746
	0.0034528871749671336
	0.0014331184952067072
	0.0027837271393942446
	0.000803628335986552
	0.002183425809254999
	0.002069231697363518
	0.002240686600011654
	0.002710326422285427
	0.0023868132018727253
	0.0021368355069733926
	0.002453806705043384
	0.002882359523745597
	0.002602677866492215
	0.002073997598786519
	0.002757207962887146
	0.002488805131875891
	0.002520164963733316
	0.0029780076316505756
	0.0015927991150545572
	0.0031019726903529143
	0.002951120166234958
	0.0011348776601849669
	0.0025756846572361756
	0.002618409067183815
	0.0030107883355036972
	0.0008554264071627625
	0.002750375389999525
	0.0017292706560907132
	0.0027642481620137314
	0.001792584786027421
	0.0021913163069446264
	0.002296740486364581
	0.0024503764002761965
	0.002219016956793491
	0.0023828324451971375
	0.0027231833417302688
	0.002486392126348249
	0.002215237895714333
	0.0016154728514031407
	0.0019306922899290145
	0.0024692102377374247
	0.0022221086481849337
	0.0018044396967472958
	0.0019065338137581969
	0.0026891344456823714
	0.0025464031618925003
	0.001963879669718849
	0.0027070841219807105
	0.0007718502406122039
	0.002696721882608882
	0.002309997372470705
	0.001761939819688697
	0.001994432739797842
	0.002958299442225657
	0.0027203019146318395
	0.0028134166057392027
	0.002235976961913508
	0.0028650350447076804
	0.0032606171550183236
	0.001669964841630837
	0.003087226655350724
	0.0026731090921702444
	0.0028219000708517715
	0.0021071495015917274
	0.0025246295054211394
	0.0026412017378875515
	0.0009170790248707591
	0.002480924616086168
	0.0020933636429517973
	0.00261562475535913
	0.0021070817443433884
	0.002120504701903308
	0.00296346992369209
	0.0026338620223185227
	0.0019919244455003935
	0.0021991143282046694
	0.001993210982223375
	0.0028193510972651594
	0.0019844283472755585
	0.002093292401663678
	0.003374071705356263
	0.0028533774123633586
	0.0020037635857210554
	0.002628170913984487
	0.001982542870559721
	0.0024426854756116265
	0.0018190995288702863
	0.0031461726596148853
	0.0021351707942146017
	0.0022244578485878987
	0.0025204568992280504
	0.0028772759728009412
	0.0018129639938925888
	0.002416418726256188
	0.002481584408738705
	0.0024484649913112475
	0.0022639291855632727
	0.0021032312885081385
	0.0019526224815962314
	0.002336906125204062
	0.0027983657130130003
	0.0026249415505745785
	0.003057308523928556
	0.0024644888980304928
	0.0016050107645913898
	0.0023610114645540433
	0.0028960424720302497
	0.00249951947514014
	0.0031802033991422908
	0.002131873326119241
	0.0026311534154239286
	0.0024883035709917308
	0.0032045817657807424
	0.0027348636074557204
	0.002337621098898378
	0.0011779702830578458
	0.0017791355825506376
	0.002527189360750989
	0.002760956204385894
	0.0025389357923332545
	0.002416528470323059
	0.0010315975654764597
	0.002382171863371626
	0.0022510457563245227
	0.0008201645753381931
	0.002791428337122764
	0.0023718173234522494
	0.0021922947594617435
	0.0018245361166373429
	0.0026708666397062897
	0.0031967123655491344
	0.0031340165451015324
	0.0020188704868472043
	0.0024080950376138563
	0.0034492765654746843
	0.0017433008656719126
	0.001649319433226649
	0.0019351685543020462
	0.002965244707024499
	0.0012494294205436947
	0.0022044864489162872
	0.0022473807351640427
	0.0025856811473664977
	0.00265190769085201
	0.0014295730877383166
	0.0025519783373283795
	0.0016432595430192743
	0.0015542931470400806
	0.0022042888307459
	0.0030377027519122033
	0.0021551200408424856
	0.001832906565415668
	0.0033210509578255045
	0.002593578553466286
