Mesh Points: 846
	 2.032767e-01, -2.407263e-01
	 1.884241e-01, -2.570578e-01
	 2.039771e-01, -2.053643e-01
	 1.796515e-01, -1.945116e-01
	 1.436513e-01, -2.189829e-01
	 1.470865e-01, -2.354935e-01
	 2.140100e-02,  2.317277e-01
	-1.446206e-02,  2.430133e-01
	 4.251969e-02,  2.444030e-01
	 4.428211e-04,  2.913023e-01
	-1.586642e-02,  2.464621e-01
	 4.129239e-02,  2.799361e-01
	 4.625270e-02,  2.712472e-01
	 1.078172e-01, -1.076234e-02
	 1.012487e-01, -1.247000e-02
	 8.193197e-02,  2.568407e-02
	 9.533209e-02,  5.138024e-02
	 1.173591e-01,  5.804605e-02
	 1.399417e-01,  3.127240e-02
	-7.502730e-02,  2.417626e-01
	-9.770050e-02,  2.330901e-01
	-1.366985e-01,  2.566287e-01
	-1.355047e-01,  2.651590e-01
	-6.566239e-02,  2.707041e-01
	-6.484022e-02,  2.673390e-01
	-1.060040e-01,  2.890464e-01
	 1.007236e-01, -3.212121e-01
	 9.373554e-02, -3.320316e-01
	 9.518917e-02, -2.674194e-01
	 5.444981e-02, -2.741370e-01
	 8.781382e-02, -2.621624e-01
	 3.686368e-02, -3.205682e-01
	 3.938338e-02, -3.229378e-01
	-2.565925e-01, -1.519887e-02
	-2.346184e-01,  8.454267e-03
	-2.876187e-01, -1.758789e-02
	-2.930565e-01,  4.668844e-02
	-3.032657e-01,  3.719306e-02
	-2.679382e-01,  4.693707e-02
	-6.343229e-02, -3.394076e-01
	-4.599519e-02, -3.540141e-01
	-6.059572e-02, -3.017555e-01
	-2.604150e-02, -2.966346e-01
	-1.048142e-02, -3.367092e-01
	-1.696755e-02, -3.477863e-01
	-2.605615e-01,  2.240002e-01
	-2.102702e-01,  1.971804e-01
	-2.367856e-01,  1.570637e-01
	-2.783112e-01,  1.701351e-01
	-2.808844e-01,  1.738278e-01
	 3.991344e-01, -3.295678e-02
	 3.948625e-01, -3.581355e-02
	 3.998021e-01,  1.917410e-02
	 3.611012e-01,  3.743916e-02
	 3.351830e-01, -1.634933e-03
	 3.380462e-01, -9.360203e-03
	-1.627813e-01,  1.254056e-02
	-1.998694e-01, -4.407315e-03
	-2.256060e-01,  9.424460e-03
	-2.064047e-01,  5.468175e-02
	-1.760373e-01,  5.148433e-02
	-1.592928e-01,  1.929184e-02
	 1.132690e-01,  1.595452e-01
	 1.301418e-01,  1.934799e-01
	 6.638889e-02,  1.646462e-01
	 7.412838e-02,  2.178567e-01
	 1.057875e-01,  2.240896e-01
	 5.581901e-02,  1.802264e-01
	 1.166786e-01,  2.176605e-01
	 1.603901e-01, -5.000000e-01
	 1.437958e-01, -4.733651e-01
	 9.992016e-02, -5.000000e-01
	 1.038551e-01, -4.770671e-01
	-3.994086e-01,  4.583776e-01
	-3.848227e-01,  4.214857e-01
	-4.250912e-01,  4.689092e-01
	-4.466514e-01,  4.315146e-01
	-4.419686e-01,  4.580601e-01
	-4.117704e-01,  3.988868e-01
	-3.530823e-01,  1.686059e-01
	-3.501294e-01,  2.029366e-01
	-3.200011e-01,  2.120269e-01
	-3.013023e-01,  1.783874e-01
	-3.376282e-01,  1.538233e-01
	-4.720776e-01,  4.711944e-01
	-5.000000e-01,  4.574616e-01
	-4.759644e-01,  5.000000e-01
	-5.000000e-01,  5.000000e-01
	-5.000000e-01, -7.736838e-02
	-4.800590e-01, -7.470057e-02
	-5.000000e-01, -1.447717e-01
	-4.569690e-01, -9.341699e-02
	-4.648212e-01, -1.391473e-01
	 5.120139e-02,  7.846703e-02
	 4.058211e-02,  6.627239e-02
	 2.722508e-02,  1.221480e-01
	-9.108995e-03,  1.115141e-01
	 1.949519e-02,  1.251048e-01
	-1.241496e-02,  7.747688e-02
	 8.606988e-03,  5.947690e-02
	-5.313024e-02,  2.952012e-01
	-8.510337e-02,  3.370191e-01
	-7.479968e-02,  3.342250e-01
	-1.050851e-01,  3.182994e-01
	 1.832357e-01, -4.301058e-01
	 2.009150e-01, -4.367932e-01
	 1.677114e-01, -3.968202e-01
	 2.177570e-01, -3.683028e-01
	 2.278135e-01, -4.238473e-01
	-3.525084e-01,  3.674126e-01
	-3.519759e-01,  4.057973e-01
	-3.139760e-01,  4.058795e-01
	-3.074980e-01,  3.934738e-01
	-3.320858e-01,  3.516911e-01
	 2.427618e-01,  1.146812e-01
	 2.243269e-01,  1.315080e-01
	 2.901070e-01,  1.177000e-01
	 2.351290e-01,  1.636485e-01
	 2.506536e-01,  1.733542e-01
	 2.972764e-01,  1.414907e-01
	 2.673257e-01,  1.719770e-01
	-1.201194e-01,  1.191047e-01
	-1.034846e-01,  1.442855e-01
	-9.780899e-02,  7.698433e-02
	-7.747136e-02,  1.439999e-01
	-6.325577e-02,  1.030788e-01
	-6.780555e-02,  8.958638e-02
	 4.772463e-02, -1.345574e-01
	 7.042777e-02, -1.092596e-01
	 6.821138e-02, -1.734664e-01
	 1.075288e-01, -1.431554e-01
	 1.108412e-01, -1.088115e-01
	-5.407893e-02, -3.780830e-01
	-3.895581e-02, -4.031917e-01
	-6.109330e-02, -4.344784e-01
	-8.989062e-02, -3.859107e-01
	-8.440347e-02, -4.351046e-01
	 3.785201e-01,  2.638477e-01
	 3.575680e-01,  2.523209e-01
	 3.339886e-01,  2.566955e-01
	 3.284428e-01,  3.075053e-01
	 3.193461e-01,  2.872300e-01
	 3.709333e-01,  3.152035e-01
	 3.795085e-01,  3.036320e-01
	 2.901182e-02,  3.753075e-01
	 5.511200e-02,  3.762135e-01
	 8.417951e-03,  3.990117e-01
	 3.001275e-02,  4.379089e-01
	 5.814441e-02,  4.364718e-01
	 8.293407e-02,  4.159027e-01
	 8.241806e-02,  4.103347e-01
	 2.757278e-01,  2.826840e-01
	 2.740634e-01,  2.837065e-01
	 3.155179e-01,  3.299911e-01
	 2.679409e-01,  3.122039e-01
	 2.850726e-01,  3.372566e-01
	-2.482528e-01,  4.604246e-01
	-2.586823e-01,  4.227689e-01
	-2.092455e-01,  4.676773e-01
	-2.016415e-01,  4.530699e-01
	-2.318635e-01,  4.134063e-01
	-2.541798e-01,  4.153633e-01
	-9.342048e-02,  3.611261e-01
	-1.384620e-01,  3.670176e-01
	-1.497392e-01,  3.353784e-01
	 3.780050e-01,  3.564826e-01
	 3.373700e-01,  3.687758e-01
	-2.416247e-01, -1.221460e-01
	-2.696945e-01, -1.544547e-01
	-2.421622e-01, -1.110938e-01
	-2.845975e-01, -1.039855e-01
	-2.993442e-01, -1.341680e-01
	-4.695984e-01,  2.740675e-01
	-4.601525e-01,  3.054015e-01
	-5.000000e-01,  2.677396e-01
	-5.000000e-01,  3.254727e-01
	-4.702732e-01,  3.265294e-01
	 1.222812e-01, -2.020418e-01
	 1.330154e-01, -1.725312e-01
	 1.671302e-01, -1.604415e-01
	 1.959984e-01, -3.306442e-01
	 2.167387e-01, -2.974475e-01
	 2.179912e-01, -3.677809e-01
	 2.513443e-01, -2.922422e-01
	 2.533216e-01, -2.949374e-01
	 2.498377e-01, -3.586157e-01
	-4.252138e-01, -4.623223e-01
	-4.323690e-01, -5.000000e-01
	-3.613187e-01, -4.927691e-01
	-3.586948e-01, -5.000000e-01
	-9.973935e-02, -4.624730e-01
	-1.513182e-01, -4.732526e-01
	-8.940889e-02, -4.386308e-01
	-1.514520e-01, -4.123755e-01
	-1.427544e-01, -4.084954e-01
	-1.641751e-01, -4.556680e-01
	-3.638433e-01,  4.196438e-01
	-4.127991e-01,  3.914360e-01
	-3.845671e-01,  3.603278e-01
	-3.239876e-01,  1.244358e-01
	-3.202831e-01,  9.041096e-02
	-3.560324e-01,  6.838222e-02
	-3.807165e-01,  1.102861e-01
	-3.806211e-01,  1.104491e-01
	-3.363056e-01,  1.347878e-01
	-3.725233e-01,  6.951624e-02
	 2.936938e-01, -1.794313e-01
	 3.221885e-01, -1.566474e-01
	 3.015379e-01, -2.105430e-01
	 3.509134e-01, -1.692662e-01
	 3.560797e-01, -1.823880e-01
	 3.394153e-01, -2.222859e-01
	 3.254347e-01, -2.242227e-01
	-3.611332e-02, -4.567005e-01
	-3.770481e-04, -4.350274e-01
	-2.088899e-02, -4.030890e-01
	 3.309971e-04, -4.309861e-01
	-3.793635e-01, -3.753104e-01
	-3.779462e-01, -3.394892e-01
	-4.159447e-01, -3.868669e-01
	-4.246865e-01, -3.219434e-01
	-3.981312e-01, -3.212923e-01
	-4.312838e-01, -3.767222e-01
	-2.005025e-01, -2.787046e-01
	-1.942132e-01, -2.706637e-01
	-2.477529e-01, -2.913015e-01
	-2.222265e-01, -2.208443e-01
	-2.388075e-01, -2.250313e-01
	-2.599437e-01, -2.572370e-01
	 4.362793e-01, -3.309160e-02
	 4.484875e-01, -1.822486e-02
	 4.193970e-01,  2.995373e-02
	 4.446731e-01,  2.446823e-02
	-4.561646e-01, -3.813930e-01
	-4.752281e-01, -3.470528e-01
	-4.361101e-01, -3.131797e-01
	-2.196477e-01, -3.779212e-01
	-2.590921e-01, -3.825894e-01
	-2.148283e-01, -3.358415e-01
	-2.728621e-01, -3.577763e-01
	-2.513188e-01, -3.191668e-01
	-2.697285e-01, -3.745900e-01
	 2.600971e-01, -2.565816e-01
	 1.883804e-01, -2.619850e-01
	-4.230415e-01, -8.734698e-02
	-4.283616e-01, -4.658565e-02
	-4.530940e-01, -3.472608e-02
	-1.709634e-02, -2.839038e-01
	-2.977233e-02, -2.540814e-01
	-6.262388e-02, -2.443855e-01
	-6.868517e-02, -2.958938e-01
	-7.390269e-02, -2.578019e-01
	-5.000000e-01, -3.405295e-01
	-4.407083e-01, -3.018728e-01
	-4.934942e-01, -2.828831e-01
	-5.000000e-01, -2.847729e-01
	-3.073026e-02,  3.682513e-01
	-3.017997e-02,  3.541722e-01
	-7.655874e-02,  4.005667e-01
	-2.632214e-03, -3.779701e-01
	 2.972837e-01, -3.471408e-01
	 2.712917e-01, -3.659422e-01
	 2.904632e-01, -3.108962e-01
	-3.418036e-01, -2.318235e-01
	-3.344319e-01, -1.992872e-01
	-3.556259e-01, -2.378781e-01
	-3.846938e-01, -1.930277e-01
	-3.616965e-01, -1.822839e-01
	-3.847951e-01, -2.141991e-01
	 5.000000e-01, -4.231286e-01
	 4.904661e-01, -4.207067e-01
	 4.728348e-01, -3.833630e-01
	 4.782848e-01, -3.742207e-01
	 5.000000e-01, -3.745946e-01
	-1.061245e-01, -3.328134e-01
	-1.403444e-01, -3.503703e-01
	-9.314397e-02, -3.431230e-01
	-9.346903e-02, -3.830680e-01
	-1.297874e-01, -3.878747e-01
	-4.552992e-01,  3.558505e-01
	-4.449053e-01,  3.586375e-01
	-4.733419e-01,  3.793401e-01
	-4.684646e-01,  4.182064e-01
	-3.333614e-01, -3.880625e-01
	-3.273652e-01, -3.379624e-01
	-3.550981e-01, -3.931006e-01
	-3.415103e-01, -3.300709e-01
	 1.144314e-01,  4.318929e-01
	 1.245729e-01,  4.541410e-01
	 1.562681e-01,  3.961682e-01
	 1.529581e-01,  4.668879e-01
	 1.589211e-01,  4.650330e-01
	 1.812066e-01,  4.327721e-01
	 1.672516e-01,  3.972349e-01
	-2.166396e-01, -2.115538e-01
	-2.873900e-01, -1.934941e-01
	-2.678214e-01, -1.644586e-01
	-2.808195e-01, -2.073949e-01
	-2.346166e-01, -1.714058e-01
	 7.571960e-03,  4.512633e-03
	-1.743613e-02, -3.337596e-02
	-4.224222e-03,  2.053307e-02
	-5.474691e-02,  1.554262e-02
	-4.393816e-02,  2.333262e-02
	-4.610245e-02, -3.261636e-02
	 4.473121e-02, -3.926054e-01
	 5.996254e-02, -3.903401e-01
	 4.067128e-02, -4.055250e-01
	 1.064138e-01, -4.179762e-01
	 8.361503e-02, -4.567593e-01
	 5.700580e-02, -4.588596e-01
	 2.792110e-01,  3.554645e-01
	 3.096548e-01,  3.892127e-01
	 3.237039e-01,  3.868649e-01
	-4.066777e-01, -1.791129e-01
	-4.393085e-01, -1.897536e-01
	-4.068750e-01, -1.346831e-01
	-4.535668e-01, -1.453745e-01
	-4.408524e-01, -1.890757e-01
	 4.717501e-01, -3.441888e-01
	 5.000000e-01, -3.304167e-01
	 4.475702e-01, -3.321244e-01
	 4.576030e-01, -2.804284e-01
	 4.429211e-01, -3.180382e-01
	 5.000000e-01, -2.881375e-01
	 4.585956e-01, -4.694086e-01
	 4.250824e-01, -4.759447e-01
	 4.696367e-01, -4.781035e-01
	 4.732449e-01, -5.000000e-01
	 4.209035e-01, -5.000000e-01
	-3.134012e-01, -4.390087e-01
	-3.552599e-01, -4.549766e-01
	-2.926108e-01, -4.712139e-01
	-3.078379e-01, -5.000000e-01
	-3.078189e-01, -4.249646e-01
	-2.632459e-01, -4.299066e-01
	-3.161834e-01, -3.973949e-01
	-2.596031e-01, -4.275190e-01
	 2.699762e-01,  4.196823e-01
	 2.475159e-01,  4.016932e-01
	 2.292697e-01,  4.046904e-01
	 2.111404e-01,  4.361177e-01
	 2.299120e-01,  4.608834e-01
	 2.538539e-01,  4.618911e-01
	 1.099039e-01,  3.636456e-01
	 7.739716e-02,  3.376397e-01
	 3.271749e-01, -2.915149e-01
	 3.303512e-01, -2.923689e-01
	 3.422363e-01, -3.368792e-01
	 3.335373e-01, -3.524910e-01
	-3.010469e-01,  2.406832e-01
	-3.052555e-01,  2.387556e-01
	-3.520531e-01,  2.618510e-01
	-3.453323e-01,  2.921040e-01
	-3.019573e-01,  2.939386e-01
	-2.803553e-02,  1.216600e-01
	-3.675354e-02,  1.562135e-01
	-6.474852e-02,  1.572908e-01
	 1.514655e-01, -2.915828e-01
	 1.506703e-01, -3.124282e-01
	 1.629365e-01, -3.272464e-01
	 2.027740e-01, -5.000000e-01
	 1.473651e-01, -4.551276e-01
	-1.005289e-01,  4.226937e-01
	-1.162265e-01,  4.527814e-01
	-8.586266e-02,  4.181303e-01
	-7.428660e-02,  4.798537e-01
	-6.528569e-02,  4.668871e-01
	-1.034323e-01,  4.779389e-01
	-1.754320e-01,  3.057432e-01
	-1.735477e-01,  3.064728e-01
	-2.018428e-01,  2.617653e-01
	-1.936803e-01,  2.495041e-01
	-1.476172e-01,  2.454829e-01
	-1.999606e-01,  3.750595e-01
	-1.989804e-01,  3.787995e-01
	-1.624517e-01,  3.285903e-01
	-1.873595e-01,  3.857837e-01
	-1.451290e-01,  3.807690e-01
	-1.137525e-01, -2.018451e-01
	-1.168298e-01, -1.680344e-01
	-6.667099e-02, -2.097129e-01
	-7.926846e-02, -1.401341e-01
	-5.131632e-02, -1.583644e-01
	-5.113213e-02, -1.961037e-01
	 2.790235e-01, -3.893146e-01
	 2.571199e-01, -4.314781e-01
	 2.537056e-01, -4.334895e-01
	 4.009587e-01, -1.937004e-01
	 3.808580e-01, -1.348603e-01
	 4.057899e-01, -1.486388e-01
	 4.121167e-01, -1.699865e-01
	 5.000000e-01, -1.787513e-02
	 5.000000e-01,  2.071704e-02
	 4.590825e-01,  3.663388e-02
	-2.049508e-01,  5.000000e-01
	-2.720588e-01,  5.000000e-01
	-2.731594e-01,  4.872995e-01
	-1.281466e-01,  1.811136e-01
	-1.658443e-01,  1.484464e-01
	-1.525508e-01,  1.167018e-01
	-3.055182e-01, -2.532594e-01
	-2.978233e-01, -2.489012e-01
	-2.992554e-01, -3.018297e-01
	-2.554070e-01, -3.057166e-01
	-3.126265e-01, -2.804904e-01
	-6.146611e-03,  3.297147e-01
	 1.230989e-02,  3.371127e-01
	-8.547847e-03,  3.972528e-01
	-3.314917e-01,  3.499371e-01
	-3.963660e-01,  3.319589e-01
	-3.573995e-01,  3.120346e-01
	-3.916800e-01,  3.160681e-01
	 3.635302e-01,  2.008669e-01
	 3.293370e-01,  1.961436e-01
	 3.016828e-01,  2.238637e-01
	 3.026995e-01,  2.191141e-01
	-4.056917e-01,  1.702163e-01
	-4.112317e-01,  1.993911e-01
	-3.781210e-01,  2.251417e-01
	-3.871757e-01,  1.596561e-01
	 1.361922e-01, -3.779223e-01
	 9.766192e-02, -3.490408e-01
	-2.603873e-01,  1.116313e-01
	-2.342427e-01,  1.461955e-01
	-2.038813e-01,  1.303073e-01
	-2.369740e-01,  8.172094e-02
	-2.268033e-01,  8.045222e-02
	-2.001627e-01,  1.075772e-01
	 2.337764e-01, -1.852571e-01
	 2.151790e-01, -1.523775e-01
	 1.717488e-01, -1.509903e-01
	 3.517731e-02, -4.781458e-02
	 1.609578e-03, -5.327300e-02
	 3.031890e-02, -2.236723e-03
	 4.032528e-02, -2.020412e-02
	-3.531232e-01, -1.339968e-01
	-3.453002e-01, -1.300898e-01
	-3.095158e-01, -1.873873e-01
	-3.193899e-01, -1.400558e-01
	 5.928891e-02,  1.362788e-01
	 8.149443e-02,  1.096324e-01
	 5.581799e-02,  7.928959e-02
	 4.295468e-02, -3.905297e-01
	 3.193692e-01,  7.515563e-02
	 2.845769e-01,  2.295996e-02
	 3.178550e-01,  8.015852e-02
	 2.537396e-01,  6.447918e-02
	 2.977563e-01,  9.478282e-02
	 2.803078e-01, -3.467330e-02
	 2.475572e-01, -4.673465e-02
	 2.911248e-01,  1.092417e-02
	 2.306062e-01,  5.254086e-03
	 2.848673e-01,  1.840204e-02
	 2.253216e-01, -3.481305e-02
	 2.573139e-01, -4.675516e-01
	 2.298119e-01, -5.000000e-01
	 2.897551e-01, -4.831370e-01
	 2.926298e-01, -5.000000e-01
	-4.135643e-02,  7.001942e-02
	 4.101570e-01,  7.134410e-02
	 4.618908e-01,  5.537736e-02
	 4.347688e-01,  7.963821e-02
	 3.931848e-01, -3.015508e-01
	 4.563510e-01, -2.777427e-01
	 4.213739e-01, -2.611702e-01
	 3.905429e-01, -2.926104e-01
	 1.884188e-02,  1.831962e-01
	 9.321487e-03,  1.768312e-01
	-3.257853e-02,  2.127636e-01
	-1.260011e-02,  1.784801e-01
	-4.068055e-01, -9.792986e-02
	-3.778240e-01, -7.275953e-02
	-3.932335e-01, -3.097059e-02
	-3.864154e-01, -3.435326e-02
	 1.251560e-01, -2.644135e-01
	 3.601363e-01,  4.533794e-02
	 3.878200e-01,  7.945299e-02
	 3.870015e-01,  8.186131e-02
	 3.530462e-01,  1.044010e-01
	-8.043728e-02, -1.346984e-01
	-5.692252e-02, -9.688892e-02
	-4.516687e-02, -9.343511e-02
	-2.259093e-02, -1.026603e-01
	-2.752253e-02, -1.417631e-01
	-4.246621e-01,  2.042868e-01
	-4.555937e-01,  1.875364e-01
	-4.446624e-01,  2.450965e-01
	-4.906646e-01,  2.167653e-01
	-4.556026e-01,  2.474085e-01
	-1.041170e-01,  1.975403e-01
	-7.658512e-02,  1.903631e-01
	-1.278881e-01,  1.833634e-01
	 4.472705e-01, -1.163922e-01
	 4.024978e-01, -8.727829e-02
	 3.745152e-01, -1.135323e-01
	 4.399465e-01, -9.550801e-02
	 1.660820e-01,  2.457559e-01
	 1.756769e-01,  2.174335e-01
	 1.590787e-01,  2.491489e-01
	 1.545319e-01,  1.905850e-01
	 1.239365e-02,  4.568064e-01
	-1.837272e-02,  4.582588e-01
	 2.844489e-02,  5.000000e-01
	-2.582874e-02,  5.000000e-01
	-2.476264e-02,  4.644798e-01
	 1.273586e-01,  8.946782e-02
	 1.033731e-01,  1.117898e-01
	-5.000000e-01, -7.899735e-03
	-4.771649e-01, -6.781900e-03
	-4.581783e-01, -1.889805e-02
	 3.377105e-01, -3.884091e-01
	 3.422264e-01, -3.737527e-01
	 3.067958e-01, -4.043820e-01
	-5.000000e-01,  2.161214e-01
	 1.389656e-01, -3.871525e-01
	-1.348574e-02, -2.053445e-01
	 1.002869e-02, -1.640569e-01
	 1.260323e-02, -1.745595e-01
	-4.068936e-01,  2.697556e-01
	-4.095986e-01,  2.919649e-01
	-3.776898e-01,  2.464981e-01
	-1.357750e-02, -9.896860e-02
	 1.789878e-02, -1.069930e-01
	 3.290190e-02, -1.323273e-01
	 1.483121e-01,  2.745664e-01
	 1.776449e-01,  3.129588e-01
	 1.096068e-01,  2.838747e-01
	 1.395950e-01,  3.323946e-01
	 1.082735e-01,  3.008029e-01
	 1.720716e-01,  3.235582e-01
	-2.863036e-02,  4.217911e-01
	-3.397779e-01, -8.867772e-02
	-2.946826e-01, -8.059754e-02
	 4.221213e-01,  3.054576e-01
	 3.912483e-01,  3.650232e-01
	 4.330138e-01,  3.421361e-01
	-1.226479e-01, -2.104208e-01
	-1.121884e-01, -2.565553e-01
	 3.257189e-01, -4.895553e-02
	 3.907619e-01, -4.616291e-02
	 3.554272e-01, -6.464138e-02
	 5.051245e-02, -5.000000e-01
	 4.581917e-02, -4.698104e-01
	-4.712813e-01,  3.442529e-02
	-5.000000e-01,  4.731094e-02
	-5.398365e-03, -5.000000e-01
	-5.402559e-03, -4.973308e-01
	 2.698984e-02, -4.685835e-01
	 2.320625e-01,  3.549932e-01
	 2.330716e-01,  3.223517e-01
	 1.963143e-01,  3.731323e-01
	 1.939635e-01,  3.729460e-01
	 2.071043e-01,  2.990934e-01
	-4.432845e-03, -2.263781e-01
	 5.043789e-02, -1.894941e-01
	 1.910390e-02, -2.373527e-01
	 5.038117e-02, -2.100802e-01
	 4.708095e-01,  2.290813e-01
	 4.785151e-01,  2.780670e-01
	 4.584288e-01,  2.214023e-01
	 4.373316e-01,  2.819533e-01
	 4.176066e-01,  2.501915e-01
	 4.712217e-01,  2.836281e-01
	 5.000000e-01,  8.134719e-02
	 1.463345e-01,  9.635753e-02
	 1.845378e-01,  7.350297e-02
	 1.747361e-01,  2.841378e-02
	 1.722351e-01,  2.682808e-02
	-2.023753e-01, -3.906346e-01
	-1.918385e-01, -3.892372e-01
	-2.188742e-01, -4.401053e-01
	-2.113085e-01, -4.537107e-01
	-4.295099e-01,  9.018689e-03
	-4.462768e-01,  4.494794e-02
	-5.357815e-02, -4.020165e-02
	-9.011440e-02, -4.379809e-02
	-7.507985e-02,  1.828810e-02
	-1.029188e-01, -2.747222e-02
	-9.788337e-02,  4.068983e-03
	-1.010623e-02,  3.089283e-01
	 4.666063e-01, -1.704072e-01
	 4.726070e-01, -1.758002e-01
	 4.523720e-01, -2.168089e-01
	 4.154136e-01, -2.245889e-01
	 4.082692e-01, -2.191376e-01
	-5.614238e-02,  2.144663e-01
	 2.202656e-01,  1.925142e-02
	 1.927418e-01,  7.812828e-02
	 2.409275e-01,  6.533310e-02
	 2.032608e-01,  4.943158e-01
	 4.404590e-01, -3.893070e-01
	 4.195863e-01, -3.659846e-01
	 3.750787e-01, -4.725708e-01
	 3.736673e-01, -4.748277e-01
	 3.683612e-01, -4.307241e-01
	 3.578255e-01, -4.269154e-01
	 3.169361e-01, -4.480310e-01
	 3.412067e-01, -4.826533e-01
	 3.166250e-01, -4.562309e-01
	 4.185297e-01,  4.285419e-01
	 4.513993e-01,  4.410391e-01
	 4.081208e-01,  4.015802e-01
	 4.698033e-01,  4.188241e-01
	 4.581091e-01,  3.874731e-01
	-1.677213e-01, -3.418851e-01
	-1.621784e-01, -3.405810e-01
	-1.998545e-01, -3.278622e-01
	-1.736731e-01, -2.682544e-01
	-1.403431e-01, -2.864452e-01
	 1.233781e-01,  3.613901e-01
	-4.218306e-01,  5.000000e-01
	 3.056980e-01, -2.578235e-01
	 2.651938e-01, -2.345607e-01
	 2.612381e-01, -2.553842e-01
	-1.499485e-01,  2.053239e-01
	 3.608018e-01, -2.770119e-01
	 3.585320e-01, -2.381301e-01
	-1.028124e-01,  6.990611e-02
	-1.072102e-01,  6.812811e-02
	-1.321787e-01,  2.644830e-02
	-2.311115e-01,  3.469459e-01
	-2.280310e-01,  3.197092e-01
	 1.127914e-01, -2.040198e-01
	 8.529109e-02, -2.387035e-01
	-3.724116e-01, -4.299239e-01
	-4.091986e-01, -4.303846e-01
	 8.031363e-02,  5.000000e-01
	 4.532460e-01,  3.479781e-01
	 4.001471e-01,  3.957347e-01
	 4.622656e-01,  3.781801e-01
	-3.138329e-01, -3.328839e-01
	 2.580305e-01,  4.666640e-01
	 2.038102e-01,  5.000000e-01
	 2.589433e-01,  5.000000e-01
	 2.030087e-01,  1.247635e-01
	 2.437066e-01,  6.662049e-02
	 3.570269e-01, -1.043204e-01
	 3.232844e-01, -1.121629e-01
	 3.126807e-01, -1.264616e-01
	 6.819438e-02, -1.735514e-01
	-1.103312e-01, -1.163675e-01
	-9.970893e-02, -7.497235e-02
	-1.138281e-01, -8.461597e-02
	 1.950167e-01, -9.290184e-02
	 1.670029e-01, -1.304726e-01
	 1.148211e-01, -1.050516e-01
	 1.457029e-01, -6.763485e-02
	 1.910054e-01, -8.109061e-02
	 1.198833e-01, -8.258601e-02
	 3.952085e-01,  4.643391e-01
	 3.490952e-01,  4.451397e-01
	 3.518211e-01,  4.298840e-01
	 2.518901e-01,  3.665347e-01
	-5.000000e-01, -2.005610e-01
	-4.857739e-01, -2.066195e-01
	-4.691572e-01, -2.383320e-01
	 9.487272e-02, -5.004555e-02
	 4.716795e-02, -6.290946e-02
	 4.613156e-02, -8.241111e-02
	 2.400817e-02, -2.572989e-01
	 2.621511e-03, -2.826561e-01
	-4.430854e-01,  7.719085e-02
	-4.956840e-01,  9.583368e-02
	-4.534424e-01,  1.467270e-01
	-4.432102e-01,  1.433092e-01
	-4.263063e-01,  1.139481e-01
	-5.000000e-01,  4.280352e-01
	-5.000000e-01,  3.848354e-01
	 3.797674e-01, -5.000000e-01
	 3.358557e-01, -5.000000e-01
	-1.561294e-01, -4.949702e-02
	-1.305068e-01, -8.233918e-02
	-1.771458e-01, -5.393724e-02
	-1.825142e-01, -1.036154e-01
	-1.552639e-01, -1.068380e-01
	-7.043098e-02,  5.000000e-01
	-1.375090e-01, -1.477970e-01
	-1.361498e-01, -1.364958e-01
	-1.537193e-01, -5.000000e-01
	-2.309453e-01, -5.000000e-01
	-4.376652e-01,  6.456352e-02
	-3.796728e-01,  6.152880e-02
	 2.385051e-01, -1.857822e-01
	-2.191088e-01, -1.487241e-01
	 3.061496e-01, -6.437591e-02
	 3.086671e-01, -5.802881e-02
	 1.614463e-01,  1.312824e-01
	 1.161674e-01,  1.510202e-01
	-1.832679e-01, -1.040778e-01
	-1.922270e-01, -1.493971e-01
	-2.307565e-01, -9.381081e-02
	 1.195136e-01, -4.137256e-01
	-2.470949e-01,  2.930994e-01
	-2.905563e-01,  3.071157e-01
	-2.641724e-01,  3.608747e-01
	-2.962085e-01,  3.305687e-01
	-3.806248e-01,  2.389723e-02
	-3.480991e-01,  1.583550e-03
	-4.017538e-01,  4.038213e-03
	-3.453057e-01, -2.159043e-02
	-1.576510e-01,  8.573635e-02
	 2.854975e-01,  2.348280e-01
	 2.402009e-01,  2.314282e-01
	 2.466184e-01,  2.721555e-01
	 2.091752e-01,  2.936352e-01
	-1.699686e-01,  4.381895e-01
	-1.483702e-01,  5.000000e-01
	-1.479424e-01,  4.593056e-01
	 5.177394e-02,  3.193573e-01
	-3.283021e-01,  5.000000e-01
	-3.274865e-01,  4.610116e-01
	-3.093763e-01,  4.533815e-01
	-1.075979e-01, -3.109814e-01
	-1.339772e-01, -2.859245e-01
	 9.675986e-02, -1.864429e-02
	 1.725719e-01,  1.711176e-01
	 2.053079e-01,  1.832488e-01
	 1.717965e-01,  1.372332e-01
	-1.613100e-01,  9.933436e-02
	-1.356538e-01,  4.075474e-01
	-1.690468e-01,  4.347608e-01
	-2.351046e-01, -6.580142e-02
	-2.379332e-01, -6.394115e-02
	-1.962282e-01, -4.394592e-02
	 1.961230e-01,  2.542330e-01
	 2.062058e-01,  2.140898e-01
	 2.195454e-01,  2.258151e-01
	-1.545557e-01, -2.137599e-01
	-1.826124e-01, -1.953247e-01
	 1.050171e-01,  2.778426e-01
	-3.021322e-01,  4.380324e-01
	-3.414627e-01,  4.571573e-01
	-3.124992e-01,  3.642167e-02
	-3.010428e-01,  8.116836e-02
	 3.986537e-01, -3.674406e-01
	 3.817855e-01, -3.283133e-01
	-2.409695e-01,  2.708302e-01
	-2.651509e-01,  2.337922e-01
	-3.498072e-01, -2.888489e-01
	-3.708997e-01, -2.753236e-01
	-3.698885e-01, -2.777688e-01
	-2.733437e-01,  1.136169e-01
	 4.536422e-01,  2.043371e-01
	 4.199752e-01,  1.935984e-01
	 4.032735e-01,  2.110631e-01
	 4.125835e-01,  2.487068e-01
	 2.291192e-01, -1.240814e-01
	 2.228686e-01, -1.073846e-01
	-4.578145e-01,  1.530405e-01
	-3.000636e-01, -3.131883e-02
	-3.354309e-01, -2.962610e-02
	-5.000000e-01, -4.070804e-01
	-4.697004e-01, -3.997487e-01
	 3.039921e-01, -4.328008e-01
	 3.661533e-01,  1.992471e-01
	 3.782394e-01,  1.639610e-01
	 4.129853e-01,  1.717404e-01
	 7.633313e-02,  3.332327e-01
	 5.000000e-01, -4.696754e-01
	 4.592651e-01, -4.406459e-01
	 3.948994e-01, -4.183020e-01
	 4.175295e-01, -4.274858e-01
	 4.172342e-01, -4.680222e-01
	 5.000000e-01,  1.104554e-01
	 4.925792e-01,  1.145971e-01
	 5.000000e-01,  1.777636e-01
	 4.737060e-01,  1.705013e-01
	 4.680410e-01,  1.533548e-01
	-5.000000e-01,  9.487679e-02
	-5.000000e-01,  1.622331e-01
	-1.190055e-01,  5.000000e-01
	-1.794705e-01, -1.634492e-01
	-4.198791e-01, -2.578596e-01
	-4.243623e-01, -2.444444e-01
	 2.344501e-01,  2.265126e-01
	-2.834880e-01,  1.248072e-01
	-4.271111e-01, -2.422798e-01
	 1.475953e-01,  5.000000e-01
	-3.513748e-02, -4.708079e-01
	-6.420743e-02, -5.000000e-01
	-8.393546e-02, -5.000000e-01
	-3.710777e-01,  4.741800e-01
	-3.719153e-01,  5.000000e-01
	-2.775465e-01, -4.677470e-01
	 3.407700e-01,  4.526011e-01
	 3.180769e-01,  4.530599e-01
	 2.957744e-01,  4.739952e-01
	 3.005920e-01,  5.000000e-01
	 3.456421e-01,  5.000000e-01
	 4.266655e-01,  1.313222e-01
	 4.324236e-01,  1.435688e-01
	 4.025699e-01,  1.248549e-01
	 3.725231e-01,  1.497854e-01
	 5.000000e-01, -1.093255e-01
	 4.537489e-01, -1.206707e-01
	 5.000000e-01, -7.037648e-02
	 4.530641e-01, -6.996340e-02
	 5.450366e-02,  2.689160e-02
	 2.878420e-01,  4.160622e-01
	 2.771742e-01, -1.256680e-01
	 2.681236e-01, -1.343743e-01
	 2.662185e-01, -1.688979e-01
	 8.148847e-02,  5.000000e-01
	 3.268061e-02, -3.199909e-01
	-2.709697e-01,  3.870282e-01
	-3.995276e-01, -1.255766e-01
	-7.778416e-02,  4.083910e-01
	 2.071056e-01, -4.298431e-02
	 1.685675e-01, -2.265192e-02
	 4.281779e-01, -4.230515e-01
	-4.788037e-01, -5.000000e-01
	-4.696824e-01, -4.636860e-01
	-5.000000e-01, -5.000000e-01
	-5.000000e-01, -4.493768e-01
	-1.733755e-01,  1.507762e-01
	 5.000000e-01,  3.783331e-01
	 5.000000e-01,  3.367513e-01
	 4.745564e-01,  3.321779e-01
	 3.949956e-01, -3.714019e-01
	 4.077138e-01,  5.000000e-01
	-2.390816e-01, -5.000000e-01
	 5.000000e-01,  4.671011e-01
	 4.607235e-01,  4.731233e-01
	 5.000000e-01,  5.000000e-01
	 4.442435e-01,  5.000000e-01
	 1.532353e-01, -3.140879e-02
	 5.000000e-01, -1.764178e-01
	-2.882497e-01, -6.670063e-02
	-3.459899e-01, -8.015213e-02
	-1.453163e-01, -3.156800e-02
	 5.000000e-01,  2.249588e-01
	 4.433868e-01,  1.045841e-01
	 2.595917e-01, -8.205864e-02
	 3.539788e-01,  1.396522e-01
	 3.207740e-01,  1.512470e-01
	-2.079501e-01,  1.977119e-01
	-1.959754e-01,  1.927247e-01
	 5.000000e-01,  4.221509e-01
	 5.000000e-01, -2.387519e-01
	 4.729925e-01, -2.409172e-01
	 5.000000e-01,  2.779658e-01
	-4.299018e-01, -4.527643e-01
	-4.389697e-01, -4.512155e-01
	 2.636778e-01, -8.405108e-02
	 5.000000e-01, -5.000000e-01
Mesh Facets: 1267
	69, 71
	85, 87
	87, 86
	90, 88
	23, 25
	141, 140
	101, 103
	140, 153
	140, 142
	174, 175
	3, 4
	189, 187
	74, 78
	110, 109
	133, 134
	50, 52
	220, 222
	183, 181
	1, 0
	91, 89
	41, 42
	234, 235
	252, 255
	162, 101
	102, 101
	44, 40
	133, 132
	215, 133
	184, 185
	273, 269
	76, 78
	78, 197
	218, 217
	226, 227
	153, 155
	153, 166
	324, 320
	328, 329
	333, 189
	189, 188
	241, 237
	145, 150
	260, 262
	125, 124
	181, 180
	243, 181
	361, 69
	104, 105
	69, 70
	21, 22
	163, 164
	261, 185
	108, 107
	182, 185
	210, 209
	393, 392
	230, 232
	396, 395
	158, 156
	122, 121
	225, 228
	146, 144
	257, 256
	109, 113
	198, 109
	139, 138
	80, 79
	27, 26
	360, 359
	179, 3
	3, 2
	299, 300
	264, 267
	95, 93
	305, 307
	259, 215
	215, 216
	458, 456
	98, 99
	301, 303
	231, 232
	394, 232
	323, 322
	7, 6
	244, 245
	98, 459
	98, 96
	125, 355
	125, 126
	359, 26
	359, 358
	26, 28
	444, 446
	383, 382
	67, 65
	6, 8
	6, 467
	124, 122
	357, 124
	398, 122
	390, 389
	63, 68
	504, 503
	16, 17
	442, 441
	89, 246
	89, 88
	88, 508
	260, 349
	260, 261
	385, 261
	489, 488
	174, 172
	514, 174
	107, 182
	107, 106
	360, 180
	421, 360
	182, 180
	384, 383
	383, 484
	353, 352
	412, 411
	484, 517
	484, 483
	408, 146
	502, 501
	147, 146
	170, 171
	439, 437
	143, 142
	165, 142
	249, 251
	379, 381
	55, 51
	71, 72
	71, 542
	310, 309
	508, 545
	509, 508
	542, 543
	542, 546
	530, 526
	516, 518
	297, 227
	227, 228
	228, 402
	393, 394
	564, 393
	394, 461
	17, 506
	18, 17
	193, 195
	510, 509
	509, 544
	302, 304
	10, 9
	23, 100
	24, 23
	391, 388
	19, 24
	24, 10
	10, 7
	469, 7
	567, 566
	341, 342
	291, 292
	271, 272
	319, 321
	223, 224
	150, 149
	344, 150
	287, 289
	75, 77
	86, 84
	86, 611
	208, 212
	238, 240
	404, 225
	223, 607
	223, 225
	492, 490
	373, 21
	21, 20
	466, 465
	584, 585
	577, 579
	370, 369
	374, 376
	475, 28
	177, 4
	4, 5
	28, 30
	219, 217
	217, 285
	32, 27
	305, 443
	306, 305
	27, 422
	491, 490
	20, 19
	19, 586
	490, 20
	148, 147
	503, 501
	503, 627
	147, 501
	536, 535
	602, 604
	283, 284
	239, 241
	241, 336
	343, 342
	633, 634
	590, 342
	588, 589
	115, 114
	445, 444
	444, 476
	451, 453
	53, 54
	495, 389
	209, 207
	389, 209
	178, 177
	130, 129
	177, 623
	275, 278
	605, 606
	570, 193
	194, 193
	481, 480
	452, 453
	636, 589
	445, 453
	587, 589
	447, 445
	602, 629
	600, 602
	550, 549
	311, 155
	155, 154
	255, 654
	255, 254
	649, 646
	131, 128
	248, 247
	554, 556
	282, 281
	668, 667
	285, 283
	625, 285
	336, 334
	330, 331
	336, 283
	669, 670
	594, 598
	505, 504
	676, 504
	367, 366
	382, 480
	382, 380
	641, 480
	679, 680
	572, 195
	191, 195
	25, 22
	22, 370
	370, 376
	164, 103
	376, 164
	25, 103
	662, 666
	202, 205
	613, 614
	242, 0
	0, 2
	2, 429
	168, 167
	296, 298
	638, 637
	541, 539
	565, 506
	506, 507
	126, 459
	126, 123
	577, 302
	577, 618
	302, 303
	459, 303
	684, 167
	167, 169
	106, 104
	104, 362
	515, 106
	419, 418
	519, 521
	485, 487
	622, 621
	474, 473
	61, 60
	619, 620
	557, 555
	624, 623
	623, 640
	152, 151
	704, 152
	553, 550
	550, 154
	154, 152
	295, 297
	401, 402
	263, 264
	402, 297
	264, 438
	97, 96
	96, 355
	356, 355
	470, 468
	159, 158
	158, 395
	395, 707
	11, 9
	407, 406
	9, 580
	396, 397
	710, 396
	441, 440
	441, 507
	64, 62
	688, 507
	362, 70
	70, 72
	692, 362
	309, 308
	309, 72
	699, 473
	473, 245
	510, 573
	510, 246
	245, 246
	274, 275
	606, 275
	606, 609
	585, 617
	585, 388
	210, 388
	211, 210
	658, 657
	432, 435
	117, 115
	115, 635
	699, 573
	697, 699
	681, 682
	573, 574
	123, 618
	121, 123
	400, 121
	618, 619
	619, 701
	364, 363
	706, 708
	701, 60
	719, 701
	427, 428
	60, 59
	34, 33
	58, 57
	497, 498
	282, 667
	76, 282
	84, 77
	85, 84
	77, 76
	667, 85
	608, 224
	224, 226
	226, 294
	640, 555
	640, 129
	127, 129
	555, 518
	517, 518
	517, 524
	198, 410
	280, 197
	197, 198
	240, 239
	239, 631
	404, 240
	403, 404
	499, 68
	527, 525
	68, 66
	111, 110
	110, 196
	712, 711
	678, 641
	675, 672
	641, 643
	165, 535
	165, 166
	652, 629
	629, 535
	166, 313
	201, 200
	36, 37
	321, 592
	463, 323
	323, 321
	354, 350
	693, 694
	405, 401
	263, 401
	265, 263
	666, 665
	666, 202
	203, 202
	417, 420
	423, 426
	734, 36
	38, 36
	562, 560
	430, 431
	645, 644
	406, 580
	406, 257
	100, 102
	580, 100
	102, 257
	417, 418
	417, 665
	485, 486
	485, 418
	664, 665
	733, 37
	700, 698
	37, 35
	252, 234
	752, 252
	233, 234
	386, 385
	385, 513
	646, 131
	646, 645
	130, 131
	178, 179
	178, 130
	645, 431
	431, 179
	745, 744
	144, 145
	407, 144
	345, 145
	709, 407
	269, 759
	269, 270
	325, 327
	593, 595
	766, 764
	664, 663
	769, 770
	664, 749
	707, 771
	707, 708
	364, 708
	368, 364
	379, 537
	379, 380
	677, 380
	728, 729
	740, 265
	268, 265
	705, 704
	727, 725
	704, 703
	655, 654
	318, 317
	654, 90
	90, 92
	424, 423
	48, 47
	742, 423
	253, 254
	254, 656
	774, 773
	633, 590
	778, 633
	291, 290
	590, 291
	780, 781
	134, 213
	190, 192
	136, 134
	676, 366
	771, 676
	771, 368
	368, 366
	711, 732
	783, 710
	710, 711
	356, 470
	356, 357
	491, 586
	491, 357
	586, 469
	469, 470
	570, 569
	607, 605
	238, 607
	570, 605
	236, 238
	334, 330
	334, 335
	332, 330
	788, 789
	756, 757
	796, 794
	496, 493
	94, 99
	99, 301
	299, 301
	434, 299
	796, 797
	392, 796
	229, 230
	230, 392
	173, 176
	279, 280
	412, 520
	410, 412
	410, 280
	767, 768
	757, 744
	791, 757
	743, 744
	41, 39
	250, 41
	274, 713
	276, 274
	338, 343
	787, 786
	632, 343
	74, 196
	74, 73
	782, 732
	732, 196
	777, 656
	656, 655
	318, 315
	655, 318
	207, 206
	207, 639
	149, 148
	287, 149
	627, 148
	627, 803
	287, 288
	443, 259
	443, 32
	44, 43
	31, 32
	259, 44
	496, 797
	496, 494
	540, 51
	229, 50
	229, 797
	50, 51
	804, 43
	247, 661
	43, 42
	247, 42
	621, 695
	374, 621
	161, 160
	374, 375
	313, 312
	313, 652
	799, 786
	786, 785
	651, 652
	436, 267
	316, 314
	267, 266
	720, 363
	258, 162
	162, 163
	163, 378
	363, 365
	539, 686
	451, 54
	451, 449
	54, 55
	539, 55
	581, 391
	391, 390
	390, 493
	493, 795
	568, 567
	587, 452
	567, 587
	454, 452
	288, 290
	288, 803
	803, 778
	778, 290
	329, 326
	329, 669
	593, 763
	594, 593
	669, 594
	760, 270
	271, 591
	271, 270
	729, 294
	772, 729
	690, 684
	294, 298
	298, 684
	569, 571
	569, 236
	237, 236
	237, 337
	805, 695
	113, 112
	695, 696
	409, 113
	599, 597
	386, 754
	387, 386
	457, 455
	745, 755
	745, 746
	138, 137
	138, 413
	128, 127
	128, 659
	524, 523
	127, 524
	811, 813
	813, 814
	284, 631
	284, 286
	739, 405
	405, 403
	403, 631
	300, 433
	483, 522
	483, 482
	304, 575
	304, 300
	428, 719
	428, 425
	399, 400
	400, 719
	630, 628
	816, 817
	512, 349
	736, 735
	349, 348
	789, 820
	789, 785
	650, 651
	785, 651
	460, 231
	231, 52
	476, 477
	476, 53
	52, 53
	668, 281
	175, 668
	176, 279
	176, 175
	281, 279
	680, 572
	680, 821
	335, 337
	335, 784
	337, 571
	571, 572
	824, 822
	825, 824
	809, 568
	13, 18
	18, 568
	779, 780
	547, 546
	546, 780
	782, 73
	782, 783
	611, 75
	611, 783
	73, 75
	795, 581
	795, 794
	794, 827
	582, 581
	169, 170
	169, 691
	723, 722
	170, 533
	700, 751
	700, 474
	472, 474
	57, 56
	724, 57
	671, 673
	766, 767
	831, 766
	558, 560
	767, 743
	560, 743
	190, 191
	190, 781
	781, 679
	679, 191
	5, 475
	5, 1
	1, 243
	243, 358
	475, 358
	248, 554
	248, 249
	554, 516
	249, 381
	384, 381
	384, 516
	805, 112
	112, 111
	111, 731
	157, 161
	805, 161
	157, 731
	157, 156
	397, 156
	712, 397
	731, 712
	221, 220
	773, 740
	773, 253
	740, 741
	220, 235
	253, 235
	266, 268
	314, 266
	315, 777
	315, 314
	774, 777
	268, 774
	457, 599
	457, 458
	598, 670
	670, 458
	599, 598
	437, 532
	437, 436
	436, 806
	471, 472
	829, 472
	540, 494
	494, 495
	541, 540
	495, 637
	637, 541
	714, 609
	728, 537
	537, 538
	609, 608
	608, 728
	286, 739
	286, 218
	741, 221
	741, 739
	221, 218
	703, 775
	703, 702
	118, 120
	415, 416
	201, 733
	201, 205
	682, 205
	682, 697
	698, 697
	733, 698
	702, 415
	702, 151
	151, 141
	141, 139
	415, 139
	8, 12
	8, 65
	730, 66
	65, 66
	564, 461
	764, 564
	765, 764
	461, 462
	83, 82
	776, 48
	204, 199
	48, 49
	14, 15
	798, 434
	434, 435
	715, 435
	58, 34
	59, 58
	427, 59
	38, 426
	38, 34
	427, 426
	450, 454
	808, 454
	748, 644
	644, 648
	15, 798
	15, 16
	94, 93
	798, 94
	16, 442
	442, 93
	353, 411
	353, 354
	411, 409
	694, 354
	409, 696
	696, 694
	40, 132
	40, 39
	276, 39
	276, 277
	132, 135
	479, 446
	116, 119
	446, 448
	717, 716
	498, 726
	498, 500
	136, 192
	136, 135
	192, 194
	194, 278
	135, 277
	277, 278
	440, 95
	440, 64
	468, 467
	467, 67
	97, 468
	95, 97
	67, 64
	372, 373
	615, 373
	307, 310
	310, 543
	307, 216
	214, 216
	543, 548
	816, 630
	838, 816
	604, 630
	604, 603
	81, 80
	521, 419
	521, 352
	352, 351
	419, 80
	563, 561
	628, 536
	628, 818
	536, 534
	647, 648
	826, 809
	809, 808
	648, 808
	408, 256
	256, 258
	531, 408
	258, 807
	456, 455
	456, 361
	387, 108
	387, 455
	361, 105
	105, 108
	346, 262
	614, 612
	614, 242
	262, 184
	184, 183
	183, 242
	761, 762
	592, 591
	735, 592
	591, 810
	819, 735
	531, 807
	531, 502
	367, 365
	367, 505
	505, 502
	807, 365
	788, 787
	634, 788
	634, 632
	632, 787
	487, 489
	489, 172
	173, 520
	172, 173
	519, 487
	520, 519
	551, 549
	340, 339
	549, 653
	793, 792
	478, 479
	479, 834
	447, 636
	636, 114
	114, 116
	448, 116
	448, 447
	482, 481
	482, 575
	575, 576
	481, 642
	566, 588
	566, 565
	565, 687
	635, 718
	635, 588
	250, 713
	251, 250
	713, 714
	714, 538
	251, 538
	821, 784
	821, 333
	784, 332
	332, 333
	413, 755
	414, 413
	834, 835
	755, 756
	793, 834
	756, 793
	308, 692
	308, 306
	421, 515
	422, 421
	515, 692
	306, 422
	827, 839
	582, 583
	582, 827
	544, 574
	544, 545
	681, 662
	681, 574
	545, 769
	769, 663
	663, 662
	559, 563
	563, 818
	817, 818
	817, 841
	81, 82
	81, 351
	350, 738
	82, 49
	45, 49
	351, 350
	219, 626
	753, 233
	222, 219
	233, 222
	477, 460
	477, 478
	792, 790
	792, 478
	462, 460
	832, 462
	638, 639
	685, 638
	639, 800
	514, 488
	770, 514
	486, 749
	749, 770
	488, 486
	671, 830
	576, 642
	578, 576
	671, 672
	642, 643
	643, 672
	717, 726
	117, 717
	726, 727
	727, 775
	118, 775
	118, 117
	723, 828
	33, 723
	35, 33
	750, 35
	622, 369
	369, 371
	622, 693
	737, 693
	377, 375
	160, 159
	375, 160
	159, 706
	706, 721
	46, 45
	738, 737
	737, 371
	371, 372
	372, 836
	45, 738
	768, 791
	768, 765
	791, 790
	765, 832
	832, 790
	601, 600
	600, 650
	820, 650
	820, 825
	825, 823
	497, 725
	497, 499
	526, 553
	525, 526
	705, 725
	705, 553
	499, 525
	529, 527
	11, 709
	12, 11
	730, 12
	709, 758
	730, 527
	533, 532
	532, 829
	751, 750
	829, 751
	533, 828
	750, 828
	522, 433
	433, 432
	658, 659
	659, 523
	523, 522
	432, 658
	759, 845
	845, 328
	327, 759
	327, 328
	420, 79
	420, 203
	83, 204
	79, 83
	204, 203
	596, 597
	513, 511
	754, 597
	754, 513
	511, 512
	596, 511
	819, 512
	819, 761
	761, 595
	595, 596
	736, 463
	736, 348
	616, 466
	466, 463
	348, 347
	331, 188
	188, 186
	842, 626
	625, 331
	625, 626
	439, 171
	439, 438
	168, 296
	296, 295
	171, 168
	438, 295
	311, 653
	312, 311
	653, 339
	312, 799
	338, 799
	338, 339
	673, 674
	724, 673
	691, 722
	691, 689
	724, 722
	800, 801
	748, 833
	844, 800
	748, 747
	617, 616
	617, 211
	211, 212
	346, 612
	612, 212
	346, 347
	616, 347
	316, 806
	316, 317
	91, 244
	92, 91
	244, 471
	317, 92
	806, 471
	29, 31
	31, 804
	661, 804
	661, 660
	272, 273
	272, 319
	319, 320
	320, 273
	620, 579
	579, 578
	56, 61
	56, 830
	578, 830
	620, 61
	289, 610
	289, 293
	552, 530
	530, 528
	29, 30
	29, 660
	30, 624
	557, 624
	660, 556
	556, 557
	823, 601
	823, 822
	822, 838
	603, 838
	603, 601
	465, 584
	584, 583
	464, 465
	583, 840
	835, 119
	119, 120
	120, 416
	416, 414
	414, 835
	721, 377
	721, 720
	378, 377
	720, 378
	324, 322
	839, 324
	839, 840
	464, 840
	322, 464
	678, 677
	678, 675
	689, 674
	689, 690
	677, 772
	772, 690
	674, 675
	534, 561
	561, 562
	534, 143
	746, 137
	746, 562
	137, 143
	831, 558
	841, 831
	559, 841
	558, 559
	657, 649
	657, 715
	715, 14
	826, 647
	826, 13
	647, 649
	14, 13
	615, 492
	492, 398
	837, 615
	399, 815
	399, 398
	548, 547
	547, 779
	548, 214
	779, 213
	214, 213
	551, 552
	340, 551
	292, 341
	341, 340
	292, 293
	293, 552
	742, 776
	742, 734
	199, 776
	200, 199
	734, 200
	801, 802
	430, 747
	430, 429
	801, 747
	683, 429
	844, 833
	844, 685
	833, 450
	450, 449
	449, 686
	685, 686
	760, 325
	325, 326
	762, 810
	762, 763
	760, 810
	326, 763
	758, 345
	345, 344
	344, 610
	529, 758
	528, 529
	610, 528
	815, 425
	837, 815
	836, 837
	46, 836
	424, 47
	47, 46
	425, 424
	186, 187
	187, 811
	842, 843
	842, 186
	811, 812
	718, 687
	687, 688
	63, 500
	63, 62
	500, 716
	688, 62
	716, 718
	752, 753
	814, 752
	843, 812
	753, 843
	812, 814
	802, 683
	802, 206
	206, 208
	208, 613
	613, 683
Facet Neighbors: 1267
	-3, 11
	-1, 14
	-4, 14
	-1, 15
	3, 17
	24, 26
	17, 28
	26, 29
	24, 29
	-1, 31
	0, 32
	-3, 34
	12, 36
	19, 36
	23, 39
	8, 42
	40, 43
	33, 45
	0, 45
	15, 46
	6, 47
	43, 48
	-1, 48
	28, 49
	17, 49
	6, 50
	23, 50
	39, 50
	33, 51
	-2, 53
	12, 55
	36, 55
	40, 56
	41, 58
	26, 61
	29, 61
	-2, 63
	-3, 64
	-3, 65
	34, 65
	44, 66
	25, 68
	51, 69
	21, 71
	33, 72
	45, 72
	-3, 73
	18, 73
	11, 73
	3, 75
	28, 76
	51, 78
	18, 78
	33, 78
	38, 79
	-2, 80
	42, 80
	-4, 81
	27, 81
	21, 82
	41, 83
	25, 84
	49, 84
	19, 85
	36, 85
	24, 86
	13, 87
	4, 88
	72, 88
	32, 90
	0, 90
	59, 91
	52, 92
	16, 93
	60, 94
	50, 94
	39, 94
	-3, 97
	16, 98
	59, 98
	42, 99
	80, 99
	63, 100
	1, 101
	46, 102
	98, 103
	16, 103
	71, 103
	21, 103
	88, 104
	72, 104
	4, 104
	95, 105
	77, 106
	10, 108
	1, 108
	101, 108
	21, 109
	71, 109
	82, 109
	79, 110
	10, 111
	-4, 112
	2, 113
	93, 113
	46, 114
	15, 114
	-1, 114
	69, 115
	51, 115
	78, 115
	107, 116
	31, 116
	-1, 116
	78, 117
	18, 117
	72, 117
	88, 117
	33, 117
	77, 118
	106, 118
	70, 119
	85, 119
	118, 120
	106, 120
	84, 122
	112, 122
	25, 122
	30, 123
	92, 123
	24, 124
	29, 124
	47, 125
	77, 125
	8, 126
	11, 127
	-3, 127
	60, 127
	-1, 128
	114, 128
	127, 129
	-3, 129
	121, 130
	118, 131
	58, 133
	41, 133
	83, 133
	80, 134
	-2, 134
	99, 134
	113, 135
	2, 135
	35, 136
	114, 137
	128, 137
	59, 138
	1, 139
	17, 139
	3, 139
	79, 140
	3, 141
	139, 141
	1, 141
	101, 141
	135, 142
	67, 143
	57, 143
	53, 144
	63, 144
	41, 147
	25, 148
	68, 148
	57, 148
	12, 149
	14, 149
	-4, 149
	38, 150
	44, 151
	83, 151
	147, 151
	41, 151
	109, 152
	75, 152
	3, 152
	100, 153
	140, 153
	138, 154
	75, 155
	76, 155
	104, 156
	32, 156
	0, 156
	4, 156
	40, 157
	56, 157
	4, 158
	94, 158
	60, 158
	88, 158
	109, 159
	3, 159
	141, 159
	152, 159
	25, 160
	112, 160
	-4, 160
	122, 160
	124, 161
	146, 161
	56, 162
	44, 162
	66, 162
	67, 163
	-4, 163
	143, 163
	142, 164
	20, 164
	95, 165
	105, 165
	96, 165
	8, 165
	110, 166
	38, 166
	79, 166
	32, 167
	22, 167
	156, 167
	54, 168
	147, 168
	136, 168
	35, 168
	106, 169
	96, 171
	164, 171
	165, 171
	142, 171
	95, 171
	161, 172
	146, 172
	130, 173
	61, 173
	26, 173
	-1, 174
	48, 174
	170, 175
	22, 175
	47, 176
	131, 176
	55, 178
	-1, 178
	56, 179
	157, 179
	66, 179
	65, 179
	162, 179
	-3, 180
	145, 180
	112, 182
	-4, 182
	74, 182
	106, 183
	77, 183
	169, 183
	-3, 184
	136, 184
	35, 184
	3, 185
	75, 185
	155, 185
	28, 185
	76, 185
	17, 185
	177, 186
	37, 186
	150, 187
	45, 187
	0, 187
	90, 187
	30, 188
	58, 188
	166, 189
	126, 189
	135, 190
	113, 190
	103, 191
	21, 191
	138, 191
	154, 191
	59, 191
	98, 191
	188, 192
	30, 192
	18, 193
	73, 193
	117, 193
	87, 194
	119, 194
	107, 194
	155, 195
	102, 196
	9, 197
	154, 197
	131, 198
	156, 198
	167, 198
	26, 199
	199, 200
	130, 200
	173, 200
	26, 200
	58, 201
	83, 201
	52, 201
	133, 201
	92, 201
	16, 202
	103, 202
	71, 202
	101, 202
	27, 203
	81, 203
	-4, 203
	1, 204
	84, 204
	139, 204
	81, 205
	-4, 205
	93, 206
	113, 206
	10, 206
	190, 206
	73, 207
	11, 207
	193, 207
	60, 207
	127, 207
	196, 208
	102, 208
	137, 208
	114, 208
	46, 208
	54, 209
	168, 209
	147, 209
	153, 210
	140, 210
	79, 210
	38, 210
	175, 211
	91, 211
	20, 212
	164, 212
	208, 213
	196, 213
	186, 213
	137, 213
	191, 214
	21, 214
	82, 214
	154, 214
	197, 214
	74, 215
	203, 215
	197, 216
	214, 216
	89, 216
	9, 216
	5, 217
	9, 217
	111, 218
	178, 219
	55, 219
	149, 219
	14, 219
	12, 219
	-1, 219
	147, 220
	41, 220
	58, 220
	198, 221
	167, 221
	22, 221
	131, 221
	118, 221
	120, 221
	85, 222
	55, 222
	36, 222
	44, 223
	162, 223
	151, 223
	83, 223
	111, 224
	121, 224
	10, 224
	19, 225
	36, 225
	205, 225
	183, 226
	181, 226
	169, 226
	124, 227
	29, 227
	172, 227
	161, 227
	61, 227
	37, 228
	5, 228
	144, 229
	100, 229
	63, 229
	70, 230
	195, 230
	83, 231
	201, 231
	52, 231
	177, 232
	186, 232
	37, 232
	87, 232
	89, 233
	228, 233
	5, 233
	132, 234
	90, 235
	170, 235
	204, 236
	84, 236
	17, 236
	139, 236
	49, 236
	87, 237
	232, 237
	107, 237
	194, 237
	177, 237
	228, 238
	196, 238
	5, 238
	48, 239
	-1, 239
	43, 239
	78, 240
	115, 240
	175, 241
	170, 241
	22, 241
	32, 241
	167, 241
	235, 241
	90, 241
	234, 242
	25, 243
	84, 243
	68, 243
	204, 243
	-2, 244
	53, 244
	64, 244
	145, 245
	-2, 246
	177, 247
	-1, 247
	237, 247
	-4, 248
	203, 248
	215, 248
	74, 248
	125, 249
	77, 249
	183, 249
	220, 249
	231, 250
	52, 250
	200, 251
	218, 251
	199, 251
	174, 252
	62, 252
	-1, 252
	15, 252
	89, 253
	7, 253
	233, 253
	48, 254
	174, 254
	250, 254
	163, 255
	-4, 255
	57, 255
	143, 255
	-3, 256
	39, 256
	35, 256
	23, 256
	182, 257
	-4, 257
	248, 257
	74, 257
	225, 258
	-4, 258
	205, 258
	202, 259
	71, 259
	159, 259
	109, 259
	141, 259
	101, 259
	136, 260
	147, 260
	151, 260
	168, 260
	44, 260
	179, 261
	66, 261
	65, 261
	-4, 262
	242, 263
	-2, 264
	110, 264
	16, 265
	98, 265
	59, 265
	91, 265
	264, 266
	-2, 266
	42, 266
	80, 266
	31, 267
	55, 267
	119, 267
	85, 267
	222, 267
	246, 268
	242, 268
	263, 268
	234, 268
	6, 269
	47, 269
	209, 269
	54, 269
	67, 270
	262, 270
	163, 270
	36, 271
	12, 271
	258, 271
	225, 271
	254, 272
	174, 272
	62, 272
	252, 272
	38, 273
	166, 273
	25, 274
	148, 274
	160, 274
	-4, 274
	57, 274
	94, 275
	158, 275
	6, 275
	4, 275
	50, 275
	264, 276
	110, 276
	126, 276
	42, 276
	266, 276
	8, 276
	275, 277
	176, 277
	6, 277
	47, 277
	195, 278
	155, 278
	27, 278
	76, 278
	61, 279
	227, 279
	270, 279
	262, 279
	172, 279
	92, 280
	62, 280
	52, 280
	215, 281
	49, 281
	28, 281
	76, 281
	74, 281
	189, 282
	165, 282
	96, 282
	8, 282
	126, 282
	140, 283
	79, 283
	110, 283
	264, 283
	135, 284
	171, 284
	142, 284
	96, 284
	57, 285
	274, 285
	-4, 285
	255, 285
	64, 286
	-3, 286
	245, 286
	145, 286
	180, 286
	244, 287
	144, 287
	53, 287
	220, 288
	249, 288
	192, 288
	58, 288
	188, 288
	136, 289
	260, 289
	44, 289
	66, 289
	278, 290
	19, 290
	195, 290
	85, 290
	145, 291
	240, 291
	78, 291
	97, 291
	242, 292
	234, 292
	24, 292
	86, 292
	22, 293
	175, 293
	120, 293
	221, 293
	-3, 294
	-1, 294
	162, 295
	56, 295
	231, 295
	83, 295
	223, 295
	91, 296
	120, 296
	106, 296
	138, 296
	59, 296
	216, 297
	89, 297
	82, 297
	214, 297
	161, 298
	-2, 298
	115, 299
	229, 299
	69, 299
	-4, 300
	262, 300
	172, 300
	279, 300
	99, 301
	42, 301
	105, 301
	165, 301
	8, 301
	178, 302
	-1, 302
	267, 302
	31, 302
	55, 302
	184, 303
	-3, 303
	66, 303
	261, 303
	289, 303
	136, 303
	-2, 304
	-4, 304
	284, 305
	2, 305
	135, 305
	256, 306
	129, 306
	-3, 306
	271, 307
	258, 307
	149, 307
	-4, 307
	12, 307
	283, 308
	264, 308
	-2, 308
	140, 308
	30, 309
	192, 309
	217, 309
	123, 309
	238, 310
	196, 310
	102, 310
	9, 311
	217, 311
	181, 311
	246, 312
	-2, 312
	132, 312
	268, 312
	234, 312
	35, 313
	256, 313
	-3, 313
	184, 313
	156, 314
	0, 314
	45, 314
	72, 314
	104, 314
	176, 315
	47, 315
	131, 315
	125, 315
	77, 315
	118, 315
	290, 316
	19, 316
	225, 316
	27, 316
	278, 316
	316, 317
	27, 317
	81, 317
	205, 317
	225, 317
	40, 318
	250, 318
	254, 318
	231, 318
	43, 318
	48, 318
	52, 319
	280, 319
	272, 319
	62, 319
	254, 319
	250, 319
	291, 320
	97, 320
	180, 320
	-3, 320
	145, 320
	123, 321
	92, 321
	280, 321
	102, 321
	310, 321
	276, 322
	110, 322
	126, 322
	166, 322
	189, 322
	209, 323
	249, 323
	125, 323
	147, 323
	220, 323
	295, 324
	56, 324
	318, 324
	231, 324
	40, 324
	251, 325
	199, 325
	20, 325
	86, 325
	228, 326
	37, 326
	186, 326
	213, 326
	196, 326
	238, 326
	325, 327
	199, 327
	26, 327
	24, 327
	86, 327
	1, 328
	108, 328
	224, 328
	10, 328
	134, 329
	-2, 329
	246, 329
	99, 329
	13, 330
	253, 330
	37, 330
	7, 330
	2, 331
	265, 331
	91, 331
	211, 331
	217, 332
	9, 332
	216, 332
	233, 332
	5, 332
	89, 332
	96, 333
	284, 333
	235, 333
	170, 333
	331, 334
	2, 334
	16, 334
	265, 334
	113, 334
	93, 334
	119, 335
	70, 335
	85, 335
	230, 335
	290, 335
	195, 335
	50, 336
	6, 336
	269, 336
	54, 336
	23, 336
	105, 337
	20, 337
	95, 337
	212, 338
	218, 338
	111, 338
	256, 339
	23, 339
	35, 339
	168, 339
	336, 339
	54, 339
	93, 340
	206, 340
	101, 340
	108, 340
	202, 340
	16, 340
	10, 340
	75, 341
	152, 341
	60, 342
	127, 342
	94, 342
	39, 342
	129, 342
	298, 343
	-2, 343
	161, 343
	146, 343
	13, 344
	194, 344
	119, 344
	70, 344
	87, 344
	132, 345
	161, 345
	298, 345
	124, 345
	170, 346
	305, 346
	284, 346
	333, 346
	84, 347
	49, 347
	122, 347
	281, 347
	97, 348
	-3, 348
	78, 348
	291, 348
	73, 348
	18, 348
	69, 349
	150, 349
	187, 349
	51, 349
	33, 349
	45, 349
	245, 350
	144, 350
	229, 350
	287, 350
	299, 350
	347, 351
	122, 351
	74, 351
	182, 351
	112, 351
	281, 351
	262, 352
	-4, 352
	163, 352
	270, 352
	107, 353
	116, 353
	267, 353
	31, 353
	194, 353
	119, 353
	130, 354
	67, 354
	173, 354
	263, 355
	105, 355
	337, 355
	171, 356
	164, 356
	20, 356
	337, 356
	95, 356
	106, 357
	296, 357
	138, 357
	169, 357
	142, 358
	135, 358
	190, 358
	212, 358
	164, 358
	269, 359
	47, 359
	209, 359
	323, 359
	125, 359
	303, 360
	-3, 360
	261, 360
	65, 360
	292, 361
	86, 361
	337, 361
	242, 361
	355, 361
	263, 361
	207, 362
	60, 362
	117, 362
	88, 362
	193, 362
	158, 362
	-2, 363
	140, 363
	308, 363
	137, 364
	128, 364
	186, 364
	213, 364
	-1, 364
	247, 364
	177, 364
	132, 365
	345, 365
	298, 365
	-2, 365
	13, 366
	344, 366
	230, 366
	330, 366
	7, 366
	70, 366
	157, 367
	239, 367
	40, 367
	43, 367
	301, 368
	105, 368
	263, 368
	355, 368
	99, 368
	329, 368
	166, 369
	189, 369
	273, 369
	116, 370
	-1, 370
	237, 370
	247, 370
	107, 370
	311, 371
	357, 371
	138, 371
	181, 371
	169, 371
	226, 371
	338, 372
	212, 372
	218, 372
	251, 372
	325, 372
	20, 372
	309, 373
	217, 373
	5, 373
	238, 373
	155, 374
	75, 374
	195, 374
	230, 374
	76, 375
	27, 375
	278, 375
	203, 375
	215, 375
	7, 376
	230, 376
	374, 376
	75, 376
	341, 376
	366, 376
	268, 377
	246, 377
	263, 377
	329, 377
	368, 377
	146, 378
	172, 378
	300, 378
	-4, 378
	304, 378
	218, 379
	111, 379
	130, 379
	121, 379
	251, 379
	200, 379
	224, 379
	121, 380
	204, 380
	1, 380
	328, 380
	243, 380
	224, 380
	123, 381
	321, 381
	238, 381
	310, 381
	309, 381
	373, 381
	296, 382
	91, 382
	175, 382
	293, 382
	120, 382
	211, 382
	-2, 383
	-3, 383
	244, 383
	64, 383
	87, 384
	232, 384
	330, 384
	13, 384
	37, 384
	145, 385
	115, 385
	291, 385
	240, 385
	115, 386
	385, 386
	299, 386
	350, 386
	245, 386
	145, 386
	229, 387
	299, 387
	153, 387
	100, 387
	69, 387
	65, 388
	34, 388
	367, 388
	179, 388
	157, 388
	123, 389
	92, 389
	188, 389
	58, 389
	30, 389
	201, 389
	173, 390
	61, 390
	354, 390
	279, 390
	270, 390
	67, 390
	181, 391
	311, 391
	309, 391
	192, 391
	217, 391
	273, 392
	333, 392
	369, 392
	235, 392
	153, 393
	210, 393
	38, 393
	349, 393
	150, 393
	69, 393
	387, 393
	280, 394
	62, 394
	46, 394
	15, 394
	102, 394
	252, 394
	321, 394
	4, 395
	275, 395
	277, 395
	176, 395
	53, 396
	144, 396
	63, 396
	-2, 396
	154, 397
	138, 397
	9, 397
	311, 397
	371, 397
	197, 397
	148, 398
	57, 398
	130, 398
	121, 398
	4, 399
	395, 399
	156, 399
	198, 399
	176, 399
	131, 399
	378, 400
	304, 400
	-2, 400
	343, 400
	146, 400
	153, 401
	140, 401
	100, 401
	363, 401
	337, 402
	20, 402
	325, 402
	86, 402
	361, 402
	375, 403
	215, 403
	76, 403
	281, 403
	63, 404
	-2, 404
	363, 404
	401, 404
	100, 404
	183, 405
	226, 405
	391, 405
	192, 405
	249, 405
	288, 405
	181, 405
	345, 406
	132, 406
	124, 406
	292, 406
	234, 406
	24, 406
	312, 407
	-2, 407
	365, 407
	132, 407
	175, 408
	211, 408
	331, 408
	346, 408
	305, 408
	170, 408
	2, 408
	152, 409
	109, 409
	341, 409
	297, 409
	82, 409
	129, 410
	306, 410
	342, 410
	256, 410
	39, 410
	130, 411
	354, 411
	143, 411
	67, 411
	57, 411
	398, 411
	253, 412
	233, 412
	330, 412
	37, 412
	228, 412
	273, 413
	235, 413
	90, 413
	392, 413
	187, 413
	392, 414
	369, 414
	333, 414
	96, 414
	282, 414
	189, 414
	244, 415
	64, 415
	350, 415
	245, 415
	287, 415
	286, 415
	243, 416
	68, 416
	148, 416
	380, 416
	121, 416
	398, 416
	297, 417
	409, 417
	341, 417
	376, 417
	253, 417
	7, 417
	89, 417
	34, 418
	-3, 418
	367, 418
	388, 418
	294, 418
	358, 419
	190, 419
	111, 419
	10, 419
	338, 419
	206, 419
	212, 419
	239, 420
	-1, 420
	418, 420
	367, 420
	294, 420
	413, 421
	273, 421
	38, 421
	150, 421
	187, 421
Mesh Regions: 422
	10, 18, 70, 191, 276, 719
	83, 95, 156, 162, 322, 791, 1043
	103, 151, 685, 803, 818, 1193
	4, 49, 158, 160, 183, 200, 266
	67, 91, 192, 195, 562, 1123, 1141
	367, 407, 422, 438, 811, 1007
	20, 25, 537, 561, 572, 830
	482, 802, 973, 1018, 1243
	15, 134, 220, 569, 594, 670
	300, 366, 368, 706, 808, 1133
	94, 101, 329, 394, 794, 852, 1253
	0, 48, 135, 332
	12, 30, 173, 374, 545, 694
	66, 799, 864, 969, 1066
	1, 2, 174, 373
	3, 19, 106, 480, 1119
	73, 78, 86, 315, 520, 819, 851
	4, 6, 24, 157, 271, 428
	47, 52, 115, 292, 886
	13, 63, 395, 626, 730
	216, 350, 778, 835, 922, 1004, 1157
	43, 59, 88, 97, 285, 357
	225, 245, 381, 446, 637
	14, 26, 494, 833, 841
	5, 8, 65, 130, 635, 789, 1182
	41, 61, 127, 170, 203, 452, 554
	5, 7, 34, 241, 305, 309, 788
	58, 319, 576, 732, 735, 1014
	6, 23, 50, 269, 588
	7, 8, 35, 131, 402
	128, 278, 291, 699, 1092
	9, 112, 528, 674, 911
	10, 69, 190, 224, 447
	17, 28, 44, 53, 118, 891
	11, 39, 1084, 1245
	152, 230, 265, 493, 714, 842
	12, 13, 31, 64, 387, 396, 544
	273, 406, 418, 781, 801, 1067, 1213
	54, 176, 222, 347, 552, 1111, 1264
	14, 27, 76, 492, 858, 1203
	16, 32, 193, 739, 775, 977
	33, 60, 145, 169, 180, 377
	15, 56, 80, 526, 567, 667
	16, 21, 441, 743, 978
	40, 177, 210, 388, 512, 623
	17, 18, 45, 275, 720, 892
	19, 84, 105, 340, 1118
	20, 132, 246, 538, 573, 724, 935
	21, 22, 243, 439, 484, 744
	23, 24, 62, 430, 587, 878
	25, 26, 27, 75, 563, 829
	28, 42, 51, 109, 890
	72, 312, 415, 473, 585, 745
	29, 167, 457, 615, 1127
	227, 341, 540, 832, 845
	30, 31, 248, 371, 386, 529, 675
	32, 194, 209, 250, 644, 772
	166, 172, 489, 558, 604, 1138, 1208
	33, 144, 279, 310, 378, 619, 1091
	71, 79, 155, 288, 522, 652
	74, 137, 197, 334, 855, 950
	34, 35, 240, 405, 578, 1095
	478, 550, 584, 748, 1117
	36, 82, 168, 410, 1129, 1165
	37, 458, 608, 1062, 1227
	38, 39, 253, 515, 942, 1083
	40, 211, 252, 514, 624, 678
	165, 212, 541, 915, 1099, 1207
	41, 171, 454, 1233
	42, 108, 661, 887, 1082, 1114
	121, 411, 824, 867, 974
	43, 87, 98, 317, 503
	44, 45, 68, 90, 116, 721
	46, 47, 48, 293, 331, 885
	259, 361, 467, 498, 590, 900
	49, 182, 187, 267, 853, 1010, 1021
	50, 188, 270, 577, 589, 1013, 1163
	93, 119, 133, 261, 469, 727
	51, 52, 53, 110, 114, 442, 631, 883
	54, 100, 159, 223, 346, 597
	55, 56, 81, 147, 527
	57, 58, 320, 325, 736
	59, 99, 358, 655, 1198
	60, 146, 178, 311, 391, 413, 646
	61, 62, 125, 323, 427, 453, 877
	63, 64, 122, 385, 531, 628, 825
	65, 636, 779, 790, 944, 1159
	66, 295, 419, 431, 868, 1063
	67, 68, 89, 117, 198, 952
	365, 420, 481, 654, 812, 1244
	69, 70, 277, 424, 450, 1217
	71, 349, 523, 648, 805, 1054
	72, 129, 314, 583, 757, 1089
	73, 104, 327, 822, 846
	74, 75, 76, 196, 559, 857
	92, 217, 236, 836, 924
	219, 232, 593, 603, 813, 1223
	77, 632, 752, 881
	78, 79, 85, 289, 521
	80, 81, 149, 666, 798, 983
	82, 184, 409, 1081, 1154, 1169
	83, 96, 163, 318, 507, 848
	84, 299, 337, 705, 759, 1120
	85, 86, 87, 88, 284, 316
	89, 90, 91, 189, 722
	92, 218, 668, 834, 918, 980
	93, 120, 124, 231, 260, 650, 925
	111, 297, 433, 908, 992
	94, 95, 96, 792, 849
	97, 98, 99, 181, 199, 505, 1195
	100, 221, 519, 565, 598, 762
	101, 369, 392, 839, 1035, 1252
	102, 126, 204, 257, 902
	103, 104, 150, 283, 328, 821
	105, 106, 107, 139, 153, 339
	108, 109, 110, 443, 659, 1069, 1072
	111, 112, 113, 909, 988
	114, 115, 116, 117, 118, 294, 951
	119, 120, 123, 143, 383, 728
	121, 122, 296, 530, 823, 866, 913
	123, 124, 384, 639, 649, 1057
	142, 393, 1037, 1041, 1140, 1236
	125, 126, 127, 206, 879, 899
	128, 129, 702, 756, 1047, 1088
	130, 131, 207, 401, 872, 1179
	132, 133, 468, 726, 768, 938
	134, 281, 566, 595, 763
	135, 136, 137, 140, 335, 856
	138, 139, 154, 959
	140, 141, 688, 859, 1199
	142, 239, 307, 914, 1036, 1139, 1204
	143, 247, 302, 382, 725, 1146
	423, 711, 869, 965, 1178, 1186
	144, 145, 146, 313
	147, 148, 149, 795
	150, 151, 164, 282, 600, 686, 930
	152, 229, 264, 508, 621, 681
	153, 154, 338, 355, 958
	155, 186, 286, 651, 927, 995, 1132
	156, 157, 158, 161, 324, 429
	159, 185, 345, 596, 698, 956, 1153
	160, 161, 162, 163, 201, 506
	164, 215, 235, 602, 929
	165, 166, 214, 490, 1206
	167, 168, 408, 614, 894, 1128
	256, 459, 611, 629, 755, 1068, 1077
	208, 238, 863, 1029, 1151
	169, 179, 228, 343, 376, 509, 769
	170, 171, 172, 555, 1137, 1234
	173, 174, 175, 372, 692
	176, 274, 888, 1113, 1265
	177, 178, 179, 180, 390, 510
	181, 182, 183, 202, 854, 1194
	184, 185, 344, 1080, 1109, 1152
	186, 287, 301, 359, 1131
	187, 188, 268, 298, 575, 1009
	189, 190, 191, 192, 226, 303, 718, 1143
	193, 194, 251, 975, 1087
	195, 196, 197, 198, 560, 954
	199, 200, 201, 202, 504
	203, 204, 205, 206, 556
	207, 208, 237, 404, 657, 862, 870
	209, 210, 211, 254, 389, 643
	212, 213, 214, 487, 543, 906
	215, 216, 233, 351, 921, 933
	217, 218, 219, 220, 234, 592, 669
	221, 222, 223, 280, 553, 764, 985
	224, 225, 226, 304, 380, 448
	227, 228, 229, 230, 342, 511, 843
	231, 262, 400, 928, 997
	244, 425, 445, 816, 873, 1192
	232, 233, 234, 235, 236, 601, 920
	237, 238, 403, 582, 664, 1030
	239, 240, 241, 308, 916, 1094
	242, 243, 477, 485, 549
	244, 245, 348, 444, 638, 1055, 1187
	246, 247, 571, 723, 1126, 1145
	272, 416, 435, 461, 964
	248, 249, 370, 671
	250, 251, 252, 253, 254, 513, 1086
	255, 256, 612, 753
	399, 708, 996, 1100, 1176
	257, 258, 259, 495, 901
	260, 261, 262, 398, 470, 1170
	263, 264, 265, 676, 717
	266, 267, 268, 269, 270, 271
	272, 273, 354, 417, 782, 960
	274, 275, 276, 277, 889, 1219, 1266
	278, 279, 290, 620, 1090
	280, 281, 591, 765, 986, 1225
	282, 283, 330, 931, 1251
	284, 285, 286, 287, 288, 289, 356
	290, 291, 618, 700, 1103, 1173
	292, 293, 294, 333, 953
	295, 296, 297, 434, 865, 912
	298, 412, 574, 627, 828, 1011
	299, 336, 353, 437, 704, 784
	300, 301, 360, 363, 1136
	302, 303, 304, 379, 1144
	305, 306, 476, 777, 787
	306, 307, 308, 309, 474, 1039
	310, 311, 312, 313, 314, 414, 1093
	315, 316, 317, 318, 502, 850
	319, 320, 321, 362, 465, 1016
	322, 323, 324, 426, 455, 1042
	325, 326, 397, 501, 737
	327, 328, 329, 330, 847, 1255
	331, 332, 333, 334, 335, 949
	336, 337, 338, 339, 340, 352
	341, 342, 343, 539, 766, 936
	344, 345, 346, 347, 1110
	348, 349, 806, 1058, 1188
	350, 351, 837, 932, 1000, 1256
	352, 353, 354, 355, 783, 961
	356, 357, 358, 359, 360, 364, 656
	361, 362, 466, 586, 1017, 1162
	363, 364, 365, 366, 653, 809
	367, 368, 701, 707, 807, 1006, 1104
	369, 475, 838, 1001, 1034
	370, 371, 372, 373, 374, 375
	376, 377, 378, 471, 616, 770
	379, 380, 381, 382, 383, 384, 640
	385, 386, 387, 532
	388, 389, 390, 391, 647
	392, 393, 394, 793, 1040, 1046
	395, 396, 397, 499, 547, 731, 738
	398, 399, 400, 998, 1171
	401, 402, 403, 404, 405, 579
	406, 407, 421, 436, 780, 1214
	408, 409, 410, 660, 895, 1078
	411, 412, 826, 971, 1012, 1019
	413, 414, 415, 472, 645, 742, 774
	416, 417, 418, 419, 432, 1064
	420, 421, 422, 483, 810, 1211
	423, 451, 536, 634, 713, 1181
	424, 425, 449, 815, 1108, 1216
	426, 427, 428, 429, 430
	431, 432, 433, 434, 435, 463, 990
	436, 437, 438, 703, 785, 1008, 1049
	439, 440, 441, 976, 1257
	442, 443, 630, 1071
	444, 445, 446, 447, 448, 449, 450
	451, 517, 534, 633, 946
	452, 453, 454, 455, 1045, 1232
	456, 457, 458, 613, 1061, 1226
	459, 610, 893, 1076, 1229
	460, 533, 709, 797, 1025
	461, 462, 463, 963, 991
	464, 465, 466, 467, 497
	468, 469, 470, 471, 617, 767, 1174
	472, 473, 486, 740, 750
	474, 475, 476, 776, 1002, 1038
	477, 478, 479, 480, 551, 1121
	481, 482, 483, 800, 1210, 1242
	484, 485, 486, 548, 741, 749
	487, 488, 489, 490, 607
	491, 492, 493, 494, 687, 715, 840, 1202
	495, 496, 497, 498
	499, 500, 501, 546, 691
	502, 503, 504, 505, 506, 507
	508, 509, 510, 511, 512, 622
	513, 514, 515, 679, 941
	516, 542, 581, 663, 904
	517, 535, 917, 948, 981, 1026
	518, 519, 524, 564, 599, 696
	520, 521, 522, 523, 804, 820
	524, 525, 526, 527, 568
	528, 529, 530, 531, 532, 673, 910
	533, 534, 535, 536, 712, 1024
	537, 538, 539, 540, 831, 934
	541, 542, 543, 580, 907, 1098
	544, 545, 546, 547, 690
	548, 549, 550, 551, 747
	552, 553, 987, 1105, 1215, 1263
	554, 555, 556, 557, 558, 605
	559, 560, 561, 562, 563, 570, 1124
	564, 565, 566, 567, 568, 569, 761
	570, 571, 572, 573, 1125
	574, 575, 576, 577, 625, 733, 1015
	578, 579, 580, 581, 582, 665, 1097
	583, 584, 585, 746, 758, 1116
	586, 587, 588, 589, 590, 880, 903, 1164
	591, 592, 593, 594, 595, 1224
	596, 597, 598, 599, 695
	600, 601, 602, 603, 684, 814, 875
	604, 605, 606, 607
	608, 609, 610, 611, 612, 1231
	613, 614, 615, 896, 1230
	616, 617, 618, 619, 620, 1175
	621, 622, 623, 624, 680
	625, 626, 627, 628, 729, 827
	629, 630, 631, 632, 751, 884, 1070
	633, 634, 635, 636, 943, 1180
	637, 638, 639, 640, 1056
	641, 642, 1249, 1261
	643, 644, 645, 646, 647, 771
	648, 649, 650, 651, 652, 926, 1053
	653, 654, 655, 656, 1197, 1238
	657, 658, 860, 871, 967
	659, 660, 661, 897, 1074, 1079
	662, 663, 664, 665, 1031
	666, 667, 668, 669, 670, 979
	671, 672, 673, 674, 675
	676, 677, 678, 679, 680, 681, 939
	682, 683, 1033, 1148
	684, 685, 686, 874, 1191
	687, 688, 689, 1200
	690, 691, 692, 693, 694
	695, 696, 697, 698, 957
	699, 700, 701, 702, 1005, 1051, 1102
	703, 704, 705, 760, 1050
	706, 707, 708, 993, 1101, 1134
	709, 710, 711, 712, 713, 1183
	714, 715, 716, 717
	718, 719, 720, 721, 722
	723, 724, 725, 726, 727, 728
	729, 730, 731, 732, 733, 734
	734, 735, 736, 737, 738
	739, 740, 741, 742, 743, 744, 773
	745, 746, 747, 748, 749, 750
	751, 752, 753, 754, 755
	756, 757, 758, 759, 760, 1048, 1122
	761, 762, 763, 764, 765
	766, 767, 768, 769, 770, 937
	771, 772, 773, 774, 775
	776, 777, 778, 779, 786, 1003, 1158
	780, 781, 782, 783, 784, 785
	786, 787, 788, 789, 790
	791, 792, 793, 794, 1044
	795, 796, 797, 798, 984, 1027
	799, 800, 801, 802, 972, 1065, 1212
	803, 804, 805, 806, 817, 1189
	807, 808, 809, 810, 811, 812
	813, 814, 815, 816, 876, 1106, 1222
	817, 818, 819, 820, 821, 822
	823, 824, 825, 826, 827, 828
	829, 830, 831, 832, 833, 844
	834, 835, 836, 919, 923, 945, 1156
	837, 838, 839, 999, 1254
	840, 841, 842, 843, 844, 845
	846, 847, 848, 849, 850, 851, 852
	853, 854, 1022, 1196, 1240
	855, 856, 857, 858, 859, 1201
	860, 861, 862, 863, 1150
	864, 865, 866, 867, 868, 970
	869, 870, 871, 872, 966, 1177
	873, 874, 875, 876, 1190
	877, 878, 879, 880, 898
	881, 882, 883, 884, 885, 886
	887, 888, 889, 890, 891, 892, 1112
	893, 894, 895, 896, 897, 1075, 1228
	898, 899, 900, 901, 902, 903
	904, 905, 906, 907
	908, 909, 910, 911, 912, 913
	914, 915, 916, 1096, 1205
	917, 918, 919, 947, 982
	920, 921, 922, 923, 924
	925, 926, 927, 928, 994
	929, 930, 931, 932, 933, 1250
	934, 935, 936, 937, 938
	939, 940, 941, 942
	943, 944, 945, 946, 947, 948, 1160
	949, 950, 951, 952, 953, 954
	955, 956, 957, 1155, 1167
	958, 959, 960, 961, 962, 963, 964
	965, 966, 967, 968, 1185
	969, 970, 971, 972, 973, 974, 1023
	975, 976, 977, 978, 1085, 1247, 1260
	979, 980, 981, 982, 983, 984, 1028
	985, 986, 987, 1107, 1221
	988, 989, 990, 991, 992
	993, 994, 995, 996, 997, 998, 1135
	999, 1000, 1001, 1002, 1003, 1004
	1005, 1006, 1007, 1008, 1052
	1009, 1010, 1011, 1012, 1020
	1013, 1014, 1015, 1016, 1017, 1161
	1018, 1019, 1020, 1021, 1022, 1023, 1241
	1024, 1025, 1026, 1027, 1028
	1029, 1030, 1031, 1032, 1033, 1147
	1034, 1035, 1036, 1037, 1038, 1039, 1040
	1041, 1042, 1043, 1044, 1045, 1046, 1235
	1047, 1048, 1049, 1050, 1051, 1052
	1053, 1054, 1055, 1056, 1057, 1058
	1059, 1060, 1061, 1062
	1063, 1064, 1065, 1066, 1067
	1068, 1069, 1070, 1071, 1073
	1072, 1073, 1074, 1075, 1076, 1077
	1078, 1079, 1080, 1081, 1082, 1115
	1083, 1084, 1085, 1086, 1087, 1248
	1088, 1089, 1090, 1091, 1092, 1093
	1094, 1095, 1096, 1097, 1098, 1099
	1100, 1101, 1102, 1103, 1104, 1172
	1105, 1106, 1107, 1108, 1218, 1220
	1109, 1110, 1111, 1112, 1113, 1114, 1115
	1116, 1117, 1118, 1119, 1120, 1121, 1122
	1123, 1124, 1125, 1126, 1142
	1127, 1128, 1129, 1130
	1131, 1132, 1133, 1134, 1135, 1136
	1137, 1138, 1139, 1140, 1209, 1237
	1141, 1142, 1143, 1144, 1145, 1146
	1147, 1148, 1149, 1150, 1151
	1152, 1153, 1154, 1155, 1168
	1156, 1157, 1158, 1159, 1160
	1161, 1162, 1163, 1164
	1165, 1166, 1167, 1168, 1169
	1170, 1171, 1172, 1173, 1174, 1175, 1176
	1177, 1178, 1179, 1180, 1181, 1182
	1183, 1184, 1185, 1186
	1187, 1188, 1189, 1190, 1191, 1192, 1193
	1194, 1195, 1196, 1197, 1198, 1239
	1199, 1200, 1201, 1202, 1203
	1204, 1205, 1206, 1207, 1208, 1209
	1210, 1211, 1212, 1213, 1214
	1215, 1216, 1217, 1218, 1219, 1262
	1220, 1221, 1222, 1223, 1224, 1225
	1226, 1227, 1228, 1229, 1230, 1231
	1232, 1233, 1234, 1235, 1236, 1237
	1238, 1239, 1240, 1241, 1242, 1243, 1244
	1245, 1246, 1247, 1248, 1249, 1259
	1250, 1251, 1252, 1253, 1254, 1255, 1256
	1257, 1258, 1259, 1260, 1261
	1262, 1263, 1264, 1265, 1266
Seed Numbers: 422
	0
	1
	2
	3
	4
	5
	6
	7
	8
	9
	10
	11
	12
	13
	14
	15
	16
	17
	18
	19
	20
	21
	22
	23
	24
	25
	26
	27
	28
	29
	30
	31
	32
	33
	34
	35
	36
	37
	38
	39
	40
	41
	42
	43
	44
	45
	46
	47
	48
	49
	50
	51
	52
	53
	54
	55
	56
	57
	58
	59
	60
	61
	62
	63
	64
	65
	66
	67
	68
	69
	70
	71
	72
	73
	74
	75
	76
	77
	78
	79
	80
	81
	82
	83
	84
	85
	86
	87
	88
	89
	90
	91
	92
	93
	94
	95
	96
	97
	98
	99
	100
	101
	102
	103
	104
	105
	106
	107
	108
	109
	110
	111
	112
	113
	114
	115
	116
	117
	118
	119
	120
	121
	122
	123
	124
	125
	126
	127
	128
	129
	130
	131
	132
	133
	134
	135
	136
	137
	138
	139
	140
	141
	142
	143
	144
	145
	146
	147
	148
	149
	150
	151
	152
	153
	154
	155
	156
	157
	158
	159
	160
	161
	162
	163
	164
	165
	166
	167
	168
	169
	170
	171
	172
	173
	174
	175
	176
	177
	178
	179
	180
	181
	182
	183
	184
	185
	186
	187
	188
	189
	190
	191
	192
	193
	194
	195
	196
	197
	198
	199
	200
	201
	202
	203
	204
	205
	206
	207
	208
	209
	210
	211
	212
	213
	214
	215
	216
	217
	218
	219
	220
	221
	222
	223
	224
	225
	226
	227
	228
	229
	230
	231
	232
	233
	234
	235
	236
	237
	238
	239
	240
	241
	242
	243
	244
	245
	246
	247
	248
	249
	250
	251
	252
	253
	254
	255
	256
	257
	258
	259
	260
	261
	262
	263
	264
	265
	266
	267
	268
	269
	270
	271
	272
	273
	274
	275
	276
	277
	278
	279
	280
	281
	282
	283
	284
	285
	286
	287
	288
	289
	290
	291
	292
	293
	294
	295
	296
	297
	298
	299
	300
	301
	302
	303
	304
	305
	306
	307
	308
	309
	310
	311
	312
	313
	314
	315
	316
	317
	318
	319
	320
	321
	322
	323
	324
	325
	326
	327
	328
	329
	330
	331
	332
	333
	334
	335
	336
	337
	338
	339
	340
	341
	342
	343
	344
	345
	346
	347
	348
	349
	350
	351
	352
	353
	354
	355
	356
	357
	358
	359
	360
	361
	362
	363
	364
	365
	366
	367
	368
	369
	370
	371
	372
	373
	374
	375
	376
	377
	378
	379
	380
	381
	382
	383
	384
	385
	386
	387
	388
	389
	390
	391
	392
	393
	394
	395
	396
	397
	398
	399
	400
	401
	402
	403
	404
	405
	406
	407
	408
	409
	410
	411
	412
	413
	414
	415
	416
	417
	418
	419
	420
	421
Phase Numbers: 422
	2
	2
	1
	3
	2
	3
	2
	2
	0
	2
	2
	1
	3
	2
	0
	2
	0
	0
	2
	3
	3
	3
	2
	2
	2
	3
	1
	2
	3
	3
	3
	3
	3
	3
	2
	3
	2
	3
	0
	2
	2
	2
	2
	2
	3
	3
	1
	2
	0
	2
	0
	2
	0
	2
	2
	3
	1
	3
	2
	3
	2
	1
	2
	3
	2
	2
	3
	3
	2
	2
	3
	2
	3
	3
	3
	2
	3
	2
	3
	2
	1
	2
	0
	0
	2
	3
	2
	3
	2
	2
	2
	2
	3
	2
	2
	2
	0
	0
	1
	3
	0
	0
	3
	3
	0
	2
	2
	3
	2
	3
	1
	2
	1
	3
	2
	2
	2
	3
	2
	3
	3
	3
	2
	3
	3
	3
	1
	3
	2
	2
	2
	3
	2
	1
	3
	2
	2
	0
	2
	2
	0
	2
	3
	2
	2
	2
	2
	2
	3
	3
	2
	3
	0
	3
	3
	0
	2
	3
	2
	0
	2
	3
	2
	3
	2
	2
	3
	3
	3
	0
	3
	2
	3
	3
	3
	3
	3
	2
	3
	3
	3
	0
	3
	2
	0
	1
	2
	1
	2
	2
	3
	2
	0
	2
	1
	2
	0
	3
	3
	3
	3
	1
	2
	3
	3
	2
	2
	0
	3
	3
	3
	2
	3
	3
	2
	1
	3
	3
	3
	3
	3
	2
	2
	2
	3
	3
	2
	0
	2
	3
	2
	0
	3
	3
	3
	1
	1
	2
	3
	0
	3
	2
	1
	1
	3
	0
	2
	1
	3
	1
	3
	2
	3
	3
	1
	2
	3
	2
	3
	3
	3
	0
	3
	1
	2
	3
	2
	2
	3
	2
	3
	0
	3
	3
	2
	1
	2
	3
	1
	3
	3
	2
	3
	3
	2
	3
	1
	2
	1
	3
	2
	2
	3
	2
	3
	1
	0
	2
	2
	3
	2
	3
	2
	3
	3
	3
	1
	2
	3
	2
	3
	2
	3
	3
	3
	2
	3
	2
	2
	3
	2
	3
	3
	2
	3
	2
	3
	2
	2
	3
	2
	0
	3
	3
	3
	2
	2
	3
	0
	3
	1
	3
	3
	2
	2
	2
	2
	1
	2
	2
	3
	2
	2
	3
	0
	3
	1
	3
	3
	3
	2
	1
	3
	0
	3
	3
	3
	1
	3
	2
	2
	2
	2
	2
	2
	3
	3
	3
	3
	0
	2
	2
	2
	3
	3
	0
	2
	2
	1
	2
	1
	2
	3
	3
	2
	2
	1
	2
	2
	3
	3
	3
	0
	3
	3
	3
	3
	2
	2
	2
	3
	3
	2
	3
	0
	2
	1
	2
	3
	3
	2
	2
Volumes: 422
	0.0025074129542073313
	0.0025730797938257775
	0.0023492611239303435
	0.002472606383084979
	0.0031350492666366242
	0.002956199591470609
	0.0022760551724416937
	0.0027008008935922715
	0.0030100173884950445
	0.0025491001697008765
	0.003413389185607354
	0.0012559984297225578
	0.0026934442463138423
	0.0019244229914190066
	0.0009400664697417693
	0.00244991199597989
	0.0028387102371327127
	0.00226742315300942
	0.0025281265139956806
	0.0017128230961683203
	0.0030836313428480025
	0.0025719717599573125
	0.002622680051283083
	0.0020719283029954467
	0.0029167615278407237
	0.0031680231325682965
	0.0024102628126426717
	0.001979989886092935
	0.002120255671916614
	0.002645827028007923
	0.001778702264268916
	0.001916056916907321
	0.0020293556187198185
	0.0030880086967712403
	0.0015790029069868326
	0.003070658754026573
	0.002698220107303028
	0.0027269508057211605
	0.002839783618306254
	0.001965967991304685
	0.0027893594237334346
	0.002860067760767304
	0.0027163403288790857
	0.002138089878000948
	0.002650611452190257
	0.002700783122011525
	0.0021702246266478583
	0.0023672533743562627
	0.002735821393602774
	0.00251792311734282
	0.001974103587436774
	0.00240621790204372
	0.001890659894822384
	0.0009161656768627005
	0.0019382996956886476
	0.0029020406257321504
	0.0025602931105384178
	0.0028769744916949964
	0.0027842755658406813
	0.002609441239121683
	0.0028565761187814916
	0.0021280623869437605
	0.0018676543386525715
	0.0027706405173741106
	0.0012952230700944583
	0.0030817219797739112
	0.002302027093136267
	0.0023695364681261986
	0.0020231021210161343
	0.0022001688622017637
	0.0020921923428214896
	0.0018022978911674755
	0.00292226643560341
	0.003200315210629286
	0.0020296625613205944
	0.002404678111244135
	0.002113291869527618
	0.0034183718780723947
	0.0032031734737123655
	0.002281119424677002
	0.0025314448272265823
	0.0021156995395453402
	0.0024474599123453845
	0.0027391330168085332
	0.002698242928282996
	0.002441439215444395
	0.002571147878598732
	0.002797467630607808
	0.00274197960758512
	0.0024173690635057006
	0.00245955685649266
	0.0022495655348703947
	0.002513760595056724
	0.0016787940443306322
	0.002000052895803341
	0.0023257027823279674
	0.0030236104536322493
	0.0012702963322045338
	0.0023100501914906043
	0.0019637169972855644
	0.0022751773853261757
	0.002593935276374855
	0.002288743660195711
	0.002045063950714884
	0.0024104793181252467
	0.0021747393616426453
	0.00245066541819161
	0.0021759133784174335
	0.002500772276854376
	0.00229298215030912
	0.002810524381329828
	0.0020863948312582754
	0.0019190056815881408
	0.0027369130427091918
	0.002443809593304975
	0.0028119949356880973
	0.001727120917770787
	0.003575270259671392
	0.0027964025804093256
	0.0031828004149426652
	0.002583474862196264
	0.0025276863982691394
	0.0024568444951367637
	0.0026526921114375726
	0.0027621893499730683
	0.002679558720049476
	0.0021703392522446465
	0.0020753419538054184
	0.0012599867067056962
	0.001202898250992563
	0.0029994575733505516
	0.002577522408368454
	0.002512073935139104
	0.0017198859033171225
	0.001561100746238293
	0.003230039740277948
	0.0031853385747692177
	0.0019114931838487212
	0.0027291169087903366
	0.0025201301158432545
	0.0028812931854150974
	0.0020481780946936846
	0.0026189371327093192
	0.0025695458956992807
	0.002163013960836924
	0.0021679329136305233
	0.002087961591945288
	0.003187806275511718
	0.0029070607371708785
	0.0017879901117937012
	0.0019133435905201242
	0.0022493446485159696
	0.0026195956472600786
	0.0031877140159556165
	0.0019289545094404973
	0.0028660920391008734
	0.0027414643669710533
	0.0024418494048568658
	0.0027328102504289055
	0.0015949428308936436
	0.003051981048788722
	0.002853101935121049
	0.0026658723966047635
	0.0016843098076967605
	0.0024882936538462358
	0.0034364717604733357
	0.0029700802589349433
	0.0021061525269357746
	0.002772562885759754
	0.0020236511035923656
	0.0031417843480806085
	0.0023005514287332282
	0.002739918714622502
	0.0020779543299376526
	0.0015958283087309203
	0.0032072962812048685
	0.0020117289738659123
	0.002627259360324932
	0.0012126124096588117
	0.0029105086961589153
	0.0008132840869945074
	0.002010395677223756
	0.0015725286996809626
	0.0016824040286202166
	0.0030149524095001734
	0.003011316260181323
	0.002942726261417686
	0.002926914913180318
	0.0014255815032357543
	0.002276076214814445
	0.0021756530515205756
	0.003079576026509733
	0.0023873302073683985
	0.0025003342267403963
	0.002926304312379296
	0.0031164689099571143
	0.00216891281490259
	0.0027486412006542593
	0.0022672007286595485
	0.0016830990297275767
	0.0021220488153978747
	0.0026752412834346877
	0.0026704121549748156
	0.0030741685725932844
	0.002397408955123265
	0.0018722417329783121
	0.00228367716895714
	0.0025694126994695613
	0.002428896097175674
	0.0022176132440197335
	0.0024523405649544074
	0.002151610033517253
	0.0026777220115439143
	0.0031583135339905304
	0.002067225051549787
	0.0021724508678203453
	0.0026109738928740533
	0.0030381279026896173
	0.00138885132466676
	0.0022609133111200505
	0.0031573922477193296
	0.0020261584199200095
	0.0018082630958640446
	0.0022166858186625587
	0.0024203900577873536
	0.002419291059989294
	0.0015043937214979438
	0.00337052461731318
	0.0019502760181229453
	0.002802843580563031
	0.0033360688501524642
	0.002483935226745313
	0.0025244281822095075
	0.0027420958107678434
	0.0019221479339986626
	0.0025411419191144497
	0.0024960058165836925
	0.002151964432966496
	0.002832598203781022
	0.0020502661020195758
	0.001418384705799339
	0.0027659102322349725
	0.0016908166851936704
	0.0023870416216903324
	0.0018549421845706247
	0.002155804856349474
	0.0013733963587961176
	0.0017706648823684877
	0.0016742313100052424
	0.0034112739358181836
	0.002435746906085196
	0.002242468052277266
	0.0030627133442798424
	0.0019036588234228775
	0.003021570297863951
	0.0011945538718630617
	0.0030205488945037715
	0.000825702443556395
	0.0015834801808970666
	0.002591925266152143
	0.0021127912160913477
	0.0014892649491226049
	0.0019366749036278691
	0.001789566528101692
	0.0024838774901744754
	0.0027004874128144264
	0.0029153258595605463
	0.0033560556887356333
	0.0024661483105456058
	0.0016852956701331931
	0.002317972023885881
	0.001949213242857716
	0.0019858479953774287
	0.0022858099388763974
	0.0031126127069342
	0.0029021459175979612
	0.002884350426419151
	0.0018600053203542222
	0.0031511867451662766
	0.002627994327681741
	0.0028140804292280824
	0.0030030119828891675
	0.002646505181044177
	0.002145927485742896
	0.0033399545226909496
	0.0020199219176506764
	0.0013821247270691195
	0.002277866074288074
	0.002443632950414611
	0.0026785117623979904
	0.0026688441997929817
	0.002374673296282736
	0.0025056873796692027
	0.0015388230228639017
	0.0011522497622489915
	0.001980223431718735
	0.002797077371606078
	0.0017684761987957491
	0.0017909319304945438
	0.002146795633429917
	0.0026202887841366186
	0.002262756267825341
	0.002018198151823367
	0.0030141402342164433
	0.0013953542029432188
	0.002632012699609907
	0.0008980085253223223
	0.0018275824786474642
	0.002415363615621769
	0.002371791659435342
	0.002070807512881442
	0.0025318075213613365
	0.002095422893744459
	0.001986248062865707
	0.0018807366776967998
	0.002530223895748149
	0.0020049243022383714
	0.0023013242079542658
	0.0028754417168395142
	0.002289285906051333
	0.0014951069080749429
	0.003041322853963328
	0.002109039822197961
	0.00315895089037245
	0.0021506339744289437
	0.0027783851240574106
	0.002836494727879044
	0.0024091297238602477
	0.0029877461598546663
	0.0025836965245404427
	0.0024742461376136777
	0.0024250996057065227
	0.00257603678491378
	0.0032276122264506026
	0.001828454024045635
	0.0026012488645458004
	0.001711629467855474
	0.003266108378482902
	0.001659530670489765
	0.0019905587769067563
	0.00255271491135471
	0.0025675214720791845
	0.0021547287715293706
	0.0015473318506212072
	0.002765576797906641
	0.002677504749549708
	0.002315432301052809
	0.002024632530601543
	0.0033947892707167134
	0.002887526798764513
	0.00213878738968497
	0.0026690703759272095
	0.0011673027691990973
	0.002530164783995391
	0.001685968535055523
	0.002152122594336554
	0.002065337372941677
	0.002129035866069948
	0.0022902249297372425
	0.0024798459036196926
	0.0012992248876893728
	0.0025844710131294564
	0.00300748233977256
	0.002400226232107317
	0.0027085891798791094
	0.0015152593463820052
	0.002610400693425668
	0.002985005675860076
	0.00226584021107831
	0.0024920375635246413
	0.002082030658115162
	0.0026315427056743945
	0.0019346412335859734
	0.0023144240880996762
	0.0026496695327285448
	0.0026291938526420483
	0.0033169165641115557
	0.0020034187582879713
	0.0033482296866104815
	0.0026081393861081847
	0.0028802026885070904
	0.0025786235917395527
	0.0024739388055083833
	0.0007532999842331375
	0.001958954890313214
	0.00196058175485138
	0.0026403104637887542
	0.002558812925887952
	0.0029740290786978117
	0.002006601721259017
	0.0025940138035645877
	0.0024796883003104027
	0.0017075574678928657
	0.0026316476604195177
	0.0027984636066885
	0.001763740967069093
	0.0009488642088644226
	0.002675585544591129
	0.0032007419522495596
	0.0027858735912550973
	0.0021164800123340227
	0.0023121312671368173
	0.0028269413472571383
	0.001656112652996589
	0.0016091865750874506
	0.002312061522095345
	0.0024943421108555176
	0.0013002671713305586
	0.002802321228303066
	0.002180537753409235
	0.0021924302408669804
	0.002437422873930238
	0.0015101844833240309
	0.0022530092032036863
	0.0017728475286765862
	0.0017641488877336887
	0.0022233063432222184
	0.0025033556886712204
	0.00197200678654631
	0.002574118131281736
	0.002591822194236779
	0.002468228340464665
