Mesh Points: 838
	-3.472413e-01, -3.361103e-01
	-3.275410e-01, -3.257778e-01
	-2.936524e-01, -3.503242e-01
	-2.980831e-01, -3.915048e-01
	-3.422738e-01, -3.858484e-01
	-2.991388e-01, -3.921240e-01
	-3.514106e-01, -3.711708e-01
	 2.515319e-01, -3.146512e-01
	 2.331838e-01, -3.404149e-01
	 1.886098e-01, -3.251316e-01
	 2.026290e-01, -2.799909e-01
	 2.483773e-01, -3.027875e-01
	 3.802873e-01, -5.000000e-01
	 3.768379e-01, -4.759428e-01
	 3.188423e-01, -5.000000e-01
	 3.706563e-01, -4.702002e-01
	 3.250427e-01, -4.773010e-01
	-2.161349e-01, -4.172678e-01
	-2.363245e-01, -4.386005e-01
	-2.227086e-01, -3.825575e-01
	-2.412919e-01, -3.751629e-01
	-2.675179e-01, -3.977859e-01
	-2.464635e-01, -4.402713e-01
	 2.999030e-01,  1.033955e-01
	 2.977001e-01,  1.395261e-01
	 2.674248e-01,  8.352660e-02
	 2.576658e-01,  1.299494e-01
	 1.052348e-01, -2.086371e-01
	 1.052352e-01, -2.104954e-01
	 5.855319e-02, -2.303797e-01
	 4.760549e-02, -1.925992e-01
	 7.370844e-02, -1.769348e-01
	 5.366831e-02, -2.284442e-01
	 4.790083e-02, -3.064693e-02
	 7.107314e-02, -4.106353e-02
	 4.081159e-02,  5.453470e-03
	 7.183040e-02,  1.715172e-02
	 4.731104e-02,  1.314417e-02
	 8.715931e-02, -1.340000e-02
	 2.695164e-01, -5.000000e-01
	 3.062605e-01, -4.498654e-01
	 3.018008e-01, -4.484976e-01
	 2.672201e-01, -4.736573e-01
	-4.604758e-01, -1.346372e-01
	-4.548536e-01, -1.466625e-01
	-4.724342e-01, -1.792219e-01
	-5.000000e-01, -1.319823e-01
	-5.000000e-01, -1.824886e-01
	 1.688461e-01,  3.774558e-01
	 1.669049e-01,  3.753896e-01
	 1.300883e-01,  3.769676e-01
	 1.366139e-01,  4.230264e-01
	 1.744756e-01,  4.324834e-01
	-1.980957e-01,  4.664515e-01
	-2.243240e-01,  4.381614e-01
	-2.156640e-01,  5.000000e-01
	-2.551542e-01,  4.741607e-01
	-2.507637e-01,  5.000000e-01
	 3.149711e-01, -8.202975e-03
	 2.971556e-01, -9.512228e-03
	 2.731050e-01,  2.295263e-02
	 2.789185e-01,  5.527571e-02
	 3.234456e-01,  5.340012e-02
	 3.350511e-01,  3.385997e-02
	 2.464275e-01,  2.517955e-01
	 2.486476e-01,  2.680712e-01
	 2.918679e-01,  2.273457e-01
	 2.936993e-01,  2.845765e-01
	 3.160271e-01,  2.665076e-01
	 3.174939e-01,  2.607808e-01
	 5.000000e-01,  3.839060e-01
	 4.728981e-01,  3.771789e-01
	 5.000000e-01,  4.243720e-01
	 4.716355e-01,  4.286571e-01
	 4.628003e-01,  3.876911e-01
	 7.368226e-02,  3.956316e-01
	 7.250585e-02,  4.214345e-01
	 1.244520e-01,  3.737485e-01
	 9.761657e-02,  4.528557e-01
	 2.778928e-01, -3.170612e-02
	 2.371667e-01,  1.843912e-02
	 2.298889e-01, -2.957735e-02
	-1.027310e-01,  3.263498e-01
	-1.249344e-01,  3.233181e-01
	-8.135126e-02,  3.778978e-01
	-1.504311e-01,  3.501999e-01
	-1.402710e-01,  3.792144e-01
	-1.202447e-01,  3.915162e-01
	 1.910126e-02,  2.732949e-01
	 1.317355e-02,  2.795550e-01
	 2.970645e-02,  3.365228e-01
	 5.000059e-02,  3.436244e-01
	 6.472047e-02,  3.305466e-01
	 7.081039e-02,  2.899434e-01
	 4.988106e-02,  2.688528e-01
	 1.891588e-01, -4.626180e-01
	 1.524844e-01, -5.000000e-01
	 1.889252e-01, -4.610904e-01
	 1.337677e-01, -4.473987e-01
	 1.546963e-01, -4.390699e-01
	 1.269873e-01, -4.720158e-01
	 1.506836e-01, -5.000000e-01
	-6.888711e-02, -4.925007e-02
	-3.843059e-02, -7.935973e-02
	-6.658687e-02, -1.080119e-01
	-9.442521e-02, -8.359413e-02
	-8.422673e-02, -1.061152e-01
	-4.271975e-01,  4.218488e-01
	-4.616603e-01,  4.272559e-01
	-4.302806e-01,  3.754613e-01
	-4.665927e-01,  3.604594e-01
	-5.000000e-01,  3.898553e-01
	-5.000000e-01,  3.943553e-01
	-4.422834e-01,  3.619755e-01
	-1.708774e-01, -2.355826e-01
	-1.760135e-01, -2.645788e-01
	-1.832654e-01, -2.695324e-01
	-2.356945e-01, -2.631310e-01
	-2.360854e-01, -2.621774e-01
	-2.246066e-01, -2.133935e-01
	-2.153325e-01, -2.105429e-01
	-2.220840e-01, -2.113808e-01
	 7.620919e-02, -1.589717e-01
	 5.287858e-02, -1.414218e-01
	 2.740831e-02, -1.496963e-01
	 2.091598e-02, -1.812952e-01
	 4.697629e-01,  3.510955e-01
	 4.448757e-01,  3.410335e-01
	 4.186282e-01,  3.594655e-01
	 4.307900e-01,  3.863351e-01
	-4.064457e-01,  1.152155e-01
	-4.246513e-01,  9.867164e-02
	-4.120049e-01,  1.521628e-01
	-4.633558e-01,  1.158972e-01
	-4.685112e-01,  1.348527e-01
	-4.524839e-01,  1.579115e-01
	 1.881667e-01, -3.786647e-01
	 1.703519e-01, -3.456025e-01
	 2.258587e-01, -3.719874e-01
	 2.344703e-01, -3.587940e-01
	 1.756348e-01, -3.317885e-01
	-1.738951e-01, -4.178313e-01
	-1.709290e-01, -4.058138e-01
	-1.928552e-01, -3.701027e-01
	 2.211399e-01,  3.837546e-01
	 2.248218e-01,  3.875360e-01
	 1.802173e-01,  4.387290e-01
	 2.210939e-01,  4.202233e-01
	-4.730718e-01, -2.812019e-01
	-4.717426e-01, -2.381376e-01
	-5.000000e-01, -2.932605e-01
	-5.000000e-01, -2.294493e-01
	 2.076637e-01, -4.318204e-01
	 1.775972e-01, -4.001390e-01
	 1.629609e-01, -4.059673e-01
	-1.028017e-01,  1.301792e-01
	-1.167637e-01,  9.862890e-02
	-1.450049e-01,  1.015816e-01
	-1.649636e-01,  1.411358e-01
	-1.615024e-01,  1.483228e-01
	-1.462564e-01,  1.552296e-01
	 3.489075e-02,  1.361986e-01
	-5.969192e-04,  1.440626e-01
	 5.792338e-02,  1.627578e-01
	-2.120118e-02,  1.733740e-01
	 6.065302e-03,  2.077614e-01
	-2.096777e-02,  1.701613e-01
	 4.445761e-02,  2.004377e-01
	 5.000000e-01,  8.367414e-02
	 4.699748e-01,  6.229585e-02
	 5.000000e-01,  1.164557e-01
	 4.334901e-01,  8.589002e-02
	 4.499451e-01,  1.115329e-01
	 3.930677e-01, -3.540784e-01
	 3.824834e-01, -3.607042e-01
	 4.018971e-01, -3.174330e-01
	 3.548278e-01, -3.022314e-01
	 3.481286e-01, -3.454359e-01
	 3.448233e-01, -3.096466e-01
	 1.367216e-01, -6.584482e-03
	 1.633198e-01,  3.499930e-03
	 1.102318e-01,  4.512145e-02
	 1.179316e-01,  4.907713e-02
	 1.580012e-01,  4.163087e-02
	 2.642943e-01, -2.498789e-01
	 2.098884e-01, -2.429090e-01
	 2.748999e-01, -2.272924e-01
	 2.310565e-01, -1.948773e-01
	 2.510401e-01, -1.920871e-01
	 2.081278e-01, -2.248231e-01
	 1.007130e-02,  4.882330e-02
	-8.807260e-03,  8.617932e-02
	 2.603323e-02,  4.797612e-02
	-8.134993e-03,  8.901452e-02
	 4.032840e-02,  1.058306e-01
	 6.033503e-02,  8.646035e-02
	 3.227631e-01, -9.971448e-02
	 2.982213e-01, -1.272039e-01
	 3.158340e-01, -8.391471e-02
	 2.861981e-01, -7.280288e-02
	 2.605008e-01, -1.214342e-01
	 2.570832e-01, -9.314350e-02
	 4.472980e-01,  2.259155e-01
	 4.400076e-01,  2.555502e-01
	 4.019979e-01,  2.017227e-01
	 3.777066e-01,  2.468808e-01
	 3.916171e-01,  2.656033e-01
	 4.015230e-01,  2.018123e-01
	 1.288123e-01, -3.597478e-01
	 1.182165e-01, -3.857916e-01
	 1.142322e-01,  4.718431e-01
	 9.763020e-02,  4.530296e-01
	 1.432709e-01,  4.782116e-01
	 1.799044e-01,  4.473000e-01
	-4.850184e-01,  4.620165e-01
	-5.000000e-01,  4.621750e-01
	 4.623146e-01,  2.880254e-01
	 4.615510e-01,  2.879123e-01
	 4.954300e-01,  3.258844e-01
	 4.441026e-01,  3.059397e-01
	-5.000000e-01, -4.053118e-01
	-4.574097e-01, -4.273382e-01
	-5.000000e-01, -4.549132e-01
	-4.788123e-01, -4.575069e-01
	-1.509463e-03,  4.100510e-01
	-4.494875e-02,  4.308328e-01
	-4.238736e-05,  3.971471e-01
	-5.789628e-02,  4.227541e-01
	-6.989012e-02,  3.805053e-01
	-5.333882e-02,  3.697908e-01
	-7.807427e-03,  3.837691e-01
	 4.172246e-01,  4.130905e-01
	 3.766978e-01,  4.054797e-01
	 3.843383e-01,  3.514466e-01
	 3.870510e-01,  3.482870e-01
	-2.375182e-01, -2.697524e-01
	-2.764912e-01, -2.999892e-01
	-2.980900e-01, -2.441271e-01
	-3.058242e-01, -2.883907e-01
	 1.174050e-01,  3.331244e-01
	 5.592222e-02,  3.771451e-01
	 5.000000e-01, -4.108202e-01
	 4.636255e-01, -3.988664e-01
	 5.000000e-01, -3.461437e-01
	 4.673468e-01, -3.572940e-01
	 4.362039e-01,  1.608992e-01
	 4.607022e-01,  2.153676e-01
	-3.578461e-01, -2.186485e-01
	-3.870364e-01, -2.178000e-01
	-3.424673e-01, -1.756207e-01
	-3.441213e-01, -1.720141e-01
	-3.662129e-01, -1.612107e-01
	-4.036926e-01, -1.944565e-01
	 5.000000e-01, -1.523061e-01
	 4.917209e-01, -1.529354e-01
	 5.000000e-01, -8.608220e-02
	 4.934417e-01, -8.557198e-02
	 4.551920e-01, -1.167619e-01
	 4.582422e-01, -1.301337e-01
	-1.884782e-01, -7.317200e-02
	-1.985179e-01, -5.701141e-02
	-1.442821e-01, -7.874212e-02
	-1.774252e-01, -2.779722e-02
	-1.366394e-01, -3.692267e-02
	-1.403381e-01, -7.452665e-02
	-5.000000e-01,  1.469577e-01
	-5.000000e-01,  1.867453e-01
	-4.603952e-01,  1.834565e-01
	-1.933466e-01,  9.903668e-03
	-2.315405e-01, -1.847597e-02
	-2.313784e-01, -4.777336e-02
	-4.443424e-01, -2.036189e-01
	-4.285030e-01, -1.538757e-01
	-4.187300e-01, -1.903247e-01
	 2.050995e-01,  4.838103e-01
	 1.514397e-01,  5.000000e-01
	 2.018204e-01,  5.000000e-01
	-6.089064e-03, -1.223579e-01
	 6.080342e-03, -1.237613e-01
	-2.496274e-02, -8.010997e-02
	 4.333241e-03, -5.597485e-02
	 3.849306e-02, -9.156773e-02
	-1.482859e-01, -1.669899e-01
	-1.010029e-01, -1.887715e-01
	-1.563464e-01, -1.746226e-01
	-1.510150e-01, -2.221074e-01
	-1.315052e-01, -2.243777e-01
	 7.130273e-02, -3.681922e-01
	 4.510857e-02, -3.924863e-01
	 6.617317e-02, -3.296686e-01
	 1.433439e-02, -3.385164e-01
	 6.021457e-02, -3.251027e-01
	 8.328612e-03, -3.601717e-01
	 3.107003e-02, -3.921591e-01
	-5.000000e-01,  2.825193e-01
	-4.686597e-01,  2.943586e-01
	-5.000000e-01,  2.387339e-01
	-4.419953e-01,  2.683098e-01
	-4.567769e-01,  2.388820e-01
	-4.586434e-01,  5.000000e-01
	-4.432513e-01,  5.000000e-01
	-4.171781e-01,  4.480795e-01
	-4.269653e-01,  4.219970e-01
	 5.625834e-02,  5.000000e-01
	 5.579686e-02,  4.888718e-01
	 1.878167e-02,  4.617427e-01
	-6.699053e-03,  4.798352e-01
	-8.471635e-03,  5.000000e-01
	-2.134909e-01,  1.318932e-01
	-2.474167e-01,  1.079628e-01
	-2.181055e-01,  1.439373e-01
	-2.687393e-01,  1.203201e-01
	-2.620860e-01,  1.551515e-01
	-2.546281e-01,  1.596242e-01
	 1.236185e-01,  3.221844e-01
	 9.528733e-02,  2.880257e-01
	-5.098377e-02,  2.493206e-01
	 7.598302e-04,  2.223408e-01
	-2.291151e-02,  2.875916e-01
	-2.741807e-01,  2.527202e-01
	-2.846952e-01,  2.274403e-01
	-2.997513e-01,  2.860657e-01
	-3.215107e-01,  2.551445e-01
	-3.143007e-01,  2.322480e-01
	 2.150823e-01, -4.818860e-01
	 2.444113e-01, -4.616589e-01
	 2.336327e-01, -4.268676e-01
	-8.189409e-02, -3.361968e-01
	-5.580608e-02, -3.324425e-01
	-2.873085e-02, -3.735847e-01
	-3.114502e-02, -3.787154e-01
	-6.316055e-02, -3.921375e-01
	-8.767884e-02, -3.492893e-01
	 3.917787e-01, -1.588668e-01
	 3.688747e-01, -1.623745e-01
	 3.977756e-01, -1.016485e-01
	 3.415429e-01, -1.094015e-01
	 3.856760e-01, -9.506773e-02
	 3.461468e-01, -1.455832e-01
	 2.235687e-02,  4.435866e-01
	 4.463823e-03, -5.503445e-02
	-1.043269e-02, -2.158859e-02
	 7.198968e-03,  1.926982e-03
	 2.158808e-01,  3.418945e-01
	 1.786614e-01,  3.414175e-01
	-1.011543e-01,  6.717771e-02
	-8.654714e-02,  1.396558e-01
	-6.583148e-02,  1.330748e-01
	-5.231689e-02,  1.097416e-01
	-6.183495e-02,  7.968356e-02
	-9.516985e-02,  6.522932e-02
	 2.183385e-01, -5.000000e-01
	 3.857182e-01,  3.064828e-01
	-1.677420e-02, -4.141151e-01
	-5.570214e-02, -4.351007e-01
	-6.908834e-02, -4.087554e-01
	 1.764564e-01,  5.922959e-02
	 2.118657e-01,  3.754261e-02
	 1.791656e-01, -1.015375e-03
	-2.991777e-01, -2.415215e-01
	-3.465502e-01, -2.334794e-01
	-2.863269e-01, -2.024932e-01
	-2.891808e-01, -1.944272e-01
	 4.523347e-01, -5.000000e-01
	 4.411061e-01, -4.541360e-01
	 4.358536e-01, -4.489398e-01
	-4.438206e-01, -2.896649e-01
	-4.336807e-01, -3.090298e-01
	-5.000000e-01, -3.198054e-01
	-4.647933e-01, -3.421317e-01
	 1.951299e-01, -1.585474e-01
	 1.705067e-01, -1.910267e-01
	 1.712350e-01, -1.963007e-01
	 3.540107e-01, -2.159170e-01
	 3.816843e-01, -2.267990e-01
	 3.478735e-01, -1.972737e-01
	 4.185901e-01, -1.780000e-01
	 4.231809e-01, -1.904147e-01
	 4.210169e-01, -1.965780e-01
	-2.643276e-01, -4.604803e-01
	-2.389360e-01, -5.000000e-01
	-2.019951e-01, -4.643720e-01
	-2.048673e-01, -5.000000e-01
	 2.030385e-01,  1.319833e-01
	 2.138976e-01,  1.225355e-01
	 2.137620e-01,  9.843605e-02
	 1.618064e-01,  1.291180e-01
	 1.745385e-01,  7.908499e-02
	 1.549191e-01,  9.605344e-02
	-2.021328e-01, -3.231489e-01
	-1.885954e-01, -3.127273e-01
	-1.883830e-01, -3.587792e-01
	-1.502534e-01, -3.496873e-01
	-1.499520e-01, -3.183323e-01
	 3.138660e-01, -3.049697e-01
	 3.034316e-01, -2.728697e-01
	 3.245932e-01, -2.461974e-01
	 3.308948e-01, -2.453161e-01
	 3.596026e-01, -2.718474e-01
	-4.648797e-01,  3.088138e-01
	-4.839267e-01,  3.316070e-01
	-4.271554e-01,  3.209764e-01
	-1.504018e-01,  2.421160e-01
	-1.256526e-01,  2.389046e-01
	-1.683426e-01,  2.772700e-01
	-1.347695e-01,  2.913286e-01
	-1.077716e-01,  2.685916e-01
	 8.326600e-02, -5.000000e-01
	 8.737182e-02, -4.835333e-01
	 2.852865e-02, -5.000000e-01
	 1.737512e-02, -4.606484e-01
	 6.719891e-02, -4.501925e-01
	-2.026463e-01,  1.263796e-01
	-1.943422e-01,  1.853419e-01
	-3.544563e-02, -1.527477e-02
	-4.620602e-02,  2.131750e-02
	-3.064798e-02,  3.611521e-02
	-4.474911e-03,  3.368334e-02
	-1.641745e-02,  1.038404e-01
	-2.840759e-01, -1.465168e-01
	-3.173134e-01, -1.391646e-01
	-2.786214e-01, -9.879149e-02
	-3.159230e-01, -9.053592e-02
	-3.260369e-01, -1.045750e-01
	-2.931429e-01, -2.945190e-02
	-2.501231e-01, -6.142901e-02
	-2.587816e-01,  5.788715e-03
	 3.364450e-01,  4.441503e-01
	 3.546880e-01,  4.419262e-01
	 3.068733e-01,  4.767387e-01
	 3.069482e-01,  5.000000e-01
	 3.627992e-01,  5.000000e-01
	 3.753404e-01,  4.669923e-01
	-2.405738e-01,  3.726452e-01
	-2.298518e-01,  3.634747e-01
	-2.455095e-01,  4.155592e-01
	-2.251457e-01,  4.314849e-01
	-1.865675e-01,  4.062773e-01
	-2.015643e-01,  3.695303e-01
	-1.294002e-01, -3.782908e-01
	-1.285394e-01, -3.731391e-01
	-4.040110e-01, -4.548349e-01
	-3.838881e-01, -4.278111e-01
	-3.723860e-01, -4.943686e-01
	-3.338743e-01, -4.661303e-01
	-3.317715e-01, -4.432409e-01
	-3.559001e-01, -4.227957e-01
	-3.550305e-02,  6.705294e-02
	-5.000000e-01,  8.551608e-02
	-4.971460e-01,  8.527334e-02
	-2.200315e-02, -5.000000e-01
	 1.417400e-02, -4.588820e-01
	-2.309130e-02, -4.736332e-01
	 1.320055e-01, -1.766714e-01
	 1.109792e-01, -2.178220e-01
	 1.494428e-01, -2.255369e-01
	 1.975776e-01, -1.023969e-01
	 2.190424e-01, -7.533522e-02
	 1.588770e-01, -8.936405e-02
	 2.123289e-01, -4.142139e-02
	 1.487373e-01, -6.354457e-02
	 2.054004e-01, -3.855688e-02
	 3.582942e-01, -4.236761e-01
	 4.596839e-03,  3.454595e-01
	-3.854171e-02,  3.205607e-01
	-3.816423e-02,  3.203406e-01
	-1.877310e-01, -1.752648e-01
	-1.042742e-01, -1.461575e-02
	-1.172450e-01, -1.461824e-02
	-7.016070e-02, -3.976732e-02
	 2.487748e-01,  1.852693e-01
	 2.417592e-01,  1.761777e-01
	 2.252862e-01,  2.312793e-01
	 1.874072e-01,  1.838199e-01
	 1.856002e-01,  1.950583e-01
	 2.024108e-01,  1.725758e-01
	 2.121238e-01,  2.301876e-01
	-4.190368e-01,  2.766571e-01
	-4.243675e-01,  3.194260e-01
	-4.242922e-02, -4.663920e-01
	-6.655133e-02, -5.000000e-01
	 2.473438e-01,  1.362555e-01
	 2.786521e-01,  1.911302e-01
	 3.042812e-01,  1.475634e-01
	-1.113920e-01, -4.110104e-01
	 1.161663e-01,  2.561377e-01
	 1.527096e-01,  3.093212e-01
	 1.361294e-01,  2.597706e-01
	 2.837309e-01, -4.043314e-01
	 2.820507e-01, -4.079572e-01
	 2.759063e-01, -3.736706e-01
	 2.401278e-01, -4.176368e-01
	-4.208526e-02, -1.535917e-01
	-4.262099e-02, -1.554121e-01
	-1.014209e-01, -1.278286e-01
	-8.036807e-02, -1.681284e-01
	-3.726206e-01,  4.033417e-01
	-3.523951e-01,  4.143992e-01
	-3.877185e-01,  4.681008e-01
	-3.610026e-01,  4.653044e-01
	-3.535692e-01,  4.565243e-01
	-5.000000e-01, -8.617818e-02
	-4.746912e-01, -8.053809e-02
	-4.479865e-01, -1.060378e-01
	-3.723508e-01, -5.000000e-01
	-4.499488e-01, -5.000000e-01
	-4.141168e-01, -4.554345e-01
	 1.502152e-01,  1.468628e-01
	 1.517090e-01,  1.552707e-01
	 2.186326e-01,  3.839645e-02
	-2.889138e-01,  6.890654e-02
	-3.342223e-01,  5.843323e-02
	-2.949456e-01,  1.107263e-01
	-3.203743e-01,  1.244673e-01
	-3.530909e-01,  7.530125e-02
	-3.528737e-01,  7.064642e-02
	-3.463598e-01,  3.515561e-01
	-3.222174e-01,  3.772119e-01
	-3.790778e-01,  3.643161e-01
	-3.404151e-01,  4.094692e-01
	 1.050873e-01,  1.297861e-01
	 8.358762e-02,  1.588470e-01
	 1.151365e-01,  1.981976e-01
	 1.206159e-01,  1.970710e-01
	-3.024503e-01, -2.966990e-02
	-3.243562e-01, -6.132402e-02
	-2.561236e-01, -8.910071e-02
	-5.000000e-01,  3.306543e-01
	-5.560764e-02, -2.676482e-01
	-3.380164e-02, -3.090931e-01
	-1.523079e-02, -2.468832e-01
	 8.029124e-03, -2.819040e-01
	-8.387853e-03, -3.082654e-01
	-1.454856e-01, -1.250757e-01
	-1.445528e-01, -1.264023e-01
	-4.026470e-01, -1.262701e-01
	-4.384681e-01, -1.034252e-01
	 5.000000e-01, -2.593050e-01
	 4.710924e-01, -2.488046e-01
	 5.000000e-01, -2.110151e-01
	 4.805642e-01, -2.120613e-01
	-3.995484e-01, -6.814090e-02
	-4.246540e-01, -7.254388e-02
	-3.920357e-01, -2.337946e-02
	-3.928683e-01, -2.241847e-02
	-4.588724e-01, -3.887918e-02
	-4.351575e-01, -1.834005e-02
	-4.579773e-01, -4.358470e-02
	-2.738500e-01,  2.070256e-01
	-3.054837e-01,  1.719908e-01
	-3.127971e-01,  1.701007e-01
	-3.348351e-01,  2.069311e-01
	-3.012163e-01,  4.606934e-01
	-2.947716e-01,  4.538369e-01
	-2.920626e-01,  4.340094e-01
	 3.056980e-01, -1.742100e-01
	 2.626107e-01, -1.747923e-01
	 2.494925e-01, -1.364381e-01
	 3.099439e-01, -1.629804e-01
	 3.229805e-02, -2.371982e-01
	 1.029962e-02, -2.276977e-01
	 1.250692e-02, -1.859526e-01
	 5.000000e-01, -1.408050e-02
	 4.702522e-01, -2.330536e-02
	 5.000000e-01,  3.204345e-02
	 4.705407e-01,  4.389446e-02
	 4.367215e-01,  1.901394e-02
	 4.367390e-01,  1.919339e-02
	-7.494730e-02,  2.562278e-02
	-4.089195e-01, -3.768691e-01
	 4.194999e-01,  5.000000e-01
	 3.882978e-01,  4.670461e-01
	 5.000000e-01, -3.123672e-01
	 4.625296e-01, -3.038854e-01
	 4.408344e-01, -2.626409e-01
	 4.403754e-01, -2.633345e-01
	-2.445807e-01,  8.194455e-02
	-2.744077e-01,  5.781754e-02
	-2.078712e-01, -1.507988e-01
	-1.891750e-01, -1.224887e-01
	-2.339204e-01, -1.529540e-01
	-2.395409e-01, -1.039477e-01
	-2.372174e-01, -1.509177e-01
	-2.022338e-01, -1.011665e-01
	-5.000000e-01, -3.538907e-02
	-4.708371e-01, -3.156039e-02
	 3.148480e-01,  3.613253e-01
	 3.233783e-01,  3.704752e-01
	 2.647952e-01,  3.759761e-01
	 2.858387e-01,  4.190292e-01
	 2.997651e-01,  4.162470e-01
	 1.392388e-01,  9.214068e-02
	 1.034661e-01,  1.155353e-01
	-9.261501e-02, -1.872633e-01
	 5.640890e-03, -4.218746e-01
	-5.678090e-02, -4.429395e-01
	-1.179150e-01, -4.270498e-01
	-1.020400e-01, -4.593018e-01
	 4.671728e-01, -1.953165e-01
	 2.924178e-01,  2.091439e-01
	 1.115794e-01,  5.000000e-01
	-5.859486e-02,  2.466203e-01
	-6.392606e-02,  2.338438e-01
	-1.097778e-01,  2.078903e-01
	-8.826635e-02,  2.707977e-01
	 2.670286e-01,  4.439813e-01
	 2.469196e-01,  4.651679e-01
	 2.645655e-01,  5.000000e-01
	 2.541861e-01,  4.481278e-01
	-2.782204e-01,  4.195579e-01
	 4.303431e-01,  8.472493e-02
	 4.208406e-01,  4.285568e-02
	-4.627021e-01, -5.000000e-01
	-4.526556e-01, -4.261876e-01
	 4.607578e-01, -4.278993e-02
	-3.526558e-01,  5.000000e-01
	-4.005128e-01,  5.000000e-01
	-2.997467e-01,  2.862067e-01
	-3.162594e-01,  3.085442e-01
	-2.446887e-01,  3.086334e-01
	-2.859093e-01,  3.459008e-01
	-2.426822e-01,  3.122559e-01
	 2.906752e-01, -3.246440e-01
	 2.682725e-01, -2.618892e-01
	 1.307439e-01, -1.571988e-02
	 9.482800e-02,  4.658743e-02
	 9.664622e-02, -1.109260e-01
	 6.077681e-02, -1.017378e-01
	 1.049938e-01, -1.056274e-01
	 5.346137e-02, -9.343942e-02
	 7.461152e-02, -5.044899e-02
	 1.170868e-01, -6.487531e-02
	-4.200979e-01,  3.628615e-02
	-4.402220e-01,  1.366135e-02
	-4.212377e-01,  6.056147e-02
	-4.792597e-01,  1.893333e-02
	-4.821357e-01,  2.183002e-02
	-4.249768e-01,  6.568432e-02
	-4.727937e-01,  5.639377e-02
	 2.920447e-01, -2.224837e-01
	 2.406036e-01,  7.276487e-02
	-1.188761e-01,  4.492013e-01
	-1.234010e-01,  4.441524e-01
	-9.680819e-02,  4.497699e-01
	 5.000000e-01,  3.260585e-01
	-4.628541e-01, -3.599429e-01
	-5.000000e-01, -3.822211e-01
	-3.731779e-01,  2.723475e-01
	-3.993243e-01,  2.667670e-01
	-3.616992e-01,  3.003442e-01
	-3.963912e-01,  3.309354e-01
	-3.254960e-01,  6.610666e-03
	-3.396066e-01,  4.140511e-03
	-3.693401e-01, -2.731627e-02
	-3.521974e-01, -5.489586e-02
	 4.083793e-01, -3.143813e-03
	 3.755475e-01,  8.040247e-03
	 3.792483e-01,  4.580116e-02
	 3.683703e-01,  3.240700e-02
	-4.381406e-01,  2.123777e-01
	-2.623776e-01, -3.352894e-01
	-2.188059e-01, -3.203978e-01
	-2.508932e-01, -3.395948e-01
	-7.989091e-02,  3.090570e-01
	-3.747081e-01,  2.210840e-02
	-3.882456e-01,  1.486138e-02
	-3.694199e-01,  5.785204e-02
	 7.573745e-02, -2.717672e-01
	 1.124371e-01, -2.724581e-01
	-3.843586e-01, -1.235655e-01
	 3.614594e-01, -4.133596e-01
	 3.708639e-01, -4.079059e-01
	 4.307232e-01, -4.162509e-01
	 1.961963e-01, -1.448922e-01
	 1.473004e-01, -1.330322e-01
	 1.274889e-01, -1.590382e-01
	-3.785446e-01, -1.137664e-01
	-3.846191e-01, -7.965226e-02
	 3.741575e-01,  9.416927e-02
	 3.478063e-01,  9.830598e-02
	 3.367462e-01,  9.185161e-02
	 5.000000e-01,  1.490438e-01
	 4.368293e-01,  1.569229e-01
	 5.000000e-01,  2.123377e-01
	 7.053884e-02,  8.432339e-02
	-9.558891e-02, -3.154587e-01
	-1.434181e-01, -3.111142e-01
	-2.510055e-01,  1.998156e-01
	 2.641271e-01,  7.675787e-02
	-1.852994e-01,  4.668789e-01
	-1.655891e-01,  5.000000e-01
	-3.006840e-01, -5.000000e-01
	-2.701966e-01, -4.619709e-01
	-3.004121e-01, -4.959827e-01
	-1.767093e-01,  2.794719e-01
	-2.088268e-01,  2.472351e-01
	-2.226486e-01,  2.466323e-01
	-2.399189e-01,  3.139748e-01
	-1.912233e-01,  3.054177e-01
	-2.392839e-01,  2.604401e-01
	 4.078047e-01, -3.367512e-02
	 3.735554e-01, -5.136005e-02
	 3.473563e-01, -3.668450e-02
	 3.449263e-01, -3.028073e-02
	 9.630627e-02, -1.445773e-01
	 1.408273e-01, -1.152868e-01
	-1.545970e-01, -4.691099e-01
	-1.109017e-01, -4.789004e-01
	-1.653379e-01, -4.481809e-01
	-1.640466e-01, -4.392916e-01
	-4.190520e-01, -3.139047e-01
	-4.253737e-01, -2.554189e-01
	-4.051317e-01, -2.530908e-01
	-3.794709e-01, -2.862043e-01
	-3.780741e-01, -2.816298e-01
	-2.760457e-01, -1.573391e-01
	-3.877441e-01,  1.141441e-01
	-3.110925e-01, -4.341712e-01
	-5.000000e-01,  5.000000e-01
	-4.519798e-01, -2.295451e-01
	-4.024690e-01,  1.648455e-01
	-4.145757e-01,  2.104577e-01
	-3.743037e-01,  1.671926e-01
	-4.093615e-01,  2.139348e-01
	-3.660677e-01,  2.068376e-01
	 1.959194e-01, -2.643571e-01
	 3.444425e-01,  1.864767e-01
	 3.545163e-01,  2.415104e-01
	 1.102006e-01, -3.212496e-01
	 1.180575e-01, -3.858849e-01
	 7.325081e-02, -4.340829e-01
	 4.238327e-01, -9.589793e-02
	-1.440608e-01, -2.856158e-01
	-1.923781e-01,  1.421018e-02
	-2.162618e-01,  3.330961e-02
	-2.598602e-01,  2.394449e-02
	-3.289138e-01,  1.441191e-01
	-3.529158e-01,  1.464729e-01
	-3.593223e-01,  2.108134e-01
	-1.186881e-01, -2.712079e-01
	-1.155436e-01, -2.432608e-01
	 3.278703e-01, -3.858893e-01
	 3.263700e-01, -3.674662e-01
	-1.571054e-01,  3.273921e-02
	-1.438303e-01,  2.984087e-02
	-1.818779e-01,  2.083303e-01
	-1.707407e-01,  2.111111e-01
	 5.565469e-02, -2.915984e-01
	 2.621327e-02, -2.767786e-01
	 3.871665e-01, -2.536286e-01
	 4.235211e-01, -2.694561e-01
	 4.030563e-01, -3.167823e-01
	 2.502205e-01,  3.283118e-01
	 2.358466e-01,  3.222912e-01
	 2.647765e-01,  3.759687e-01
	 2.001188e-01, -1.395532e-01
	 1.593836e-01, -2.624550e-01
	-1.608825e-01,  4.409750e-01
	-1.258066e-01,  5.000000e-01
	 2.957245e-01, -3.507727e-01
	 3.815499e-01,  3.119379e-01
	 3.468304e-01,  3.071985e-01
	 3.124611e-01,  3.359015e-01
	 3.239494e-01,  3.706073e-01
	-3.618985e-01, -2.747608e-01
	-1.922597e-01,  8.442069e-02
	-2.152323e-01,  7.001967e-02
	-3.164500e-01, -2.958401e-01
	-3.946936e-02,  4.614055e-01
	 1.864400e-01,  2.519217e-01
	 1.594139e-01,  2.420841e-01
	 1.572474e-01,  2.143237e-01
	 4.317452e-01, -4.146891e-01
	 4.250527e-01, -3.682181e-01
	 5.000000e-01,  4.801144e-01
	 4.582558e-01,  4.439464e-01
	 5.000000e-01,  5.000000e-01
	 4.380127e-01,  5.000000e-01
	 4.496770e-01,  4.462797e-01
	 9.547713e-02,  2.247750e-01
	 6.897410e-02,  2.269361e-01
	-5.000000e-01, -5.000000e-01
	 1.287440e-01, -2.895361e-01
	 3.302938e-01,  1.514741e-01
	 3.503488e-01,  1.752888e-01
	-1.335421e-01,  1.911092e-01
	-1.113196e-01,  2.017302e-01
	-8.616177e-02,  1.760759e-01
	 4.441701e-01, -3.335647e-01
	 4.280234e-01,  4.373654e-01
	-2.706063e-01,  3.487839e-02
	 5.000000e-01, -4.483321e-01
	-5.420752e-02,  1.913704e-01
	-3.879360e-01,  3.585116e-01
	-3.373733e-01,  3.139192e-01
	 1.336361e-01, -5.601886e-02
	-3.617218e-01,  2.599935e-01
	-3.242131e-01,  9.313989e-03
	 1.905858e-01,  2.874366e-01
	 2.291751e-01,  2.978686e-01
	 1.286639e-01, -2.852202e-01
	-2.489376e-02, -1.794882e-01
	 4.355882e-01,  1.545269e-01
	 1.605922e-01,  3.108163e-01
	-6.667433e-02,  4.781976e-01
	-3.016423e-01,  5.000000e-01
	-1.946981e-01,  1.891193e-01
	-4.326469e-01, -3.821515e-01
	-4.090810e-01, -3.767692e-01
	-3.693247e-02, -2.145648e-01
	-7.073302e-02, -2.234977e-01
	-1.719628e-01,  3.446295e-01
	-1.825059e-01,  4.072955e-01
	 3.585356e-01,  1.746262e-01
	 3.879373e-01,  1.017437e-01
	 3.961872e-01,  1.347745e-01
	 5.000000e-01, -5.000000e-01
	-5.000000e-01,  2.117632e-02
	-1.305818e-02, -2.388812e-01
	-4.023437e-01, -3.410252e-01
	 3.657240e-01,  4.123518e-01
	 2.906018e-01,  3.150661e-01
	-1.692970e-01, -5.000000e-01
	-7.185790e-02,  5.000000e-01
	 4.489472e-01, -3.483161e-01
	-1.738282e-01,  7.858517e-02
	-2.863250e-01,  3.625274e-01
	-2.939232e-01,  3.717075e-01
	-3.590847e-01, -3.304031e-01
	-7.489490e-02, -2.390349e-01
	-6.593889e-02, -2.634448e-01
	-1.029423e-01, -5.000000e-01
	 4.389576e-01, -5.272567e-02
	 3.093317e-01, -1.821508e-01
	 1.073570e-01, -4.181801e-01
	-9.304864e-02, -2.861940e-01
	-2.397719e-01,  2.051647e-01
	 5.000000e-01,  2.692045e-01
Mesh Facets: 1255
	12, 14
	14, 16
	14, 39
	47, 46
	57, 55
	72, 70
	51, 50
	60, 59
	96, 101
	111, 112
	31, 30
	74, 71
	8, 9
	19, 17
	48, 52
	150, 151
	97, 99
	170, 168
	153, 154
	137, 136
	51, 78
	52, 51
	52, 146
	108, 112
	112, 215
	127, 126
	222, 220
	129, 128
	118, 117
	75, 77
	92, 91
	243, 241
	204, 202
	255, 253
	134, 135
	265, 266
	260, 262
	45, 44
	213, 212
	275, 276
	296, 294
	108, 214
	108, 107
	299, 300
	307, 303
	92, 239
	92, 93
	89, 88
	95, 97
	152, 97
	75, 240
	75, 76
	224, 226
	33, 35
	49, 48
	144, 48
	156, 155
	39, 42
	39, 351
	324, 325
	219, 217
	203, 206
	331, 330
	180, 183
	249, 247
	363, 12
	12, 13
	150, 148
	368, 150
	187, 189
	334, 333
	382, 380
	18, 22
	178, 176
	110, 113
	407, 409
	308, 310
	159, 158
	341, 342
	194, 193
	162, 161
	269, 270
	430, 431
	142, 143
	391, 392
	417, 416
	191, 190
	134, 133
	265, 134
	448, 265
	409, 410
	409, 450
	371, 372
	28, 27
	15, 16
	40, 16
	230, 229
	285, 284
	114, 120
	348, 347
	162, 418
	166, 162
	105, 102
	264, 263
	297, 295
	399, 401
	452, 450
	450, 480
	26, 24
	471, 470
	355, 331
	332, 331
	439, 440
	315, 314
	138, 139
	106, 104
	302, 301
	43, 46
	46, 501
	504, 505
	443, 441
	383, 386
	473, 475
	459, 461
	358, 357
	80, 81
	496, 497
	507, 508
	424, 425
	422, 421
	110, 111
	110, 400
	527, 111
	106, 494
	106, 105
	264, 105
	261, 264
	272, 44
	44, 43
	43, 503
	539, 537
	323, 320
	497, 500
	519, 497
	200, 197
	30, 32
	30, 125
	564, 562
	415, 414
	469, 467
	446, 442
	6, 4
	431, 570
	431, 432
	537, 572
	538, 537
	309, 311
	510, 512
	501, 584
	545, 547
	502, 501
	388, 386
	507, 386
	520, 507
	534, 494
	494, 495
	282, 283
	101, 100
	101, 407
	407, 408
	353, 354
	479, 452
	452, 451
	484, 355
	355, 354
	354, 595
	258, 254
	377, 376
	470, 482
	470, 472
	66, 64
	275, 212
	600, 275
	210, 212
	406, 403
	430, 429
	607, 430
	436, 435
	56, 54
	554, 553
	565, 567
	171, 169
	505, 506
	505, 612
	221, 223
	255, 256
	562, 255
	562, 563
	193, 191
	191, 447
	348, 418
	349, 348
	193, 418
	616, 615
	498, 499
	395, 394
	11, 7
	36, 38
	181, 179
	184, 186
	396, 395
	395, 623
	356, 357
	385, 387
	357, 509
	84, 87
	227, 228
	70, 644
	71, 70
	71, 126
	218, 126
	368, 369
	646, 368
	478, 477
	524, 525
	388, 591
	388, 387
	182, 183
	356, 183
	356, 387
	583, 581
	526, 425
	270, 425
	270, 260
	260, 259
	611, 567
	567, 566
	95, 96
	95, 324
	324, 351
	351, 96
	329, 328
	529, 532
	290, 292
	637, 638
	449, 133
	131, 133
	296, 298
	267, 266
	266, 296
	236, 235
	464, 465
	604, 601
	318, 316
	632, 634
	29, 28
	28, 454
	251, 252
	535, 272
	273, 272
	365, 13
	13, 15
	462, 15
	370, 371
	371, 453
	540, 538
	377, 598
	378, 377
	538, 574
	669, 535
	535, 536
	541, 542
	657, 658
	62, 63
	683, 681
	245, 246
	37, 35
	190, 192
	190, 417
	35, 342
	342, 417
	195, 194
	163, 161
	161, 194
	520, 592
	521, 520
	327, 332
	393, 392
	440, 392
	440, 332
	312, 313
	548, 549
	384, 385
	481, 26
	26, 25
	640, 385
	55, 53
	55, 690
	380, 379
	380, 691
	336, 338
	197, 196
	558, 197
	653, 652
	543, 544
	665, 664
	621, 619
	655, 656
	675, 674
	626, 628
	596, 597
	367, 366
	582, 581
	421, 526
	421, 419
	526, 581
	514, 515
	131, 637
	131, 130
	634, 637
	666, 634
	444, 445
	692, 693
	299, 214
	718, 299
	215, 718
	214, 215
	271, 45
	47, 45
	151, 47
	151, 149
	11, 623
	11, 10
	185, 184
	184, 623
	599, 66
	66, 69
	208, 209
	287, 289
	410, 451
	410, 411
	451, 594
	293, 288
	257, 258
	258, 376
	335, 333
	376, 333
	116, 115
	390, 393
	686, 393
	269, 426
	268, 269
	551, 550
	722, 724
	732, 115
	286, 285
	115, 114
	114, 285
	670, 671
	177, 174
	737, 736
	716, 514
	514, 513
	619, 617
	619, 699
	319, 321
	263, 468
	263, 262
	733, 268
	262, 268
	512, 513
	512, 311
	550, 549
	736, 550
	549, 312
	312, 311
	513, 736
	404, 402
	695, 694
	667, 29
	29, 32
	559, 32
	481, 384
	471, 481
	475, 471
	383, 475
	384, 383
	175, 176
	176, 398
	121, 119
	715, 582
	582, 580
	361, 362
	144, 145
	144, 343
	557, 556
	370, 673
	370, 187
	188, 187
	185, 725
	189, 185
	372, 189
	455, 372
	689, 690
	690, 758
	641, 642
	661, 235
	117, 116
	117, 235
	390, 389
	116, 390
	742, 741
	490, 488
	123, 124
	629, 627
	278, 281
	233, 234
	586, 587
	360, 247
	248, 247
	714, 712
	703, 656
	58, 63
	63, 658
	658, 656
	439, 142
	439, 484
	709, 596
	141, 142
	596, 484
	308, 412
	309, 308
	576, 309
	238, 237
	360, 764
	360, 359
	306, 305
	224, 339
	224, 225
	476, 474
	703, 702
	58, 703
	59, 58
	79, 59
	198, 199
	284, 466
	282, 284
	533, 534
	534, 282
	578, 579
	174, 173
	671, 672
	671, 174
	776, 774
	777, 776
	521, 163
	521, 522
	163, 167
	325, 326
	42, 325
	41, 42
	491, 489
	222, 223
	781, 222
	612, 223
	612, 781
	605, 429
	429, 427
	589, 590
	464, 663
	84, 228
	82, 84
	229, 464
	229, 228
	199, 201
	79, 199
	81, 459
	81, 79
	457, 459
	533, 261
	533, 579
	259, 261
	259, 583
	583, 579
	140, 137
	208, 728
	208, 137
	482, 599
	483, 482
	599, 726
	346, 155
	155, 160
	498, 301
	498, 616
	301, 300
	300, 616
	69, 68
	727, 69
	761, 760
	206, 205
	352, 206
	751, 750
	575, 573
	777, 778
	570, 777
	571, 570
	734, 735
	577, 576
	766, 576
	241, 791
	242, 241
	772, 672
	364, 365
	672, 365
	165, 164
	602, 601
	601, 316
	316, 317
	650, 649
	518, 516
	624, 179
	179, 180
	358, 461
	180, 358
	461, 460
	724, 738
	724, 723
	648, 647
	340, 341
	469, 414
	469, 102
	414, 341
	103, 102
	280, 279
	652, 664
	651, 652
	666, 515
	664, 666
	515, 511
	64, 472
	64, 65
	476, 769
	472, 476
	756, 455
	454, 668
	454, 455
	125, 561
	277, 278
	278, 124
	493, 492
	124, 125
	670, 462
	670, 741
	488, 741
	40, 462
	40, 41
	488, 489
	489, 41
	170, 172
	681, 170
	682, 681
	769, 798
	769, 770
	487, 486
	643, 227
	768, 225
	227, 225
	219, 352
	219, 127
	234, 128
	128, 127
	352, 760
	234, 760
	57, 56
	805, 57
	553, 552
	553, 56
	785, 160
	745, 746
	159, 413
	159, 160
	167, 165
	780, 167
	317, 88
	317, 165
	88, 94
	76, 339
	76, 78
	305, 304
	211, 78
	339, 305
	506, 613
	441, 506
	442, 441
	569, 442
	495, 593
	495, 493
	801, 493
	405, 404
	698, 694
	404, 694
	83, 85
	755, 673
	458, 456
	705, 674
	673, 674
	85, 811
	438, 437
	86, 85
	784, 783
	678, 679
	146, 213
	146, 147
	213, 274
	608, 606
	221, 613
	221, 220
	646, 645
	220, 646
	613, 807
	791, 816
	816, 363
	364, 791
	364, 363
	344, 49
	77, 50
	50, 49
	803, 486
	486, 314
	77, 239
	314, 239
	424, 524
	426, 424
	651, 797
	651, 524
	426, 735
	790, 735
	536, 503
	503, 502
	547, 542
	547, 502
	542, 536
	449, 638
	449, 448
	817, 448
	638, 636
	60, 80
	60, 61
	509, 640
	80, 509
	640, 688
	447, 349
	447, 416
	350, 349
	415, 568
	415, 416
	801, 561
	561, 560
	809, 801
	626, 704
	626, 627
	122, 123
	123, 627
	805, 552
	615, 805
	615, 499
	500, 499
	552, 500
	9, 140
	10, 9
	140, 782
	756, 800
	756, 725
	725, 10
	511, 510
	511, 797
	577, 790
	577, 510
	790, 797
	808, 807
	369, 367
	367, 710
	807, 645
	645, 369
	73, 72
	775, 774
	774, 72
	763, 233
	232, 233
	752, 754
	586, 762
	586, 588
	61, 688
	62, 61
	680, 62
	25, 23
	25, 688
	143, 19
	19, 20
	391, 143
	389, 391
	661, 389
	662, 661
	200, 557
	557, 755
	201, 457
	201, 200
	755, 456
	456, 457
	546, 545
	633, 635
	545, 585
	660, 236
	767, 238
	2, 1
	238, 236
	564, 565
	168, 564
	169, 168
	169, 565
	438, 811
	438, 434
	698, 697
	811, 698
	129, 74
	129, 231
	775, 73
	73, 74
	778, 789
	778, 775
	381, 382
	822, 382
	708, 706
	86, 87
	86, 812
	757, 642
	642, 87
	748, 559
	818, 560
	559, 560
	531, 530
	758, 823
	758, 641
	643, 641
	804, 643
	737, 716
	716, 130
	132, 130
	722, 737
	720, 722
	478, 401
	478, 650
	113, 109
	113, 401
	793, 650
	813, 784
	727, 205
	205, 207
	726, 784
	726, 727
	610, 611
	611, 657
	678, 814
	678, 657
	474, 473
	771, 474
	523, 508
	473, 508
	243, 244
	572, 243
	788, 573
	573, 572
	157, 158
	158, 412
	765, 412
	789, 231
	231, 232
	432, 428
	432, 571
	571, 789
	820, 232
	609, 435
	433, 435
	89, 318
	89, 90
	465, 318
	465, 463
	782, 728
	800, 782
	667, 668
	747, 667
	728, 289
	289, 291
	668, 800
	436, 54
	437, 436
	53, 689
	54, 53
	689, 757
	757, 812
	437, 812
	717, 445
	445, 446
	4, 5
	446, 4
	293, 292
	293, 594
	330, 329
	330, 353
	353, 594
	329, 292
	531, 532
	531, 748
	747, 291
	291, 290
	748, 747
	290, 532
	6, 569
	6, 0
	819, 808
	808, 569
	518, 793
	496, 518
	107, 302
	109, 107
	496, 302
	793, 109
	90, 91
	90, 463
	463, 230
	230, 226
	226, 240
	91, 240
	798, 803
	799, 798
	344, 803
	344, 343
	343, 753
	27, 453
	27, 31
	704, 122
	704, 675
	675, 453
	122, 31
	428, 820
	427, 428
	590, 427
	590, 587
	763, 587
	820, 763
	551, 738
	551, 323
	738, 796
	323, 322
	211, 210
	211, 304
	303, 304
	303, 600
	600, 210
	458, 705
	460, 458
	460, 795
	628, 705
	628, 631
	679, 680
	680, 23
	24, 483
	23, 24
	783, 679
	783, 483
	7, 8
	7, 622
	490, 139
	139, 8
	759, 490
	171, 610
	172, 171
	802, 172
	814, 815
	814, 610
	701, 702
	198, 702
	198, 196
	196, 336
	337, 336
	788, 824
	788, 751
	173, 175
	773, 173
	751, 175
	120, 466
	120, 121
	578, 580
	578, 466
	121, 580
	828, 819
	713, 710
	710, 819
	648, 477
	648, 723
	297, 477
	297, 298
	659, 298
	723, 721
	632, 633
	632, 665
	665, 544
	544, 546
	546, 633
	132, 720
	132, 135
	720, 721
	659, 721
	267, 659
	267, 135
	711, 712
	719, 271
	712, 248
	273, 271
	273, 252
	248, 252
	818, 530
	809, 818
	810, 809
	530, 528
	480, 479
	480, 831
	479, 595
	707, 597
	597, 595
	467, 568
	467, 468
	345, 350
	350, 568
	744, 468
	614, 563
	563, 566
	700, 655
	655, 566
	706, 822
	706, 707
	707, 831
	831, 822
	556, 555
	188, 556
	186, 188
	639, 186
	827, 826
	517, 516
	620, 618
	794, 516
	629, 630
	629, 281
	280, 340
	340, 33
	33, 34
	281, 280
	625, 36
	192, 195
	192, 37
	36, 37
	684, 195
	575, 574
	575, 750
	378, 574
	378, 374
	750, 749
	287, 288
	287, 729
	730, 288
	711, 366
	366, 148
	149, 719
	149, 148
	711, 719
	529, 328
	528, 529
	830, 528
	328, 327
	327, 685
	792, 164
	787, 346
	347, 346
	166, 347
	164, 166
	5, 3
	22, 379
	21, 22
	379, 692
	692, 717
	717, 5
	337, 701
	701, 700
	832, 700
	731, 335
	337, 335
	635, 585
	585, 584
	636, 817
	636, 635
	584, 817
	691, 693
	691, 504
	444, 693
	443, 444
	504, 443
	523, 522
	771, 523
	485, 487
	487, 770
	770, 771
	522, 779
	177, 742
	178, 177
	622, 394
	394, 178
	742, 759
	622, 759
	68, 67
	761, 68
	821, 762
	761, 762
	555, 558
	558, 338
	338, 334
	334, 375
	833, 555
	607, 606
	606, 274
	276, 274
	276, 607
	795, 631
	631, 630
	38, 624
	34, 38
	624, 795
	630, 34
	250, 251
	669, 676
	251, 669
	423, 420
	833, 375
	639, 833
	375, 373
	397, 396
	396, 639
	539, 540
	253, 539
	254, 253
	254, 598
	540, 598
	98, 100
	100, 408
	411, 730
	408, 411
	730, 834
	399, 400
	399, 295
	527, 400
	294, 527
	294, 295
	754, 145
	588, 754
	147, 608
	147, 145
	605, 589
	589, 588
	608, 605
	99, 98
	99, 154
	729, 209
	729, 834
	154, 209
	834, 98
	743, 733
	766, 765
	766, 734
	734, 733
	825, 765
	654, 653
	543, 653
	541, 543
	677, 541
	780, 94
	94, 93
	93, 315
	315, 485
	779, 780
	485, 779
	792, 787
	787, 786
	602, 792
	602, 603
	118, 237
	118, 119
	237, 359
	359, 361
	361, 119
	519, 554
	554, 609
	519, 517
	827, 517
	827, 609
	345, 744
	156, 345
	744, 743
	743, 825
	156, 157
	825, 157
	182, 181
	182, 591
	181, 625
	684, 592
	592, 591
	625, 684
	249, 250
	250, 420
	362, 249
	715, 362
	419, 420
	419, 715
	813, 207
	815, 813
	204, 245
	204, 207
	802, 815
	682, 802
	682, 245
	138, 491
	136, 138
	491, 326
	153, 136
	153, 152
	326, 152
	749, 398
	749, 374
	373, 374
	398, 397
	397, 373
	322, 796
	321, 322
	617, 618
	617, 321
	647, 796
	647, 649
	794, 618
	649, 794
	593, 810
	593, 283
	810, 829
	740, 286
	286, 283
	714, 764
	714, 713
	767, 1
	1, 0
	764, 767
	713, 828
	828, 0
	739, 740
	835, 830
	740, 829
	829, 830
	621, 697
	621, 620
	620, 826
	433, 434
	434, 697
	826, 433
	696, 699
	320, 319
	320, 548
	687, 548
	319, 699
	708, 381
	381, 18
	17, 141
	17, 18
	141, 709
	708, 709
	644, 837
	216, 218
	218, 644
	786, 785
	603, 786
	785, 746
	746, 402
	603, 403
	402, 403
	745, 806
	745, 695
	836, 696
	696, 695
	21, 20
	21, 3
	3, 2
	2, 660
	660, 662
	662, 20
	67, 821
	67, 65
	753, 799
	753, 752
	65, 799
	752, 821
	685, 686
	685, 835
	732, 739
	739, 835
	686, 732
	614, 256
	256, 257
	832, 614
	257, 731
	731, 832
	279, 277
	277, 492
	103, 279
	104, 492
	104, 103
	246, 683
	246, 202
	216, 217
	216, 837
	837, 683
	203, 202
	203, 217
	405, 83
	406, 405
	82, 663
	83, 82
	663, 604
	406, 604
	824, 244
	244, 242
	242, 772
	772, 773
	824, 773
	307, 306
	306, 768
	804, 823
	804, 768
	823, 307
	676, 423
	676, 677
	677, 654
	423, 422
	654, 525
	422, 525
	310, 413
	310, 313
	687, 836
	313, 687
	806, 413
	806, 836
Facet Neighbors: 1255
	-3, 2
	2, 7
	-3, 7
	-1, 8
	-4, 10
	-2, 13
	9, 14
	11, 15
	-3, 18
	-1, 20
	5, 22
	13, 23
	1, 25
	3, 26
	9, 27
	-1, 28
	18, 29
	-2, 32
	29, 39
	25, 39
	14, 40
	9, 40
	27, 40
	20, 41
	-1, 41
	23, 42
	-1, 43
	23, 45
	21, 46
	14, 47
	17, 47
	-2, 48
	38, 49
	-2, 51
	24, 53
	-1, 53
	52, 54
	8, 55
	40, 56
	-4, 56
	-1, 60
	41, 61
	20, 61
	-4, 61
	-4, 62
	47, 64
	17, 64
	17, 65
	18, 67
	29, 67
	47, 70
	14, 70
	44, 70
	6, 71
	9, 72
	27, 72
	30, 73
	7, 74
	-3, 74
	67, 74
	42, 75
	38, 75
	68, 76
	34, 77
	50, 78
	-3, 79
	2, 79
	28, 80
	-1, 80
	35, 81
	69, 82
	-3, 83
	3, 83
	33, 86
	20, 87
	-3, 89
	63, 90
	30, 90
	71, 91
	36, 92
	31, 92
	54, 94
	-4, 95
	26, 97
	85, 97
	91, 99
	36, 99
	24, 100
	53, 100
	-1, 100
	89, 101
	-3, 101
	81, 102
	5, 102
	2, 104
	7, 104
	44, 105
	58, 106
	21, 106
	73, 107
	92, 107
	31, 107
	19, 108
	52, 108
	60, 110
	87, 110
	101, 111
	-3, 111
	4, 112
	109, 112
	76, 113
	68, 113
	97, 113
	64, 114
	25, 115
	19, 116
	61, 117
	8, 118
	-1, 118
	-3, 119
	98, 119
	84, 120
	109, 120
	103, 121
	77, 121
	15, 121
	117, 123
	120, 124
	94, 125
	93, 125
	20, 126
	87, 126
	-1, 126
	116, 128
	19, 128
	108, 128
	52, 128
	55, 129
	8, 129
	118, 129
	-2, 130
	66, 132
	117, 133
	123, 133
	37, 134
	5, 135
	22, 135
	-2, 136
	91, 137
	108, 137
	98, 138
	0, 138
	-4, 139
	95, 139
	-2, 140
	130, 140
	63, 141
	122, 141
	-1, 143
	131, 143
	118, 143
	84, 145
	120, 145
	124, 145
	128, 146
	116, 146
	58, 146
	18, 147
	-3, 147
	89, 147
	76, 148
	111, 148
	101, 148
	113, 149
	76, 149
	148, 149
	51, 150
	82, 150
	112, 151
	109, 151
	12, 151
	56, 152
	-4, 152
	40, 152
	88, 153
	95, 154
	-4, 154
	96, 155
	10, 155
	133, 155
	136, 156
	32, 156
	119, 157
	-3, 157
	43, 157
	51, 158
	-2, 158
	136, 158
	36, 159
	99, 159
	107, 159
	73, 159
	92, 159
	-4, 160
	117, 160
	86, 162
	1, 162
	6, 163
	34, 163
	35, 166
	86, 166
	162, 166
	77, 167
	84, 167
	121, 167
	16, 168
	44, 168
	-2, 169
	13, 169
	23, 169
	42, 169
	80, 170
	-1, 170
	110, 171
	125, 172
	145, 173
	84, 173
	34, 173
	77, 173
	167, 173
	142, 174
	125, 174
	94, 174
	54, 174
	52, 174
	156, 175
	136, 175
	18, 176
	67, 176
	74, 176
	-3, 176
	68, 177
	127, 177
	59, 177
	165, 178
	100, 178
	24, 178
	60, 179
	53, 179
	-1, 179
	46, 180
	105, 181
	153, 181
	65, 181
	165, 182
	5, 183
	102, 183
	50, 184
	129, 184
	55, 184
	79, 185
	2, 185
	104, 185
	81, 186
	102, 186
	130, 187
	150, 187
	82, 187
	140, 187
	184, 188
	129, 188
	131, 188
	175, 189
	11, 189
	-2, 190
	49, 190
	6, 191
	36, 191
	99, 191
	71, 191
	91, 191
	36, 192
	31, 192
	92, 192
	145, 192
	124, 192
	68, 193
	85, 193
	97, 193
	113, 193
	63, 194
	132, 194
	84, 195
	112, 195
	4, 195
	167, 195
	10, 196
	-4, 196
	83, 197
	-3, 197
	69, 198
	37, 198
	134, 198
	172, 199
	131, 199
	182, 199
	161, 200
	175, 201
	186, 202
	164, 202
	149, 203
	80, 204
	142, 205
	125, 205
	93, 205
	174, 205
	122, 206
	178, 206
	24, 206
	165, 206
	182, 206
	98, 207
	197, 207
	61, 208
	-4, 208
	-1, 208
	41, 208
	55, 209
	8, 209
	-1, 209
	28, 209
	162, 211
	1, 211
	35, 211
	166, 211
	151, 212
	12, 212
	39, 213
	59, 213
	101, 214
	89, 214
	148, 214
	59, 214
	51, 215
	150, 215
	69, 215
	82, 215
	21, 216
	85, 216
	193, 216
	94, 217
	54, 217
	132, 218
	210, 218
	216, 219
	58, 219
	21, 219
	106, 219
	185, 220
	33, 220
	218, 221
	206, 221
	122, 221
	161, 222
	200, 222
	66, 222
	108, 223
	52, 223
	217, 223
	54, 223
	122, 224
	141, 224
	132, 224
	218, 224
	194, 224
	63, 224
	221, 224
	88, 225
	200, 225
	183, 226
	5, 226
	135, 226
	195, 227
	112, 227
	109, 227
	120, 227
	84, 227
	33, 228
	86, 228
	21, 229
	205, 229
	142, 229
	78, 229
	27, 230
	72, 230
	134, 231
	186, 231
	81, 231
	35, 231
	211, 232
	35, 232
	81, 232
	102, 232
	196, 233
	-4, 233
	168, 233
	180, 234
	21, 234
	46, 234
	85, 234
	216, 234
	220, 235
	115, 235
	22, 236
	164, 236
	57, 236
	45, 237
	144, 237
	78, 238
	50, 238
	204, 238
	201, 239
	11, 239
	189, 239
	175, 239
	97, 240
	113, 240
	203, 240
	26, 240
	149, 240
	90, 241
	63, 241
	141, 241
	46, 242
	238, 242
	78, 242
	62, 243
	70, 243
	44, 243
	109, 244
	201, 245
	239, 245
	11, 245
	15, 245
	37, 245
	106, 246
	58, 246
	128, 246
	146, 246
	142, 246
	33, 247
	185, 247
	220, 247
	-2, 248
	-4, 248
	192, 249
	124, 249
	31, 249
	67, 250
	74, 250
	7, 250
	115, 250
	43, 251
	-1, 251
	157, 251
	-3, 251
	154, 252
	95, 252
	144, 252
	181, 253
	168, 253
	16, 253
	105, 253
	44, 253
	37, 254
	245, 254
	121, 254
	15, 254
	103, 254
	128, 255
	246, 255
	52, 255
	174, 255
	142, 255
	25, 256
	213, 256
	39, 256
	151, 257
	112, 257
	212, 257
	73, 258
	30, 258
	117, 259
	160, 259
	61, 259
	-4, 259
	12, 260
	212, 260
	237, 260
	38, 260
	75, 260
	228, 261
	140, 261
	248, 262
	-4, 262
	139, 262
	217, 263
	141, 263
	241, 263
	-2, 264
	48, 264
	247, 264
	79, 264
	185, 264
	31, 265
	153, 265
	181, 265
	65, 265
	171, 266
	123, 266
	163, 267
	34, 267
	121, 267
	77, 267
	103, 267
	218, 268
	210, 268
	171, 268
	71, 269
	137, 269
	108, 269
	91, 269
	19, 269
	57, 269
	199, 270
	172, 270
	206, 270
	182, 270
	122, 270
	151, 271
	12, 271
	244, 271
	109, 271
	232, 272
	183, 272
	102, 272
	135, 273
	57, 273
	236, 273
	116, 273
	22, 273
	185, 274
	220, 274
	235, 274
	104, 274
	7, 274
	115, 274
	250, 274
	32, 275
	-2, 275
	190, 275
	271, 276
	244, 276
	114, 276
	168, 277
	243, 277
	44, 277
	75, 278
	42, 278
	45, 278
	23, 278
	260, 278
	237, 278
	10, 279
	-4, 279
	133, 279
	155, 279
	258, 280
	225, 280
	90, 280
	30, 280
	31, 281
	249, 281
	65, 281
	265, 281
	17, 281
	70, 282
	14, 282
	62, 282
	40, 282
	243, 282
	157, 283
	119, 283
	98, 283
	138, 283
	146, 284
	116, 284
	273, 284
	88, 285
	200, 285
	225, 285
	16, 285
	231, 286
	103, 286
	202, 286
	186, 286
	285, 287
	96, 287
	16, 287
	257, 288
	189, 288
	40, 289
	27, 289
	56, 289
	154, 289
	157, 290
	43, 290
	170, 290
	-1, 290
	283, 290
	-2, 291
	-3, 291
	264, 291
	79, 291
	72, 292
	14, 292
	9, 292
	276, 292
	114, 292
	47, 292
	64, 292
	125, 293
	94, 293
	270, 293
	172, 293
	217, 293
	263, 293
	129, 294
	118, 294
	131, 294
	143, 294
	188, 294
	178, 295
	100, 295
	-1, 295
	165, 295
	15, 296
	11, 296
	167, 296
	121, 296
	195, 296
	159, 297
	99, 297
	73, 297
	137, 297
	91, 297
	273, 298
	135, 298
	284, 298
	202, 299
	164, 299
	22, 299
	236, 299
	279, 300
	-4, 300
	160, 300
	117, 300
	133, 300
	25, 301
	1, 301
	256, 301
	272, 301
	232, 301
	211, 301
	122, 302
	270, 302
	263, 302
	141, 302
	293, 302
	283, 303
	80, 303
	204, 303
	290, 303
	170, 303
	13, 304
	248, 304
	-2, 304
	237, 305
	45, 305
	230, 306
	237, 306
	144, 306
	296, 307
	11, 307
	189, 307
	4, 307
	195, 307
	26, 308
	3, 308
	97, 308
	85, 308
	234, 308
	180, 308
	134, 309
	231, 309
	254, 309
	37, 309
	286, 309
	103, 309
	131, 310
	165, 310
	143, 310
	180, 311
	242, 311
	0, 311
	46, 311
	136, 312
	-2, 312
	32, 312
	156, 312
	287, 313
	96, 313
	200, 313
	285, 313
	23, 314
	45, 314
	304, 314
	13, 314
	262, 314
	248, 314
	83, 315
	-3, 315
	203, 315
	16, 316
	287, 316
	233, 316
	168, 316
	226, 317
	298, 317
	135, 317
	127, 317
	-4, 318
	233, 318
	168, 318
	277, 318
	221, 319
	206, 319
	24, 319
	218, 319
	210, 319
	110, 320
	171, 320
	20, 320
	87, 320
	266, 320
	288, 321
	260, 321
	38, 321
	257, 321
	212, 321
	156, 322
	175, 322
	288, 322
	189, 322
	109, 323
	244, 323
	124, 323
	120, 323
	48, 324
	-2, 324
	261, 324
	140, 324
	30, 325
	90, 325
	241, 325
	314, 326
	45, 326
	95, 326
	139, 326
	262, 326
	305, 326
	155, 327
	96, 327
	65, 328
	17, 328
	181, 328
	105, 328
	256, 329
	301, 329
	183, 329
	226, 329
	213, 329
	59, 329
	272, 329
	155, 330
	96, 330
	196, 330
	10, 330
	233, 330
	316, 330
	287, 330
	207, 331
	98, 331
	0, 331
	138, 331
	59, 332
	214, 332
	68, 332
	76, 332
	148, 332
	177, 332
	127, 333
	317, 333
	329, 333
	59, 333
	226, 333
	177, 333
	138, 334
	0, 334
	303, 334
	283, 334
	266, 335
	123, 335
	61, 335
	20, 335
	117, 335
	320, 335
	17, 336
	328, 336
	105, 336
	44, 336
	70, 336
	47, 336
	276, 337
	271, 337
	292, 337
	72, 337
	230, 337
	102, 338
	5, 338
	299, 338
	202, 338
	186, 338
	22, 338
	326, 339
	95, 339
	252, 339
	144, 339
	237, 339
	305, 339
	218, 340
	132, 340
	268, 340
	66, 340
	40, 341
	282, 341
	62, 341
	-4, 341
	152, 341
	286, 342
	103, 342
	267, 342
	202, 342
	164, 342
	189, 343
	307, 343
	112, 343
	4, 343
	288, 343
	257, 343
	1, 344
	162, 344
	115, 344
	25, 344
	235, 344
	156, 345
	32, 345
	275, 345
	288, 345
	322, 345
	201, 346
	245, 346
	37, 346
	198, 346
	69, 346
	324, 347
	261, 347
	33, 347
	247, 347
	228, 347
	106, 348
	21, 348
	142, 348
	246, 348
	229, 348
	334, 349
	204, 349
	303, 349
	171, 350
	268, 350
	110, 350
	60, 350
	179, 350
	210, 350
	165, 351
	182, 351
	199, 351
	131, 351
	310, 351
	319, 352
	24, 352
	210, 352
	350, 352
	179, 352
	53, 352
	204, 353
	209, 353
	238, 353
	55, 353
	184, 353
	50, 353
	317, 354
	298, 354
	284, 354
	127, 354
	111, 355
	-3, 355
	148, 355
	203, 355
	149, 355
	137, 356
	108, 356
	73, 356
	297, 356
	223, 356
	158, 357
	136, 357
	201, 357
	175, 357
	315, 358
	203, 358
	355, 358
	-3, 358
	134, 359
	231, 359
	35, 359
	166, 359
	327, 360
	123, 360
	161, 360
	266, 360
	164, 361
	236, 361
	269, 361
	71, 361
	6, 361
	57, 361
	163, 362
	36, 362
	191, 362
	6, 362
	192, 362
	140, 363
	261, 363
	187, 363
	82, 363
	228, 363
	59, 364
	213, 364
	214, 364
	204, 365
	80, 365
	209, 365
	28, 365
	353, 365
	177, 366
	127, 366
	354, 366
	68, 366
	193, 366
	265, 367
	258, 367
	73, 367
	107, 367
	31, 367
	0, 368
	83, 368
	3, 368
	197, 368
	207, 368
	331, 368
	346, 369
	201, 369
	357, 369
	215, 369
	69, 369
	310, 370
	143, 370
	295, 370
	165, 370
	-1, 370
	197, 371
	-3, 371
	207, 371
	98, 371
	119, 371
	124, 372
	323, 372
	114, 372
	276, 372
	244, 372
	249, 372
	220, 373
	33, 373
	162, 373
	86, 373
	235, 373
	344, 373
	12, 374
	260, 374
	306, 374
	237, 374
	134, 375
	198, 375
	69, 375
	82, 375
	359, 375
	154, 376
	289, 376
	56, 376
	-4, 376
	342, 377
	164, 377
	163, 377
	6, 377
	267, 377
	361, 377
	50, 378
	188, 378
	184, 378
	93, 378
	375, 379
	359, 379
	82, 379
	86, 379
	166, 379
	130, 380
	-2, 380
	51, 380
	150, 380
	187, 380
	18, 381
	147, 381
	214, 381
	89, 381
	364, 381
	87, 382
	110, 382
	126, 382
	-1, 382
	60, 382
	230, 383
	306, 383
	289, 383
	27, 383
	252, 383
	144, 383
	154, 383
	18, 384
	29, 384
	213, 384
	364, 384
	39, 384
	381, 384
	223, 385
	241, 385
	263, 385
	217, 385
	325, 385
	172, 386
	199, 386
	131, 386
	188, 386
	281, 387
	17, 387
	64, 387
	114, 387
	249, 387
	372, 387
	367, 388
	258, 388
	265, 388
	153, 388
	46, 389
	21, 389
	242, 389
	78, 389
	229, 389
	133, 390
	155, 390
	123, 390
	360, 390
	327, 390
	356, 391
	73, 391
	223, 391
	385, 391
	30, 391
	325, 391
	34, 392
	173, 392
	163, 392
	192, 392
	145, 392
	362, 392
	50, 393
	378, 393
	78, 393
	229, 393
	93, 393
	205, 393
	321, 394
	288, 394
	49, 394
	38, 394
	345, 394
	275, 394
	190, 394
	115, 395
	25, 395
	250, 395
	39, 395
	29, 395
	67, 395
	228, 396
	363, 396
	82, 396
	86, 396
	379, 396
	340, 397
	66, 397
	161, 397
	222, 397
	268, 397
	171, 397
	360, 397
	266, 397
	284, 398
	146, 398
	354, 398
	219, 398
	58, 398
	238, 399
	204, 399
	311, 399
	0, 399
	242, 399
	349, 399
	334, 399
	219, 400
	366, 400
	398, 400
	354, 400
	200, 401
	161, 401
	360, 401
	96, 401
	313, 401
	327, 401
	200, 402
	66, 402
	132, 402
	194, 402
	222, 402
	315, 403
	83, 403
	26, 403
	3, 403
	240, 403
	203, 403
	-2, 404
	42, 404
	169, 404
	258, 405
	388, 405
	280, 405
	225, 405
	153, 405
	88, 405
	280, 406
	225, 406
	402, 406
	200, 406
	3, 407
	368, 407
	0, 407
	311, 407
	180, 407
	308, 407
	374, 408
	12, 408
	337, 408
	230, 408
	271, 408
	306, 408
	193, 409
	366, 409
	219, 409
	400, 409
	216, 409
	158, 410
	51, 410
	357, 410
	215, 410
	369, 410
	57, 411
	273, 411
	269, 411
	116, 411
	19, 411
	190, 412
	49, 412
	42, 412
	404, 412
	-2, 412
	38, 412
	75, 412
	285, 413
	88, 413
	253, 413
	16, 413
	181, 413
	153, 413
	324, 414
	48, 414
	264, 414
	247, 414
	347, 414
	62, 415
	243, 415
	318, 415
	277, 415
	-4, 415
	378, 416
	188, 416
	386, 416
	93, 416
	172, 416
	125, 416
	90, 417
	63, 417
	402, 417
	194, 417
	280, 417
	406, 417
Mesh Regions: 418
	151, 714, 803, 818, 985, 1155, 1195
	12, 206, 332, 669, 870
	0, 1, 66, 94, 261
	13, 72, 698, 987, 1177, 1193
	108, 294, 695, 867
	10, 93, 145, 255, 380, 839
	53, 207, 276, 955, 960, 1034
	1, 2, 57, 95, 460, 555
	3, 37, 117, 138, 328
	6, 14, 21, 54, 626
	4, 188, 296, 573, 797
	7, 273, 422, 442, 647, 693
	180, 336, 496, 540, 1018, 1200
	5, 11, 218, 684, 727
	6, 20, 29, 51, 587, 625
	7, 125, 443, 477, 646
	215, 471, 601, 608, 733, 1230
	30, 46, 47, 585, 784, 827, 1084
	8, 16, 48, 167, 237, 1051, 1068
	102, 115, 134, 532, 1219
	9, 23, 42, 74, 130, 752, 824
	28, 98, 347, 356, 389, 407, 891, 1094
	10, 146, 413, 550, 661, 843
	11, 25, 27, 219, 570, 724
	34, 87, 246, 318, 747, 910
	12, 19, 114, 484, 668, 873, 1129
	13, 83, 428, 697, 1176
	14, 22, 55, 393, 612, 1064
	15, 67, 330, 973
	16, 18, 49, 1069, 1132
	56, 77, 491, 580, 772, 1107
	80, 101, 282, 457, 514, 581, 984
	17, 191, 558, 718, 876
	73, 359, 387, 450, 887, 1013
	63, 208, 227, 521, 1109
	69, 209, 333, 398, 400, 945
	79, 86, 198, 277, 281, 958
	144, 301, 444, 474, 706, 882
	32, 61, 499, 757, 1124, 1225
	18, 19, 337, 486, 1072, 1131
	20, 21, 22, 38, 183, 589, 611, 854
	23, 24, 41, 326
	25, 60, 220, 568, 1181, 1222
	26, 194, 462, 616
	52, 96, 216, 438, 473, 566, 830
	27, 416, 569, 688, 725, 776
	28, 250, 408, 433, 715, 1093
	29, 30, 45, 50, 629, 832
	31, 510, 768, 1234
	32, 275, 1123, 1221
	64, 257, 419, 920, 1037, 1115
	33, 176, 195, 343, 1048, 1211
	36, 103, 136, 234, 367, 481
	34, 35, 88, 248, 914
	36, 81, 233, 351, 369
	37, 137, 259, 327, 918
	38, 39, 181, 613, 1029
	415, 533, 547, 956, 1215
	97, 166, 355, 446, 1151
	243, 338, 342, 792, 805, 814, 967
	40, 104, 247, 901, 1060
	41, 42, 43, 116, 323, 494, 823
	44, 436, 588, 856, 1238
	76, 156, 290, 375, 431, 1250
	45, 46, 113, 630, 1085
	47, 253, 517, 583, 783
	141, 365, 853, 1140, 1170
	48, 49, 59, 238, 458, 1133
	62, 111, 241, 286, 807, 978
	70, 300, 345, 884, 995, 1024
	50, 51, 52, 437, 586, 831
	53, 78, 279, 528, 954
	54, 55, 394, 624, 836
	56, 99, 201, 490, 653, 932, 982, 1104
	57, 58, 59, 239, 459
	60, 61, 500, 567, 1226
	62, 110, 170, 174, 808
	63, 124, 212, 228, 523
	64, 392, 418, 435, 1096, 1117
	65, 66, 260, 512, 623
	67, 68, 221, 311, 680, 971
	69, 92, 263, 397, 401
	70, 177, 267, 346, 965, 1025, 1043, 1136
	71, 72, 298, 730, 986, 1175
	121, 161, 213, 226, 292, 386
	84, 287, 348, 409, 700
	73, 205, 210, 388, 1015, 1044, 1137
	74, 105, 131, 753, 1056
	184, 377, 598, 1188, 1228
	75, 90, 169, 340, 1054
	76, 77, 430, 579, 773, 1249
	78, 85, 148, 280, 531, 655
	79, 80, 100, 202, 283
	129, 314, 1040, 1119, 1246
	81, 128, 232, 350, 632
	82, 153, 185, 467, 777, 845
	187, 607, 721, 782, 795, 1166
	83, 84, 112, 288, 425, 699
	120, 150, 321, 593, 802, 1004
	85, 86, 199, 278, 652
	87, 88, 89, 245, 643
	90, 91, 106, 172, 339
	92, 93, 256, 264, 402, 545, 838
	123, 478, 524, 603, 708, 860
	94, 95, 262, 554
	96, 251, 472, 786, 829
	97, 98, 357, 445, 890
	99, 100, 101, 200, 983
	102, 103, 135, 149, 366, 530, 931
	109, 122, 179, 384, 439, 542, 764
	104, 105, 223, 750, 900, 1057
	106, 107, 171, 925
	108, 109, 178, 293, 383, 488, 866
	110, 111, 112, 173, 289, 426
	113, 563, 628, 1008, 1086
	114, 412, 461, 556, 872, 1128
	115, 133, 165, 549, 596, 1218
	116, 126, 142, 204, 492, 666, 825
	117, 118, 139, 160, 638
	119, 120, 192, 592, 1005
	121, 122, 127, 162, 385, 767
	123, 124, 125, 214, 476, 522, 649
	157, 316, 362, 370, 538, 674
	126, 143, 519, 822, 948, 1100
	127, 163, 285, 456, 766, 1006
	128, 129, 224, 231, 313, 631, 1248
	130, 131, 132, 1058
	242, 740, 811, 924, 976
	133, 134, 135, 136, 164, 447, 479
	137, 138, 139, 258, 270, 637
	140, 155, 265, 1046
	159, 271, 304, 639, 709, 907, 1081
	141, 291, 352, 372, 851, 1171
	142, 143, 189, 575, 667, 1098
	144, 302, 395, 703, 943, 1022
	145, 146, 381, 546, 657, 739
	147, 190, 197, 236, 716, 936
	148, 149, 529, 654, 930
	150, 151, 594, 804, 817
	152, 153, 505, 778
	154, 155, 268, 502, 771, 962
	156, 157, 371, 432, 507, 677
	230, 312, 391, 449, 483, 892
	158, 159, 160, 640, 711, 997
	417, 468, 691, 847, 1066
	161, 162, 163, 225, 284, 1113
	164, 165, 166, 448, 595, 1148
	167, 168, 169, 1052
	170, 171, 172, 175, 341, 809, 927
	173, 174, 175, 310, 429, 929
	176, 177, 266, 344, 1049
	178, 179, 180, 335, 487, 539
	181, 182, 183, 858
	184, 252, 515, 1092, 1187, 1232
	185, 186, 466, 614, 1027, 1067
	187, 188, 189, 576, 781, 794, 1099
	190, 191, 235, 719, 760, 875
	192, 193, 194, 464, 591, 615
	195, 196, 197, 935, 1210
	198, 199, 200, 201, 202, 651
	203, 204, 493, 665
	306, 363, 949, 1141, 1164
	205, 206, 211, 331, 871, 1014
	207, 208, 520, 957, 1033, 1111
	309, 414, 660, 863, 951, 1032
	244, 254, 319, 645, 710, 904, 999
	209, 210, 211, 334, 946, 1045
	212, 213, 214, 229, 295, 648
	215, 216, 405, 470, 564, 736, 743
	217, 218, 219, 220, 1182
	221, 222, 617, 683
	223, 518, 527, 751, 898, 1144
	224, 303, 535, 634, 1079, 1247
	225, 226, 227, 228, 229, 1110
	230, 231, 232, 233, 234, 315, 482
	235, 236, 272, 307, 424, 761, 938
	237, 238, 239, 240
	241, 242, 243, 810, 816, 975
	244, 245, 246, 317, 642
	247, 248, 249, 902, 913
	250, 406, 702, 712, 1197
	251, 252, 253, 469, 516, 785, 1231
	254, 305, 320, 537, 905
	255, 256, 379, 544, 789
	257, 258, 259, 269, 919, 1039
	260, 261, 262, 358, 451, 513, 551
	263, 264, 308, 396, 605, 842
	265, 266, 267, 268, 964, 1050
	269, 270, 271, 641, 1038, 1082, 1244
	272, 273, 423, 610, 694, 763, 864
	274, 275, 560, 1127, 1220
	276, 277, 278, 279, 280, 959
	281, 282, 283, 284, 285, 455, 961, 1112
	286, 287, 288, 289, 349, 979, 1205
	290, 291, 374, 1172, 1252
	292, 293, 294, 295, 382, 650, 696
	296, 297, 403, 796
	298, 299, 322, 988, 1001
	300, 301, 302, 883, 1023
	303, 304, 305, 534, 906, 1080
	306, 364, 378, 599, 722, 1163, 1169, 1192
	307, 421, 440, 880, 937, 992
	308, 309, 604, 659, 841, 862
	310, 427, 732, 928, 940, 1179
	311, 420, 681, 896, 915, 970, 1153
	312, 313, 314, 315, 390, 1120
	316, 317, 318, 319, 320, 361, 536, 746
	321, 322, 801, 989, 1003
	323, 324, 325, 326
	327, 328, 329, 330, 916, 972
	353, 526, 749, 903, 911
	331, 332, 333, 334, 399, 673
	335, 336, 489, 497, 759
	337, 338, 485, 791, 968, 1070
	339, 340, 341, 342, 806, 969, 1053
	343, 344, 345, 346, 994, 1213
	347, 348, 349, 354, 410, 1209
	350, 351, 368, 506, 635, 1077
	352, 353, 360, 373, 525, 748, 850
	354, 355, 356, 357, 1150, 1159, 1207
	358, 359, 411, 452, 552, 1012
	360, 361, 362, 376, 745
	363, 364, 365, 1142, 1173
	366, 367, 368, 369, 934, 1074, 1105
	370, 371, 372, 373, 374, 375, 376
	377, 378, 578, 600, 1186, 1190
	379, 380, 381, 737, 790, 815
	382, 383, 384, 385, 386
	387, 388, 501, 889, 966, 1134
	389, 390, 391, 392, 894, 1097, 1118
	393, 394, 689, 837, 1061, 1202
	395, 396, 397, 398, 602, 704, 944
	399, 400, 401, 402, 543, 672
	403, 404, 405, 735, 742, 798
	406, 407, 408, 409, 410, 701
	411, 412, 553, 874, 1016
	413, 414, 415, 548, 662, 952
	416, 417, 498, 572, 687, 690, 848, 1021
	418, 419, 420, 434, 917, 1152
	421, 422, 423, 424, 441
	425, 426, 427, 428, 429, 1178
	430, 431, 432, 508, 774, 1075
	433, 434, 435, 713, 1095, 1156
	436, 437, 438, 565, 590, 1239
	439, 541, 562, 765, 1010
	440, 441, 442, 443, 444, 475, 881
	445, 446, 447, 448, 449, 480, 893
	450, 451, 452, 511, 888, 1236
	453, 454, 503, 685, 729
	455, 456, 457, 582, 1011, 1087
	458, 459, 460, 461, 557, 1130
	462, 463, 464, 465
	466, 467, 468, 846, 1065
	469, 470, 471, 472, 473, 1229
	474, 475, 476, 477, 478, 705
	479, 480, 481, 482, 483
	484, 485, 486, 670, 787
	487, 488, 489, 609, 758, 869
	490, 491, 577, 981, 1090, 1183
	492, 493, 494, 495
	496, 497, 498, 499, 500, 571, 756, 1019
	501, 502, 770, 886, 963
	503, 504, 505, 728, 779
	506, 507, 508, 636, 676, 1076
	509, 510, 511, 512, 513, 622, 1235
	514, 515, 516, 517, 584, 980, 1091
	518, 519, 754, 821, 950, 1146
	520, 521, 522, 523, 524, 861, 1035
	525, 526, 527, 852, 899, 1143
	528, 529, 530, 531, 532, 533, 953, 1217
	534, 535, 536, 537, 538, 633, 675
	539, 540, 541, 542, 561, 834, 1203
	543, 544, 545, 671, 793
	546, 547, 548, 549, 550, 597, 656, 1216
	551, 552, 553, 554, 555, 556, 557
	558, 559, 560, 877, 1126
	561, 562, 563, 627, 833, 1009
	564, 565, 566, 744, 1241
	567, 568, 569, 570, 571, 572
	573, 574, 575, 576, 663
	577, 578, 579, 580, 1185, 1189, 1253
	581, 582, 583, 584, 585, 1083
	586, 587, 588, 589, 590, 855
	591, 592, 593, 594, 619, 679, 820
	595, 596, 597, 658, 923, 1147
	598, 599, 600, 601, 606, 723, 1227
	602, 603, 604, 605, 707, 859
	606, 607, 608, 720, 734, 800
	609, 610, 755, 762, 868, 878, 1122
	611, 612, 613, 614, 1028, 1063
	615, 616, 617, 618, 619, 682
	620, 621, 622, 623
	624, 625, 626, 627, 628, 629, 630, 835
	631, 632, 633, 634, 635, 636, 678
	637, 638, 639, 640, 641
	642, 643, 644, 645, 998
	646, 647, 648, 649, 650, 692
	651, 652, 653, 654, 655, 933
	656, 657, 658, 738, 922
	659, 660, 661, 662, 840
	663, 664, 665, 666, 667
	668, 669, 670, 671, 672, 673, 788
	674, 675, 676, 677, 678
	679, 680, 681, 682, 683, 819, 897
	684, 685, 686, 726
	687, 688, 780, 849
	689, 690, 691, 1020, 1062, 1204
	692, 693, 694, 695, 696, 865
	697, 698, 699, 700, 701, 702, 1198
	703, 704, 705, 706, 707, 708
	709, 710, 711, 908, 996
	712, 713, 714, 715, 1154, 1196
	716, 717, 718, 719
	720, 721, 722, 723, 1167
	724, 725, 726, 727, 728, 729, 775
	730, 731, 732, 939, 1174
	733, 734, 735, 736, 799
	737, 738, 739, 740, 812, 921
	741, 742, 743, 744, 1240
	745, 746, 747, 748, 749, 909
	750, 751, 752, 753, 754, 826
	755, 756, 757, 758, 759, 1121
	760, 761, 762, 763, 879
	764, 765, 766, 767, 1007
	768, 769, 770, 771, 885, 1233
	772, 773, 774, 1078, 1108
	775, 776, 777, 778, 779, 780, 844
	781, 782, 947, 1102, 1168
	783, 784, 785, 786, 828
	787, 788, 789, 790, 791, 792, 793, 813
	794, 795, 796, 797, 798, 799, 800
	801, 802, 803, 804, 990
	805, 806, 807, 808, 809, 810
	811, 812, 813, 814, 815, 816
	817, 818, 819, 820, 895, 1158
	821, 822, 823, 824, 825, 826
	827, 828, 829, 830, 831, 832
	833, 834, 835, 836, 837, 1201
	838, 839, 840, 841, 842, 843
	844, 845, 846, 847, 848, 849
	850, 851, 852, 853, 1139
	854, 855, 856, 857, 858
	859, 860, 861, 862, 863, 1031
	864, 865, 866, 867, 868, 869
	870, 871, 872, 873, 874, 1017
	875, 876, 877, 878, 879, 1125
	880, 881, 882, 883, 884, 991
	885, 886, 887, 888, 889, 1237
	890, 891, 892, 893, 894
	895, 896, 897, 1157
	898, 899, 900, 901, 902, 903, 912
	904, 905, 906, 907, 908
	909, 910, 911, 912, 913, 914
	915, 916, 917, 918, 919, 920, 974
	921, 922, 923, 924, 977, 1149, 1162
	925, 926, 927, 928, 929, 941
	930, 931, 932, 933, 934, 1103
	935, 936, 937, 938, 993, 1212
	939, 940, 941, 942
	943, 944, 945, 946, 1026, 1042
	947, 948, 949, 950, 1101, 1145, 1165
	951, 952, 953, 954, 955, 956, 1036
	957, 958, 959, 960, 961, 1114
	962, 963, 964, 965, 966, 1135
	967, 968, 969, 1055, 1071
	970, 971, 972, 973, 974
	975, 976, 977, 978, 979, 1160, 1206
	980, 981, 982, 983, 984, 1089
	985, 986, 987, 988, 989, 990, 1194
	991, 992, 993, 994, 995, 1214
	996, 997, 998, 999, 1000
	1001, 1002, 1003, 1004, 1005
	1006, 1007, 1008, 1009, 1010, 1011, 1088
	1012, 1013, 1014, 1015, 1016, 1017
	1018, 1019, 1020, 1021, 1199
	1022, 1023, 1024, 1025, 1026, 1041
	1027, 1028, 1029, 1030
	1031, 1032, 1033, 1034, 1035, 1036
	1037, 1038, 1039, 1040, 1116, 1243
	1041, 1042, 1043, 1044, 1045, 1138
	1046, 1047, 1048, 1049, 1050
	1051, 1052, 1053, 1054, 1055, 1073
	1056, 1057, 1058, 1059, 1060
	1061, 1062, 1063, 1064, 1065, 1066, 1067
	1068, 1069, 1070, 1071, 1072, 1073
	1074, 1075, 1076, 1077, 1078, 1106
	1079, 1080, 1081, 1082, 1245
	1083, 1084, 1085, 1086, 1087, 1088
	1089, 1090, 1091, 1092, 1184
	1093, 1094, 1095, 1096, 1097
	1098, 1099, 1100, 1101, 1102
	1103, 1104, 1105, 1106, 1107, 1108
	1109, 1110, 1111, 1112, 1113, 1114
	1115, 1116, 1117, 1118, 1119, 1120
	1121, 1122, 1123, 1124, 1125, 1126, 1127
	1128, 1129, 1130, 1131, 1132, 1133
	1134, 1135, 1136, 1137, 1138
	1139, 1140, 1141, 1142, 1143, 1144, 1145, 1146
	1147, 1148, 1149, 1150, 1151, 1161
	1152, 1153, 1154, 1155, 1156, 1157, 1158
	1159, 1160, 1161, 1162, 1208
	1163, 1164, 1165, 1166, 1167, 1168
	1169, 1170, 1171, 1172, 1173, 1191, 1251
	1174, 1175, 1176, 1177, 1178, 1179
	1180, 1181, 1182, 1223
	1183, 1184, 1185, 1186, 1187, 1188
	1189, 1190, 1191, 1192, 1254
	1193, 1194, 1195, 1196, 1197, 1198
	1199, 1200, 1201, 1202, 1203, 1204
	1205, 1206, 1207, 1208, 1209
	1210, 1211, 1212, 1213, 1214
	1215, 1216, 1217, 1218, 1219
	1220, 1221, 1222, 1223, 1224, 1225, 1226
	1227, 1228, 1229, 1230, 1231, 1232
	1233, 1234, 1235, 1236, 1237
	1238, 1239, 1240, 1241, 1242
	1243, 1244, 1245, 1246, 1247, 1248
	1249, 1250, 1251, 1252, 1253, 1254
Seed Numbers: 418
	0
	1
	2
	3
	4
	5
	6
	7
	8
	9
	10
	11
	12
	13
	14
	15
	16
	17
	18
	19
	20
	21
	22
	23
	24
	25
	26
	27
	28
	29
	30
	31
	32
	33
	34
	35
	36
	37
	38
	39
	40
	41
	42
	43
	44
	45
	46
	47
	48
	49
	50
	51
	52
	53
	54
	55
	56
	57
	58
	59
	60
	61
	62
	63
	64
	65
	66
	67
	68
	69
	70
	71
	72
	73
	74
	75
	76
	77
	78
	79
	80
	81
	82
	83
	84
	85
	86
	87
	88
	89
	90
	91
	92
	93
	94
	95
	96
	97
	98
	99
	100
	101
	102
	103
	104
	105
	106
	107
	108
	109
	110
	111
	112
	113
	114
	115
	116
	117
	118
	119
	120
	121
	122
	123
	124
	125
	126
	127
	128
	129
	130
	131
	132
	133
	134
	135
	136
	137
	138
	139
	140
	141
	142
	143
	144
	145
	146
	147
	148
	149
	150
	151
	152
	153
	154
	155
	156
	157
	158
	159
	160
	161
	162
	163
	164
	165
	166
	167
	168
	169
	170
	171
	172
	173
	174
	175
	176
	177
	178
	179
	180
	181
	182
	183
	184
	185
	186
	187
	188
	189
	190
	191
	192
	193
	194
	195
	196
	197
	198
	199
	200
	201
	202
	203
	204
	205
	206
	207
	208
	209
	210
	211
	212
	213
	214
	215
	216
	217
	218
	219
	220
	221
	222
	223
	224
	225
	226
	227
	228
	229
	230
	231
	232
	233
	234
	235
	236
	237
	238
	239
	240
	241
	242
	243
	244
	245
	246
	247
	248
	249
	250
	251
	252
	253
	254
	255
	256
	257
	258
	259
	260
	261
	262
	263
	264
	265
	266
	267
	268
	269
	270
	271
	272
	273
	274
	275
	276
	277
	278
	279
	280
	281
	282
	283
	284
	285
	286
	287
	288
	289
	290
	291
	292
	293
	294
	295
	296
	297
	298
	299
	300
	301
	302
	303
	304
	305
	306
	307
	308
	309
	310
	311
	312
	313
	314
	315
	316
	317
	318
	319
	320
	321
	322
	323
	324
	325
	326
	327
	328
	329
	330
	331
	332
	333
	334
	335
	336
	337
	338
	339
	340
	341
	342
	343
	344
	345
	346
	347
	348
	349
	350
	351
	352
	353
	354
	355
	356
	357
	358
	359
	360
	361
	362
	363
	364
	365
	366
	367
	368
	369
	370
	371
	372
	373
	374
	375
	376
	377
	378
	379
	380
	381
	382
	383
	384
	385
	386
	387
	388
	389
	390
	391
	392
	393
	394
	395
	396
	397
	398
	399
	400
	401
	402
	403
	404
	405
	406
	407
	408
	409
	410
	411
	412
	413
	414
	415
	416
	417
Phase Numbers: 418
	2
	2
	1
	3
	2
	3
	2
	2
	0
	2
	2
	1
	3
	2
	0
	2
	0
	0
	2
	3
	3
	3
	2
	2
	2
	3
	1
	2
	3
	3
	3
	3
	3
	3
	2
	3
	2
	3
	0
	2
	2
	2
	2
	2
	3
	3
	1
	2
	0
	2
	0
	2
	0
	2
	2
	3
	1
	3
	2
	3
	2
	1
	2
	3
	2
	2
	3
	3
	2
	2
	3
	2
	3
	3
	3
	2
	3
	2
	3
	2
	1
	2
	0
	0
	2
	3
	2
	3
	2
	2
	2
	2
	3
	2
	2
	2
	0
	0
	1
	3
	0
	0
	3
	3
	0
	2
	2
	3
	2
	3
	1
	2
	1
	3
	2
	2
	2
	3
	2
	3
	3
	3
	2
	3
	3
	3
	1
	3
	2
	2
	2
	3
	2
	1
	3
	2
	2
	0
	2
	2
	0
	2
	3
	2
	2
	2
	2
	2
	3
	3
	2
	3
	0
	3
	3
	0
	2
	3
	2
	0
	2
	3
	2
	3
	2
	2
	3
	3
	3
	0
	3
	2
	3
	3
	3
	3
	3
	2
	3
	3
	3
	0
	3
	2
	0
	1
	2
	1
	2
	2
	3
	2
	0
	2
	1
	2
	0
	3
	3
	3
	3
	1
	2
	3
	3
	2
	2
	0
	3
	3
	3
	2
	3
	3
	2
	1
	3
	3
	3
	3
	3
	2
	2
	2
	3
	3
	2
	0
	2
	3
	2
	0
	3
	3
	3
	1
	1
	2
	3
	0
	3
	2
	1
	1
	3
	0
	2
	1
	3
	1
	3
	2
	3
	3
	1
	2
	3
	2
	3
	3
	3
	0
	3
	1
	2
	3
	2
	2
	3
	2
	3
	0
	3
	3
	2
	1
	2
	3
	1
	3
	3
	2
	3
	3
	2
	3
	1
	2
	1
	3
	2
	2
	3
	2
	3
	1
	0
	2
	2
	3
	2
	3
	2
	3
	3
	3
	1
	2
	3
	2
	3
	2
	3
	3
	3
	2
	3
	2
	2
	3
	2
	3
	3
	2
	3
	2
	3
	2
	2
	3
	2
	0
	3
	3
	3
	2
	2
	3
	0
	3
	1
	3
	3
	2
	2
	2
	2
	1
	2
	2
	3
	2
	2
	3
	0
	3
	1
	3
	3
	3
	2
	1
	3
	0
	3
	3
	3
	1
	3
	2
	2
	2
	2
	2
	2
	3
	3
	3
	3
	0
	2
	2
	2
	3
	3
	0
	2
	2
	1
	2
	1
	2
	3
	3
	2
	2
	1
	2
	2
	3
	3
	3
	0
	3
	3
	3
	3
	2
	2
	2
	3
	3
	2
	3
	0
	2
	1
	2
Volumes: 418
	0.0028441324294489105
	0.002296531244629278
	0.0014756530815912292
	0.0021126015026736644
	0.0015845935610991975
	0.0017865867093599728
	0.001818814605056467
	0.0021559781314514576
	0.0017903209030982012
	0.0019456440265446591
	0.002251065455267794
	0.0028918305895365513
	0.0024243491982040644
	0.001528997004277693
	0.003318491811994076
	0.0027327811723710195
	0.0030585034486355902
	0.0030157208698329244
	0.0021617990649885925
	0.0018390051140344046
	0.003412742001936934
	0.0026814594709755396
	0.0019464365331570209
	0.0018379018528126298
	0.002619341365434476
	0.0024108604556288622
	0.0017464396669844787
	0.002518846447400194
	0.001473377710465045
	0.0018734452558290427
	0.0021695287097700656
	0.003820935489005095
	0.0024356243908406684
	0.002315180193494388
	0.0018305908167929208
	0.002666154909826601
	0.0023512779124192644
	0.002466359868713069
	0.002803957916175642
	0.0026772563950513855
	0.002793523796070279
	0.0015586273832909042
	0.001985007956716005
	0.0014036289340690791
	0.0028023821626881958
	0.0024589904982732134
	0.002359079018853934
	0.0035918278111099545
	0.001834275865600199
	0.0018326746297066224
	0.002201659479229892
	0.0019460099387258538
	0.0023046144038285973
	0.001898175037454141
	0.002315281380657881
	0.0019160266299415893
	0.002116689491587412
	0.002384534594388183
	0.0019264611104898674
	0.002962655379011972
	0.0024708004293309965
	0.0033694815079657416
	0.0016787659772754789
	0.0017675870864180179
	0.0019116728961878424
	0.0026594306287452876
	0.0016907185974381783
	0.001882854476159209
	0.0020746394678107355
	0.002844552027037826
	0.003236300484133223
	0.002292982908297159
	0.0017960717400832508
	0.0032489412212522214
	0.0015663190324997829
	0.002908053548244198
	0.0017669173841415968
	0.001907093697747763
	0.0032002001913625636
	0.002687102907685043
	0.0026627345187955056
	0.002068368163148895
	0.0033217032534945752
	0.0026130977331678047
	0.0023256733272970166
	0.0017984306756311799
	0.0024953393605051067
	0.00196668801346904
	0.0019543338827263924
	0.0026363361679524406
	0.0018129803232514513
	0.002169899464404147
	0.0020718381673483595
	0.0019620411026553966
	0.002393594711575039
	0.002941552356248573
	0.0027079342055658685
	0.0021269770813146134
	0.0032284032161431797
	0.001555710893391403
	0.0014407795627241744
	0.0015913250430750101
	0.001976245153875889
	0.002831669305204755
	0.0020646906505084562
	0.0022143609768752693
	0.002589150247156841
	0.0025671559692466914
	0.003446394705925799
	0.002423347972194373
	0.001743232139486367
	0.000999586659558958
	0.0026458856685681017
	0.002648168959583928
	0.002281397938839763
	0.002256088539418916
	0.0021998191039380947
	0.0034627740076338073
	0.0021709717365138844
	0.0020551544188078157
	0.002064966782249273
	0.0028409058087699277
	0.002695564832819318
	0.0023328757133578874
	0.0026220791712331815
	0.0035100215973598845
	0.0012124919644762701
	0.0024399641307365984
	0.00258909487573366
	0.0017583901387993035
	0.0010500837017221414
	0.0025222083723149095
	0.002269440252698378
	0.002320630942680612
	0.0024664106043297295
	0.0018224274015125053
	0.0028131308848251208
	0.0027514666036887623
	0.0025160979714962664
	0.001148438722333737
	0.002626286548827088
	0.0021852823229055766
	0.0020215589667950283
	0.001712461127360725
	0.0018963179483723338
	0.0020751781057240016
	0.003018306760034138
	0.0012458364766417553
	0.0028596187751307026
	0.0022054305321278127
	0.0027571770737035936
	0.002842610536829592
	0.0008515136645034177
	0.0025197590925871848
	0.0022808053756516846
	0.0026952207644213326
	0.002048456159914955
	0.0027208339869608696
	0.0017907233013808978
	0.0014977311095267824
	0.0012384306912085836
	0.0022476064516800875
	0.002753869365172376
	0.002622174873899692
	0.0024919127900743868
	0.0023778948112132886
	0.001897484140820106
	0.002455097141881718
	0.0034716109069385407
	0.0012773201691514086
	0.0014511334887632806
	0.002767804006856318
	0.0027847670146837113
	0.0020826238391152083
	0.0027755556140870294
	0.0023115758281664865
	0.0014342996136379096
	0.0030011252423379664
	0.0028807810812568344
	0.0027914710538419563
	0.0023232429217701803
	0.0031028608883865287
	0.001736524875825546
	0.0024229635790138752
	0.002750135785349798
	0.003668132586503717
	0.0026142894973798987
	0.0028396340415361315
	0.0024163390728120225
	0.0028741011566912906
	0.0032494400594499677
	0.001630554555763344
	0.003730344531001606
	0.002986395504958118
	0.001718441400165206
	0.002437722752685759
	0.001047670747389748
	0.0013650754172771277
	0.0019512713654934932
	0.0016323604529754209
	0.0031866914281194073
	0.0024413449296121917
	0.0019179022072335012
	0.0022038245023640467
	0.0024564713325353213
	0.0025252334250610835
	0.0030496444510253193
	0.0022173477927853787
	0.0010687735873876666
	0.0025191116806824653
	0.0017267760963173007
	0.0028076750750572928
	0.0029856173811174274
	0.0027629651944549635
	0.0031076251359106284
	0.0035591520323522475
	0.001779269773752715
	0.002124366556660797
	0.00284426582989842
	0.0027456379361444094
	0.002429857626488113
	0.002622296654551875
	0.002072169180914309
	0.003419496032437401
	0.002800668628936257
	0.002363138890111513
	0.0020495533751192577
	0.0019285605880885299
	0.0028288924174128477
	0.0029845529037476567
	0.002148733781143372
	0.0027632408820512985
	0.0028159199652308137
	0.003016596050743915
	0.0022928311347715008
	0.0017346039307486556
	0.0019956165215483253
	0.00330057989508382
	0.002450332267132781
	0.002423636227635944
	0.002326961763820878
	0.002290645892597888
	0.002714311672308245
	0.003030948402340857
	0.0019180387439180849
	0.0034444587832774577
	0.0026184678160893543
	0.002672033734467976
	0.002369179714277994
	0.003177994316729141
	0.002893882991979473
	0.0012700949156313382
	0.002246536391641821
	0.002917719179040551
	0.0034839301324962263
	0.002434879432894824
	0.0025463143868503426
	0.0026082004744077836
	0.002864015045910284
	0.0017074500563203543
	0.00364814277792926
	0.0024490686736626335
	0.002330983306637805
	0.002520767175541558
	0.0030472431330696758
	0.003229948655762925
	0.0023958501217781337
	0.003292121573789921
	0.0025574958365803552
	0.0031025294921260952
	0.0022705530127610477
	0.003009728068022305
	0.002342160592172922
	0.002957802018575234
	0.002966872304916447
	0.0022414671079728538
	0.0024975774334168328
	0.0018163897414853445
	0.0027666461054015766
	0.0017667825436262449
	0.002303324882825407
	0.003406338033587446
	0.003003499217988039
	0.003307298430448913
	0.0030184423181858766
	0.0031858339737721613
	0.0022912499079457953
	0.0023226113873338287
	0.003485113566307465
	0.0028291542198766056
	0.0028547144134667035
	0.002614524059416779
	0.0031111885468489025
	0.002474208884578822
	0.0017313498483333342
	0.0012191542150029166
	0.0024584294611488984
	0.0025577351227451008
	0.002112692624359788
	0.001823506795947866
	0.002304315823199981
	0.0032315221789000525
	0.0024565575089437403
	0.0030919434305866082
	0.0013516324173205362
	0.0019308889809342034
	0.002647612618538328
	0.0025345375099583125
	0.0026945225166169645
	0.0030614508916549836
	0.0017774053268399294
	0.0025136381731873684
	0.0010428033813426863
	0.0030065523905859763
	0.0023981514602158137
	0.0018710916606699182
	0.0027514831544564527
	0.0017027660098356424
	0.002319579744371791
	0.002115455361330578
	0.0018949531473975178
	0.002570080406070727
	0.0024973282968714277
	0.0021507223218654174
	0.002207671142544098
	0.002269041758174338
	0.0030209445378363313
	0.0022094830438804517
	0.0028354723713716013
	0.003157856836118103
	0.002292472481150363
	0.002170435445360477
	0.0023573584011588834
	0.002874712363207001
	0.0021572185588756626
	0.0025336218195834118
	0.002577908414643489
	0.0029055689717191976
	0.0022731958389286587
	0.002721861551620096
	0.0019254990428203983
	0.001798944807500063
	0.0020957092726465888
	0.0021052806415133114
	0.002576685731303034
	0.0027384664461730835
	0.003170179180180243
	0.0017820042682270437
	0.0016652014006489314
	0.0018324102294441787
	0.0026546652241440545
	0.0022082956587413417
	0.0025208838002543994
	0.0028331698586992107
	0.0021300730633193495
	0.002647358248920279
	0.003210847170355864
	0.0028430887087844245
	0.0014468659158095379
	0.0020675301176663503
	0.0028361228379279843
	0.002565396583914573
	0.0030122910141687728
	0.002559238242751583
	0.0028754074862990297
	0.001958810379027831
	0.0029960975966297756
	0.0023640572692653307
	0.002839667463336811
	0.0029731755604324086
	0.0013658005610818215
	0.001393872896375868
	0.002697113821745762
	0.0025697844252337157
	0.002249330721583721
	0.0019349248811788497
	0.0014007333445079503
	0.0024350904841557606
	0.002950133249556212
	0.0024297761076051455
	0.0013010680397486118
	0.0028224853695666746
	0.0012416486962788756
	0.0030826385077815264
	0.002121805043520046
	0.0028646967668558778
	0.001660626742674194
	0.0029081005600398676
	0.0018860204974238415
	0.0030029185817635356
	0.0023343016532549393
	0.0033012768662650225
	0.0028416438637036885
	0.002318315003294575
	0.0027708156254788703
	0.0025030726909306762
	0.0018918146328085494
	0.002943991674176201
	0.0021247758988498238
	0.0023358837543085128
	0.0017346991024984478
	0.0021162972612788163
	0.0025499996024076384
	0.0023003488662558936
	0.0011549084624241225
	0.001946167350659522
	0.001986057396205737
	0.0025268444072662293
	0.0027044712116907313
	0.0017303742501664848
	0.0029412644730937563
	0.0025490654816755125
	0.0034571243070891
	0.002244285280640607
	0.0019428664013610816
	0.001822963137941655
	0.0028671070870459983
	0.002422513959761053
