Mesh Points: 838
	 1.346316e-01, -4.711480e-01
	 1.311400e-01, -4.440562e-01
	 1.544476e-01, -4.863527e-01
	 2.024238e-01, -4.600311e-01
	 1.612899e-01, -4.245242e-01
	 1.724600e-01, -4.265520e-01
	 2.021979e-01, -4.589187e-01
	-1.385350e-01, -6.904786e-02
	-1.254257e-01, -4.240865e-02
	-1.325989e-01, -9.333492e-02
	-8.777768e-02, -4.139474e-02
	-7.422914e-02, -8.179029e-02
	-9.382650e-02, -1.015299e-01
	-1.221417e-01, -1.013381e-01
	-3.570671e-02, -2.634098e-01
	-7.081022e-02, -2.408746e-01
	-4.040937e-02, -2.898799e-01
	-7.384937e-02, -3.144565e-01
	-7.031784e-02, -3.155024e-01
	-1.006632e-01, -2.776942e-01
	-8.176242e-02, -2.443191e-01
	 4.181506e-01,  2.097767e-01
	 4.099476e-01,  2.086136e-01
	 3.716294e-01,  2.415560e-01
	 3.713440e-01,  2.451409e-01
	 4.108750e-01,  2.722648e-01
	 4.353889e-01,  2.373645e-01
	 4.117838e-01,  2.748363e-01
	 4.553094e-01,  2.867016e-01
	 4.735795e-01,  2.638569e-01
	 4.597916e-01,  2.398968e-01
	 6.683942e-02, -4.611844e-01
	 6.100611e-02, -4.594334e-01
	 1.149131e-01, -4.361924e-01
	 1.021143e-01, -4.066699e-01
	 5.339368e-02, -4.155801e-01
	-3.717059e-01, -1.139519e-01
	-3.836623e-01, -1.379281e-01
	-3.438575e-01, -1.095704e-01
	-3.328628e-01, -1.492936e-01
	-3.617376e-01, -1.637106e-01
	 1.135450e-01, -2.790165e-01
	 1.134828e-01, -2.885977e-01
	 9.152750e-02, -2.471819e-01
	 5.178838e-02, -2.541759e-01
	 4.908113e-02, -2.899638e-01
	 6.502383e-02, -3.066267e-01
	 1.029711e-01, -2.995513e-01
	-2.956216e-01, -3.188061e-01
	-2.999247e-01, -3.249656e-01
	-2.975840e-01, -2.749682e-01
	-3.371166e-01, -2.632502e-01
	-3.475602e-01, -2.834587e-01
	-3.339315e-01, -3.146449e-01
	-3.015296e-01, -3.254048e-01
	-2.555513e-01, -1.199978e-01
	-2.922021e-01, -1.175519e-01
	-2.501555e-01, -8.117753e-02
	-3.116813e-01, -8.865551e-02
	-2.606119e-01, -7.286428e-02
	-2.901888e-01, -4.308099e-01
	-3.297284e-01, -4.357332e-01
	-3.495685e-01, -4.045343e-01
	-2.896383e-01, -4.296267e-01
	-2.945556e-01, -3.881852e-01
	-3.434766e-01, -3.780183e-01
	-3.262637e-01, -3.731412e-01
	-3.927111e-01, -4.400318e-01
	-4.414832e-01, -4.391404e-01
	-4.487218e-01, -4.112871e-01
	-4.012507e-01, -3.841412e-01
	-3.836261e-01, -4.134710e-01
	-4.277859e-01, -3.800825e-01
	 5.000000e-01, -3.672478e-01
	 4.747893e-01, -3.607044e-01
	 5.000000e-01, -3.142339e-01
	 4.716254e-01, -3.275244e-01
	-2.091343e-02,  1.908131e-01
	-2.796828e-02,  1.832476e-01
	-4.070393e-02,  2.406645e-01
	-4.509330e-02,  2.407405e-01
	-8.110320e-02,  2.141068e-01
	-8.168305e-02,  1.875139e-01
	-8.371213e-02,  1.899385e-01
	-3.142111e-02,  1.369793e-01
	 4.140249e-03,  1.298639e-01
	-4.201640e-03,  1.922454e-01
	 3.572479e-02,  1.580145e-01
	 3.532639e-02,  1.541232e-01
	 4.636142e-01, -1.434365e-01
	 4.561487e-01, -1.010511e-01
	 4.767352e-01, -1.553848e-01
	 4.573718e-01, -9.944452e-02
	 5.000000e-01, -8.779595e-02
	 5.000000e-01, -1.581730e-01
	-4.559690e-01,  3.717405e-01
	-4.668496e-01,  3.573735e-01
	-4.620335e-01,  4.029988e-01
	-5.000000e-01,  4.149449e-01
	-5.000000e-01,  3.589227e-01
	 1.200403e-01,  3.715186e-01
	 1.256893e-01,  3.460496e-01
	 8.642118e-02,  3.164947e-01
	 7.234775e-02,  3.736505e-01
	 1.173920e-01,  3.736805e-01
	 5.496984e-02,  3.419516e-01
	 5.786773e-02,  3.328906e-01
	-2.355131e-01,  2.918056e-01
	-2.660457e-01,  3.237180e-01
	-2.876419e-01,  2.494758e-01
	-2.829944e-01,  3.186107e-01
	-3.072265e-01,  2.698887e-01
	 4.068902e-01, -1.524073e-01
	 4.092206e-01, -1.040973e-01
	-3.027439e-01, -1.689961e-01
	-3.105790e-01, -1.563202e-01
	-2.444217e-01, -1.343913e-01
	-2.632708e-01, -1.814028e-01
	-4.842610e-02,  4.371958e-02
	-5.035866e-02,  4.206902e-02
	-8.330700e-02,  4.566223e-02
	-8.542940e-02,  9.275569e-02
	-4.096622e-02,  8.838789e-02
	-9.263855e-02,  5.938442e-02
	-4.072066e-02,  8.799753e-02
	 5.000000e-01, -5.000000e-01
	 5.000000e-01, -4.533439e-01
	 4.511292e-01, -5.000000e-01
	 4.442787e-01, -4.586302e-01
	 4.414206e-01, -4.636971e-01
	 2.028771e-01,  1.810319e-01
	 1.681630e-01,  1.481369e-01
	 1.411706e-01,  1.857124e-01
	 1.540960e-01,  2.019687e-01
	 1.916601e-01,  2.009081e-01
	 2.749439e-01,  3.448391e-01
	 2.269033e-01,  3.506717e-01
	 2.935952e-01,  3.719079e-01
	 2.168132e-01,  3.653941e-01
	 2.362768e-01,  4.028948e-01
	 2.931285e-01,  3.763777e-01
	 2.558075e-01,  4.075037e-01
	-4.322574e-01, -1.186094e-01
	-4.679950e-01, -1.406195e-01
	-4.290397e-01, -9.240442e-02
	-4.809668e-01, -1.372047e-01
	-4.752160e-01, -8.446769e-02
	-4.361999e-01, -8.167393e-02
	 1.129326e-02,  3.650468e-01
	 1.186582e-02,  3.705989e-01
	 6.063685e-02,  4.014446e-01
	 4.615875e-02,  4.027488e-01
	-3.419844e-01, -4.536907e-01
	-3.780692e-01, -4.618323e-01
	-4.184470e-01,  8.729293e-02
	-3.787965e-01,  9.802918e-02
	-4.335833e-01,  1.191755e-01
	-4.169776e-01,  1.572473e-01
	-4.025435e-01,  1.527460e-01
	-3.752554e-01,  1.057218e-01
	-4.285376e-02,  3.084915e-01
	-4.807384e-02,  3.100715e-01
	-6.100578e-02,  3.474928e-01
	-4.453797e-02,  3.618115e-01
	-5.164859e-03,  3.515856e-01
	-8.650727e-03,  3.262351e-01
	 3.386863e-01,  4.967446e-02
	 3.089337e-01,  2.981947e-02
	 3.376291e-01,  7.998919e-02
	 3.066119e-01,  9.502275e-02
	 3.040137e-01,  9.309859e-02
	 2.972566e-01,  3.193236e-02
	 2.930346e-01,  3.708649e-02
	-1.179982e-01, -3.689318e-01
	-1.404188e-01, -3.844252e-01
	-1.206629e-01, -3.363135e-01
	-1.450194e-01, -3.171867e-01
	-1.540310e-01, -3.173012e-01
	-1.693206e-01, -3.776400e-01
	-1.745692e-01, -3.351419e-01
	 2.814052e-01,  4.795344e-01
	 2.547974e-01,  4.621683e-01
	 2.780530e-01,  5.000000e-01
	 2.196107e-01,  4.748127e-01
	 2.172300e-01,  5.000000e-01
	-2.739397e-01, -2.564442e-01
	-2.893140e-01, -2.252637e-01
	-3.335778e-01, -2.191663e-01
	-3.285736e-01, -2.171243e-01
	-3.424370e-01, -2.433732e-01
	 1.233917e-01, -1.731948e-01
	 1.488820e-01, -2.019634e-01
	 1.286807e-01, -1.564457e-01
	 1.821838e-01, -1.589845e-01
	 1.815117e-01, -1.753157e-01
	-4.732884e-01,  1.251977e-01
	-5.000000e-01,  1.036218e-01
	-4.230081e-01,  7.945743e-02
	-5.000000e-01,  9.829813e-02
	-4.652060e-01,  6.987453e-02
	-4.697860e-02,  7.450228e-03
	-7.471458e-02, -1.907614e-02
	-1.033925e-01,  1.375416e-02
	 2.549073e-01, -1.170885e-01
	 2.284678e-01, -1.499483e-01
	 2.503966e-01, -1.027469e-01
	 1.847749e-01, -1.211259e-01
	 2.141386e-01, -9.624232e-02
	 1.894044e-01, -1.483258e-01
	-3.638340e-01,  1.709852e-01
	-3.480101e-01,  1.639786e-01
	-3.365189e-01,  1.302459e-01
	 1.116797e-01,  1.831892e-01
	 1.008110e-01,  1.720906e-01
	 9.711682e-02,  2.369563e-01
	 5.040553e-02,  2.155764e-01
	 9.326620e-02,  2.380751e-01
	 5.743551e-02,  1.794972e-01
	 4.504678e-01, -3.785686e-01
	 4.114236e-01, -3.325996e-01
	 4.234680e-01, -3.123081e-01
	 4.219107e-01, -3.662228e-01
	 4.540415e-01, -3.110669e-01
	-1.417110e-01,  8.812863e-02
	-9.512982e-02,  1.075136e-01
	-1.421506e-01,  7.998747e-02
	-1.285456e-01,  6.246262e-02
	-1.212728e-01, -2.789516e-01
	-1.749363e-01, -2.767502e-01
	-1.429203e-01, -2.555645e-01
	 1.075004e-01,  4.115635e-01
	 7.860887e-02,  4.199275e-01
	 1.755034e-01, -2.857372e-01
	 1.512670e-01, -3.032259e-01
	 1.551449e-01, -2.376673e-01
	 1.521740e-01, -2.363872e-01
	 4.103451e-01, -4.674430e-01
	 4.423515e-01, -4.234403e-01
	 3.895228e-01, -4.132103e-01
	 3.714616e-01, -4.352907e-01
	 3.724825e-01, -4.289239e-01
	 8.967447e-02,  3.038894e-01
	 1.313180e-01,  2.844674e-01
	 1.405677e-01,  3.355889e-01
	 1.330974e-01,  2.852181e-01
	-8.188517e-02, -3.817451e-01
	-6.951579e-02, -4.016132e-01
	-7.197847e-02, -4.091751e-01
	-1.340187e-01, -4.286536e-01
	-1.313548e-01, -4.311427e-01
	-1.034101e-01, -4.348015e-01
	-3.572227e-02,  1.336434e-01
	-8.251721e-02,  1.396322e-01
	-2.122857e-02, -8.645850e-02
	 1.432689e-03, -1.203962e-01
	-6.931685e-03, -1.371371e-01
	-3.402214e-02, -8.568545e-02
	-3.311247e-02, -8.516590e-02
	-4.226780e-02, -1.390849e-01
	-4.186791e-02, -1.395981e-01
	-1.949001e-01,  1.953618e-01
	-2.320786e-01,  1.978860e-01
	-1.889554e-01,  2.322129e-01
	-2.371555e-01,  2.307862e-01
	-2.298736e-01,  2.374398e-01
	-3.399293e-01, -3.659870e-03
	-3.955850e-01,  1.765712e-02
	-3.700865e-01, -4.788634e-02
	-4.024723e-01, -3.651687e-02
	-3.794841e-01, -4.925618e-02
	-1.414676e-01,  2.844228e-01
	-1.594636e-01,  2.452133e-01
	-1.734843e-01,  2.445680e-01
	-2.035385e-01,  2.987650e-01
	-1.643237e-01,  3.048307e-01
	 1.768405e-01,  7.568982e-02
	 2.041924e-01,  9.533225e-02
	 1.504040e-01,  1.210098e-01
	 1.678541e-01,  1.391948e-01
	 2.053586e-01,  1.182061e-01
	 2.625285e-01, -7.796154e-02
	 2.433852e-01, -3.453525e-02
	 3.086598e-01, -7.125123e-02
	 2.546850e-01, -2.080572e-02
	 2.779713e-01, -1.416353e-02
	 3.024378e-01, -2.691096e-02
	 1.540862e-01, -3.337528e-01
	 1.142103e-01, -3.511697e-01
	 1.680545e-02,  9.037914e-02
	 4.268737e-04,  7.865272e-02
	-3.085666e-01, -3.722541e-02
	-3.382656e-01, -3.159759e-03
	-2.700386e-01, -2.591079e-02
	-2.708524e-01,  3.404919e-03
	-3.134114e-01,  2.177474e-02
	-3.234507e-01,  1.921340e-02
	-2.058411e-02,  2.741946e-01
	 1.353161e-02,  2.956421e-01
	 3.784801e-01, -3.357143e-01
	 3.803657e-01, -2.787129e-01
	 3.553869e-01, -3.145019e-01
	 4.081914e-01, -2.838138e-01
	 3.560679e-01, -3.177779e-01
	 3.810471e-01, -2.157901e-01
	 3.858423e-01, -1.637964e-01
	 3.253826e-01, -2.147125e-01
	 3.635875e-01, -1.568203e-01
	 3.249668e-01, -1.723547e-01
	 1.145185e-01,  1.155058e-01
	 1.012646e-01,  1.333723e-01
	-3.996799e-01,  2.129675e-01
	-3.752128e-01,  2.052499e-01
	-4.256712e-01,  1.714217e-01
	-8.923996e-02, -1.789702e-01
	-1.225352e-01, -1.998154e-01
	-9.621993e-02, -1.573830e-01
	-1.434255e-01, -1.557444e-01
	-1.303060e-01, -1.479270e-01
	-1.462891e-01, -1.737230e-01
	 3.712166e-01,  3.161186e-01
	 3.927191e-01,  3.581922e-01
	 4.033532e-01,  2.998090e-01
	 4.222122e-01,  3.301727e-01
	-2.487510e-01,  4.658492e-01
	-2.568826e-01,  4.603318e-01
	-2.855823e-01,  4.719938e-01
	-2.969562e-01,  5.000000e-01
	-2.483003e-01,  5.000000e-01
	 4.455558e-02, -5.000000e-01
	 4.851627e-02, -4.687017e-01
	 4.794830e-03, -5.000000e-01
	 2.994516e-03, -4.689252e-01
	 2.750136e-01, -2.179535e-01
	 2.657650e-01, -2.261178e-01
	 2.663684e-01, -1.850530e-01
	 2.436080e-01, -1.798137e-01
	 2.188304e-01, -2.132695e-01
	-1.406557e-01, -2.377743e-01
	-1.239032e-01, -2.244415e-01
	-2.502351e-01,  5.604364e-02
	-2.638504e-01,  6.747204e-02
	-2.089200e-01,  6.869533e-02
	-2.048401e-01,  9.664233e-02
	-2.293235e-01,  1.249357e-01
	-2.632944e-01,  1.067955e-01
	-3.666030e-01, -1.893198e-01
	-4.028822e-01, -2.011467e-01
	-4.222652e-01, -1.747318e-01
	-4.055653e-01, -1.421007e-01
	-2.335997e-01, -4.044869e-01
	-2.291557e-01, -3.951444e-01
	-2.677740e-01, -3.634266e-01
	-2.690096e-01, -3.633477e-01
	 3.933808e-01, -3.841385e-01
	 3.739359e-01, -3.677108e-01
	 1.171559e-01, -1.319694e-01
	 1.551028e-01, -1.011520e-01
	 3.899801e-01,  3.727920e-01
	 3.592913e-01,  3.762857e-01
	 3.304180e-01,  4.148945e-01
	 3.313013e-01,  4.199003e-01
	 3.573435e-01,  4.404259e-01
	 4.052061e-01,  3.929210e-01
	 3.488774e-01,  2.004225e-01
	 3.258002e-01,  2.025644e-01
	 2.994851e-01,  2.401572e-01
	 3.529618e-01,  2.593291e-01
	 2.999521e-01,  2.346312e-01
	-2.156221e-01, -3.888346e-01
	-2.186513e-01, -3.393488e-01
	-2.377018e-01, -3.362692e-01
	-2.539413e-01, -3.084304e-01
	 3.098427e-01,  1.352389e-01
	 3.550368e-01,  1.454319e-01
	 3.691152e-01,  1.184784e-01
	 3.574775e-01,  8.689798e-02
	-3.012252e-02,  4.179622e-01
	-4.835345e-02,  4.550290e-01
	-1.634270e-02,  4.159175e-01
	-1.506569e-02,  4.772960e-01
	 2.386586e-02,  4.546248e-01
	 1.922198e-02,  4.389705e-01
	 1.192253e-01,  5.000000e-01
	 1.116759e-01,  4.675720e-01
	 5.055021e-02,  5.000000e-01
	 4.904611e-02,  4.727843e-01
	 7.302034e-02,  4.551537e-01
	-4.375758e-01, -3.121000e-01
	-4.842534e-01, -2.958937e-01
	-4.298450e-01, -2.965789e-01
	-4.721249e-01, -2.598112e-01
	-4.431709e-01, -2.501566e-01
	-3.733101e-01, -3.393601e-01
	-3.699929e-01, -3.570539e-01
	 2.968904e-01, -2.898872e-01
	 3.105162e-01, -2.842738e-01
	 2.857514e-01, -3.056647e-01
	 3.011295e-01, -3.494055e-01
	 3.226076e-01, -3.602960e-01
	 9.620654e-02, -1.241398e-01
	 8.565107e-02, -1.308033e-01
	 9.266282e-02, -9.181955e-02
	 3.998636e-02, -8.689397e-02
	 7.687967e-02, -7.733817e-02
	 3.614402e-02, -1.165001e-01
	 4.248948e-02, -1.252625e-01
	-1.321190e-01, -3.072895e-02
	-1.217313e-01,  1.126866e-02
	-7.515858e-02, -2.657143e-02
	 1.151828e-01,  2.458746e-01
	 1.496433e-01,  2.331991e-01
	 4.164916e-01, -5.831602e-02
	 4.484512e-01, -5.502991e-02
	 4.027615e-01, -4.290602e-02
	 4.549997e-01, -4.504530e-02
	 4.314441e-01, -2.211824e-03
	 4.091147e-01, -1.378946e-02
	 4.299985e-01, -1.854991e-03
	 3.030310e-01,  2.986718e-01
	 2.779882e-01,  3.201402e-01
	 3.400543e-01,  3.063981e-01
	 3.303386e-01,  3.516320e-01
	 3.411365e-01,  3.079919e-01
	 2.959929e-01,  4.721376e-01
	 3.233134e-01,  4.880858e-01
	 3.249121e-01,  5.000000e-01
	 2.650769e-01,  4.288678e-01
	 2.996703e-01,  4.423746e-01
	-2.738186e-01,  1.739681e-01
	-2.822831e-01,  1.685063e-01
	-2.875390e-01,  2.342187e-01
	-3.252895e-01,  2.084140e-01
	-3.229961e-01,  1.896162e-01
	 9.953668e-02, -3.307178e-02
	 1.272861e-01, -6.964344e-02
	 8.137691e-02, -4.308993e-02
	-2.683748e-01, -2.749588e-02
	-3.234462e-01, -7.597077e-02
	-3.205762e-01, -8.478037e-02
	 4.744711e-01,  2.178326e-01
	 4.600606e-01,  1.826787e-01
	 4.507916e-01,  1.790453e-01
	-4.469095e-01, -1.721285e-01
	-3.463151e-01,  2.198947e-01
	-3.485048e-01,  2.583546e-01
	-3.272062e-01,  2.724556e-01
	-2.852349e-01,  2.392850e-01
	-3.906054e-01, -8.976444e-02
	-5.000000e-01,  2.962291e-01
	-4.634247e-01,  2.540213e-01
	-5.000000e-01,  2.431131e-01
	-4.634157e-01,  2.537316e-01
	 1.710343e-01, -3.481968e-01
	 1.702145e-01, -3.690953e-01
	 1.084913e-01, -3.629121e-01
	 1.477292e-01, -3.864197e-01
	 1.148929e-01, -3.778086e-01
	-2.264829e-01,  1.403063e-01
	-2.966576e-01,  1.313749e-01
	-2.522215e-01,  1.737482e-01
	-1.202758e-02, -3.541054e-01
	-1.104529e-03, -3.407618e-01
	-6.304040e-02, -3.331208e-01
	-2.734857e-03, -3.201139e-01
	 1.427890e-01,  5.364346e-02
	 1.390017e-01,  3.462104e-02
	 1.754810e-01,  7.092588e-02
	 1.858939e-01,  6.923141e-03
	 1.815454e-01,  6.461081e-03
	 2.032684e-01,  3.222731e-02
	-2.006488e-01,  3.468511e-01
	-1.863146e-01,  3.586663e-01
	-2.494006e-01,  3.643486e-01
	-2.201584e-01,  4.041929e-01
	-1.850904e-01,  3.703821e-01
	-2.236676e-01,  4.033297e-01
	 2.426100e-01,  7.308690e-02
	 2.565344e-01,  9.078515e-02
	 2.428856e-01,  1.404222e-01
	-1.585627e-01,  4.689175e-01
	-1.492170e-01,  4.479176e-01
	-1.458614e-01,  5.000000e-01
	-1.087432e-01,  5.000000e-01
	-9.863688e-02,  4.578245e-01
	 5.524759e-02, -3.487921e-01
	 1.802987e-02, -2.925364e-01
	 5.000000e-01,  1.661251e-01
	 5.000000e-01,  2.197646e-01
	-1.772128e-01, -2.238945e-02
	-1.976394e-01, -4.360782e-02
	-1.797511e-01,  2.466312e-02
	-2.217045e-01,  8.393286e-03
	-1.804984e-01,  2.534375e-02
	-2.199237e-01, -2.519858e-02
	 2.322121e-01, -4.041518e-01
	 2.661488e-01, -3.871801e-01
	 2.334093e-01, -4.110330e-01
	 2.961194e-01, -4.170433e-01
	 2.625260e-01, -4.323398e-01
	-5.000000e-01, -2.387025e-01
	-5.000000e-01, -3.011830e-01
	 1.051695e-01,  8.557381e-02
	-4.368882e-01,  2.932349e-01
	-5.000000e-01,  3.028941e-01
	-4.570674e-01,  3.234599e-01
	-4.439222e-01,  3.162924e-01
	 9.812868e-02,  8.084518e-02
	 8.661826e-02,  5.117523e-02
	 1.056245e-01,  1.161847e-02
	-1.365839e-01,  2.467110e-02
	-3.299139e-01,  3.414218e-01
	-3.443640e-01,  3.350219e-01
	-3.499369e-01,  3.222434e-01
	-7.975638e-02, -1.340306e-01
	 1.642223e-01, -5.723809e-02
	 1.493663e-01, -7.416675e-02
	 1.536086e-01, -2.165197e-02
	 1.096345e-01, -1.026820e-02
	-4.050971e-01,  3.602509e-01
	-3.707534e-01,  3.623396e-01
	-4.154014e-01,  3.744786e-01
	-4.061870e-01,  4.133530e-01
	-4.000645e-01,  4.180376e-01
	-3.613321e-01,  4.025467e-01
	 3.507728e-01, -1.072597e-01
	 3.244804e-01, -1.028850e-01
	 3.104442e-01, -7.224891e-02
	 3.518132e-01, -4.446344e-02
	 3.672453e-01, -5.468752e-02
	 3.726140e-01, -9.364450e-02
	 1.845718e-02, -6.514636e-02
	-3.827853e-02, -4.084844e-02
	-7.346444e-03, -1.314317e-02
	-2.290856e-03, -1.242102e-02
	 2.273419e-02, -3.046524e-02
	-1.916526e-01, -4.578346e-01
	-1.782172e-01, -4.317249e-01
	-2.206216e-01, -4.576621e-01
	-1.917294e-01, -3.929014e-01
	-2.064444e-01, -7.326598e-02
	-1.968261e-01, -5.596871e-02
	-3.902574e-01, -5.000000e-01
	-4.192445e-01, -5.000000e-01
	-4.528544e-01, -4.612523e-01
	 9.781887e-02, -2.252284e-01
	 4.316137e-02, -2.257955e-01
	 8.504176e-02, -2.039414e-01
	 3.925139e-02, -2.393583e-01
	 2.994451e-01, -1.523822e-01
	 2.961374e-01, -1.396356e-01
	 5.842865e-02, -3.542042e-01
	 2.106009e-01, -4.684073e-01
	 2.086123e-01, -5.000000e-01
	 2.521676e-01, -4.748144e-01
	 2.529294e-01, -5.000000e-01
	-4.265077e-01, -4.447222e-02
	-4.752986e-01,  3.170181e-02
	-4.498180e-01,  1.500579e-02
	-4.112972e-01,  2.805526e-02
	-3.552315e-01,  6.104451e-02
	-3.485524e-01,  5.911527e-02
	-3.969001e-01,  2.020772e-02
	 2.169771e-01, -3.898453e-01
	 2.000687e-01, -3.912243e-01
	 1.551378e-01, -5.000000e-01
	-3.756754e-01, -2.921789e-01
	-3.764181e-01, -3.363487e-01
	 2.113509e-01, -2.157834e-01
	 2.836339e-01,  2.584027e-01
	 4.043012e-01, -1.561517e-01
	 4.081637e-01, -1.029385e-01
	-9.446439e-02, -4.677001e-01
	-1.314962e-01, -4.894502e-01
	-1.428580e-01, -4.752334e-01
	-2.028299e-01,  4.248270e-01
	-2.194282e-01,  4.639994e-01
	-1.578408e-01,  4.270240e-01
	-1.956314e-01,  4.861553e-01
	-3.704675e-01,  4.706128e-01
	-3.976322e-01,  4.516662e-01
	-3.781462e-01,  5.000000e-01
	-4.403637e-01,  5.000000e-01
	-4.367280e-01,  4.798515e-01
	-5.000000e-01, -6.381854e-02
	-5.000000e-01, -1.429714e-01
	 3.686994e-01,  1.694004e-01
	 3.826061e-01,  1.709977e-01
	-3.295487e-01,  5.000000e-01
	-3.482271e-01,  4.664110e-01
	 5.000000e-01, -5.665910e-03
	 4.666752e-01,  1.151759e-02
	 5.000000e-01,  4.929229e-02
	 4.720883e-01,  5.263662e-02
	-4.124404e-01, -2.300693e-01
	-4.365482e-01, -2.386617e-01
	-4.691310e-01, -2.052059e-01
	-4.540701e-01,  2.414814e-01
	-3.931810e-01,  2.769328e-01
	-4.087890e-01,  2.356701e-01
	-3.909260e-01,  2.694797e-01
	 4.239320e-02, -4.043200e-01
	-1.311286e-02, -3.677878e-01
	 3.214229e-02, -4.043857e-01
	-1.561977e-02,  5.000000e-01
	-5.000000e-01, -3.948981e-01
	-5.000000e-01, -4.600760e-01
	-4.688280e-01, -4.672124e-01
	 3.915620e-01, -5.000000e-01
	-3.840469e-01,  3.037035e-01
	 1.672460e-01,  3.376706e-01
	 1.881831e-01,  3.660933e-01
	 1.673906e-01,  3.955402e-01
	-4.120229e-01,  3.320080e-01
	 5.000000e-01,  2.647026e-01
	 5.000000e-01,  3.174234e-01
	 4.625132e-01,  3.226735e-01
	 4.220735e-01,  5.000000e-01
	 4.223933e-01,  4.744912e-01
	 4.105539e-01,  4.630909e-01
	 3.650534e-01,  4.578989e-01
	 3.670726e-01,  5.000000e-01
	 2.920849e-01,  1.706008e-01
	 2.765753e-01,  2.044741e-01
	 2.116042e-01, -3.652249e-02
	 1.993419e-01, -5.119138e-02
	-2.595354e-01, -1.883774e-01
	-3.946489e-01, -2.464644e-01
	 2.158704e-01, -2.635285e-01
	 2.055163e-01, -2.260768e-01
	 1.834423e-01, -2.867251e-01
	 7.186510e-02,  2.736170e-01
	-2.388488e-01, -2.786784e-01
	-2.564299e-01, -2.592516e-01
	 1.738218e-01,  2.712515e-01
	 1.783332e-01,  2.626277e-01
	 1.878803e-01,  3.065085e-01
	 2.207363e-01,  3.107744e-01
	 2.350000e-01,  2.939425e-01
	 1.982435e-01,  2.535695e-01
	-1.787236e-01, -1.920213e-01
	-1.820151e-01, -2.175000e-01
	 2.321310e-01,  3.866809e-02
	 2.427050e-01,  5.011595e-02
	-2.922305e-01,  6.320101e-02
	-2.507609e-01,  2.474341e-02
	 2.554367e-01, -4.724079e-01
	 3.205821e-01, -2.208932e-01
	 2.686082e-01, -3.654318e-01
	 2.474860e-01, -3.487232e-01
	 2.645796e-01, -3.105932e-01
	-8.859921e-02,  3.528509e-01
	-1.133350e-01,  3.373499e-01
	-8.727652e-02,  3.990655e-01
	-1.301802e-01,  3.446744e-01
	-1.432554e-01,  3.978747e-01
	-9.047510e-02,  4.021884e-01
	 4.273766e-01, -2.584028e-01
	 4.164453e-01, -2.227259e-01
	 3.841920e-01, -2.192544e-01
	 3.723606e-01, -2.652514e-01
	-1.616842e-01,  1.160673e-01
	-1.863210e-01,  5.069869e-02
	 2.314498e-01, -2.727342e-01
	 2.623310e-01, -2.554855e-01
	-3.257728e-02, -3.932045e-01
	-2.743827e-02, -4.626977e-01
	-4.537249e-02, -4.572059e-01
	-1.243681e-02, -4.579696e-01
	-5.511578e-03, -4.285102e-01
	 2.599174e-02,  2.287614e-01
	-1.811020e-01, -1.248314e-01
	-4.541372e-01, -2.495371e-02
	 1.339591e-01,  4.352556e-01
	 1.686991e-01,  4.060244e-01
	-2.041676e-01,  2.990351e-01
	-1.513484e-01,  3.380900e-01
	 1.976498e-01,  4.341910e-01
	 7.599117e-02, -1.766494e-01
	 2.914879e-02, -1.693034e-01
	 2.301131e-01,  1.731344e-01
	 2.461634e-01,  1.475859e-01
	 1.053402e-01,  1.087988e-02
	 5.077199e-02,  4.560562e-02
	 4.481122e-02,  3.399897e-02
	 5.557145e-02,  1.326841e-02
	 3.972528e-01,  8.070077e-02
	 3.821761e-01,  7.252635e-02
	 3.988047e-01,  1.114940e-01
	 1.465863e-01, -2.276422e-01
	-5.000000e-01, -2.074651e-01
	 9.822586e-02, -4.983790e-01
	 9.819247e-02, -5.000000e-01
	 4.310461e-01,  6.316674e-02
	 4.167845e-01,  3.778228e-02
	 3.793407e-01,  4.207153e-02
	-2.971687e-01, -5.000000e-01
	-2.757070e-01, -4.609796e-01
	-3.201350e-01, -5.000000e-01
	-1.851410e-01,  1.817478e-01
	-1.363672e-01,  1.879259e-01
	-1.394871e-01,  2.283294e-01
	 5.000000e-01, -2.250853e-01
	 4.742225e-01, -2.266685e-01
	 4.482289e-01, -2.053342e-01
	-1.485634e-01,  4.013703e-01
	-9.186719e-02,  1.322024e-01
	-4.713007e-01,  1.564772e-01
	-4.349260e-01,  1.733701e-01
	-4.584081e-01,  4.492946e-01
	-5.000000e-01,  5.000000e-01
	-5.000000e-01,  4.460464e-01
	-1.963347e-01,  5.000000e-01
	-5.020674e-02,  3.974347e-01
	-8.977927e-02,  4.535660e-01
	-6.230334e-02,  4.613600e-01
	-9.268972e-02,  2.825245e-01
	-1.081552e-01,  2.939049e-01
	 4.523574e-01,  7.135999e-02
	 4.419613e-01,  1.122572e-01
	 4.144285e-01,  1.237196e-01
	-1.602137e-01,  1.299520e-01
	-1.892980e-01,  1.574223e-01
	-2.067537e-01, -3.304430e-01
	-2.155538e-01, -2.808245e-01
	-5.000000e-01,  1.781212e-01
	-5.000000e-01, -3.644306e-01
	-4.326724e-01, -3.297382e-01
	-4.402643e-01, -3.500859e-01
	-1.536829e-02, -1.947335e-01
	 1.659056e-02, -1.768823e-01
	-4.360709e-02, -1.861693e-01
	 1.665957e-02, -1.767519e-01
	 2.965239e-01, -4.171045e-01
	 3.294848e-01, -3.889743e-01
	 3.112752e-01, -4.491458e-01
	 3.528925e-01, -4.559132e-01
	 2.063487e-01, -3.325516e-01
	 2.083808e-01, -3.133823e-01
	 4.678713e-01, -2.804565e-01
	 5.000000e-01, -2.822623e-01
	 4.572335e-01, -2.590619e-01
	-4.471617e-01,  4.187574e-01
	 4.587392e-01,  4.594225e-01
	 4.662259e-01,  4.247787e-01
	 4.371955e-01,  3.994596e-01
	 4.241718e-01,  4.007884e-01
	 2.278372e-01, -3.530226e-01
	-1.839328e-01, -5.000000e-01
	-1.814112e-01, -4.703359e-01
	-2.365014e-01, -5.000000e-01
	-2.371490e-01, -4.701887e-01
	 4.566210e-01,  7.030977e-02
	 2.063717e-01,  2.399787e-01
	 4.133238e-02,  8.792420e-02
	 7.181594e-03,  2.855708e-02
	-4.993603e-03,  4.323653e-02
	-2.351627e-01, -2.134914e-01
	-1.969878e-01, -2.279503e-01
	-1.985148e-01, -2.707752e-01
	 2.947926e-01, -4.738475e-01
	 3.308924e-01, -3.788622e-01
	 5.000000e-01,  1.222213e-01
	 4.601293e-01,  1.294788e-01
	 4.421868e-01,  1.604184e-01
	 5.351735e-02,  1.297964e-01
	 4.342317e-02,  8.951748e-02
	 4.803986e-01,  4.789665e-01
	 4.772761e-01,  5.000000e-01
	 3.765670e-02, -2.526374e-02
	-3.213319e-01,  4.455652e-01
	-3.326531e-01,  4.467826e-01
	-2.514975e-02,  2.533771e-01
	 2.301201e-02,  2.369559e-01
	 4.512345e-01, -4.109822e-01
	 2.889368e-01,  1.559818e-01
	 2.354880e-01, -2.944783e-01
	 3.620545e-02,  2.753558e-01
	 2.414207e-01,  2.298590e-01
	 2.721632e-01,  2.591519e-01
	 2.492715e-01,  2.095747e-01
	-2.054825e-01, -1.705669e-01
	-2.059459e-01, -1.363328e-01
	-1.914289e-01, -1.238063e-01
	-2.551074e-01,  3.617122e-01
	-2.333929e-01,  2.911626e-01
	-7.999715e-02, -4.749300e-01
	-7.477875e-02, -5.000000e-01
	-1.317068e-01, -5.000000e-01
	 1.342883e-01,  4.416529e-01
	-5.909131e-02, -1.935849e-01
	-3.931449e-01, -2.815359e-01
	 3.254594e-01, -2.569452e-01
	 5.000000e-01, -4.228970e-01
	 4.599558e-01,  3.611206e-01
	 4.549242e-01,  3.335740e-01
	 5.000000e-01,  3.716975e-01
	-5.000000e-01,  1.904260e-01
	-4.644719e-01,  2.044756e-01
	-3.145558e-01,  7.685753e-02
	-3.165389e-01,  1.241044e-01
	 1.546992e-01,  5.000000e-01
	 1.654056e-01,  4.603569e-01
	 1.970122e-01,  4.461996e-01
	 4.159424e-01,  1.489240e-01
	-1.321460e-01,  1.527473e-01
	-1.321800e-01,  1.835801e-01
	 2.572769e-02,  2.927523e-01
	-4.729437e-01, -5.000000e-01
	 3.630733e-01,  4.562908e-01
	-3.457378e-02, -5.000000e-01
	 5.000000e-01,  4.202435e-01
	-3.512315e-01,  4.057256e-01
	 5.000000e-01,  1.124905e-01
	-5.000000e-01,  2.684035e-02
	 5.000000e-01,  4.742467e-01
	 5.000000e-01,  5.000000e-01
	-2.965766e-01,  3.902857e-01
	-3.113399e-01,  3.840887e-01
	-2.921201e-01,  4.087168e-01
	-1.043375e-01,  2.387686e-01
	 3.565987e-01, -5.000000e-01
	-7.571751e-03, -2.506334e-01
	-2.429763e-01, -1.969813e-01
	-5.901773e-02,  5.000000e-01
	 2.430890e-01,  2.924736e-01
	-7.338205e-03, -2.503094e-01
	 3.714530e-01,  3.535672e-02
	-2.591231e-01,  4.341011e-01
	 3.358994e-01, -1.234914e-02
	 4.376834e-01, -2.053070e-01
	 5.000000e-01, -3.644318e-02
	-9.067727e-02,  2.751112e-01
	 8.643756e-02, -1.904721e-01
	 3.684584e-01,  3.761434e-03
	-5.000000e-01, -3.882609e-02
	 3.438463e-01, -1.471540e-02
	-5.000000e-01, -5.000000e-01
	 3.067649e-01, -5.000000e-01
Mesh Facets: 1255
	25, 26
	75, 73
	78, 77
	93, 94
	99, 98
	89, 90
	55, 56
	126, 125
	125, 127
	105, 103
	67, 71
	62, 61
	184, 182
	51, 50
	156, 154
	198, 196
	120, 119
	158, 159
	74, 76
	121, 123
	176, 177
	150, 103
	104, 103
	42, 41
	129, 128
	102, 101
	174, 173
	84, 78
	82, 78
	47, 42
	42, 233
	84, 251
	84, 85
	124, 122
	165, 160
	219, 220
	277, 278
	213, 212
	131, 132
	158, 157
	209, 158
	326, 327
	328, 330
	19, 20
	227, 229
	40, 37
	63, 64
	221, 219
	219, 298
	206, 208
	193, 192
	24, 23
	350, 351
	370, 351
	352, 351
	48, 49
	169, 168
	384, 382
	54, 53
	65, 66
	300, 302
	202, 201
	8, 10
	212, 132
	212, 214
	133, 132
	378, 381
	151, 149
	137, 135
	182, 180
	182, 425
	359, 360
	140, 141
	401, 403
	59, 58
	292, 290
	30, 26
	21, 26
	348, 347
	142, 143
	431, 430
	109, 111
	437, 438
	269, 267
	38, 36
	450, 448
	286, 287
	343, 344
	429, 428
	18, 16
	276, 279
	481, 482
	45, 46
	461, 463
	487, 486
	440, 439
	390, 388
	500, 499
	277, 308
	277, 275
	464, 466
	422, 421
	358, 357
	319, 320
	449, 448
	448, 503
	501, 464
	464, 465
	407, 202
	226, 123
	120, 123
	120, 202
	111, 445
	110, 111
	258, 256
	12, 11
	434, 433
	253, 257
	349, 350
	368, 350
	59, 57
	59, 436
	493, 489
	541, 542
	67, 153
	67, 68
	43, 44
	307, 306
	525, 524
	287, 454
	287, 47
	46, 484
	46, 47
	554, 552
	447, 269
	147, 144
	268, 269
	199, 197
	266, 265
	295, 291
	6, 5
	494, 496
	552, 551
	552, 564
	2, 3
	53, 392
	53, 52
	335, 336
	193, 208
	193, 194
	208, 204
	365, 366
	418, 420
	524, 529
	304, 306
	113, 112
	524, 306
	249, 250
	479, 480
	581, 580
	146, 145
	584, 583
	363, 23
	23, 22
	580, 587
	580, 578
	591, 589
	442, 347
	347, 346
	62, 71
	62, 65
	393, 65
	71, 70
	451, 449
	449, 502
	484, 550
	460, 461
	461, 484
	380, 379
	603, 384
	384, 385
	605, 604
	69, 68
	543, 68
	127, 129
	127, 607
	129, 236
	445, 444
	445, 512
	597, 599
	243, 101
	101, 100
	315, 317
	12, 513
	12, 13
	608, 597
	502, 505
	502, 597
	614, 613
	29, 28
	620, 616
	367, 364
	514, 516
	467, 468
	186, 188
	117, 114
	187, 189
	346, 345
	346, 593
	234, 232
	409, 214
	214, 216
	242, 241
	371, 48
	50, 185
	48, 50
	600, 550
	550, 454
	454, 456
	34, 35
	338, 337
	318, 314
	284, 283
	172, 171
	294, 293
	340, 339
	6, 3
	6, 496
	496, 498
	551, 3
	553, 551
	548, 307
	334, 332
	305, 307
	396, 397
	356, 355
	401, 434
	401, 399
	434, 515
	172, 642
	477, 476
	170, 172
	301, 299
	223, 225
	341, 342
	628, 627
	333, 336
	567, 336
	247, 246
	215, 217
	87, 86
	317, 13
	317, 316
	9, 13
	268, 555
	268, 266
	558, 557
	266, 561
	462, 460
	460, 601
	246, 245
	246, 664
	100, 104
	100, 611
	104, 230
	420, 422
	420, 366
	319, 321
	422, 319
	366, 24
	24, 25
	27, 25
	470, 471
	273, 274
	611, 610
	611, 673
	139, 138
	405, 400
	131, 278
	131, 130
	279, 278
	279, 478
	507, 508
	520, 518
	95, 96
	505, 504
	612, 505
	207, 206
	514, 624
	206, 356
	515, 514
	356, 515
	375, 374
	150, 151
	151, 381
	381, 380
	385, 386
	231, 150
	380, 385
	235, 41
	544, 43
	41, 43
	499, 689
	594, 595
	499, 390
	391, 390
	0, 2
	2, 564
	564, 691
	685, 686
	695, 697
	60, 61
	152, 61
	260, 262
	272, 271
	91, 94
	94, 701
	675, 471
	471, 474
	654, 653
	122, 251
	122, 121
	224, 121
	252, 251
	157, 156
	156, 195
	312, 157
	582, 581
	710, 709
	709, 581
	481, 479
	711, 481
	577, 479
	162, 163
	652, 650
	712, 652
	652, 655
	377, 376
	181, 180
	180, 423
	426, 427
	334, 335
	334, 548
	549, 548
	335, 204
	204, 203
	651, 650
	162, 161
	162, 650
	267, 437
	267, 265
	290, 437
	290, 291
	291, 265
	685, 687
	692, 685
	660, 342
	342, 343
	343, 457
	455, 453
	4, 5
	563, 5
	371, 631
	370, 371
	369, 370
	706, 195
	196, 724
	195, 196
	500, 388
	725, 500
	388, 387
	259, 255
	240, 239
	281, 280
	624, 623
	624, 207
	207, 205
	452, 286
	233, 232
	233, 286
	232, 629
	702, 701
	701, 739
	95, 520
	95, 97
	520, 521
	618, 617
	648, 647
	494, 562
	494, 495
	747, 749
	537, 535
	693, 692
	592, 590
	692, 717
	417, 415
	72, 69
	725, 727
	604, 725
	604, 69
	410, 133
	134, 133
	634, 638
	682, 683
	288, 289
	631, 632
	631, 723
	734, 732
	498, 645
	498, 497
	443, 431
	311, 209
	210, 209
	431, 432
	255, 254
	255, 731
	404, 405
	678, 405
	149, 148
	712, 163
	712, 376
	378, 376
	378, 149
	164, 163
	222, 220
	220, 301
	301, 656
	740, 738
	238, 240
	240, 733
	353, 354
	179, 178
	369, 722
	369, 368
	368, 538
	517, 516
	508, 465
	465, 468
	468, 516
	681, 508
	486, 761
	486, 440
	440, 441
	711, 577
	327, 711
	327, 323
	577, 575
	288, 85
	85, 88
	753, 288
	742, 617
	616, 617
	616, 767
	402, 403
	435, 403
	530, 534
	325, 326
	588, 587
	587, 326
	462, 245
	18, 462
	17, 18
	245, 173
	173, 175
	77, 79
	86, 77
	86, 669
	406, 407
	509, 407
	488, 490
	221, 218
	238, 237
	238, 353
	353, 221
	413, 411
	529, 570
	529, 528
	640, 337
	337, 229
	228, 229
	757, 758
	169, 170
	372, 169
	680, 478
	478, 477
	477, 170
	662, 663
	394, 396
	396, 649
	203, 205
	549, 203
	526, 525
	549, 525
	280, 282
	280, 205
	354, 760
	298, 354
	302, 298
	398, 302
	215, 216
	215, 669
	630, 216
	772, 669
	568, 365
	365, 367
	367, 622
	639, 318
	316, 318
	670, 316
	755, 754
	119, 118
	533, 532
	200, 119
	781, 782
	57, 539
	55, 57
	116, 55
	263, 261
	430, 446
	428, 430
	459, 428
	472, 470
	470, 674
	107, 108
	521, 741
	708, 582
	582, 579
	522, 521
	571, 572
	786, 787
	231, 386
	230, 231
	230, 672
	383, 386
	259, 258
	259, 730
	313, 315
	315, 513
	513, 258
	726, 387
	387, 389
	566, 565
	790, 389
	593, 626
	594, 593
	391, 594
	389, 391
	395, 394
	394, 663
	333, 332
	332, 646
	663, 333
	115, 56
	56, 58
	39, 38
	38, 438
	438, 58
	7, 9
	9, 670
	539, 540
	782, 539
	670, 782
	635, 633
	244, 243
	243, 609
	126, 128
	792, 126
	237, 773
	128, 237
	795, 614
	614, 615
	118, 124
	118, 755
	124, 289
	289, 755
	796, 450
	451, 596
	450, 451
	664, 601
	668, 664
	601, 602
	690, 0
	0, 1
	31, 33
	340, 643
	458, 344
	344, 340
	257, 256
	257, 531
	408, 10
	10, 11
	256, 11
	184, 183
	800, 184
	719, 687
	585, 586
	374, 373
	374, 687
	348, 142
	348, 37
	142, 144
	144, 447
	447, 36
	37, 36
	720, 721
	698, 699
	493, 436
	493, 491
	293, 644
	293, 292
	436, 292
	681, 517
	681, 684
	517, 433
	768, 435
	433, 435
	248, 174
	178, 174
	536, 538
	178, 538
	297, 165
	165, 164
	164, 148
	148, 105
	105, 106
	97, 741
	97, 98
	710, 708
	98, 710
	708, 741
	543, 542
	542, 807
	606, 543
	804, 805
	83, 82
	252, 82
	252, 705
	673, 676
	673, 672
	788, 672
	801, 802
	75, 76
	739, 75
	738, 222
	738, 739
	222, 76
	309, 213
	88, 87
	764, 88
	217, 87
	217, 213
	760, 733
	760, 398
	397, 398
	495, 647
	497, 495
	733, 732
	732, 497
	647, 397
	619, 618
	745, 618
	362, 361
	331, 330
	330, 809
	667, 665
	795, 793
	810, 795
	744, 743
	32, 35
	668, 602
	668, 667
	600, 602
	600, 35
	331, 667
	329, 331
	562, 563
	562, 746
	736, 452
	453, 452
	563, 453
	679, 130
	777, 779
	130, 134
	134, 752
	329, 32
	328, 329
	690, 691
	31, 690
	31, 32
	691, 328
	772, 771
	776, 772
	296, 297
	806, 297
	588, 770
	588, 578
	578, 579
	579, 522
	522, 523
	801, 788
	800, 801
	382, 383
	382, 800
	788, 383
	506, 501
	764, 309
	764, 765
	308, 501
	309, 308
	776, 630
	776, 806
	806, 106
	102, 241
	241, 630
	106, 102
	775, 662
	737, 629
	627, 662
	629, 627
	748, 747
	787, 572
	787, 747
	572, 573
	719, 718
	719, 803
	763, 762
	641, 283
	283, 281
	623, 467
	467, 469
	281, 623
	591, 592
	812, 591
	592, 751
	199, 198
	199, 556
	813, 198
	442, 143
	442, 595
	145, 584
	145, 143
	595, 689
	689, 584
	439, 487
	439, 30
	30, 29
	29, 613
	613, 487
	766, 767
	767, 815
	815, 814
	770, 769
	811, 770
	92, 90
	411, 412
	570, 411
	113, 570
	90, 113
	622, 779
	622, 621
	679, 779
	774, 680
	679, 680
	805, 699
	805, 83
	81, 83
	699, 700
	735, 239
	236, 607
	607, 820
	239, 236
	485, 463
	463, 16
	16, 14
	272, 262
	273, 272
	784, 674
	262, 264
	674, 273
	792, 773
	73, 792
	74, 218
	74, 73
	773, 218
	473, 474
	574, 576
	474, 704
	803, 763
	803, 586
	586, 22
	22, 21
	21, 441
	763, 441
	534, 533
	534, 768
	754, 533
	754, 683
	684, 768
	684, 683
	116, 781
	117, 116
	781, 780
	625, 117
	812, 751
	761, 812
	761, 762
	717, 751
	717, 718
	718, 762
	429, 432
	429, 458
	210, 432
	211, 210
	458, 799
	482, 823
	482, 483
	713, 714
	531, 408
	531, 532
	532, 200
	408, 201
	201, 200
	247, 666
	250, 247
	785, 571
	571, 250
	4, 1
	455, 4
	34, 456
	34, 33
	456, 455
	1, 33
	187, 188
	187, 345
	345, 40
	40, 39
	115, 114
	115, 39
	114, 188
	443, 311
	443, 444
	599, 444
	311, 310
	598, 599
	177, 179
	179, 722
	723, 758
	758, 228
	228, 177
	722, 723
	469, 466
	469, 641
	275, 276
	276, 476
	642, 641
	642, 476
	466, 275
	136, 135
	135, 419
	637, 636
	45, 485
	45, 44
	821, 485
	547, 44
	694, 686
	168, 375
	168, 166
	375, 686
	818, 769
	769, 325
	325, 324
	825, 821
	789, 730
	730, 728
	14, 15
	14, 821
	52, 565
	52, 51
	626, 189
	626, 790
	189, 51
	565, 790
	171, 167
	284, 171
	285, 284
	54, 49
	54, 66
	352, 64
	352, 49
	66, 64
	194, 567
	191, 194
	567, 628
	235, 688
	235, 234
	628, 234
	225, 226
	226, 509
	661, 225
	490, 492
	490, 509
	360, 427
	427, 423
	423, 424
	361, 360
	808, 361
	721, 698
	721, 457
	459, 261
	261, 260
	457, 459
	260, 698
	636, 635
	636, 136
	610, 138
	609, 610
	609, 635
	136, 138
	658, 657
	303, 304
	304, 569
	561, 558
	559, 561
	197, 154
	154, 155
	197, 558
	93, 92
	830, 93
	412, 414
	92, 412
	696, 60
	349, 63
	349, 537
	60, 63
	750, 537
	545, 547
	728, 729
	547, 825
	825, 728
	675, 653
	274, 675
	653, 651
	270, 274
	651, 716
	771, 296
	771, 79
	161, 160
	160, 296
	79, 80
	715, 161
	110, 510
	110, 108
	816, 817
	108, 783
	688, 191
	688, 544
	546, 544
	190, 191
	632, 185
	185, 186
	625, 822
	186, 625
	756, 632
	799, 798
	211, 799
	211, 159
	559, 155
	155, 159
	560, 559
	603, 379
	823, 603
	823, 714
	377, 714
	379, 377
	640, 757
	757, 756
	780, 639
	822, 780
	756, 822
	640, 639
	659, 299
	299, 300
	300, 395
	395, 791
	746, 736
	746, 648
	649, 648
	649, 775
	736, 737
	737, 775
	826, 694
	417, 416
	694, 693
	693, 417
	404, 402
	404, 254
	402, 530
	254, 253
	253, 530
	750, 749
	749, 695
	696, 750
	695, 696
	511, 512
	518, 519
	608, 612
	612, 518
	512, 608
	181, 426
	183, 181
	676, 802
	139, 676
	183, 802
	141, 139
	426, 141
	446, 109
	263, 446
	107, 784
	109, 107
	784, 264
	264, 263
	410, 634
	410, 409
	242, 244
	242, 409
	633, 634
	244, 633
	557, 671
	557, 556
	813, 556
	834, 813
	659, 658
	659, 791
	305, 646
	305, 303
	303, 658
	791, 646
	752, 638
	752, 777
	637, 824
	778, 777
	637, 638
	707, 312
	596, 598
	797, 596
	598, 310
	310, 312
	827, 818
	816, 818
	783, 816
	783, 472
	475, 472
	833, 416
	527, 528
	416, 413
	413, 528
	507, 682
	507, 506
	506, 765
	682, 753
	753, 765
	655, 713
	655, 654
	576, 480
	480, 483
	713, 483
	704, 654
	704, 576
	190, 832
	192, 190
	400, 399
	400, 677
	355, 192
	399, 355
	175, 176
	175, 17
	19, 17
	227, 19
	176, 227
	619, 808
	808, 424
	425, 424
	425, 620
	620, 619
	546, 832
	546, 545
	731, 729
	731, 678
	677, 832
	545, 729
	678, 677
	295, 294
	295, 560
	560, 798
	798, 643
	643, 294
	152, 697
	697, 541
	153, 152
	541, 153
	809, 665
	809, 786
	666, 665
	666, 785
	786, 785
	833, 835
	826, 833
	166, 826
	167, 828
	167, 166
	523, 519
	523, 811
	811, 817
	510, 511
	510, 817
	511, 519
	807, 606
	807, 836
	605, 606
	836, 605
	735, 820
	820, 837
	734, 735
	759, 734
	829, 569
	112, 569
	112, 89
	89, 91
	703, 91
	574, 473
	574, 575
	827, 324
	324, 323
	575, 323
	475, 827
	473, 475
	415, 414
	415, 590
	590, 589
	830, 414
	589, 830
	568, 778
	418, 568
	824, 419
	419, 418
	824, 778
	8, 7
	7, 540
	488, 489
	488, 406
	406, 8
	540, 489
	835, 527
	828, 835
	285, 828
	285, 282
	282, 526
	526, 527
	797, 707
	707, 706
	796, 797
	724, 796
	706, 724
	147, 555
	147, 146
	834, 671
	583, 834
	671, 555
	146, 583
	27, 28
	27, 321
	321, 322
	615, 794
	615, 28
	80, 81
	81, 819
	80, 831
	740, 656
	740, 702
	703, 829
	703, 702
	656, 657
	657, 829
	421, 137
	358, 421
	140, 359
	140, 137
	359, 358
	492, 491
	492, 661
	339, 644
	339, 341
	341, 661
	644, 491
	810, 743
	814, 810
	743, 742
	742, 766
	766, 814
	393, 70
	392, 393
	726, 566
	726, 727
	72, 727
	70, 72
	566, 392
	837, 759
	837, 554
	553, 645
	645, 759
	554, 553
	804, 705
	705, 224
	660, 720
	660, 223
	224, 223
	804, 720
	15, 20
	789, 15
	314, 338
	314, 313
	313, 789
	20, 338
	573, 249
	573, 748
	535, 536
	748, 535
	536, 248
	248, 249
	96, 504
	96, 99
	503, 99
	503, 504
	794, 322
	322, 320
	357, 362
	320, 357
	745, 744
	745, 362
	793, 794
	793, 744
	700, 271
	819, 700
	716, 715
	270, 716
	271, 270
	831, 819
	831, 715
	372, 774
	373, 372
	621, 364
	774, 621
	373, 585
	364, 363
	363, 585
Facet Neighbors: 1255
	3, 4
	-2, 12
	13, 14
	-2, 15
	-1, 16
	15, 19
	9, 20
	-2, 22
	-3, 22
	17, 26
	11, 27
	10, 27
	-4, 32
	8, 33
	28, 35
	-1, 35
	21, 36
	28, 38
	12, 40
	21, 41
	31, 42
	26, 43
	17, 43
	7, 44
	22, 45
	17, 46
	31, 47
	14, 48
	13, 48
	7, 55
	44, 55
	48, 56
	14, 56
	21, 56
	29, 58
	40, 59
	53, 61
	39, 61
	23, 61
	28, 62
	38, 62
	-4, 65
	-3, 66
	2, 68
	42, 68
	6, 70
	10, 71
	40, 72
	59, 72
	37, 73
	34, 73
	3, 75
	71, 76
	76, 77
	71, 77
	8, 77
	30, 78
	-4, 80
	8, 82
	10, 82
	59, 83
	36, 85
	1, 85
	61, 86
	39, 86
	23, 86
	79, 87
	26, 87
	24, 89
	32, 90
	-4, 90
	74, 91
	24, 91
	84, 93
	9, 94
	57, 94
	4, 95
	3, 95
	70, 96
	25, 96
	92, 97
	18, 97
	94, 98
	51, 98
	6, 98
	-1, 99
	55, 100
	69, 101
	92, 101
	2, 102
	53, 105
	-4, 106
	7, 107
	102, 107
	-2, 108
	95, 108
	81, 111
	-1, 111
	61, 112
	53, 112
	103, 112
	89, 113
	74, 113
	64, 113
	99, 114
	-1, 114
	112, 115
	103, 115
	85, 116
	41, 116
	21, 116
	36, 116
	97, 117
	18, 117
	49, 118
	1, 118
	93, 119
	49, 122
	71, 123
	76, 123
	9, 124
	94, 124
	109, 124
	-3, 125
	27, 125
	11, 125
	7, 126
	60, 127
	121, 127
	100, 128
	55, 128
	107, 128
	7, 128
	-3, 129
	98, 130
	25, 130
	51, 130
	35, 131
	51, 132
	57, 132
	0, 133
	110, 133
	129, 134
	-3, 134
	0, 134
	82, 135
	8, 135
	67, 136
	73, 136
	34, 136
	37, 136
	75, 137
	89, 137
	121, 138
	60, 138
	19, 138
	127, 138
	47, 139
	106, 140
	-4, 141
	25, 142
	-1, 142
	75, 143
	3, 143
	-4, 144
	141, 144
	-2, 145
	96, 146
	70, 146
	27, 147
	10, 147
	82, 147
	11, 147
	99, 148
	114, 148
	128, 149
	102, 149
	107, 149
	79, 150
	-4, 150
	80, 150
	-1, 151
	11, 151
	125, 151
	22, 152
	-3, 152
	45, 152
	97, 153
	117, 153
	148, 153
	46, 154
	17, 154
	63, 155
	118, 155
	1, 155
	153, 156
	114, 156
	148, 156
	-2, 157
	4, 157
	-4, 158
	75, 159
	119, 160
	103, 160
	33, 161
	20, 161
	33, 162
	70, 162
	146, 162
	44, 163
	86, 164
	39, 164
	46, 164
	77, 165
	33, 165
	8, 165
	149, 167
	128, 167
	100, 167
	5, 167
	68, 168
	63, 168
	54, 169
	30, 169
	57, 170
	69, 170
	0, 171
	133, 171
	110, 171
	134, 171
	129, 171
	127, 172
	67, 172
	60, 172
	83, 173
	73, 174
	93, 174
	84, 174
	119, 174
	169, 175
	105, 175
	30, 175
	59, 177
	41, 178
	69, 178
	163, 179
	67, 179
	136, 179
	47, 180
	39, 181
	14, 181
	155, 182
	63, 182
	1, 182
	130, 183
	51, 183
	131, 183
	132, 183
	102, 184
	149, 184
	47, 184
	180, 184
	17, 185
	154, 185
	43, 185
	89, 186
	137, 186
	64, 186
	113, 186
	75, 186
	3, 186
	4, 186
	104, 187
	52, 187
	154, 188
	185, 188
	24, 188
	84, 189
	61, 190
	23, 190
	53, 190
	105, 190
	115, 191
	120, 192
	16, 192
	114, 192
	156, 192
	37, 193
	160, 193
	73, 193
	119, 193
	174, 193
	78, 194
	26, 195
	87, 195
	79, 195
	80, 195
	43, 195
	150, 195
	44, 196
	126, 196
	7, 196
	-1, 197
	146, 197
	111, 197
	81, 197
	0, 198
	134, 198
	-3, 198
	194, 199
	-3, 200
	10, 200
	27, 200
	50, 201
	52, 201
	15, 202
	-2, 202
	187, 203
	104, 203
	176, 203
	56, 204
	21, 204
	41, 204
	48, 204
	28, 205
	35, 205
	62, 205
	141, 206
	-1, 206
	-4, 206
	106, 207
	-4, 207
	140, 207
	29, 208
	176, 208
	208, 209
	176, 209
	79, 209
	32, 210
	90, 210
	91, 210
	67, 211
	172, 211
	127, 211
	136, 211
	37, 211
	176, 212
	29, 212
	208, 212
	98, 213
	51, 213
	94, 213
	57, 213
	132, 213
	194, 214
	199, 214
	178, 215
	69, 215
	101, 215
	100, 216
	0, 216
	133, 216
	165, 217
	77, 217
	76, 217
	205, 218
	-1, 218
	35, 218
	111, 219
	-1, 219
	81, 219
	49, 220
	45, 221
	54, 222
	160, 222
	193, 222
	37, 222
	100, 223
	44, 223
	55, 223
	163, 223
	202, 224
	-2, 224
	192, 225
	16, 225
	120, 225
	158, 226
	173, 227
	133, 227
	110, 227
	-3, 228
	123, 228
	199, 229
	145, 229
	214, 229
	88, 229
	11, 230
	219, 230
	-1, 230
	151, 230
	86, 231
	23, 231
	166, 231
	191, 232
	56, 232
	165, 233
	217, 233
	221, 234
	171, 234
	110, 234
	97, 235
	62, 235
	38, 235
	92, 235
	49, 236
	220, 236
	84, 236
	189, 236
	26, 237
	208, 237
	209, 237
	79, 237
	87, 237
	29, 237
	40, 238
	59, 238
	177, 238
	224, 238
	45, 239
	221, 239
	72, 239
	31, 240
	217, 240
	76, 240
	123, 240
	119, 241
	115, 241
	103, 241
	160, 241
	191, 241
	-2, 242
	108, 242
	95, 242
	207, 243
	-4, 243
	65, 243
	140, 243
	56, 244
	14, 244
	232, 244
	226, 245
	158, 245
	-4, 245
	84, 246
	93, 246
	122, 246
	65, 247
	144, 247
	-4, 247
	184, 248
	102, 248
	2, 248
	47, 248
	31, 248
	13, 249
	14, 249
	181, 249
	85, 250
	116, 250
	109, 250
	40, 251
	45, 251
	239, 251
	72, 251
	88, 252
	138, 252
	121, 252
	168, 253
	68, 253
	42, 253
	233, 253
	30, 254
	78, 254
	190, 254
	105, 254
	175, 254
	179, 255
	83, 255
	173, 255
	37, 256
	211, 256
	121, 256
	127, 256
	54, 256
	222, 256
	239, 257
	72, 257
	59, 257
	83, 257
	39, 258
	181, 258
	164, 258
	249, 258
	137, 259
	75, 259
	159, 259
	168, 260
	63, 260
	182, 260
	232, 261
	21, 261
	122, 261
	36, 261
	260, 262
	124, 262
	9, 262
	20, 262
	50, 263
	97, 263
	92, 263
	101, 263
	104, 264
	187, 264
	18, 264
	225, 265
	206, 265
	141, 265
	120, 265
	139, 266
	-3, 266
	195, 267
	43, 267
	185, 267
	80, 267
	49, 268
	220, 268
	63, 268
	155, 268
	118, 268
	219, 269
	81, 269
	135, 269
	269, 270
	162, 270
	146, 270
	197, 270
	81, 270
	83, 271
	255, 271
	67, 271
	172, 271
	179, 271
	20, 272
	9, 272
	6, 272
	98, 272
	94, 272
	1, 273
	182, 273
	124, 273
	262, 273
	260, 273
	166, 274
	46, 274
	154, 274
	22, 275
	-2, 275
	251, 275
	45, 275
	-2, 276
	157, 276
	21, 277
	261, 277
	56, 277
	232, 277
	-1, 278
	148, 278
	99, 278
	184, 279
	180, 279
	149, 279
	198, 280
	0, 280
	5, 280
	170, 281
	101, 281
	69, 281
	49, 282
	122, 282
	85, 282
	1, 282
	118, 282
	32, 283
	-4, 283
	214, 284
	143, 284
	78, 284
	194, 284
	96, 285
	70, 285
	25, 285
	130, 285
	98, 285
	6, 285
	215, 286
	201, 286
	124, 287
	109, 287
	170, 287
	57, 287
	94, 287
	241, 288
	191, 288
	119, 288
	246, 288
	93, 288
	47, 289
	31, 289
	123, 289
	240, 289
	58, 290
	29, 290
	237, 290
	26, 290
	17, 290
	225, 291
	16, 291
	206, 291
	-1, 291
	265, 291
	125, 292
	-3, 292
	151, 292
	286, 293
	13, 293
	48, 293
	204, 293
	188, 294
	185, 294
	267, 294
	283, 294
	12, 295
	-2, 295
	238, 295
	224, 295
	40, 295
	61, 296
	14, 296
	244, 296
	181, 296
	39, 296
	239, 297
	257, 297
	83, 297
	227, 297
	110, 297
	221, 297
	234, 297
	173, 297
	158, 298
	226, 298
	74, 298
	66, 299
	-3, 299
	180, 299
	276, 300
	-2, 300
	226, 300
	5, 301
	279, 301
	180, 301
	149, 301
	167, 301
	299, 301
	66, 301
	133, 302
	227, 302
	223, 302
	100, 302
	216, 302
	190, 303
	259, 303
	23, 303
	231, 303
	301, 304
	66, 304
	198, 304
	280, 304
	5, 304
	-3, 304
	249, 305
	258, 305
	58, 305
	290, 305
	247, 306
	144, 306
	141, 306
	265, 306
	120, 306
	294, 307
	283, 307
	80, 307
	-4, 307
	267, 307
	115, 308
	296, 308
	244, 308
	112, 308
	61, 308
	258, 309
	305, 309
	290, 309
	46, 309
	164, 309
	17, 309
	255, 310
	223, 310
	179, 310
	163, 310
	228, 311
	266, 311
	-3, 311
	139, 311
	214, 312
	284, 312
	242, 312
	169, 313
	54, 313
	160, 313
	103, 313
	222, 313
	145, 314
	-2, 314
	229, 314
	35, 315
	131, 315
	-1, 315
	96, 316
	146, 316
	142, 316
	25, 316
	197, 316
	-1, 316
	108, 317
	95, 317
	4, 317
	157, 317
	-2, 317
	245, 318
	-4, 318
	-2, 318
	247, 319
	306, 319
	15, 320
	88, 320
	252, 320
	138, 320
	19, 320
	259, 321
	159, 321
	303, 321
	254, 321
	190, 321
	286, 322
	293, 322
	13, 322
	201, 322
	221, 323
	152, 323
	-3, 323
	45, 323
	107, 324
	102, 324
	2, 324
	201, 325
	52, 325
	264, 325
	50, 325
	187, 325
	275, 326
	-2, 326
	40, 326
	12, 326
	251, 326
	104, 327
	140, 327
	203, 327
	312, 328
	284, 328
	143, 328
	3, 328
	95, 328
	242, 328
	122, 329
	246, 329
	261, 329
	232, 329
	288, 329
	191, 329
	262, 330
	20, 330
	260, 330
	161, 330
	314, 331
	-2, 331
	242, 331
	229, 331
	214, 331
	312, 331
	92, 332
	101, 332
	235, 332
	38, 332
	281, 332
	-4, 333
	106, 333
	209, 333
	282, 334
	122, 334
	261, 334
	85, 334
	36, 334
	180, 335
	47, 335
	266, 335
	139, 335
	0, 336
	216, 336
	167, 336
	5, 336
	100, 336
	280, 336
	33, 337
	162, 337
	70, 337
	6, 337
	20, 337
	272, 337
	161, 337
	235, 338
	97, 338
	153, 338
	62, 338
	148, 338
	31, 339
	240, 339
	233, 339
	253, 339
	42, 339
	217, 339
	103, 340
	313, 340
	53, 340
	105, 340
	169, 340
	175, 340
	112, 340
	24, 341
	89, 341
	166, 341
	107, 342
	7, 342
	324, 342
	126, 342
	199, 343
	78, 343
	30, 343
	194, 343
	319, 344
	247, 344
	65, 344
	342, 345
	268, 345
	220, 345
	2, 345
	324, 345
	135, 346
	8, 346
	162, 346
	270, 346
	33, 346
	269, 346
	30, 347
	169, 347
	54, 347
	8, 348
	82, 348
	71, 348
	77, 348
	10, 348
	136, 349
	34, 349
	179, 349
	196, 349
	44, 349
	163, 349
	41, 350
	116, 350
	178, 350
	109, 350
	250, 350
	91, 351
	210, 351
	90, 351
	74, 351
	298, 351
	286, 352
	215, 352
	263, 352
	50, 352
	101, 352
	201, 352
	166, 353
	341, 353
	188, 353
	154, 353
	274, 353
	24, 353
	177, 354
	60, 354
	138, 354
	183, 355
	132, 355
	35, 355
	28, 355
	131, 355
	15, 356
	-2, 356
	88, 356
	320, 356
	200, 357
	71, 357
	123, 357
	10, 357
	228, 357
	126, 358
	220, 358
	342, 358
	345, 358
	203, 359
	187, 359
	176, 359
	52, 359
	212, 359
	305, 360
	249, 360
	29, 360
	58, 360
	13, 360
	212, 360
	117, 361
	18, 361
	319, 361
	264, 361
	349, 362
	196, 362
	126, 362
	34, 362
	165, 363
	33, 363
	330, 363
	161, 363
	233, 363
	281, 364
	332, 364
	38, 364
	355, 364
	28, 364
	132, 364
	150, 365
	-4, 365
	333, 365
	209, 365
	79, 365
	253, 366
	233, 366
	260, 366
	330, 366
	363, 366
	168, 366
	177, 367
	59, 367
	83, 367
	271, 367
	302, 368
	227, 368
	173, 368
	255, 368
	223, 368
	310, 368
	343, 369
	88, 369
	199, 369
	229, 369
	84, 370
	236, 370
	246, 370
	49, 370
	122, 370
	228, 371
	-3, 371
	357, 371
	200, 371
	117, 372
	120, 372
	156, 372
	192, 372
	153, 372
	210, 373
	32, 373
	294, 373
	188, 373
	283, 373
	24, 373
	91, 373
	97, 374
	263, 374
	264, 374
	18, 374
	325, 374
	50, 374
	231, 375
	86, 375
	46, 375
	164, 375
	166, 375
	274, 375
	183, 376
	131, 376
	315, 376
	-1, 376
	177, 377
	367, 377
	172, 377
	60, 377
	354, 377
	271, 377
	231, 378
	303, 378
	341, 378
	259, 378
	166, 378
	205, 379
	148, 379
	278, 379
	338, 379
	62, 379
	344, 380
	319, 380
	361, 380
	264, 380
	104, 380
	369, 381
	121, 381
	88, 381
	252, 381
	191, 382
	115, 382
	308, 382
	232, 382
	244, 382
	209, 383
	176, 383
	140, 383
	106, 383
	333, 383
	203, 383
	327, 383
	362, 384
	34, 384
	84, 384
	189, 384
	73, 384
	174, 384
	31, 385
	248, 385
	2, 385
	68, 385
	42, 385
	298, 386
	351, 386
	90, 386
	-4, 386
	158, 386
	362, 387
	126, 387
	220, 387
	236, 387
	384, 387
	358, 387
	189, 387
	57, 388
	132, 388
	364, 388
	281, 388
	170, 388
	200, 389
	-3, 389
	27, 389
	125, 389
	299, 390
	-3, 390
	180, 390
	335, 390
	266, 390
	381, 391
	369, 391
	343, 391
	347, 391
	30, 391
	120, 392
	306, 392
	319, 392
	117, 392
	361, 392
	372, 392
	292, 393
	-3, 393
	151, 393
	-1, 393
	323, 394
	-3, 394
	221, 394
	234, 394
	354, 395
	138, 395
	19, 395
	15, 395
	202, 395
	327, 396
	140, 396
	344, 396
	65, 396
	243, 396
	380, 396
	104, 396
	88, 397
	229, 397
	145, 397
	356, 397
	-2, 397
	259, 398
	137, 398
	341, 398
	89, 398
	378, 398
	1, 399
	273, 399
	109, 399
	250, 399
	85, 399
	124, 399
	381, 400
	391, 400
	347, 400
	54, 400
	256, 400
	121, 400
	379, 401
	205, 401
	278, 401
	-1, 401
	218, 401
	130, 402
	25, 402
	376, 402
	-1, 402
	183, 402
	142, 402
	4, 403
	186, 403
	64, 403
	276, 403
	157, 403
	13, 404
	322, 404
	360, 404
	238, 405
	224, 405
	395, 405
	202, 405
	177, 405
	354, 405
	89, 406
	113, 406
	91, 406
	24, 406
	74, 406
	109, 407
	350, 407
	170, 407
	69, 407
	178, 407
	287, 407
	300, 408
	-2, 408
	226, 408
	245, 408
	318, 408
	147, 409
	82, 409
	269, 409
	219, 409
	230, 409
	11, 409
	135, 409
	394, 410
	-3, 410
	171, 410
	234, 410
	129, 410
	293, 411
	204, 411
	215, 411
	178, 411
	41, 411
	286, 411
	2, 412
	345, 412
	168, 412
	63, 412
	268, 412
	68, 412
	139, 413
	311, 413
	123, 413
	228, 413
	289, 413
	47, 413
	192, 414
	16, 414
	-1, 414
	114, 414
	403, 415
	64, 415
	74, 415
	113, 415
	226, 415
	298, 415
	276, 415
	300, 415
	201, 416
	322, 416
	212, 416
	359, 416
	52, 416
	404, 416
	360, 416
	254, 417
	78, 417
	159, 417
	321, 417
	284, 417
	75, 417
	143, 417
Mesh Regions: 418
	140, 144, 226, 306, 360, 582, 826
	62, 115, 194, 253, 557, 590, 1146
	43, 89, 461, 773, 874, 1076, 1217
	0, 51, 77, 163, 270, 790
	0, 76, 199, 271, 745, 1169
	219, 583, 668, 688, 829
	45, 84, 554, 603, 835
	23, 29, 92, 126, 132, 301, 861
	13, 55, 58, 146, 215, 877, 885
	6, 74, 120, 515, 553
	11, 46, 59, 170, 311, 889, 933
	10, 125, 172, 182, 396, 1204
	1, 18, 641, 782
	2, 28, 464, 634, 765, 948, 1174
	2, 27, 32, 250, 448, 465, 647
	3, 5, 315, 753, 926, 1127
	4, 284, 384, 626, 1230
	9, 22, 25, 191, 262, 624, 714
	81, 113, 523, 951, 1018
	5, 155, 757, 1126
	6, 205, 516, 552, 800, 836
	16, 19, 33, 110, 321, 510, 571
	7, 8, 24, 184, 565
	38, 65, 279, 401, 682
	68, 72, 276, 857, 917, 1013, 1186
	79, 135, 160, 600, 740, 1164
	9, 21, 67, 293, 418, 623
	10, 11, 124, 169, 312, 1098
	14, 17, 39, 324, 924, 967
	34, 333, 347, 423, 621, 946
	56, 223, 241, 481, 866, 882, 1109
	20, 26, 431, 463, 617, 844, 1074
	12, 69, 338, 592, 1009
	13, 204, 206, 214, 832, 880, 959
	50, 149, 891, 957, 1069
	14, 15, 137, 325, 367, 734, 923
	16, 61, 111, 512, 821
	49, 150, 287, 345, 376, 489
	17, 40, 412, 812, 965
	37, 64, 211, 249, 499, 650
	18, 35, 47, 424, 470, 645, 781
	19, 109, 243, 322, 896, 1215
	20, 44, 479, 848, 1078
	21, 22, 264, 297, 531
	23, 30, 209, 299, 378, 894
	24, 186, 372, 428, 471, 568, 770
	25, 190, 212, 563, 712, 1023
	26, 157, 248, 260, 462, 616, 823, 1228
	27, 28, 31, 323, 635
	114, 117, 371, 414, 534, 587, 997
	313, 517, 777, 909, 1020
	83, 136, 138, 255, 350
	273, 314, 775, 942, 1245
	36, 90, 99, 280, 852
	222, 373, 493, 727, 884, 1155
	29, 30, 86, 130, 379
	31, 32, 33, 320, 404, 447, 573
	75, 139, 224, 352, 609, 1091
	34, 620, 692, 947
	35, 48, 60, 242, 425, 497, 981
	127, 154, 233, 919, 1034
	36, 37, 38, 63, 98, 278, 646, 708
	39, 40, 326, 411, 842, 1046
	192, 221, 252, 507, 536, 1220
	103, 267, 1171, 1234
	41, 445, 456, 870, 1132
	42, 662, 674, 685
	147, 232, 246, 341, 549
	43, 44, 220, 478, 1077, 1222
	87, 225, 244, 357, 586, 1191
	45, 78, 168, 207, 599, 834
	46, 52, 54, 118, 887, 931
	47, 48, 430, 473, 496
	49, 50, 148, 235, 289, 1072
	71, 102, 661, 904, 1187, 1235
	51, 151, 162, 201, 269, 504, 1253
	52, 53, 119, 364, 433
	53, 54, 55, 213, 363, 888
	56, 292, 482, 596, 865, 1249
	66, 178, 295, 337, 421, 973
	57, 180, 296, 533, 701
	96, 305, 370, 540, 546
	58, 59, 145, 171, 886, 1200
	60, 234, 487, 498, 547, 653, 982
	73, 237, 277, 416, 453, 994, 1070
	61, 62, 108, 467, 589, 820, 1150
	63, 64, 65, 210, 400, 1022
	66, 67, 294, 422
	395, 474, 754, 928, 991, 1054, 1136
	68, 101, 152, 265, 858, 1144, 1183
	69, 70, 339, 903, 1081
	71, 72, 340, 901, 1014, 1185
	80, 88, 413, 519, 809
	73, 116, 236, 454, 615
	74, 75, 82, 121, 351, 556, 610
	76, 77, 95, 442, 744, 791
	78, 79, 167, 598, 737
	80, 81, 112, 187, 410, 518, 840, 1015
	82, 83, 84, 134, 349, 555, 602
	85, 104, 173, 577
	86, 129, 218, 359, 377, 678, 830
	87, 88, 358, 520, 585, 810, 910
	89, 93, 176, 258, 460, 772
	100, 107, 203, 437, 729, 850
	272, 318, 521, 784, 1051, 1135
	90, 240, 281, 484, 853
	91, 158, 330, 815, 1064
	92, 93, 131, 177, 771, 860
	94, 95, 441, 743
	122, 469, 607, 899, 1148, 1188
	141, 228, 389, 409, 655
	96, 97, 304, 368
	98, 99, 100, 106, 707, 856
	101, 102, 103, 268, 1184, 1236
	104, 105, 174, 196, 285, 1232
	106, 107, 282, 436, 704, 1057
	108, 109, 110, 111, 468, 897
	112, 113, 188, 950, 1003, 1113
	114, 115, 193, 538, 591
	116, 202, 238, 290, 435, 613
	283, 385, 527, 698, 1004, 1110
	128, 153, 476, 491, 1053, 1157
	117, 455, 511, 588, 793, 818, 998
	118, 119, 391, 434, 618, 932, 1225
	120, 121, 122, 514, 559, 606, 1151
	123, 124, 125, 183, 630, 1099
	126, 300, 863, 935, 956, 1085
	127, 128, 156, 231, 343, 492
	129, 130, 131, 132, 175, 217
	133, 142, 230, 1210
	134, 135, 136, 254, 601, 1163
	137, 256, 735, 925, 1028
	138, 139, 257, 353, 922, 968, 1092
	140, 141, 227, 361, 388, 675
	142, 143, 144, 229, 307
	145, 146, 541, 876, 1205
	147, 148, 149, 150, 247, 344, 890
	151, 152, 266, 503, 1142
	153, 154, 155, 156, 475, 756, 920, 1125
	157, 528, 722, 825, 1223
	158, 332, 446, 785, 1063, 1130
	159, 165, 327, 526, 696
	160, 161, 739, 1168
	162, 163, 595, 789, 1254
	164, 165, 457, 695
	166, 393, 731, 1138
	167, 168, 208, 303, 544, 738
	169, 170, 171, 172, 1199
	173, 174, 189, 197, 576, 843, 1043
	175, 176, 177, 216, 259, 580, 671
	178, 179, 180, 298, 969
	181, 182, 183, 399, 632, 1118
	184, 185, 186, 768
	187, 188, 189, 195, 841, 1007
	190, 191, 263, 274, 564, 915
	192, 193, 194, 251, 537
	195, 196, 197, 286, 1005
	198, 199, 570, 746, 1173
	200, 386, 451, 659, 1083
	201, 505, 759, 1250
	202, 203, 288, 374, 438, 728
	204, 205, 802, 838, 961
	206, 207, 208, 543, 833, 878
	209, 245, 380, 718, 895
	210, 211, 212, 501, 713, 1024
	213, 214, 215, 362, 405, 958
	402, 562, 859, 912, 1025, 1041
	216, 217, 218, 219, 672, 828
	220, 221, 477, 506, 979, 1219
	222, 223, 239, 726, 854, 883
	224, 225, 584, 608, 1095, 1190
	226, 227, 228, 229, 230, 408, 1208
	231, 232, 233, 342, 550, 1033
	234, 387, 488, 658, 986
	235, 236, 237, 238, 291, 1073
	239, 240, 241, 485, 855
	319, 334, 336, 346, 941, 1062
	242, 426, 918, 980, 1031, 1181
	243, 244, 356, 898, 1192, 1214
	245, 246, 247, 486, 551, 717, 892
	248, 261, 579, 664, 670, 822, 1102
	249, 250, 466, 500, 649
	251, 252, 253, 508, 558
	254, 255, 256, 257, 921, 1027, 1167
	258, 259, 260, 261, 459, 578
	262, 263, 264, 275, 532, 638
	265, 266, 267, 268, 269, 270, 271, 1170
	272, 273, 317, 522, 778, 940
	274, 275, 276, 637, 914, 1011
	277, 417, 1071, 1090
	278, 279, 280, 281, 483, 680, 762
	282, 403, 439, 612, 798, 1056
	283, 284, 285, 286, 383, 1006, 1229
	287, 288, 289, 290, 291, 375
	292, 309, 354, 597, 867
	293, 294, 295, 296, 297, 298, 530
	299, 300, 301, 893, 955
	302, 303, 304, 305, 545, 741
	306, 307, 308, 581, 686
	309, 355, 392, 864, 992
	310, 311, 312, 930, 1002, 1096
	313, 314, 605, 766, 774, 911, 1241
	315, 316, 381, 1128, 1180
	317, 318, 319, 786, 939, 1066
	320, 321, 322, 323, 636, 1212
	324, 325, 326, 365, 1042, 1159
	327, 328, 329, 525, 627
	330, 331, 332, 443
	333, 334, 335, 348, 419
	335, 336, 337, 420, 816, 972, 1061
	338, 339, 340, 902, 1008
	341, 342, 343, 344, 345, 490
	346, 347, 348, 943, 949, 1243
	349, 350, 351, 352, 353
	354, 355, 394, 594, 723, 807
	356, 357, 358, 604, 907, 1213
	359, 360, 361, 679, 827
	362, 363, 364, 406, 432, 849
	365, 366, 367, 1162
	368, 369, 370, 397, 539, 1202
	371, 415, 535, 873, 936, 1086
	372, 407, 429, 656, 767, 1122
	373, 374, 375, 376, 494, 730
	377, 378, 379, 380, 677, 716, 988
	381, 382, 427, 644, 1178
	383, 384, 385, 524, 625
	386, 450, 660, 667, 1196, 1237
	387, 388, 389, 654, 676, 985
	390, 391, 719, 934, 999, 1226
	392, 393, 394, 395, 733, 806, 993, 1137
	396, 397, 398, 399, 1203
	400, 401, 402, 683, 1021, 1037
	403, 404, 449, 509, 574, 796, 1059
	405, 406, 480, 846, 962, 975
	407, 408, 409, 657, 1123, 1209
	410, 411, 412, 413, 811, 839
	414, 415, 416, 417, 995, 1087
	418, 419, 420, 421, 422, 423, 622
	424, 425, 426, 427, 643, 1177
	428, 429, 430, 472, 495, 651
	431, 432, 433, 434, 619, 845
	435, 436, 437, 438, 439, 611
	440, 441, 442, 725, 792, 805
	443, 444, 445, 446, 1133
	447, 448, 449, 648, 706, 1060
	450, 451, 452, 748, 1197
	453, 454, 455, 614, 794, 996
	456, 457, 458, 694, 751, 869
	459, 460, 461, 462, 463, 1075
	464, 465, 466, 502, 690, 945
	467, 468, 469, 900, 1149
	470, 471, 472, 473, 567, 783
	474, 475, 476, 755, 1055
	477, 478, 479, 480, 847, 974
	481, 482, 483, 484, 485, 761, 1248
	486, 487, 488, 548, 715, 987
	489, 490, 491, 492, 493, 494, 1156
	495, 496, 497, 498, 652
	499, 500, 501, 502, 691, 709
	503, 504, 505, 681, 758, 1040, 1141
	506, 507, 508, 513, 561, 801, 976
	509, 510, 511, 512, 572, 795, 819
	513, 514, 515, 516, 560, 799
	517, 518, 519, 520, 908, 1016
	521, 522, 523, 776, 953, 1017, 1050
	524, 525, 526, 527, 629, 697
	528, 529, 720, 824, 1104
	530, 531, 532, 533, 639, 703
	534, 535, 536, 537, 538, 872, 1221
	539, 540, 541, 542, 881, 1201
	542, 543, 544, 545, 546, 879
	547, 548, 549, 550, 551, 983, 1036
	552, 553, 554, 555, 556, 837
	557, 558, 559, 560, 561, 1147
	562, 563, 564, 916, 1026
	565, 566, 567, 568, 779
	569, 570, 665, 1172, 1239
	571, 572, 573, 574
	575, 576, 577, 1044, 1160
	578, 579, 580, 669
	581, 582, 583, 687, 831
	584, 585, 586, 813, 963, 1094
	587, 588, 589, 590, 591, 817
	592, 593, 640, 700, 1012
	594, 595, 596, 597, 724, 788, 1252
	598, 599, 600, 601, 602, 603
	604, 605, 633, 763, 906, 1216
	606, 607, 608, 609, 610, 1193
	611, 612, 613, 614, 615, 797
	616, 617, 618, 619, 1227
	620, 621, 622, 623, 624, 693, 711
	625, 626, 627, 628, 629
	630, 631, 632, 1116
	633, 634, 635, 636, 764, 1211
	637, 638, 639, 640, 699, 1010
	641, 642, 643, 644, 645
	646, 647, 648, 649, 650, 705
	651, 652, 653, 654, 655, 656, 657, 658
	659, 660, 661, 905, 1079, 1238
	662, 663, 664, 673, 1100
	665, 666, 667, 1194, 1240
	668, 669, 670, 671, 672, 673, 674, 684
	675, 676, 677, 678, 679, 984
	680, 681, 682, 683, 760, 1038
	684, 685, 686, 687, 688, 689
	690, 691, 692, 693, 710, 944
	694, 695, 696, 697, 698, 752, 1111
	699, 700, 701, 702, 703
	704, 705, 706, 707, 708, 1058
	709, 710, 711, 712, 713, 714
	715, 716, 717, 718, 989
	719, 720, 721, 722, 1224
	723, 724, 725, 787, 808
	726, 727, 728, 729, 730, 851
	731, 732, 733, 803
	734, 735, 736, 1029
	737, 738, 739, 740, 741, 742
	743, 744, 745, 746, 747
	748, 749, 750, 1198
	751, 752, 868, 952, 1048, 1112
	753, 754, 755, 756, 757, 929
	758, 759, 760, 761, 762, 1251
	763, 764, 765, 766, 1175, 1242
	767, 768, 769, 770, 1120
	771, 772, 773, 862, 875
	774, 775, 776, 777, 778, 1019
	779, 780, 781, 782, 783
	784, 785, 786, 1067, 1129
	787, 788, 789, 790, 791, 792
	793, 794, 795, 796, 797, 798
	799, 800, 801, 802, 960, 977
	803, 804, 805, 806, 807, 808
	809, 810, 811, 812, 813, 964
	814, 815, 816, 971, 1065
	817, 818, 819, 820, 821
	822, 823, 824, 825, 1103
	826, 827, 828, 829, 830, 831
	832, 833, 834, 835, 836, 837, 838
	839, 840, 841, 842, 843, 1045
	844, 845, 846, 847, 848, 849
	850, 851, 852, 853, 854, 855, 856
	857, 858, 859, 913, 1039, 1143
	860, 861, 862, 863, 871, 937
	864, 865, 866, 867, 990, 1107
	868, 869, 870, 1047, 1131
	871, 872, 873, 874, 875, 938, 1218
	876, 877, 878, 879, 880, 881
	882, 883, 884, 1108, 1154
	885, 886, 887, 888, 889
	890, 891, 892, 893, 894, 895, 954
	896, 897, 898, 899, 900, 1189
	901, 902, 903, 904, 905, 1080
	906, 907, 908, 909, 910, 911
	912, 913, 914, 915, 916, 917
	918, 919, 920, 1035, 1124, 1182
	921, 922, 923, 924, 925, 966
	926, 927, 928, 929, 1139
	930, 931, 932, 933, 934, 1001
	935, 936, 937, 938, 1089
	939, 940, 941, 942, 943, 1244
	944, 945, 946, 947, 948, 949, 1176, 1247
	950, 951, 952, 953, 1049, 1114
	954, 955, 956, 957, 1068, 1084
	958, 959, 960, 961, 962, 978
	963, 964, 965, 966, 967, 968, 1093
	969, 970, 971, 972, 973
	974, 975, 976, 977, 978, 979
	980, 981, 982, 983, 1032
	984, 985, 986, 987, 988, 989
	990, 991, 992, 993, 1052, 1106
	994, 995, 996, 997, 998
	999, 1000, 1001, 1002
	1003, 1004, 1005, 1006, 1007, 1115
	1008, 1009, 1010, 1011, 1012, 1013, 1014
	1015, 1016, 1017, 1018, 1019, 1020
	1021, 1022, 1023, 1024, 1025, 1026
	1027, 1028, 1029, 1030, 1165
	1031, 1032, 1033, 1034, 1035, 1036
	1037, 1038, 1039, 1040, 1041, 1145
	1042, 1043, 1044, 1045, 1046, 1158
	1047, 1048, 1049, 1050, 1051, 1134
	1052, 1053, 1054, 1055, 1105, 1152
	1056, 1057, 1058, 1059, 1060
	1061, 1062, 1063, 1064, 1065, 1066, 1067
	1068, 1069, 1070, 1071, 1072, 1073, 1088
	1074, 1075, 1076, 1077, 1078
	1079, 1080, 1081, 1082, 1083
	1084, 1085, 1086, 1087, 1088, 1089, 1090
	1091, 1092, 1093, 1094, 1095
	1096, 1097, 1098, 1099
	1100, 1101, 1102, 1103, 1104
	1105, 1106, 1107, 1108, 1109, 1153
	1110, 1111, 1112, 1113, 1114, 1115
	1116, 1117, 1118, 1119
	1120, 1121, 1122, 1123, 1206
	1124, 1125, 1126, 1127, 1128, 1179
	1129, 1130, 1131, 1132, 1133, 1134, 1135
	1136, 1137, 1138, 1139, 1140
	1141, 1142, 1143, 1144, 1145
	1146, 1147, 1148, 1149, 1150, 1151
	1152, 1153, 1154, 1155, 1156, 1157
	1158, 1159, 1160, 1161, 1162
	1163, 1164, 1165, 1166, 1167, 1168
	1169, 1170, 1171, 1172, 1173, 1233
	1174, 1175, 1176, 1246
	1177, 1178, 1179, 1180, 1181, 1182
	1183, 1184, 1185, 1186, 1187
	1188, 1189, 1190, 1191, 1192, 1193
	1194, 1195, 1196, 1197, 1198
	1199, 1200, 1201, 1202, 1203, 1204, 1205
	1206, 1207, 1208, 1209, 1210
	1211, 1212, 1213, 1214, 1215, 1216
	1217, 1218, 1219, 1220, 1221, 1222
	1223, 1224, 1225, 1226, 1227, 1228
	1229, 1230, 1231, 1232
	1233, 1234, 1235, 1236, 1237, 1238, 1239, 1240
	1241, 1242, 1243, 1244, 1245, 1246, 1247
	1248, 1249, 1250, 1251, 1252, 1253, 1254
Seed Numbers: 418
	0
	1
	2
	3
	4
	5
	6
	7
	8
	9
	10
	11
	12
	13
	14
	15
	16
	17
	18
	19
	20
	21
	22
	23
	24
	25
	26
	27
	28
	29
	30
	31
	32
	33
	34
	35
	36
	37
	38
	39
	40
	41
	42
	43
	44
	45
	46
	47
	48
	49
	50
	51
	52
	53
	54
	55
	56
	57
	58
	59
	60
	61
	62
	63
	64
	65
	66
	67
	68
	69
	70
	71
	72
	73
	74
	75
	76
	77
	78
	79
	80
	81
	82
	83
	84
	85
	86
	87
	88
	89
	90
	91
	92
	93
	94
	95
	96
	97
	98
	99
	100
	101
	102
	103
	104
	105
	106
	107
	108
	109
	110
	111
	112
	113
	114
	115
	116
	117
	118
	119
	120
	121
	122
	123
	124
	125
	126
	127
	128
	129
	130
	131
	132
	133
	134
	135
	136
	137
	138
	139
	140
	141
	142
	143
	144
	145
	146
	147
	148
	149
	150
	151
	152
	153
	154
	155
	156
	157
	158
	159
	160
	161
	162
	163
	164
	165
	166
	167
	168
	169
	170
	171
	172
	173
	174
	175
	176
	177
	178
	179
	180
	181
	182
	183
	184
	185
	186
	187
	188
	189
	190
	191
	192
	193
	194
	195
	196
	197
	198
	199
	200
	201
	202
	203
	204
	205
	206
	207
	208
	209
	210
	211
	212
	213
	214
	215
	216
	217
	218
	219
	220
	221
	222
	223
	224
	225
	226
	227
	228
	229
	230
	231
	232
	233
	234
	235
	236
	237
	238
	239
	240
	241
	242
	243
	244
	245
	246
	247
	248
	249
	250
	251
	252
	253
	254
	255
	256
	257
	258
	259
	260
	261
	262
	263
	264
	265
	266
	267
	268
	269
	270
	271
	272
	273
	274
	275
	276
	277
	278
	279
	280
	281
	282
	283
	284
	285
	286
	287
	288
	289
	290
	291
	292
	293
	294
	295
	296
	297
	298
	299
	300
	301
	302
	303
	304
	305
	306
	307
	308
	309
	310
	311
	312
	313
	314
	315
	316
	317
	318
	319
	320
	321
	322
	323
	324
	325
	326
	327
	328
	329
	330
	331
	332
	333
	334
	335
	336
	337
	338
	339
	340
	341
	342
	343
	344
	345
	346
	347
	348
	349
	350
	351
	352
	353
	354
	355
	356
	357
	358
	359
	360
	361
	362
	363
	364
	365
	366
	367
	368
	369
	370
	371
	372
	373
	374
	375
	376
	377
	378
	379
	380
	381
	382
	383
	384
	385
	386
	387
	388
	389
	390
	391
	392
	393
	394
	395
	396
	397
	398
	399
	400
	401
	402
	403
	404
	405
	406
	407
	408
	409
	410
	411
	412
	413
	414
	415
	416
	417
Phase Numbers: 418
	2
	2
	1
	3
	2
	3
	2
	2
	0
	2
	2
	1
	3
	2
	0
	2
	0
	0
	2
	3
	3
	3
	2
	2
	2
	3
	1
	2
	3
	3
	3
	3
	3
	3
	2
	3
	2
	3
	0
	2
	2
	2
	2
	2
	3
	3
	1
	2
	0
	2
	0
	2
	0
	2
	2
	3
	1
	3
	2
	3
	2
	1
	2
	3
	2
	2
	3
	3
	2
	2
	3
	2
	3
	3
	3
	2
	3
	2
	3
	2
	1
	2
	0
	0
	2
	3
	2
	3
	2
	2
	2
	2
	3
	2
	2
	2
	0
	0
	1
	3
	0
	0
	3
	3
	0
	2
	2
	3
	2
	3
	1
	2
	1
	3
	2
	2
	2
	3
	2
	3
	3
	3
	2
	3
	3
	3
	1
	3
	2
	2
	2
	3
	2
	1
	3
	2
	2
	0
	2
	2
	0
	2
	3
	2
	2
	2
	2
	2
	3
	3
	2
	3
	0
	3
	3
	0
	2
	3
	2
	0
	2
	3
	2
	3
	2
	2
	3
	3
	3
	0
	3
	2
	3
	3
	3
	3
	3
	2
	3
	3
	3
	0
	3
	2
	0
	1
	2
	1
	2
	2
	3
	2
	0
	2
	1
	2
	0
	3
	3
	3
	3
	1
	2
	3
	3
	2
	2
	0
	3
	3
	3
	2
	3
	3
	2
	1
	3
	3
	3
	3
	3
	2
	2
	2
	3
	3
	2
	0
	2
	3
	2
	0
	3
	3
	3
	1
	1
	2
	3
	0
	3
	2
	1
	1
	3
	0
	2
	1
	3
	1
	3
	2
	3
	3
	1
	2
	3
	2
	3
	3
	3
	0
	3
	1
	2
	3
	2
	2
	3
	2
	3
	0
	3
	3
	2
	1
	2
	3
	1
	3
	3
	2
	3
	3
	2
	3
	1
	2
	1
	3
	2
	2
	3
	2
	3
	1
	0
	2
	2
	3
	2
	3
	2
	3
	3
	3
	1
	2
	3
	2
	3
	2
	3
	3
	3
	2
	3
	2
	2
	3
	2
	3
	3
	2
	3
	2
	3
	2
	2
	3
	2
	0
	3
	3
	3
	2
	2
	3
	0
	3
	1
	3
	3
	2
	2
	2
	2
	1
	2
	2
	3
	2
	2
	3
	0
	3
	1
	3
	3
	3
	2
	1
	3
	0
	3
	3
	3
	1
	3
	2
	2
	2
	2
	2
	2
	3
	3
	3
	3
	0
	2
	2
	2
	3
	3
	0
	2
	2
	1
	2
	1
	2
	3
	3
	2
	2
	1
	2
	2
	3
	3
	3
	0
	3
	3
	3
	3
	2
	2
	2
	3
	3
	2
	3
	0
	2
	1
	2
Volumes: 418
	0.00266970471931604
	0.00302568640969512
	0.0029639926799871407
	0.0022089857186804035
	0.001956031725266908
	0.002161638038489022
	0.0017844126327357182
	0.0028747983848199004
	0.0022760919250786934
	0.0019746009722956467
	0.002774461011859029
	0.002942297850247654
	0.0011600199307051134
	0.002382580580437642
	0.0028303623078022658
	0.002406980464562511
	0.002037081123001336
	0.0028055029373716387
	0.002776424739871709
	0.0023656215415733977
	0.002881050367252216
	0.0020713784726098033
	0.0023872352498275962
	0.001995333930484988
	0.0031897917221114574
	0.002271827325838251
	0.0021734401248748336
	0.0024289413763379803
	0.0024614907687727037
	0.0019822240739448254
	0.0020529612825140146
	0.0028714376315724936
	0.0018799750045107885
	0.0027412867640853747
	0.0017390553950311475
	0.0030133525583052015
	0.002363233263447501
	0.0026850248478188427
	0.002509618516237877
	0.00275121044444703
	0.003172615834721543
	0.0018599204459155195
	0.0018396520356832556
	0.0019060272177020097
	0.0023134944663245104
	0.0027708013545612005
	0.001993854075970692
	0.0032637131022344866
	0.0025653310943282172
	0.0015988386462790745
	0.0016442137062692391
	0.002544151474613285
	0.0022050357801388027
	0.0020337181490670186
	0.0029907919030637067
	0.0021428418974459872
	0.0024689909706796125
	0.0026672719150599078
	0.0015438305915143006
	0.002641847547170406
	0.003048306533219332
	0.003599036349920347
	0.0023205929382360373
	0.0019013562493217205
	0.0015633699072266207
	0.0014382175050010933
	0.0013297125629011487
	0.0016006298957555744
	0.002147609360954191
	0.002942063276591311
	0.002565609146110981
	0.002463082534913373
	0.0017428205387884127
	0.0028651337563416015
	0.0027686433840654846
	0.002622473768656311
	0.0018933583712089906
	0.0019177266891359122
	0.0030065464895503123
	0.002678207297508184
	0.0024592949183288738
	0.0021470218269894013
	0.0027582247082561695
	0.003125004498781271
	0.002500814959915199
	0.002313310758658598
	0.002580451788612501
	0.00218509562372426
	0.0019308309134599471
	0.003244184453283753
	0.0009396815815672137
	0.002833881062479765
	0.0019590663315193044
	0.0017426286791060706
	0.0026340005787410044
	0.0021288685128105144
	0.002105264788292894
	0.0028180547000525896
	0.0029512671945332823
	0.0009767126524242225
	0.002229383059728791
	0.00311540841890098
	0.0026015028723033965
	0.0023934302884723387
	0.0020367119078472115
	0.002179099815617874
	0.0023618893276261673
	0.003011326844315793
	0.0015059639700155056
	0.0021723234801247827
	0.0015537949783304902
	0.0011228395743503915
	0.0030291947349557384
	0.002835210557950054
	0.00247012780347544
	0.0024287605413797052
	0.0019348623395518618
	0.0028957863758166703
	0.002540084193050246
	0.002649588095725943
	0.0022696312013602274
	0.002608340446800963
	0.003121751814340666
	0.002838873352495771
	0.003108166480354415
	0.0033475386304873643
	0.0018916102912712104
	0.0030918176046681877
	0.0027484694605884913
	0.0012210501119974016
	0.0023265231510834613
	0.002868425301847205
	0.0025495476182053963
	0.002313791553333622
	0.001542614676194255
	0.0015257789698789068
	0.0027654659473581762
	0.002947890402190311
	0.0031133035572416794
	0.0018536288028947138
	0.0029800380905885384
	0.00231811888397914
	0.0014661551084227888
	0.00243099802554996
	0.0011268321411083367
	0.0014986399683377585
	0.0028327277636883683
	0.002012301761277695
	0.0027063990599251833
	0.0029652282872277254
	0.00226590030526283
	0.00323963828011053
	0.0015519132196996446
	0.00262176127098171
	0.0026326488503035095
	0.0020554173342596112
	0.0019767783821257926
	0.0021807155536484714
	0.0021204108742877395
	0.001583455692970024
	0.0022968517936874334
	0.0022498238592925587
	0.003186764692596059
	0.0023076350142459392
	0.0023631752486572935
	0.0025587798265419553
	0.002109289890520637
	0.003149272440983559
	0.0025349315447223742
	0.002843912309957366
	0.0027552186207225435
	0.002404039801277476
	0.0029813796264417003
	0.001970422765046119
	0.00260270401428726
	0.0025913025762917203
	0.0027627084072653716
	0.002581327597618623
	0.0026940680760478082
	0.0024901565422383036
	0.0029513598593578043
	0.0025123484059493386
	0.0019863644273919274
	0.003177563409006298
	0.003057970975016176
	0.002260832209876015
	0.0032752280530529846
	0.002180323462522828
	0.0029876495103801984
	0.0020966486310514594
	0.0030030097476619376
	0.001710187788191386
	0.0026159463902807275
	0.0030211153215534926
	0.0013359452473739502
	0.002780525387227378
	0.0019224016829544133
	0.002348914929608644
	0.0009805166720601634
	0.0015335627422651214
	0.003174932849767347
	0.002916482674231742
	0.002648381995579649
	0.002108930073892902
	0.00247521667014751
	0.0021566136529119666
	0.002907914805048163
	0.0010349589030866995
	0.0019095311957220869
	0.0029836488012189516
	0.0015018633281632754
	0.0029237176034200363
	0.003138705427587218
	0.002347902165171883
	0.002325252299246783
	0.002608053618145847
	0.0016973026970596283
	0.00201780018845212
	0.001465358591856209
	0.0034572463908581355
	0.0025086860213261114
	0.0030693651046990477
	0.0030506988260761243
	0.0024607497091075356
	0.0019607773465132234
	0.002043176773987278
	0.0027748549386048473
	0.001931056090967926
	0.0021409704758600743
	0.0028341544505378247
	0.003057142186082914
	0.00247849586453881
	0.002680167781117293
	0.002872686422007163
	0.002195318960768755
	0.001888817064136059
	0.001872762032186745
	0.0027227553565510134
	0.0023772028118467375
	0.0023792911524794726
	0.0025094810158224298
	0.002561471675678492
	0.0024839544334778843
	0.001609032998634512
	0.002136894276974541
	0.001839452742752138
	0.0028224902928184236
	0.002285985569574206
	0.002525048691171083
	0.002517528835784449
	0.0026275515385044226
	0.0026265037790190807
	0.002135891934417439
	0.002404304009046406
	0.0034489021150283126
	0.00220717101927003
	0.0033300682283262245
	0.0020603233376659197
	0.002803308600040784
	0.0020373705419368692
	0.0028678310220766395
	0.002425626702803786
	0.003114236984211525
	0.002636061665770073
	0.003381096349801766
	0.0027494522927022143
	0.0012749169395184726
	0.0023101778044666
	0.0024393382374277447
	0.0025696465997514842
	0.0023464411282111018
	0.0033348438792405706
	0.0023025480877523377
	0.003307122289836619
	0.002553443914265628
	0.0022197967248086103
	0.0019325478074797193
	0.0017173830082807134
	0.0020679595365385496
	0.0019224678883722358
	0.0023970943399781444
	0.0028473009525647364
	0.0022814872501166314
	0.0025514542220938124
	0.002534681029929756
	0.002286648731901425
	0.002357260741245131
	0.0020793626559768076
	0.0028993595248028824
	0.0023371026875587363
	0.002956560019290928
	0.0018629690312597408
	0.00128996043290831
	0.0022830618512494193
	0.0020102006123869504
	0.0015892427953342156
	0.0025552388815232962
	0.0028125635212229846
	0.00283925635333663
	0.0013201665326074592
	0.002905844100330678
	0.003553410759591355
	0.0023063869327974913
	0.002570502485709128
	0.0013768567230340845
	0.00230162110718772
	0.003222598779308563
	0.002216293094303821
	0.0028532920148417705
	0.002427480516832919
	0.0014771674944996538
	0.001286157129768484
	0.0014218922951321515
	0.0033869720554890598
	0.0015915197448075288
	0.0016900800976867893
	0.0027963508943135446
	0.0015099487430394153
	0.0004913809867681869
	0.0021978847056645587
	0.0018739297170656212
	0.0026470315375024694
	0.0024642660222753323
	0.0025136926582892518
	0.0023660966023959637
	0.0027501197536225334
	0.0024687354452820266
	0.0025112113334388696
	0.0023991039169690264
	0.002567578196589267
	0.002516137761975786
	0.0019923482981741595
	0.0027861218783412673
	0.0018377745498098464
	0.0017940869877206358
	0.002203594898268729
	0.0025715012134191846
	0.0027661519921957766
	0.0029285608487063207
	0.0027366918184170592
	0.002753840390083055
	0.002383766578091407
	0.002174332849039322
	0.0016955331710880937
	0.002395140414049927
	0.0034900837785160105
	0.0022198055130239884
	0.0019267554371616273
	0.001868953943793075
	0.002485954478948482
	0.0022001670063470148
	0.002800833276342227
	0.002611071110010253
	0.0026248728862156186
	0.002460866375629773
	0.003258832159057556
	0.0025186892087162805
	0.002874191041384672
	0.002815002297002607
	0.002410036094480517
	0.002900696233003023
	0.003370114559130852
	0.002501358813081973
	0.002291729558003399
	0.003084384995033004
	0.0016397880053679351
	0.002296776788811164
	0.0023758003605384476
	0.002199005251893644
	0.0024635335048437774
	0.002201113314915038
	0.0017553816346545222
	0.00260762230655808
	0.0032332047972841206
	0.0020629557374986234
	0.001953482520524027
	0.0028021474296955748
	0.0025657914867285364
	0.0026968974301898705
	0.002992917808876457
	0.0029899230793639514
	0.002575314739597815
	0.0017207284122697502
	0.0033399226914770765
	0.0023336543142979263
	0.0024377429859621384
	0.00122372975352743
	0.00243041376050149
	0.0017859606424637403
	0.0022626825743966325
	0.0016946195257456125
	0.0025238895812343806
	0.002611977388525183
	0.0010658097092643764
	0.0025353756227896778
	0.002589168013169141
	0.0023315621045819747
	0.00265151524635485
	0.002048052630072266
	0.0022982548703445447
	0.0018474199386173946
	0.001796526267850063
	0.0032683188228286586
	0.0024489380905092016
	0.0018165185041798715
	0.0021555003788586193
	0.002170200788194228
	0.0029920144934094586
	0.0019248210617356415
	0.002758317174495091
	0.001290809634534147
	0.002900061983312374
	0.0028675501889011763
	0.0020586366172513455
	0.0017572741677102373
	0.0034665649057587897
	0.0029680170056543935
	0.0035828047069486235
