Mesh Points: 838
	-2.556070e-01,  4.381532e-01
	-2.271851e-01,  4.536698e-01
	-2.099908e-01,  4.504837e-01
	-2.586065e-01,  4.044708e-01
	-2.376115e-01,  3.816171e-01
	-1.913126e-01,  4.058886e-01
	-2.208353e-01,  3.817259e-01
	 3.767988e-01,  1.774988e-01
	 3.463955e-01,  1.836702e-01
	 4.060953e-01,  1.979321e-01
	 3.823927e-01,  2.376186e-01
	 3.580805e-01,  2.397160e-01
	 4.061067e-01,  1.979797e-01
	 3.418513e-01,  2.278063e-01
	 4.130550e-01, -2.108202e-01
	 4.172853e-01, -2.074013e-01
	 3.678612e-01, -2.074006e-01
	 3.623144e-01, -1.884144e-01
	 3.917953e-01, -1.496609e-01
	 4.161673e-01, -1.627138e-01
	 9.705333e-02,  1.475334e-01
	 5.223263e-02,  1.641923e-01
	 1.019603e-01,  1.911949e-01
	 4.643309e-02,  1.834377e-01
	 5.153075e-02,  1.964806e-01
	 8.821776e-02,  2.087827e-01
	 4.495496e-02,  3.922561e-01
	 2.750456e-02,  3.663979e-01
	 2.823171e-02,  4.226530e-01
	 1.640373e-02,  4.247939e-01
	-1.082083e-02,  3.837638e-01
	-9.176654e-02, -1.946388e-01
	-9.224318e-02, -1.959823e-01
	-1.152296e-01, -1.462826e-01
	-1.370381e-01, -1.417071e-01
	-1.428478e-01, -1.487086e-01
	-1.428514e-01, -2.031059e-01
	-1.403817e-01, -2.049017e-01
	-1.757154e-01, -4.158143e-01
	-1.436761e-01, -4.280099e-01
	-1.615377e-01, -3.820447e-01
	-1.355270e-01, -3.844015e-01
	-1.189127e-01, -4.121407e-01
	-2.445090e-01,  3.179351e-01
	-2.554120e-01,  3.305066e-01
	-2.285836e-01,  3.135839e-01
	-1.845970e-01,  3.466493e-01
	-1.863698e-01,  3.390463e-01
	-1.403246e-01,  1.235337e-01
	-1.167762e-01,  1.412961e-01
	-1.817904e-01,  1.552856e-01
	-1.682999e-01,  1.854399e-01
	-1.368602e-01,  1.859933e-01
	 4.246743e-01,  2.607668e-01
	 4.046314e-01,  2.609301e-01
	 3.904002e-01,  3.022029e-01
	 4.171926e-01,  3.156816e-01
	 4.415806e-01,  2.856248e-01
	-4.115443e-02,  4.312002e-01
	-8.884720e-02,  4.252683e-01
	-8.994234e-02,  4.260822e-01
	-8.209329e-02,  4.732178e-01
	-5.270287e-02,  4.773760e-01
	-3.489464e-02,  4.405164e-01
	 3.846924e-02, -1.461944e-01
	-6.385206e-04, -1.577139e-01
	 3.123143e-02, -9.194851e-02
	-1.523854e-02, -9.118037e-02
	 1.831171e-02, -8.528828e-02
	-2.820807e-02, -1.033934e-01
	-3.266163e-02, -1.253350e-01
	 2.500999e-01,  4.327200e-01
	 2.648250e-01,  4.646184e-01
	 3.062348e-01,  4.737029e-01
	 3.132878e-01,  4.657184e-01
	 3.120346e-01,  4.311092e-01
	 3.055427e-01,  4.243135e-01
	-4.645698e-01,  3.076833e-01
	-4.643089e-01,  3.077585e-01
	-5.000000e-01,  3.288504e-01
	-5.000000e-01,  3.586308e-01
	-4.538296e-01,  3.608625e-01
	-4.435085e-01,  3.417674e-01
	-4.827561e-01, -5.000000e-01
	-4.665140e-01, -4.528462e-01
	-5.000000e-01, -5.000000e-01
	-5.000000e-01, -4.400656e-01
	-4.734495e-01, -4.416683e-01
	-3.038980e-01,  1.611620e-01
	-2.825356e-01,  1.576992e-01
	-3.379126e-01,  1.364417e-01
	-3.204509e-01,  8.853456e-02
	-2.950429e-01,  8.689825e-02
	-2.691285e-01,  1.317310e-01
	-8.598220e-02, -1.270609e-01
	-5.447436e-02, -1.380499e-01
	-6.099421e-02, -1.762154e-01
	-4.791828e-01, -2.281424e-01
	-4.625897e-01, -2.464974e-01
	-4.726864e-01, -2.010984e-01
	-4.215549e-01, -2.282805e-01
	-4.260947e-01, -2.425153e-01
	-4.418144e-01, -1.950804e-01
	 3.216176e-01, -2.730026e-01
	 3.096132e-01, -2.778232e-01
	 3.289038e-01, -2.272704e-01
	 3.139176e-01, -2.155337e-01
	 2.806933e-01, -2.252844e-01
	 2.760301e-01, -2.370665e-01
	 3.073107e-01, -2.769739e-01
	 4.123868e-01, -4.440077e-01
	 4.551813e-01, -4.263767e-01
	 4.009574e-01, -4.186149e-01
	 4.162620e-01, -3.879740e-01
	 4.520175e-01, -4.071025e-01
	 4.561860e-01, -4.244200e-01
	 2.050533e-01, -3.979585e-02
	 1.736871e-01, -5.657582e-02
	 2.098237e-01, -2.049174e-02
	 1.523875e-01,  4.231002e-03
	 1.377890e-01, -3.140219e-02
	 1.743050e-01,  9.426638e-03
	 4.581510e-01, -5.000000e-01
	 4.576030e-01, -4.969622e-01
	 3.959972e-01, -5.000000e-01
	 4.052775e-01, -4.621692e-01
	 3.951201e-01, -4.691648e-01
	 3.468103e-01,  3.158326e-02
	 3.796678e-01,  2.654218e-02
	 3.363025e-01,  4.679580e-02
	 3.397784e-01,  7.061694e-02
	 3.862462e-01,  8.033370e-02
	 3.933739e-01,  7.648505e-02
	 1.092718e-01,  5.000000e-01
	 1.070894e-01,  4.742484e-01
	 6.012813e-02,  5.000000e-01
	 6.338903e-02,  4.625995e-01
	 6.760789e-02,  4.571759e-01
	 8.025762e-02,  4.529748e-01
	-8.768806e-02, -9.459306e-02
	-1.302721e-01, -8.409848e-02
	-1.501005e-01, -1.072515e-01
	-3.116778e-01,  3.061635e-01
	-2.889879e-01,  3.320287e-01
	-3.285429e-01,  3.032906e-01
	-3.370409e-01,  3.677001e-01
	-3.007736e-01,  3.552780e-01
	-3.459090e-01,  3.635791e-01
	-3.562615e-01,  3.305016e-01
	 1.933682e-01, -5.000000e-01
	 2.190917e-01, -4.629363e-01
	 1.733415e-01, -5.000000e-01
	 1.617589e-01, -4.670357e-01
	 1.897494e-01, -4.360552e-01
	 2.188276e-01, -4.606657e-01
	-3.729832e-01,  3.208470e-02
	-3.537443e-01,  6.768738e-02
	-4.134244e-01,  3.052538e-02
	-4.149825e-01,  7.180400e-02
	-3.885199e-01,  8.558196e-02
	-1.861281e-01, -3.479260e-01
	-2.223572e-01, -3.984952e-01
	-2.399756e-01, -3.919416e-01
	-1.966194e-01, -3.367616e-01
	-2.466482e-01, -3.748222e-01
	-2.284004e-01, -3.364004e-01
	-5.000000e-01,  1.568179e-01
	-4.816383e-01,  1.527842e-01
	-5.000000e-01,  9.604809e-02
	-4.699114e-01,  1.261981e-01
	-4.935165e-01,  9.672650e-02
	 3.915377e-01, -1.488954e-01
	 3.543477e-01, -1.222294e-01
	 3.806724e-01, -8.991896e-02
	 3.954394e-01, -9.201821e-02
	 4.086134e-01, -1.139436e-01
	-1.359368e-01,  4.004713e-01
	-1.010966e-01,  4.265259e-01
	-1.241556e-01,  3.710660e-01
	-8.105746e-02,  3.670489e-01
	-7.388016e-02,  3.843210e-01
	-3.442155e-01,  2.719014e-01
	-3.842886e-01,  2.755474e-01
	-3.976080e-01,  3.215713e-01
	-3.998990e-01,  3.136004e-01
	-8.913759e-02,  3.175168e-03
	-8.788176e-02,  2.545159e-02
	-1.015026e-01, -6.093576e-03
	-1.552769e-01,  3.408989e-02
	-1.223922e-01,  6.704523e-02
	-1.507862e-01,  3.443844e-03
	-1.486441e-01,  8.866700e-04
	 3.483663e-01, -4.329183e-01
	 3.590926e-01, -4.096747e-01
	 3.215968e-01, -4.417031e-01
	 2.973170e-01, -3.953086e-01
	 3.153734e-01, -3.846114e-01
	 3.543009e-01, -3.941546e-01
	 3.397776e-01,  1.229816e-01
	 3.328006e-01,  1.299681e-01
	 3.709762e-01,  1.204436e-01
	 3.430646e-01,  1.806911e-01
	 3.880427e-01,  1.391590e-01
	-4.620745e-01, -1.314185e-01
	-4.633269e-01, -1.519058e-01
	-4.711145e-01, -1.240567e-01
	-5.000000e-01, -1.227566e-01
	-5.000000e-01, -1.800426e-01
	-4.905298e-01, -1.802747e-01
	 4.648366e-01, -2.815691e-01
	 4.232824e-01, -3.075378e-01
	 4.678812e-01, -2.698579e-01
	 4.613705e-01, -2.575848e-01
	 4.138681e-01, -3.040464e-01
	 4.163464e-01, -2.565680e-01
	-4.216629e-01, -1.170832e-01
	-3.980933e-01, -1.662487e-01
	-4.368589e-01, -1.806947e-01
	 4.140580e-01,  4.093765e-01
	 4.227532e-01,  4.270174e-01
	 4.236598e-01,  3.761633e-01
	 4.543349e-01,  4.248830e-01
	 4.731698e-01,  3.997801e-01
	 4.670916e-01,  3.768589e-01
	-2.313876e-01, -7.860385e-02
	-2.274698e-01, -7.493787e-02
	-2.377564e-01, -1.206043e-01
	-1.683140e-01, -1.038984e-01
	-2.065428e-01, -1.373920e-01
	-1.950742e-01, -6.997290e-02
	-2.335117e-01, -1.300792e-01
	-3.615751e-02, -4.656114e-01
	-2.418303e-02, -5.000000e-01
	-9.426057e-02, -5.000000e-01
	-9.368039e-02, -4.627492e-01
	-9.162474e-02, -4.601487e-01
	-2.742636e-01, -3.112551e-01
	-2.829228e-01, -3.184071e-01
	-2.817906e-01, -2.646598e-01
	-3.019263e-01, -2.541832e-01
	-3.363713e-01, -2.935925e-01
	-3.232914e-01, -3.201369e-01
	-3.266719e-01, -2.644852e-01
	-1.225100e-01,  4.730338e-01
	-1.265776e-01,  4.503657e-01
	-9.487188e-02,  4.846408e-01
	 2.745607e-01, -1.023922e-01
	 2.813878e-01, -1.323422e-01
	 2.599548e-01, -1.554627e-01
	 2.392160e-01, -9.307090e-02
	 2.291915e-01, -1.030470e-01
	 2.232271e-01, -1.416121e-01
	-9.090984e-03,  1.729295e-01
	-1.898024e-02,  1.899422e-01
	 9.165213e-03,  2.413830e-01
	 1.797095e-02,  2.410294e-01
	-6.188995e-02,  4.912332e-02
	-1.221404e-01,  6.859126e-02
	-7.535022e-02,  8.967712e-02
	-6.604551e-02,  8.239773e-02
	-3.000480e-01, -1.058093e-01
	-2.985530e-01, -1.032665e-01
	-3.509791e-01, -1.281078e-01
	-3.583556e-01, -6.126750e-02
	-3.299245e-01, -5.404742e-02
	-3.672670e-01, -1.061377e-01
	-4.600648e-01,  5.000000e-01
	-4.598386e-01,  4.584263e-01
	-5.000000e-01,  5.000000e-01
	-5.000000e-01,  4.466452e-01
	-4.738512e-01,  4.430637e-01
	-3.442935e-01,  2.053922e-01
	-3.718142e-01,  1.734449e-01
	-3.544311e-01,  2.298221e-01
	-3.957339e-01,  1.997129e-01
	-3.730724e-01,  2.300457e-01
	-3.910400e-01,  1.826882e-01
	-2.236477e-01,  3.614401e-02
	-2.490571e-01,  2.542857e-02
	-2.459160e-01,  7.700929e-02
	-2.812900e-01,  7.535478e-02
	-2.795826e-01,  3.750475e-02
	-3.170249e-01, -3.486278e-02
	-3.427172e-01,  6.600903e-03
	-3.266135e-01,  2.826387e-02
	-2.841609e-01, -2.512864e-02
	-2.946278e-01,  2.363611e-02
	-4.781612e-01,  2.777987e-01
	-5.000000e-01,  2.770656e-01
	 5.000000e-01,  3.640421e-01
	 4.709835e-01,  3.697462e-01
	 5.000000e-01,  4.077520e-01
	 4.820522e-02,  5.150290e-02
	 3.888829e-02,  2.129931e-02
	 3.181299e-02,  7.332254e-02
	-1.557024e-02,  2.870756e-02
	-3.528157e-03,  7.628777e-02
	 1.032902e-02,  1.281318e-02
	-3.792035e-01,  4.279189e-01
	-4.066060e-01,  4.287632e-01
	-3.696246e-01,  4.726366e-01
	-4.065813e-01,  4.776439e-01
	-4.222687e-01,  4.556825e-01
	-3.576985e-01,  8.083291e-03
	-3.896022e-01, -1.778567e-02
	-3.736060e-01, -5.326067e-02
	 8.971375e-03,  4.753901e-01
	 1.288679e-03,  5.000000e-01
	-1.362728e-01, -2.389214e-01
	-1.044781e-01, -2.480767e-01
	-8.928363e-02, -2.041366e-01
	 2.166680e-01, -3.988397e-01
	 1.897416e-01, -4.360165e-01
	 2.026699e-01, -3.673873e-01
	 1.602503e-01, -3.921849e-01
	 1.563678e-01, -4.050393e-01
	 2.112119e-01,  4.584393e-01
	 1.764480e-01,  4.469696e-01
	 2.475726e-01,  4.312865e-01
	 1.833949e-01,  4.120151e-01
	 2.072282e-01,  3.980503e-01
	 2.442007e-01,  4.206349e-01
	-1.831216e-01,  4.645433e-01
	-1.519584e-01,  4.392110e-01
	-1.663487e-01,  4.007974e-01
	-1.560984e-01,  4.061753e-01
	-1.263547e-02,  9.311924e-02
	-1.180011e-02,  9.878863e-02
	 1.955309e-02,  1.289084e-01
	 2.960386e-02,  1.288870e-01
	 5.433972e-02,  1.045555e-01
	-1.048826e-01,  2.581774e-01
	-1.050182e-01,  2.641834e-01
	-6.688151e-02,  2.289146e-01
	-9.451249e-02,  2.786701e-01
	-6.114805e-02,  2.865870e-01
	-3.482864e-02,  2.602692e-01
	-4.652973e-01,  2.598715e-01
	-4.356444e-01,  2.623542e-01
	-4.343702e-01,  2.930374e-01
	-3.706465e-01, -4.008650e-01
	-3.926472e-01, -3.465354e-01
	-3.276023e-01, -3.700420e-01
	-3.889796e-01, -3.434068e-01
	-3.353859e-01, -3.416670e-01
	 3.033600e-01, -3.232350e-01
	 2.689540e-01, -3.336101e-01
	 2.499323e-01, -2.917144e-01
	 2.528890e-01, -2.874919e-01
	 9.600353e-02,  1.321424e-01
	 1.309087e-01,  9.742995e-02
	 9.736030e-02,  1.469987e-01
	 1.487484e-01,  1.501774e-01
	 1.513588e-01,  1.468307e-01
	 1.413516e-01,  1.038178e-01
	-4.202092e-01,  2.017111e-02
	-4.047404e-01, -1.211300e-02
	-4.318936e-01, -6.699184e-02
	-4.245705e-01, -7.342124e-02
	-4.742759e-01, -8.408016e-02
	-4.177884e-01, -1.097400e-01
	 6.384416e-02, -2.853280e-01
	 4.084488e-02, -3.051896e-01
	 6.547993e-02, -2.623193e-01
	-3.195176e-03, -2.580290e-01
	 7.581683e-03, -2.489552e-01
	 3.737157e-03, -2.983307e-01
	 5.348070e-02, -2.517353e-01
	 1.404422e-02, -3.067031e-01
	 5.000000e-01, -2.692092e-01
	 5.000000e-01, -2.078784e-01
	 4.761383e-01, -2.060438e-01
	 4.686532e-01, -2.122880e-01
	 4.111554e-01, -3.703237e-01
	 4.429911e-01, -3.431069e-01
	 3.841915e-01, -3.585726e-01
	 4.035048e-01, -3.068912e-01
	-2.589207e-01, -4.601402e-01
	-2.785075e-01, -4.176304e-01
	-2.386113e-01, -4.620563e-01
	-2.112264e-01, -4.141477e-01
	 5.000000e-01, -4.535504e-03
	 4.682727e-01,  4.392285e-03
	 5.000000e-01,  4.692135e-02
	 4.661749e-01,  4.696929e-02
	 4.686098e-01,  4.870907e-02
	-1.248092e-01,  2.385355e-01
	-1.637935e-01,  2.413954e-01
	-1.748838e-01,  2.792379e-01
	-1.609413e-01,  2.941750e-01
	-1.506140e-01,  2.955426e-01
	 1.534928e-01,  3.872146e-01
	 1.289416e-01,  4.100695e-01
	 1.616994e-01,  4.532720e-01
	 1.292444e-01,  4.076430e-01
	 2.092397e-01,  3.619929e-01
	 2.293099e-01,  3.551879e-01
	 2.603476e-01,  3.701826e-01
	-3.182932e-01,  1.970387e-01
	-2.887281e-01,  2.274101e-01
	-2.504015e-01,  1.933221e-01
	 4.448690e-01, -1.792668e-02
	 4.296945e-01, -1.825839e-02
	 4.372959e-01,  4.884281e-02
	 4.118776e-01,  8.192788e-03
	-2.518476e-01, -3.129294e-01
	-2.247905e-01, -2.766320e-01
	-1.910647e-01, -2.900125e-01
	-2.722918e-01, -5.000000e-01
	-2.726480e-01, -4.742574e-01
	-3.230392e-01, -5.000000e-01
	-3.137192e-01, -4.729793e-01
	 1.858848e-01,  5.546973e-02
	 1.911516e-01,  6.804940e-02
	 1.893186e-01,  4.379143e-02
	 2.246460e-01,  2.267862e-02
	 2.461341e-01,  3.575909e-02
	 2.522395e-01,  6.798419e-02
	 2.330081e-01,  8.248205e-02
	-4.262340e-01,  1.620438e-01
	-3.587969e-01,  1.430350e-01
	-3.879550e-01,  1.190365e-01
	-4.261305e-01,  1.332171e-01
	-4.027998e-02, -3.104729e-01
	-5.526238e-02, -3.389817e-01
	-5.836521e-02, -2.674872e-01
	-9.193583e-02, -2.720096e-01
	-1.057160e-01, -2.963736e-01
	-7.257865e-02, -3.422838e-01
	-3.779777e-01,  3.858592e-01
	-3.985958e-01,  3.773399e-01
	-3.738103e-01,  4.217368e-01
	-4.307301e-01,  3.986764e-01
	-1.400197e-01, -5.000000e-01
	-1.483956e-01, -4.733795e-01
	-1.417803e-01, -4.656111e-01
	-2.857119e-01,  3.929355e-01
	 4.109803e-01, -2.505680e-01
	 3.771888e-01, -2.535477e-01
	 3.641711e-01, -2.138729e-01
	-3.292243e-01,  4.194137e-01
	-3.117163e-01,  4.588532e-01
	-3.224140e-01,  4.049051e-01
	-2.890573e-01,  4.624258e-01
	-2.835867e-01, -2.525753e-02
	-2.689838e-01, -2.033815e-02
	 1.512932e-01,  1.878748e-01
	 1.469353e-01,  1.935593e-01
	 1.928889e-01,  1.886869e-01
	 1.475589e-01,  2.156523e-01
	 1.849119e-01,  2.408164e-01
	 2.036784e-01,  2.351765e-01
	-7.326466e-02, -8.153194e-02
	-7.389630e-02, -6.631953e-02
	-1.021672e-01, -4.462314e-02
	-1.296417e-01, -6.656631e-02
	-5.000000e-01,  3.797082e-01
	-4.626593e-01,  4.111791e-01
	-4.417098e-01,  3.967876e-01
	-2.474677e-01, -1.509809e-01
	-2.432825e-01, -1.838617e-01
	-1.927983e-01, -1.582233e-01
	-1.993037e-01, -1.955026e-01
	-3.709666e-01, -4.023192e-01
	-3.376246e-01, -4.386010e-01
	-2.953432e-01, -4.126326e-01
	-3.301573e-01, -4.399092e-01
	-3.045702e-01, -3.831601e-01
	 1.904179e-01,  3.535961e-01
	 1.589019e-01,  3.612585e-01
	-3.764807e-01, -4.715701e-01
	-4.063588e-01, -4.411583e-01
	-4.044232e-01, -4.226992e-01
	-1.938072e-01, -2.062900e-01
	 5.000000e-01, -3.123879e-01
	 4.841647e-01, -3.129497e-01
	-4.379440e-01,  1.226470e-01
	-4.515766e-01,  1.820433e-01
	 5.000000e-01, -4.210954e-01
	 5.000000e-01, -3.695228e-01
	 4.792875e-01, -3.647216e-01
	-2.696632e-01, -2.003561e-01
	-2.637027e-01, -2.011135e-01
	-2.978320e-01, -1.640154e-01
	-2.952322e-01, -1.601175e-01
	 3.619130e-01, -5.691542e-02
	 3.661727e-01, -4.320415e-02
	 4.194081e-01, -6.179252e-02
	 4.143259e-01, -4.344218e-02
	-7.603751e-02,  1.331888e-01
	-1.442716e-01,  1.016914e-01
	-8.383411e-02,  1.416494e-01
	-5.000000e-01,  2.171664e-01
	-4.770663e-01,  2.191434e-01
	-4.536468e-01,  2.038471e-01
	 4.771572e-01,  4.572173e-01
	 5.000000e-01,  4.491049e-01
	-3.895690e-01, -1.700707e-01
	-3.886380e-01, -2.100923e-01
	 4.358162e-01, -1.166964e-01
	 4.451044e-01, -1.508604e-01
	 3.178525e-01,  2.340538e-01
	 2.868714e-01,  2.073375e-01
	 2.563165e-01,  2.325564e-01
	 2.778982e-01,  2.580008e-01
	 3.032938e-01,  2.548170e-01
	 4.607171e-01,  2.856490e-01
	 4.837751e-01,  3.170366e-01
	 4.238549e-01,  3.331689e-01
	 4.626452e-01,  3.400156e-01
	 4.937742e-01,  1.628632e-01
	 4.664384e-01,  1.765243e-01
	 4.658835e-01,  1.082120e-01
	 4.322560e-01,  1.633468e-01
	 4.240423e-01,  1.369456e-01
	 4.373893e-01,  1.126029e-01
	 1.302600e-01,  2.819516e-02
	 9.088588e-02,  1.062652e-02
	 9.569334e-02,  1.831813e-02
	 1.172978e-01, -3.642886e-02
	-3.020627e-01, -2.269674e-01
	-3.283358e-01, -2.022926e-01
	-3.265465e-01, -1.735907e-01
	-3.970113e-02,  1.332492e-01
	-9.157074e-03,  1.711571e-01
	-2.811504e-02, -4.145893e-01
	-2.214538e-02, -4.300697e-01
	-8.238196e-02, -4.018479e-01
	-1.000126e-01, -4.161306e-01
	 2.415800e-01,  2.291512e-01
	 2.474951e-01,  1.729879e-01
	 2.108392e-01,  1.621214e-01
	 2.158562e-01,  2.396684e-01
	-4.330357e-01, -4.623350e-01
	-4.227415e-01, -5.000000e-01
	 1.065736e-01,  2.945773e-01
	 7.353347e-02,  3.236715e-01
	 7.824164e-02,  2.589410e-01
	 4.754497e-02,  2.938846e-01
	 5.110512e-02,  2.665245e-01
	 1.185203e-02, -2.073854e-01
	-9.237964e-03, -1.899640e-01
	 4.804003e-02, -2.022239e-01
	 5.290216e-02, -1.970673e-01
	 5.260107e-02, -1.549072e-01
	-3.403802e-01,  6.932065e-02
	 2.351791e-01,  3.030519e-01
	 2.653117e-01,  2.994290e-01
	 2.805186e-01,  3.642201e-01
	 2.855895e-01,  3.500611e-01
	 2.680819e-01,  3.013025e-01
	 8.818051e-04,  3.130169e-01
	 3.091030e-02,  3.558213e-01
	 7.299639e-02,  3.361202e-01
	-4.242363e-01,  2.511625e-01
	-3.945406e-01,  2.562759e-01
	-1.862988e-01,  8.997396e-02
	-2.071098e-01,  1.445444e-01
	-2.200674e-01,  1.191482e-01
	-3.773461e-01, -5.000000e-01
	-3.438736e-02,  3.956097e-01
	-7.109402e-04,  4.474923e-01
	 3.055894e-01,  5.000000e-01
	 2.419593e-01,  5.000000e-01
	 3.570279e-01, -2.392627e-02
	 3.363373e-01, -1.364472e-02
	 2.998544e-01, -5.069137e-02
	 3.094843e-01, -7.852995e-02
	 3.119601e-01, -7.937469e-02
	 2.645133e-01, -1.920143e-01
	 2.205280e-01, -2.067853e-01
	 2.184845e-01, -2.284973e-01
	 2.508620e-01, -2.474978e-01
	 3.583117e-01,  3.636239e-01
	 4.144423e-01,  3.586777e-01
	 3.551830e-01,  3.520355e-01
	 3.741003e-01,  3.051751e-01
	-3.394170e-01,  2.530124e-01
	-4.053019e-01,  3.324299e-01
	-4.125343e-01, -3.464672e-01
	-4.131992e-01, -2.697088e-01
	-3.964257e-01, -2.735516e-01
	-4.332853e-01, -2.906245e-01
	-4.292779e-01, -3.339617e-01
	-3.789058e-01, -2.956304e-01
	 3.331920e-01, -6.669756e-03
	 2.925293e-01,  1.574895e-02
	 2.996160e-01,  3.375145e-02
	-4.090614e-02, -2.487730e-01
	-4.369005e-01, -4.504298e-02
	-4.703799e-01, -2.317676e-02
	-4.550671e-01,  1.743068e-02
	 3.582801e-01, -2.831390e-01
	 3.632633e-01, -2.913188e-01
	-4.305680e-01,  8.022053e-02
	 1.597013e-01,  5.000000e-01
	 1.560280e-01,  4.629997e-01
	 1.018366e-01, -1.606505e-01
	 1.234406e-01, -1.410338e-01
	 6.987765e-02, -1.490051e-01
	 1.151062e-01, -1.210498e-01
	 8.950887e-02, -1.149174e-01
	-1.600297e-01, -3.879547e-02
	-1.831886e-01, -3.487230e-01
	-1.443656e-01, -3.314258e-01
	-1.225142e-01, -3.570616e-01
	-4.149998e-01,  5.000000e-01
	-2.907750e-01,  2.440685e-01
	 3.558239e-01,  3.703200e-01
	 3.654364e-01,  4.027448e-01
	 3.255434e-01, -3.411883e-01
	 3.467418e-01, -3.381215e-01
	 3.749764e-01, -3.603654e-01
	 1.079658e-01, -1.874643e-01
	 1.412864e-01, -2.001171e-01
	 1.131209e-01, -2.448453e-01
	 8.627201e-02, -2.063655e-01
	 9.835858e-02, -2.429941e-01
	-5.000000e-01, -2.327666e-01
	 4.662478e-01, -1.572777e-01
	-5.000000e-01,  3.640031e-02
	-4.650534e-01,  6.848857e-02
	-4.735850e-01,  3.722945e-02
	 1.391826e-01,  5.536767e-02
	 8.048876e-02,  6.119652e-02
	 8.298547e-02,  6.634046e-02
	 1.253253e-01,  7.908041e-02
	 3.048268e-01,  3.854601e-01
	 3.159597e-01,  3.305993e-01
	 2.662862e-01, -1.457209e-02
	 2.229044e-01, -1.016102e-02
	 2.782841e-01,  8.467190e-03
	 4.566152e-01, -9.441183e-02
	 4.764640e-01, -1.034885e-01
	 4.841522e-01, -1.424377e-01
	 3.148228e-01, -1.737840e-01
	 3.200454e-01, -1.678731e-01
	-1.909574e-01,  5.037494e-02
	-8.017913e-02, -3.522516e-01
	-1.333119e-01, -3.018169e-01
	 3.882726e-01,  1.380571e-02
	 4.107676e-01,  7.780446e-02
	-2.793173e-01,  2.612451e-01
	-2.649455e-01,  2.657445e-01
	-2.788429e-01,  5.000000e-01
	-3.295602e-01,  5.000000e-01
	-3.316021e-01,  4.748399e-01
	-1.698244e-01,  5.000000e-01
	-1.523070e-01,  5.000000e-01
	 3.346071e-01,  7.682175e-02
	 2.825300e-01,  1.141439e-01
	 3.090073e-01,  1.332402e-01
	 2.847615e-01,  7.957311e-02
	-4.504193e-02, -2.300157e-01
	-2.632217e-02, -1.957092e-01
	-4.741880e-01, -3.848621e-01
	-5.000000e-01, -3.844398e-01
	-4.669612e-01, -3.404592e-01
	-5.000000e-01, -3.242917e-01
	-4.868513e-01, -3.233344e-01
	-2.261751e-01,  2.503707e-01
	-2.051170e-01,  2.775283e-01
	 2.600911e-01, -4.071764e-01
	 2.745283e-01, -3.929664e-01
	 2.065944e-01, -3.501225e-01
	 2.590167e-01, -3.519552e-01
	 2.946803e-01,  1.746066e-01
	 2.620722e-01,  1.243920e-01
	 2.554651e-01,  1.699652e-01
	 2.859317e-01,  1.797582e-01
	-3.526881e-02, -3.936589e-02
	 1.147755e-02, -2.675808e-02
	 1.990362e-02, -3.536427e-02
	-2.351740e-01, -3.122026e-02
	-2.066222e-01, -1.529652e-02
	-2.039256e-01, -6.613300e-03
	-2.217671e-01,  3.560423e-02
	-1.726067e-02,  2.823748e-02
	-3.904999e-02, -3.743121e-02
	-5.108213e-02, -8.025480e-03
	 2.810629e-01,  7.478218e-02
	-2.189637e-01,  2.183088e-01
	-2.415346e-01,  1.944540e-01
	-2.959733e-01, -1.025735e-01
	-4.697684e-01, -2.847066e-01
	 1.709558e-01, -9.567060e-02
	 1.679343e-01, -9.156495e-02
	 2.365575e-01, -7.242669e-02
	 2.691419e-01, -1.828553e-01
	 3.195262e-01, -1.543319e-01
	 4.644935e-01, -3.475728e-01
	 1.028001e-01, -4.121573e-01
	 9.957036e-02, -3.531247e-01
	 4.373143e-02, -4.050739e-01
	 3.344621e-02, -3.747027e-01
	 5.871556e-02, -3.533030e-01
	-1.841658e-01, -4.728704e-02
	-1.040585e-01,  3.197173e-01
	-1.263062e-01,  3.229010e-01
	-1.374679e-01,  3.542381e-01
	-7.459430e-02,  3.455581e-01
	 4.523439e-01, -7.769163e-02
	 4.687595e-01,  4.775542e-01
	 4.272215e-01,  4.742478e-01
	 4.778922e-01,  5.000000e-01
	 4.141504e-01,  5.000000e-01
	-1.918448e-01, -4.212931e-01
	-1.910583e-01, -4.687759e-01
	-2.304064e-01, -4.696516e-01
	-9.443302e-02,  5.000000e-01
	 5.000000e-01, -9.149936e-02
	 5.000000e-01, -4.988416e-02
	 4.735163e-01, -5.039152e-02
	 2.038010e-01,  1.338484e-01
	 1.799307e-01,  9.322328e-02
	 2.016009e-01,  1.418092e-01
	 6.494989e-02,  4.014628e-03
	-3.595233e-01, -2.379975e-01
	-3.606675e-01, -2.301161e-01
	 3.805440e-01, -4.672813e-01
	-2.669174e-01, -7.086782e-02
	 9.572464e-02,  2.314287e-01
	 8.624068e-02,  4.387913e-01
	-4.429305e-01, -3.983916e-01
	-4.572641e-01, -4.002875e-01
	-1.684578e-01,  3.587384e-01
	 4.602554e-02, -4.633332e-01
	 3.065745e-02, -4.353471e-01
	 1.078627e-01, -4.191804e-01
	 7.522276e-02, -4.629776e-01
	-1.079838e-02, -3.686559e-01
	 2.597258e-01, -5.000000e-01
	 1.723930e-01,  2.949449e-01
	 1.938480e-01,  3.043928e-01
	 1.375679e-01,  3.226742e-01
	 1.374550e-01,  3.402927e-01
	-2.228056e-01,  1.180222e-01
	 1.942866e-01, -2.476148e-01
	 1.965177e-01, -2.792114e-01
	 1.593088e-01, -2.986160e-01
	 1.746172e-01, -2.403611e-01
	 1.325192e-01, -2.625010e-01
	 1.363655e-01, -2.908426e-01
	 5.442537e-02, -3.156483e-02
	 7.049464e-02, -5.181875e-02
	 4.612600e-02, -8.743981e-02
	 2.730878e-01, -3.467413e-02
	-7.478077e-02,  1.891015e-01
	-6.321888e-02,  2.007658e-01
	-1.389862e-02,  3.832100e-01
	-2.785145e-01, -3.621164e-01
	 5.000000e-01,  1.009768e-01
	 4.694165e-01,  1.043783e-01
	 5.000000e-01,  1.639840e-01
	-3.389327e-02,  3.315626e-01
	-4.623071e-02,  3.297665e-01
	 1.554152e-01, -1.941662e-01
	 1.536037e-01, -1.966384e-01
	 1.544124e-01, -1.510603e-01
	-2.403897e-01, -2.492411e-01
	 2.230549e-01,  5.000000e-01
	 1.312444e-01, -9.405951e-02
	 1.030027e-01, -5.547974e-02
	 1.053810e-01, -6.878613e-02
	 2.392936e-02, -5.000000e-01
	 1.693326e-01, -1.389735e-01
	-4.327557e-01,  2.161846e-01
	 3.426928e-01, -1.231790e-01
	 1.036480e-01, -5.000000e-01
	-1.257308e-02,  2.614907e-01
	 2.151005e-01, -2.973572e-01
	 5.000000e-01,  5.000000e-01
	 3.195780e-01,  2.918027e-01
	 3.136726e-01,  2.991611e-01
	 3.509330e-01,  2.865420e-01
	-2.326632e-01, -5.000000e-01
	 1.635451e-01,  2.732743e-01
	 1.343346e-01,  2.693516e-01
	 1.207420e-01,  2.379969e-01
	 2.084689e-01, -1.903013e-01
	 2.119145e-01, -1.511699e-01
	 3.370206e-01, -4.978418e-01
	 3.165507e-01, -4.513966e-01
	 1.077330e-01, -3.167928e-01
	 1.065575e-01, -3.458688e-01
	-1.840333e-01,  2.117610e-01
	 6.127900e-02,  1.037069e-01
	 9.116669e-02,  3.562068e-01
	 8.988154e-02,  3.778039e-01
	 8.383593e-02, -1.010482e-01
	-5.000000e-01, -3.345310e-02
	-5.000000e-01, -6.858449e-02
	 2.330582e-01,  1.099645e-01
	 3.365189e-01, -5.000000e-01
	 2.700990e-01, -5.000000e-01
	 2.839094e-01, -4.627227e-01
	 3.583365e-01,  4.193330e-01
	 3.622608e-01,  4.758512e-01
	 3.733300e-01,  4.528483e-01
	 5.000000e-01, -1.425772e-01
	 1.751342e-01, -3.361892e-01
	 1.441477e-01, -3.558052e-01
	 5.000000e-01, -5.000000e-01
	 5.000000e-01, -4.584050e-01
	 4.728475e-01, -4.649579e-01
	-1.244105e-01,  1.975367e-01
	 1.131647e-01, -4.203943e-01
	 2.230481e-01,  2.956561e-01
	 3.698377e-01,  5.000000e-01
	 1.126607e-01,  2.946766e-01
	 7.488286e-02,  3.926805e-01
	-3.688797e-01,  4.732459e-01
	-3.702616e-01,  5.000000e-01
	-3.534492e-01, -1.549651e-01
	-2.334026e-01,  5.000000e-01
	-4.753219e-01, -2.746687e-01
	-3.895684e-02,  5.000000e-01
	-5.000000e-01, -2.690333e-01
	 2.028739e-01, -3.440010e-01
	-1.402996e-03,  3.122673e-01
	 5.000000e-01,  3.170240e-01
	 5.000000e-01,  2.194422e-01
	 4.646094e-01,  2.262788e-01
	 4.571563e-01,  2.222391e-01
	 1.131473e-01, -5.000000e-01
	 1.382855e-01, -4.638058e-01
	-1.652594e-01, -2.754665e-01
	 4.766859e-04, -3.647771e-01
	 4.508342e-01,  2.233859e-01
	-2.376211e-01, -2.500355e-01
	-1.974339e-01, -2.199709e-01
	 2.567194e-01, -4.321739e-01
	 4.152442e-01,  4.441223e-01
	-1.641261e-01, -2.666181e-01
	 4.801130e-01,  2.615652e-01
	 5.000000e-01,  2.638004e-01
	-1.824770e-01, -5.000000e-01
	-1.807439e-01, -4.777191e-01
Mesh Facets: 1255
	4, 6
	79, 80
	83, 85
	85, 86
	33, 31
	122, 124
	135, 133
	94, 33
	33, 34
	149, 151
	168, 166
	60, 59
	144, 148
	8, 7
	207, 206
	204, 203
	232, 233
	60, 177
	60, 61
	23, 24
	186, 189
	268, 266
	269, 268
	77, 79
	288, 79
	291, 289
	222, 223
	283, 282
	263, 264
	135, 136
	307, 135
	37, 32
	2, 5
	294, 296
	287, 77
	78, 77
	109, 104
	303, 304
	157, 155
	215, 203
	203, 205
	370, 369
	211, 212
	213, 210
	162, 161
	383, 381
	331, 332
	319, 317
	321, 320
	88, 89
	384, 382
	163, 165
	408, 410
	276, 272
	299, 298
	233, 234
	233, 433
	143, 146
	4, 44
	3, 4
	16, 14
	3, 436
	0, 3
	285, 286
	281, 278
	139, 140
	80, 456
	81, 80
	230, 228
	342, 340
	320, 395
	319, 320
	391, 319
	464, 463
	36, 35
	461, 462
	228, 227
	461, 228
	461, 35
	141, 34
	34, 35
	369, 474
	209, 211
	369, 211
	358, 360
	305, 263
	263, 265
	419, 422
	167, 169
	479, 478
	114, 115
	459, 460
	174, 173
	258, 257
	48, 49
	167, 477
	167, 166
	166, 492
	222, 291
	222, 221
	496, 291
	102, 100
	217, 216
	171, 175
	19, 18
	57, 56
	119, 120
	481, 483
	328, 327
	235, 231
	451, 448
	534, 83
	83, 84
	65, 64
	281, 286
	280, 281
	286, 284
	92, 91
	396, 397
	536, 538
	338, 339
	184, 182
	327, 326
	327, 523
	258, 489
	259, 258
	48, 490
	50, 48
	534, 533
	559, 534
	471, 470
	180, 59
	59, 58
	28, 29
	306, 136
	136, 137
	563, 562
	72, 73
	486, 485
	107, 108
	56, 55
	508, 56
	555, 182
	182, 181
	273, 275
	148, 183
	148, 147
	430, 429
	269, 270
	456, 269
	456, 457
	343, 341
	129, 127
	366, 364
	425, 423
	356, 355
	213, 376
	213, 214
	438, 437
	159, 158
	422, 476
	422, 421
	133, 134
	133, 595
	454, 455
	191, 187
	290, 223
	574, 508
	220, 223
	509, 508
	40, 41
	266, 606
	266, 267
	301, 302
	273, 577
	271, 273
	399, 398
	574, 573
	218, 220
	574, 220
	196, 197
	99, 97
	207, 208
	618, 207
	15, 19
	19, 500
	371, 372
	168, 170
	620, 168
	516, 518
	608, 573
	548, 549
	573, 575
	415, 416
	500, 499
	500, 619
	17, 16
	16, 439
	105, 106
	556, 490
	490, 257
	188, 189
	257, 189
	605, 604
	428, 427
	132, 128
	403, 404
	143, 142
	143, 44
	43, 44
	645, 644
	443, 441
	41, 605
	605, 638
	527, 528
	42, 41
	243, 244
	322, 323
	647, 648
	198, 199
	310, 32
	96, 31
	31, 32
	202, 7
	513, 514
	7, 9
	656, 658
	43, 45
	643, 43
	313, 311
	651, 650
	65, 541
	95, 96
	65, 70
	654, 96
	156, 159
	159, 421
	421, 420
	90, 91
	91, 545
	67, 68
	445, 278
	278, 277
	671, 670
	295, 297
	416, 631
	416, 417
	586, 587
	109, 108
	109, 348
	572, 108
	660, 643
	642, 643
	399, 607
	399, 400
	592, 438
	439, 438
	105, 439
	103, 105
	226, 230
	261, 260
	230, 459
	459, 484
	657, 659
	583, 582
	249, 250
	117, 116
	636, 635
	248, 247
	114, 113
	114, 480
	373, 374
	675, 674
	190, 191
	191, 602
	178, 179
	632, 499
	174, 487
	175, 174
	175, 499
	99, 208
	208, 204
	204, 217
	217, 102
	102, 99
	705, 704
	379, 380
	648, 709
	648, 243
	245, 243
	711, 710
	632, 701
	632, 633
	697, 698
	332, 390
	332, 334
	353, 354
	8, 201
	8, 13
	502, 501
	666, 669
	641, 132
	200, 202
	514, 515
	514, 202
	132, 131
	673, 674
	674, 696
	229, 225
	352, 351
	20, 22
	446, 447
	518, 517
	518, 624
	292, 293
	442, 440
	431, 429
	147, 429
	145, 147
	239, 242
	520, 521
	479, 480
	474, 479
	475, 474
	690, 480
	193, 192
	112, 110
	126, 125
	226, 683
	226, 224
	25, 24
	539, 537
	255, 24
	134, 596
	138, 134
	393, 392
	657, 583
	657, 655
	583, 579
	365, 364
	364, 588
	654, 541
	653, 654
	540, 541
	432, 430
	430, 578
	82, 81
	81, 458
	668, 669
	503, 502
	502, 669
	530, 529
	6, 46
	6, 5
	5, 324
	693, 691
	428, 424
	638, 428
	527, 638
	525, 527
	150, 149
	731, 149
	469, 468
	190, 188
	190, 675
	675, 676
	188, 637
	637, 676
	556, 637
	558, 556
	676, 277
	277, 279
	68, 672
	66, 68
	687, 116
	116, 118
	630, 629
	487, 488
	401, 402
	701, 487
	701, 712
	229, 227
	229, 696
	455, 140
	602, 455
	696, 602
	141, 227
	141, 140
	524, 523
	491, 489
	489, 523
	253, 252
	452, 453
	678, 670
	670, 67
	67, 69
	561, 29
	58, 63
	560, 58
	29, 30
	165, 405
	165, 164
	237, 236
	410, 411
	410, 559
	464, 466
	470, 464
	559, 470
	344, 343
	584, 343
	240, 241
	304, 305
	305, 358
	356, 304
	589, 356
	358, 357
	753, 751
	512, 510
	179, 180
	700, 179
	560, 749
	180, 560
	597, 598
	614, 613
	225, 224
	673, 225
	444, 445
	673, 445
	224, 720
	740, 741
	614, 757
	615, 614
	698, 390
	699, 698
	47, 46
	390, 389
	46, 725
	238, 239
	520, 239
	520, 481
	481, 482
	383, 385
	751, 383
	752, 751
	563, 72
	760, 563
	318, 316
	72, 71
	242, 240
	240, 584
	717, 242
	584, 581
	686, 117
	117, 120
	120, 519
	764, 232
	727, 726
	231, 526
	231, 232
	598, 600
	598, 758
	761, 686
	686, 685
	338, 554
	338, 337
	494, 493
	246, 247
	247, 689
	567, 568
	726, 729
	764, 726
	768, 764
	687, 746
	566, 567
	246, 249
	249, 687
	567, 246
	750, 237
	241, 237
	344, 241
	344, 342
	467, 342
	333, 336
	748, 253
	254, 253
	282, 285
	264, 282
	264, 261
	683, 261
	683, 720
	720, 444
	285, 444
	572, 348
	348, 347
	572, 571
	738, 737
	496, 495
	771, 496
	704, 702
	704, 771
	575, 576
	575, 628
	775, 408
	409, 408
	377, 379
	708, 379
	449, 450
	758, 765
	758, 756
	412, 414
	119, 516
	119, 121
	623, 516
	192, 719
	192, 194
	362, 361
	695, 692
	388, 387
	660, 681
	660, 661
	351, 349
	21, 20
	20, 351
	330, 329
	469, 735
	391, 469
	394, 391
	601, 599
	66, 745
	64, 66
	544, 64
	791, 790
	589, 357
	590, 589
	359, 357
	531, 530
	667, 668
	713, 715
	530, 668
	90, 420
	90, 88
	271, 398
	272, 271
	272, 420
	88, 398
	365, 540
	365, 367
	540, 542
	485, 173
	173, 172
	485, 568
	767, 568
	486, 488
	486, 564
	640, 404
	404, 402
	488, 402
	447, 22
	447, 449
	778, 449
	22, 25
	25, 721
	744, 743
	716, 517
	762, 519
	517, 519
	545, 284
	284, 283
	156, 545
	155, 156
	303, 155
	283, 303
	793, 794
	781, 782
	745, 744
	745, 789
	744, 762
	762, 763
	593, 376
	376, 375
	611, 612
	75, 74
	371, 370
	371, 619
	619, 634
	799, 370
	742, 739
	784, 783
	803, 802
	802, 122
	122, 123
	256, 259
	259, 326
	326, 296
	295, 677
	295, 296
	491, 49
	49, 52
	747, 491
	650, 652
	792, 667
	650, 667
	418, 417
	680, 417
	337, 493
	337, 287
	288, 287
	492, 288
	493, 492
	302, 299
	299, 432
	270, 267
	457, 270
	432, 458
	458, 457
	302, 267
	314, 315
	692, 784
	691, 692
	801, 784
	728, 691
	623, 626
	623, 412
	350, 354
	354, 714
	413, 412
	505, 504
	547, 550
	772, 773
	87, 86
	656, 655
	86, 656
	655, 724
	546, 396
	468, 395
	468, 733
	396, 395
	630, 118
	630, 415
	414, 121
	414, 415
	121, 118
	564, 565
	127, 585
	127, 128
	128, 640
	564, 640
	588, 425
	588, 653
	310, 653
	310, 309
	425, 426
	706, 380
	603, 40
	40, 38
	161, 160
	161, 380
	797, 74
	73, 562
	73, 74
	562, 808
	805, 52
	387, 785
	387, 386
	51, 52
	748, 747
	748, 333
	386, 331
	805, 386
	333, 331
	747, 805
	10, 11
	774, 576
	576, 55
	55, 54
	678, 453
	453, 454
	679, 678
	454, 187
	185, 187
	536, 553
	735, 734
	535, 536
	787, 735
	553, 787
	553, 552
	27, 26
	788, 787
	569, 570
	780, 779
	248, 688
	248, 251
	616, 613
	544, 599
	544, 543
	597, 613
	599, 597
	171, 18
	18, 17
	689, 767
	636, 689
	172, 171
	172, 767
	17, 636
	300, 301
	606, 301
	606, 812
	799, 634
	710, 799
	633, 710
	634, 633
	82, 78
	82, 578
	183, 184
	184, 339
	578, 183
	339, 78
	600, 601
	600, 761
	763, 761
	763, 789
	601, 789
	215, 360
	360, 265
	265, 262
	216, 215
	497, 216
	443, 0
	443, 644
	644, 814
	0, 1
	725, 324
	324, 325
	178, 699
	699, 725
	178, 176
	15, 372
	372, 212
	214, 437
	437, 14
	212, 214
	14, 15
	582, 580
	582, 684
	101, 98
	580, 101
	581, 580
	100, 101
	100, 498
	581, 717
	718, 717
	62, 61
	245, 709
	245, 61
	709, 816
	773, 628
	773, 550
	628, 549
	550, 549
	684, 815
	684, 659
	658, 817
	659, 658
	770, 347
	347, 346
	665, 664
	685, 765
	685, 250
	250, 251
	780, 765
	780, 251
	124, 126
	124, 793
	719, 126
	781, 719
	793, 781
	336, 335
	755, 754
	336, 769
	810, 26
	28, 137
	137, 138
	138, 722
	28, 26
	507, 509
	509, 290
	290, 289
	289, 820
	552, 27
	552, 551
	749, 30
	754, 749
	819, 754
	30, 27
	753, 510
	821, 753
	510, 511
	151, 152
	151, 824
	651, 199
	651, 666
	666, 201
	201, 199
	639, 604
	604, 603
	163, 407
	603, 160
	160, 163
	209, 475
	475, 690
	210, 209
	374, 210
	690, 374
	260, 262
	260, 484
	813, 262
	483, 522
	484, 483
	353, 715
	353, 352
	446, 352
	446, 448
	448, 531
	531, 715
	51, 50
	51, 785
	682, 681
	785, 681
	50, 557
	585, 565
	586, 585
	586, 631
	566, 746
	566, 565
	629, 631
	746, 629
	424, 730
	424, 423
	366, 368
	423, 366
	440, 441
	440, 431
	811, 300
	431, 298
	646, 441
	300, 298
	106, 635
	106, 107
	569, 688
	107, 569
	635, 688
	620, 622
	790, 620
	591, 590
	790, 590
	607, 577
	607, 642
	181, 577
	181, 144
	142, 642
	144, 142
	587, 129
	587, 680
	680, 652
	652, 649
	129, 130
	112, 193
	112, 113
	373, 113
	375, 373
	193, 197
	375, 612
	612, 197
	711, 712
	712, 401
	401, 382
	381, 382
	381, 711
	355, 591
	591, 622
	622, 621
	157, 355
	158, 157
	158, 594
	419, 477
	276, 419
	494, 766
	477, 494
	276, 274
	618, 97
	817, 618
	98, 815
	97, 98
	815, 817
	664, 313
	664, 818
	801, 800
	314, 801
	313, 314
	823, 511
	513, 9
	511, 513
	9, 12
	557, 558
	558, 736
	89, 400
	89, 93
	400, 682
	682, 557
	759, 482
	460, 482
	460, 462
	462, 473
	54, 53
	54, 10
	10, 12
	828, 12
	617, 616
	542, 543
	543, 616
	367, 542
	363, 367
	104, 103
	345, 104
	611, 610
	103, 592
	592, 593
	593, 611
	769, 254
	769, 819
	819, 551
	254, 255
	551, 538
	255, 539
	538, 539
	723, 579
	463, 472
	340, 463
	579, 341
	340, 341
	311, 662
	312, 311
	154, 153
	750, 467
	750, 164
	465, 467
	162, 378
	164, 162
	349, 350
	786, 349
	625, 626
	626, 350
	798, 797
	797, 808
	705, 703
	808, 705
	694, 693
	730, 827
	525, 730
	525, 526
	727, 693
	727, 526
	406, 405
	829, 759
	405, 236
	236, 238
	238, 759
	345, 610
	610, 196
	346, 345
	665, 346
	196, 195
	663, 665
	385, 384
	385, 752
	512, 515
	512, 752
	641, 403
	641, 515
	403, 384
	150, 154
	731, 150
	795, 794
	794, 731
	831, 154
	471, 472
	471, 533
	724, 723
	87, 724
	472, 723
	84, 87
	533, 84
	647, 322
	814, 647
	814, 1
	322, 2
	2, 1
	594, 621
	621, 170
	169, 476
	169, 170
	476, 594
	501, 505
	13, 501
	11, 774
	11, 13
	505, 772
	772, 774
	645, 646
	812, 645
	811, 812
	811, 646
	697, 700
	697, 334
	755, 335
	335, 334
	700, 755
	406, 829
	829, 830
	826, 407
	407, 406
	776, 777
	734, 809
	734, 732
	292, 624
	292, 294
	330, 786
	294, 330
	625, 624
	786, 625
	804, 123
	110, 111
	125, 110
	123, 125
	825, 824
	824, 768
	728, 806
	728, 729
	768, 729
	306, 561
	307, 306
	62, 816
	816, 307
	561, 63
	62, 63
	548, 627
	548, 397
	318, 71
	71, 76
	397, 321
	321, 318
	796, 75
	76, 75
	76, 627
	608, 627
	609, 608
	825, 806
	152, 825
	152, 153
	806, 315
	315, 312
	312, 153
	791, 359
	206, 791
	205, 206
	205, 359
	503, 529
	504, 503
	807, 546
	546, 547
	547, 504
	532, 529
	256, 677
	677, 679
	679, 185
	186, 256
	185, 186
	596, 393
	596, 595
	595, 760
	760, 316
	316, 317
	393, 317
	130, 649
	649, 198
	131, 130
	200, 131
	198, 200
	832, 703
	703, 702
	495, 221
	221, 219
	702, 495
	571, 737
	737, 740
	757, 756
	740, 757
	571, 570
	779, 756
	779, 570
	506, 507
	507, 820
	820, 835
	427, 639
	427, 426
	426, 309
	309, 308
	826, 833
	826, 639
	522, 521
	522, 813
	497, 813
	718, 498
	521, 718
	498, 497
	218, 219
	218, 609
	796, 798
	609, 796
	832, 219
	832, 798
	770, 818
	770, 738
	738, 739
	800, 739
	818, 800
	836, 775
	708, 775
	708, 707
	828, 53
	823, 828
	506, 57
	506, 834
	822, 823
	53, 57
	821, 822
	835, 821
	834, 822
	834, 835
	743, 716
	743, 672
	293, 716
	297, 293
	672, 671
	297, 671
	176, 177
	176, 325
	244, 177
	323, 244
	325, 323
	803, 804
	478, 803
	115, 111
	115, 478
	804, 111
	146, 145
	436, 146
	145, 442
	442, 436
	433, 434
	433, 836
	836, 837
	742, 783
	741, 742
	617, 363
	617, 615
	615, 741
	363, 361
	783, 361
	418, 413
	413, 714
	713, 792
	713, 714
	792, 418
	394, 788
	394, 392
	810, 722
	722, 392
	788, 810
	736, 93
	736, 279
	280, 92
	92, 93
	279, 280
	524, 252
	328, 524
	252, 23
	23, 21
	329, 328
	329, 21
	532, 451
	807, 532
	733, 732
	733, 807
	450, 776
	776, 732
	450, 451
	695, 694
	694, 827
	368, 362
	368, 827
	362, 695
	42, 528
	528, 235
	435, 234
	235, 234
	42, 39
	194, 195
	194, 782
	663, 195
	782, 795
	795, 831
	831, 662
	662, 663
	274, 275
	274, 766
	555, 275
	554, 555
	554, 766
	409, 377
	409, 411
	378, 377
	465, 378
	466, 465
	411, 466
	721, 537
	778, 721
	535, 809
	537, 535
	777, 778
	809, 777
	452, 69
	139, 452
	139, 94
	94, 95
	69, 70
	70, 95
	388, 661
	388, 389
	47, 389
	45, 47
	661, 45
	830, 833
	830, 473
	833, 308
	37, 308
	37, 36
	36, 473
	837, 707
	434, 837
	39, 435
	435, 434
	38, 39
	707, 706
	706, 38
Facet Neighbors: 1255
	0, 7
	-1, 13
	-3, 14
	-1, 14
	5, 16
	-3, 21
	-4, 23
	16, 24
	5, 24
	-3, 26
	-1, 29
	10, 31
	25, 32
	1, 35
	-1, 36
	36, 38
	-3, 41
	31, 43
	10, 43
	3, 45
	33, 46
	-4, 48
	-1, 48
	13, 52
	-1, 52
	-2, 53
	39, 53
	51, 56
	47, 56
	23, 57
	-4, 57
	5, 58
	0, 61
	54, 62
	52, 64
	13, 64
	18, 66
	56, 68
	27, 68
	38, 69
	36, 69
	-2, 71
	37, 71
	37, 72
	28, 73
	-2, 74
	63, 75
	60, 76
	60, 77
	15, 78
	74, 79
	28, 80
	-3, 81
	49, 83
	55, 85
	41, 86
	-3, 86
	25, 87
	7, 87
	0, 87
	2, 88
	87, 89
	0, 89
	51, 90
	50, 90
	24, 92
	-1, 93
	13, 93
	40, 94
	65, 95
	77, 96
	60, 96
	76, 96
	95, 97
	5, 98
	94, 98
	40, 99
	94, 99
	98, 99
	24, 99
	5, 99
	-2, 100
	37, 100
	71, 100
	69, 101
	56, 101
	47, 101
	83, 102
	29, 102
	-2, 103
	19, 103
	94, 104
	30, 105
	46, 106
	8, 106
	102, 107
	29, 107
	-1, 107
	53, 108
	39, 108
	-2, 108
	17, 109
	38, 109
	30, 110
	2, 110
	9, 112
	20, 114
	104, 115
	62, 116
	41, 117
	91, 118
	-3, 119
	14, 119
	11, 121
	90, 122
	50, 122
	51, 122
	15, 122
	77, 123
	120, 124
	64, 125
	32, 125
	62, 126
	116, 126
	106, 126
	46, 126
	106, 127
	8, 127
	119, 128
	-3, 128
	97, 128
	31, 129
	10, 129
	4, 130
	57, 130
	23, 130
	-4, 131
	12, 131
	105, 132
	18, 133
	9, 134
	112, 134
	125, 135
	32, 135
	49, 135
	32, 136
	25, 136
	85, 136
	48, 137
	-1, 137
	93, 137
	65, 138
	22, 139
	70, 140
	84, 140
	68, 141
	72, 142
	37, 142
	88, 142
	27, 143
	102, 143
	83, 143
	23, 144
	-4, 144
	92, 146
	33, 146
	53, 147
	134, 147
	39, 147
	112, 147
	6, 148
	-4, 149
	48, 149
	55, 149
	135, 150
	49, 150
	78, 150
	134, 151
	39, 151
	147, 151
	34, 152
	17, 154
	36, 154
	-1, 154
	2, 155
	110, 155
	71, 155
	29, 156
	-1, 156
	114, 157
	151, 158
	123, 158
	134, 158
	82, 159
	110, 160
	155, 160
	2, 161
	88, 161
	18, 161
	127, 162
	106, 162
	33, 162
	46, 162
	148, 163
	84, 163
	22, 164
	79, 164
	25, 165
	87, 165
	7, 165
	-4, 166
	89, 166
	148, 167
	163, 167
	117, 167
	6, 167
	43, 168
	61, 168
	-4, 168
	35, 169
	58, 170
	16, 170
	5, 170
	35, 171
	113, 171
	1, 171
	-1, 172
	7, 173
	165, 173
	59, 174
	169, 175
	121, 176
	16, 176
	11, 176
	170, 176
	27, 177
	143, 177
	83, 177
	15, 177
	122, 177
	11, 178
	90, 179
	50, 179
	178, 180
	54, 180
	159, 181
	82, 181
	139, 181
	18, 182
	66, 182
	133, 182
	173, 183
	165, 183
	150, 183
	78, 183
	142, 184
	88, 184
	161, 184
	18, 184
	40, 185
	47, 185
	94, 185
	104, 185
	172, 186
	138, 186
	44, 187
	20, 187
	161, 188
	44, 188
	19, 189
	103, 189
	72, 189
	179, 191
	33, 191
	146, 191
	31, 192
	160, 193
	105, 193
	30, 193
	110, 193
	154, 194
	36, 194
	38, 194
	109, 194
	17, 194
	-4, 195
	73, 196
	-4, 197
	168, 197
	43, 197
	-2, 198
	193, 198
	160, 198
	192, 199
	75, 199
	63, 199
	67, 200
	35, 201
	1, 201
	111, 201
	175, 201
	164, 202
	35, 202
	113, 202
	171, 202
	22, 202
	179, 203
	191, 203
	40, 203
	67, 204
	3, 204
	91, 204
	114, 205
	157, 205
	54, 205
	89, 206
	85, 206
	136, 206
	25, 206
	42, 207
	115, 207
	103, 208
	-2, 208
	100, 208
	189, 208
	34, 209
	19, 209
	21, 209
	185, 210
	40, 210
	3, 211
	120, 211
	45, 211
	144, 212
	23, 212
	76, 212
	186, 213
	172, 213
	138, 213
	70, 214
	140, 214
	176, 214
	170, 214
	121, 214
	85, 215
	136, 215
	13, 215
	93, 215
	175, 216
	111, 216
	201, 216
	118, 216
	7, 217
	0, 217
	61, 217
	190, 218
	84, 219
	163, 219
	167, 219
	117, 219
	26, 220
	-3, 220
	96, 221
	33, 222
	191, 222
	179, 222
	162, 222
	222, 223
	162, 223
	127, 223
	179, 223
	50, 223
	178, 225
	11, 225
	187, 226
	20, 226
	159, 226
	105, 227
	79, 227
	193, 227
	198, 227
	40, 228
	203, 228
	92, 228
	146, 228
	191, 228
	99, 228
	24, 228
	116, 229
	106, 229
	126, 229
	45, 229
	92, 230
	180, 230
	178, 230
	11, 230
	130, 231
	10, 231
	129, 231
	4, 231
	80, 232
	28, 232
	42, 232
	81, 233
	-3, 233
	95, 233
	97, 233
	128, 233
	65, 234
	138, 234
	42, 234
	56, 235
	101, 235
	68, 235
	141, 235
	69, 235
	-2, 236
	113, 236
	31, 237
	192, 237
	231, 237
	129, 237
	145, 238
	153, 238
	40, 239
	203, 239
	90, 239
	179, 239
	210, 239
	224, 240
	238, 240
	153, 240
	199, 241
	192, 241
	7, 241
	75, 241
	217, 241
	42, 242
	207, 242
	115, 242
	104, 242
	74, 243
	-2, 243
	236, 243
	131, 244
	-4, 244
	60, 244
	12, 244
	42, 245
	234, 245
	207, 245
	138, 245
	187, 246
	20, 246
	114, 246
	-3, 247
	218, 247
	117, 247
	41, 247
	145, 248
	238, 248
	246, 248
	187, 248
	125, 249
	64, 249
	107, 249
	44, 250
	188, 250
	132, 250
	218, 251
	247, 251
	-3, 251
	226, 252
	132, 252
	44, 252
	187, 252
	250, 252
	232, 253
	42, 253
	234, 253
	65, 253
	95, 253
	63, 254
	229, 254
	45, 254
	51, 255
	56, 255
	47, 255
	185, 255
	210, 255
	239, 255
	90, 255
	182, 256
	66, 256
	133, 256
	224, 256
	108, 257
	-2, 257
	195, 257
	-4, 257
	134, 258
	158, 258
	-3, 259
	81, 259
	73, 259
	196, 259
	91, 260
	248, 261
	238, 261
	82, 262
	114, 262
	20, 262
	157, 262
	209, 263
	34, 263
	70, 264
	190, 264
	75, 265
	183, 265
	173, 265
	67, 266
	3, 266
	204, 266
	62, 266
	221, 267
	96, 267
	76, 267
	145, 268
	225, 268
	11, 268
	121, 268
	-1, 269
	235, 269
	141, 269
	69, 269
	118, 270
	175, 270
	200, 270
	216, 270
	177, 271
	15, 271
	150, 271
	49, 271
	83, 271
	78, 271
	214, 272
	70, 272
	121, 272
	105, 273
	30, 273
	132, 273
	250, 273
	105, 274
	132, 274
	164, 274
	79, 274
	227, 274
	204, 275
	91, 275
	260, 275
	3, 275
	211, 275
	225, 276
	205, 276
	246, 276
	114, 276
	122, 277
	51, 277
	177, 277
	27, 277
	68, 277
	56, 277
	-3, 278
	263, 278
	225, 279
	268, 279
	276, 279
	246, 279
	142, 280
	72, 280
	152, 280
	12, 281
	71, 282
	155, 282
	160, 282
	-2, 282
	224, 283
	264, 283
	-2, 284
	-3, 284
	21, 284
	46, 285
	126, 285
	62, 285
	180, 285
	54, 285
	106, 286
	8, 286
	229, 286
	169, 287
	270, 287
	175, 287
	82, 287
	181, 287
	249, 288
	64, 288
	52, 288
	-1, 288
	107, 288
	55, 289
	85, 289
	48, 289
	137, 289
	215, 289
	93, 289
	149, 289
	59, 290
	264, 290
	190, 290
	283, 290
	218, 290
	157, 291
	262, 291
	67, 291
	200, 291
	82, 291
	111, 292
	123, 292
	258, 292
	14, 293
	172, 293
	-1, 293
	213, 293
	123, 294
	96, 294
	221, 294
	77, 294
	226, 295
	159, 295
	262, 295
	82, 295
	20, 295
	132, 296
	139, 296
	22, 296
	164, 296
	274, 296
	140, 297
	214, 297
	170, 297
	58, 297
	84, 297
	196, 298
	148, 298
	6, 298
	28, 298
	73, 298
	281, 299
	131, 299
	12, 299
	-4, 299
	286, 300
	265, 300
	75, 300
	8, 300
	229, 301
	254, 301
	75, 301
	300, 301
	63, 301
	286, 301
	1, 302
	258, 302
	134, 302
	9, 302
	230, 303
	92, 303
	180, 303
	146, 303
	33, 303
	124, 304
	221, 304
	120, 304
	267, 304
	304, 305
	124, 305
	4, 305
	267, 305
	133, 306
	261, 306
	188, 306
	44, 306
	153, 307
	268, 307
	121, 307
	238, 307
	145, 307
	110, 308
	2, 308
	250, 308
	188, 308
	30, 308
	273, 308
	161, 308
	55, 309
	149, 309
	-4, 309
	282, 310
	-2, 310
	198, 310
	160, 310
	13, 311
	215, 311
	32, 311
	125, 311
	136, 311
	64, 311
	145, 312
	248, 312
	246, 312
	279, 312
	268, 312
	69, 313
	101, 313
	47, 313
	38, 313
	109, 313
	89, 314
	166, 314
	-4, 314
	0, 314
	217, 315
	61, 315
	192, 315
	241, 315
	31, 315
	155, 316
	71, 316
	142, 316
	88, 316
	37, 316
	2, 316
	138, 317
	186, 317
	17, 317
	317, 318
	138, 318
	17, 318
	109, 318
	245, 318
	207, 318
	10, 319
	197, 319
	43, 319
	-4, 319
	258, 320
	292, 320
	158, 320
	123, 320
	317, 321
	186, 321
	-1, 321
	172, 321
	256, 322
	66, 322
	174, 322
	248, 323
	187, 323
	44, 323
	261, 323
	306, 323
	21, 324
	-3, 324
	209, 324
	263, 324
	278, 324
	63, 325
	237, 325
	254, 325
	305, 326
	130, 326
	23, 326
	212, 326
	4, 326
	112, 327
	147, 327
	53, 327
	-2, 327
	305, 328
	124, 328
	231, 328
	237, 328
	325, 328
	4, 328
	236, 329
	-2, 329
	113, 329
	26, 330
	-3, 330
	169, 331
	175, 331
	201, 331
	35, 331
	163, 332
	148, 332
	80, 332
	298, 332
	28, 332
	100, 333
	208, 333
	37, 333
	72, 333
	189, 333
	47, 334
	185, 334
	313, 334
	115, 334
	104, 334
	200, 335
	67, 335
	204, 335
	91, 335
	118, 335
	270, 335
	8, 336
	300, 336
	183, 336
	265, 336
	127, 336
	296, 337
	139, 337
	181, 337
	252, 337
	132, 337
	159, 337
	226, 337
	219, 338
	84, 338
	70, 338
	140, 338
	89, 339
	206, 339
	309, 339
	85, 339
	166, 339
	55, 339
	161, 340
	18, 340
	306, 340
	133, 340
	188, 340
	156, 341
	-1, 341
	141, 341
	269, 341
	150, 342
	183, 342
	135, 342
	32, 342
	165, 342
	25, 342
	139, 343
	181, 343
	287, 343
	169, 343
	22, 343
	209, 344
	19, 344
	189, 344
	72, 344
	34, 344
	280, 344
	152, 344
	198, 345
	227, 345
	79, 345
	74, 345
	-2, 345
	141, 346
	341, 346
	156, 346
	68, 346
	27, 346
	143, 346
	102, 347
	83, 347
	249, 347
	107, 347
	49, 347
	154, 348
	-1, 348
	317, 348
	17, 348
	321, 348
	174, 349
	322, 349
	283, 349
	290, 349
	59, 349
	329, 350
	171, 350
	113, 350
	1, 350
	127, 351
	223, 351
	78, 351
	15, 351
	183, 351
	336, 351
	242, 352
	104, 352
	94, 352
	98, 352
	9, 353
	302, 353
	1, 353
	350, 353
	153, 354
	121, 354
	307, 354
	272, 354
	70, 354
	18, 355
	66, 355
	152, 355
	184, 355
	142, 355
	280, 355
	254, 356
	325, 356
	328, 356
	45, 356
	124, 356
	211, 356
	120, 356
	213, 357
	97, 357
	95, 357
	138, 357
	65, 357
	174, 358
	59, 358
	26, 358
	253, 359
	232, 359
	95, 359
	73, 359
	28, 359
	67, 360
	266, 360
	157, 360
	291, 360
	281, 361
	299, 361
	195, 361
	-4, 361
	190, 362
	338, 362
	219, 362
	117, 362
	218, 362
	247, 362
	80, 363
	352, 363
	232, 363
	42, 363
	242, 363
	355, 364
	152, 364
	66, 364
	322, 364
	34, 364
	174, 364
	74, 365
	243, 365
	113, 365
	236, 365
	164, 365
	202, 365
	79, 365
	26, 366
	220, 366
	278, 366
	-3, 366
	358, 366
	97, 367
	128, 367
	213, 367
	293, 367
	357, 367
	14, 367
	119, 367
	168, 368
	-4, 368
	314, 368
	61, 368
	0, 368
	346, 369
	156, 369
	102, 369
	29, 369
	143, 369
	111, 370
	201, 370
	302, 370
	1, 370
	292, 370
	258, 370
	166, 371
	-4, 371
	309, 371
	339, 371
	192, 372
	199, 372
	325, 372
	63, 372
	237, 372
	363, 373
	352, 373
	332, 373
	80, 373
	260, 374
	304, 374
	221, 374
	205, 375
	54, 375
	266, 375
	62, 375
	157, 375
	360, 375
	284, 376
	19, 376
	209, 376
	21, 376
	330, 377
	-3, 377
	290, 377
	218, 377
	251, 377
	130, 378
	57, 378
	319, 378
	-4, 378
	231, 378
	10, 378
	158, 379
	123, 379
	244, 379
	12, 379
	77, 379
	60, 379
	281, 380
	12, 380
	379, 380
	158, 380
	151, 380
	377, 381
	330, 381
	26, 381
	290, 381
	59, 381
	358, 381
	269, 382
	-1, 382
	36, 382
	69, 382
	216, 383
	111, 383
	294, 383
	123, 383
	292, 383
	118, 383
	285, 384
	180, 384
	303, 384
	46, 384
	33, 384
	212, 385
	144, 385
	-4, 385
	244, 385
	60, 385
	76, 385
	343, 386
	169, 386
	22, 386
	202, 386
	35, 386
	361, 387
	195, 387
	108, 387
	39, 387
	257, 387
	256, 388
	224, 388
	238, 388
	240, 388
	133, 388
	261, 388
	306, 388
	112, 389
	327, 389
	-2, 389
	163, 390
	84, 390
	297, 390
	58, 390
	373, 390
	332, 390
	115, 391
	334, 391
	313, 391
	318, 391
	207, 391
	109, 391
	39, 392
	151, 392
	281, 392
	380, 392
	387, 392
	361, 392
	322, 393
	256, 393
	224, 393
	283, 393
	349, 393
	-3, 394
	259, 394
	196, 394
	353, 395
	350, 395
	112, 395
	389, 395
	329, 395
	9, 395
	329, 396
	-2, 396
	395, 396
	389, 396
	276, 397
	225, 397
	205, 397
	54, 397
	178, 397
	180, 397
	31, 398
	315, 398
	43, 398
	168, 398
	61, 398
	284, 399
	-2, 399
	19, 399
	103, 399
	376, 399
	25, 400
	87, 400
	206, 400
	89, 400
	86, 401
	-3, 401
	394, 401
	283, 402
	224, 402
	354, 402
	153, 402
	240, 402
	70, 402
	264, 402
	82, 403
	291, 403
	270, 403
	200, 403
	287, 403
	267, 404
	76, 404
	326, 404
	212, 404
	305, 404
	351, 405
	223, 405
	122, 405
	15, 405
	50, 405
	229, 406
	116, 406
	45, 406
	3, 406
	62, 406
	266, 406
	118, 407
	383, 407
	221, 407
	294, 407
	260, 407
	374, 407
	91, 407
	190, 408
	362, 408
	70, 408
	338, 408
	264, 408
	167, 409
	117, 409
	86, 409
	41, 409
	6, 409
	34, 410
	263, 410
	364, 410
	278, 410
	366, 410
	358, 410
	174, 410
	49, 411
	347, 411
	135, 411
	125, 411
	249, 411
	259, 412
	81, 412
	73, 412
	359, 412
	95, 412
	233, 412
	211, 413
	275, 413
	304, 413
	120, 413
	260, 413
	374, 413
	230, 414
	92, 414
	24, 414
	16, 414
	11, 414
	176, 414
	265, 415
	75, 415
	241, 415
	7, 415
	173, 415
	373, 416
	352, 416
	390, 416
	58, 416
	5, 416
	98, 416
	394, 417
	401, 417
	409, 417
	86, 417
	6, 417
	196, 417
	298, 417
Mesh Regions: 418
	0, 32, 59, 62, 353, 730, 996
	13, 225, 298, 671, 902, 915, 1005
	60, 104, 184, 196, 698, 741
	19, 310, 330, 521, 560, 1187
	133, 399, 686, 783, 793
	4, 8, 31, 74, 80, 222, 1246
	170, 215, 654, 1206, 1252
	0, 58, 209, 227, 352, 434, 1240
	94, 127, 597, 664, 824
	105, 140, 674, 913, 1134
	11, 18, 132, 397, 751, 1044
	113, 233, 240, 373, 395, 529, 1235
	137, 447, 581, 659, 1048, 1052
	1, 23, 35, 67, 346, 711
	2, 3, 112, 629, 990
	49, 117, 238, 540, 906, 1182
	4, 7, 221, 232, 1234
	101, 181, 284, 744, 747, 892
	36, 139, 198, 248, 258, 847, 922
	90, 269, 326, 867, 1031, 1152
	106, 266, 375, 453, 511, 641
	5, 327, 590, 771, 1033
	152, 205, 305, 644, 865, 1085
	6, 29, 135, 162, 334, 781
	7, 8, 65, 79, 387, 1233
	12, 57, 146, 207, 318, 860, 1155
	9, 360, 797, 942, 980, 1058
	38, 159, 235, 569, 882
	44, 51, 401, 655, 807, 947
	10, 88, 96, 187, 1000
	92, 103, 278, 549, 701
	11, 17, 131, 275, 418, 735, 1145
	12, 121, 143, 145, 713, 858
	20, 165, 201, 273, 363, 679, 1076
	180, 325, 514, 870, 971, 1207
	13, 219, 223, 297, 302, 802, 1087
	14, 15, 40, 182, 281, 1064
	42, 43, 82, 157, 740, 810
	15, 39, 102, 282, 725
	26, 99, 168, 178, 1091, 1115
	68, 76, 259, 308, 329, 381, 424
	16, 55, 109, 458, 1205
	319, 402, 410, 437, 448, 478, 965
	17, 18, 216, 289, 753, 1147
	265, 268, 466, 474, 691, 768
	19, 332, 391, 484, 931, 1186
	20, 93, 125, 202, 591, 1075
	28, 86, 260, 487, 724, 813
	21, 22, 148, 172, 611
	53, 144, 175, 542, 888, 1214
	64, 115, 242, 371, 1183
	27, 63, 116, 485, 567
	23, 24, 34, 606
	25, 26, 98, 166, 786
	33, 244, 314, 595, 1025, 1142
	54, 173, 609, 704, 845
	27, 28, 37, 85, 411, 486, 571
	29, 30, 134, 1040
	31, 220, 650, 1106, 1245
	229, 616, 898, 941, 1060
	47, 48, 71, 446, 1050, 1081
	32, 217, 354, 732, 995, 1149
	33, 108, 122, 523, 593, 1027, 1188
	46, 295, 482, 669, 776, 1015
	34, 35, 120, 464, 605, 716
	69, 151, 408, 480, 939
	36, 249, 493, 764, 923, 969
	296, 309, 520, 623, 819, 948
	37, 38, 155, 413, 570, 881
	39, 40, 84, 415, 534, 722, 1065
	153, 339, 515, 546, 838, 921, 1167, 1199
	41, 42, 83, 186, 582, 737
	43, 156, 271, 579, 811, 869
	44, 286, 504, 656, 946, 1221
	45, 50, 441, 876, 973
	46, 294, 435, 517, 663, 667, 1238
	47, 72, 335, 526, 1082, 1175
	48, 70, 118, 636, 1049
	49, 176, 254, 544, 905
	50, 206, 378, 555, 875, 979
	51, 400, 805, 962, 1020
	52, 403, 503, 1220
	193, 246, 509, 602, 625, 640, 1169
	53, 87, 161, 237, 543, 885
	154, 204, 356, 651, 837, 1104
	54, 147, 316, 344, 610, 843
	55, 56, 1159, 1204, 1251
	57, 58, 59, 61, 208, 1156
	60, 158, 197, 256, 739
	61, 62, 211, 315, 727, 840, 1158
	63, 64, 114, 241, 426, 491
	110, 311, 506, 558, 821, 1196
	65, 164, 383, 392, 676, 1232
	66, 67, 150, 347, 614
	68, 75, 77, 91, 261, 911
	69, 73, 405, 481, 937, 945, 1223
	70, 71, 72, 362, 525, 634
	73, 130, 406, 936, 985
	74, 75, 78, 912, 1247
	76, 77, 78, 79, 80, 386
	81, 82, 83, 323, 808
	84, 85, 86, 412, 723
	87, 88, 95, 160, 884, 999
	89, 90, 270, 321, 1153
	91, 107, 262, 440, 817, 910
	92, 138, 277, 377, 548, 552
	93, 94, 124, 126, 200, 389, 596
	95, 96, 97, 465, 608, 887
	98, 99, 100, 496, 1090
	101, 102, 283, 726, 748, 1114
	103, 104, 185, 194, 279, 697
	299, 349, 626, 1002, 1067
	105, 141, 169, 784, 1100, 1131
	224, 303, 417, 796, 901, 975
	106, 189, 312, 454, 510, 565
	107, 320, 439, 816, 1109
	108, 123, 388, 1185
	109, 214, 359, 457, 959, 1203
	110, 351, 535, 822, 1071, 1190
	111, 112, 128, 991
	119, 331, 682, 934, 1228
	113, 231, 343, 530, 547, 694, 918
	114, 115, 116, 117, 239, 566, 1181
	118, 191, 627, 633, 758, 1046, 1069
	119, 680, 685, 789, 932
	120, 121, 142, 463, 714, 1217
	122, 123, 124, 125, 390, 592
	126, 127, 199, 369, 828, 903
	128, 129, 130, 407, 986
	131, 132, 398, 421
	133, 134, 135, 396, 780, 1039
	136, 137, 444, 658
	138, 468, 473, 550, 553, 642, 833
	139, 250, 494, 688, 849, 1097
	140, 141, 167, 177, 192, 500, 673
	142, 143, 144, 174, 857, 1216
	145, 146, 147, 317, 345, 715
	148, 149, 150, 612
	151, 264, 338, 409, 451, 742, 746, 938
	152, 247, 643, 830, 861
	153, 154, 340, 647, 839
	155, 414, 533, 853, 878
	156, 157, 158, 255, 578, 738, 926
	159, 160, 161, 236, 883, 1001
	162, 163, 333, 1078
	422, 459, 527, 696, 717
	164, 165, 274, 384, 678
	166, 167, 168, 169, 179, 785
	170, 203, 212, 653, 804
	171, 172, 173, 615, 705
	174, 175, 176, 253, 541, 855
	177, 178, 179, 190, 1055, 1116
	180, 580, 872, 924, 968
	423, 431, 692, 917, 1165
	181, 182, 183, 280, 889
	184, 185, 186, 195, 583, 736
	187, 188, 851, 880, 998
	189, 313, 512, 621, 950, 1028
	190, 191, 192, 501, 757, 1045, 1054
	193, 245, 376, 638, 834
	194, 195, 276, 292, 584, 710
	196, 197, 198, 257, 267, 703, 846
	199, 200, 201, 202, 366, 368
	203, 204, 213, 357, 803, 1103
	205, 206, 301, 554, 645, 977
	207, 208, 209, 228, 252, 859
	210, 211, 728, 844, 1008
	212, 213, 214, 215, 358, 1202
	216, 217, 218, 288, 992, 1148
	219, 230, 599, 799, 864, 1084
	220, 221, 222, 234, 342, 649
	223, 224, 225, 304, 900
	226, 263, 337, 630, 762
	227, 228, 251, 519, 1241
	229, 765, 894, 940, 972, 1213
	230, 300, 348, 536, 601, 800
	231, 232, 233, 234, 341, 1236
	235, 236, 237, 238, 239, 539, 568
	240, 243, 372, 394, 1143
	241, 242, 272, 306, 365, 370, 427
	243, 244, 393, 594, 677, 1073, 1144
	245, 246, 247, 603, 831, 862
	248, 249, 250, 492
	251, 252, 253, 254, 518, 826, 856, 907
	255, 256, 257, 258, 925
	259, 260, 261, 262, 328, 488, 814
	263, 264, 336, 743, 760
	265, 266, 374, 452, 462, 475, 767
	267, 268, 467, 690, 700, 850
	269, 270, 271, 324, 812, 868
	355, 516, 618, 956, 1197
	272, 273, 274, 307, 364, 385
	275, 293, 419, 433, 733, 1012
	276, 277, 278, 279, 291, 379
	280, 281, 282, 283, 284
	285, 498, 954, 1089
	286, 505, 652, 1128, 1253
	287, 288, 289, 752
	290, 291, 292, 380, 709, 873
	293, 294, 295, 432, 1013
	296, 537, 624, 818, 1172
	297, 298, 299, 300, 350, 801, 1003
	301, 302, 303, 304, 305, 978, 1086
	306, 307, 308, 382, 425
	309, 310, 311, 522, 557, 820
	312, 313, 314, 563, 1024, 1141
	315, 316, 317, 318, 841, 1157
	319, 320, 438, 450, 750, 1113
	321, 322, 323, 324, 809
	325, 326, 327, 513, 773, 866, 1032
	328, 329, 428, 489
	330, 331, 332, 561, 933, 1225
	333, 334, 335, 782, 1077, 1177
	336, 337, 338, 632, 935, 987
	339, 340, 341, 342, 343, 545, 648
	344, 345, 346, 347, 613, 712
	348, 349, 350, 351, 538, 1066
	352, 353, 354, 436, 731
	355, 456, 469, 620, 960, 1037
	356, 357, 358, 359, 836, 958
	360, 361, 981
	362, 524, 635, 681, 1023, 1192
	363, 364, 365, 366, 367
	367, 368, 369, 370, 371, 904, 1180
	429, 495, 586, 1094, 1123, 1163
	372, 373, 528, 562, 574, 1140
	374, 375, 376, 472, 637, 835
	377, 378, 379, 380, 556, 874
	381, 382, 383, 384, 385, 386, 387
	388, 389, 390, 391, 483, 598, 665, 1184
	392, 393, 394, 395, 675, 1231
	396, 397, 398, 399, 420, 790, 1043
	400, 401, 402, 477, 944, 964
	403, 404, 405, 406, 407, 1224
	408, 409, 410, 449, 479
	411, 412, 413, 414, 415, 532
	416, 417, 443, 794, 976
	418, 419, 420, 421, 777, 791, 1016
	422, 423, 430, 460, 508, 695, 1095
	424, 425, 426, 427, 428, 490
	429, 430, 431, 1096, 1166
	432, 433, 434, 435, 436, 734, 1239
	437, 438, 439, 440, 909, 966
	441, 442, 443, 974
	444, 445, 446, 447, 1047, 1080
	448, 449, 450, 451, 749
	452, 453, 454, 461, 564, 577, 719
	455, 456, 457, 458, 470, 961
	459, 460, 461, 462, 507, 718, 766
	463, 464, 465, 604, 886, 1218
	466, 467, 468, 476, 551, 699
	469, 470, 471, 1038
	472, 473, 474, 475, 476, 832
	477, 478, 479, 480, 481, 943
	482, 483, 484, 666, 778, 928
	485, 486, 487, 488, 489, 490, 491
	492, 493, 494, 495, 763, 1093, 1122
	496, 497, 498, 499, 1092
	500, 501, 628, 672, 755, 1007
	502, 503, 504, 505, 1127, 1219
	506, 559, 1021, 1194, 1229
	507, 508, 689, 769, 1098
	509, 510, 511, 512, 622, 639
	513, 514, 573, 774, 1208
	515, 516, 587, 617, 1168, 1201
	517, 518, 519, 662, 827, 1237
	520, 521, 522, 523, 949, 1026, 1189
	524, 525, 526, 683, 687, 1174
	527, 528, 529, 530, 575, 693, 721
	531, 532, 533, 534, 854, 1062
	535, 536, 537, 538, 600, 823, 1171
	539, 540, 541, 542, 543, 544
	545, 546, 547, 920
	548, 549, 550, 551, 702
	552, 553, 554, 555, 556, 646
	557, 558, 559, 560, 561, 1226
	562, 563, 564, 565, 576, 1139
	566, 567, 568, 569, 570, 571
	572, 573, 775, 982, 1210
	574, 575, 576, 577, 720
	578, 579, 580, 871, 927
	581, 657, 952, 1051, 1117
	582, 583, 584, 585, 707
	586, 587, 619, 896, 1124, 1162
	588, 589, 590, 1030, 1150
	591, 592, 593, 594, 595, 1072
	596, 597, 598, 661, 670
	599, 600, 601, 602, 603, 863, 1173
	604, 605, 606, 607, 608
	609, 610, 611, 612, 613, 614, 615
	616, 617, 618, 619, 620, 897, 1036, 1059
	621, 622, 623, 624, 625, 951, 1170
	626, 627, 628, 756, 1006, 1070
	629, 630, 631, 632, 988
	633, 634, 635, 636, 1068, 1193
	637, 638, 639, 640, 641
	642, 643, 644, 645, 646, 829
	647, 648, 649, 650, 651, 1105
	652, 653, 654, 655, 656, 806, 1254
	657, 658, 659, 660, 953
	661, 662, 663, 664, 668, 825
	665, 666, 667, 668, 669, 670
	671, 672, 673, 674, 914, 1004
	675, 676, 677, 678, 679, 1074
	680, 681, 682, 683, 684, 1022, 1227
	684, 685, 686, 687, 779, 788, 1178
	688, 689, 690, 691, 770, 848, 1099
	692, 693, 694, 695, 696, 919
	697, 698, 699, 700, 701, 702, 703
	704, 705, 706, 842, 1010
	707, 708, 709, 710
	711, 712, 713, 714, 715, 716
	717, 718, 719, 720, 721
	722, 723, 724, 725, 726, 815, 1111
	727, 728, 729, 730, 994
	731, 732, 733, 734, 735, 1146
	736, 737, 738, 739, 740, 741
	742, 743, 744, 745, 759, 891
	745, 746, 747, 748, 749, 750, 1112
	751, 752, 753, 754, 1041
	755, 756, 757, 758
	759, 760, 761, 762, 893
	763, 764, 765, 895, 970, 1121
	766, 767, 768, 769, 770
	771, 772, 773, 774, 775
	776, 777, 778, 792, 929, 1014
	779, 780, 781, 782, 783, 1176
	784, 785, 786, 787, 1101
	788, 789, 790, 791, 792, 793, 930
	794, 795, 796, 899, 1133, 1135
	797, 798, 1034, 1057
	799, 800, 801, 802
	803, 804, 805, 806, 807, 1019, 1108
	808, 809, 810, 811, 812
	813, 814, 815, 816, 817, 1110
	818, 819, 820, 821, 822, 823
	824, 825, 826, 827, 828, 908
	829, 830, 831, 832, 833, 834, 835
	836, 837, 838, 839, 957, 1200
	840, 841, 842, 843, 844, 845, 1011
	846, 847, 848, 849, 850
	851, 852, 853, 854, 879
	855, 856, 857, 858, 859, 860
	861, 862, 863, 864, 865, 1083
	866, 867, 868, 869, 870, 871, 872
	873, 874, 875, 876, 877
	878, 879, 880, 881, 882, 883, 997
	884, 885, 886, 887, 888, 1215
	889, 890, 891, 892, 893
	894, 895, 896, 897, 898, 1125
	899, 900, 901, 902, 916, 1130
	903, 904, 905, 906, 907, 908, 1179
	909, 910, 911, 912, 963, 1018, 1243
	913, 914, 915, 916, 1129
	917, 918, 919, 920, 921, 1164
	922, 923, 924, 925, 926, 927, 967
	928, 929, 930, 931, 932, 933, 934
	935, 936, 937, 938, 939, 989
	940, 941, 942, 984, 1061, 1212
	943, 944, 945, 946, 947, 1222
	948, 949, 950, 951, 1029
	952, 953, 954, 955, 1088, 1120
	956, 957, 958, 959, 960, 961, 1198
	962, 963, 964, 965, 966, 1017
	967, 968, 969, 970, 971, 972, 1209
	973, 974, 975, 976, 977, 978, 979
	980, 981, 982, 983, 984, 1211
	985, 986, 987, 988, 989, 990, 991
	992, 993, 994, 995, 996
	997, 998, 999, 1000, 1001
	1002, 1003, 1004, 1005, 1006, 1007
	1008, 1009, 1010, 1011
	1012, 1013, 1014, 1015, 1016
	1017, 1018, 1019, 1020, 1107, 1242
	1021, 1022, 1023, 1195, 1230
	1024, 1025, 1026, 1027, 1028, 1029
	1030, 1031, 1032, 1033, 1154
	1034, 1035, 1036, 1037, 1038, 1056
	1039, 1040, 1041, 1042, 1043, 1044
	1045, 1046, 1047, 1048, 1049, 1050, 1053
	1051, 1052, 1053, 1054, 1055, 1118
	1056, 1057, 1058, 1059, 1060, 1061
	1062, 1063, 1064, 1065
	1066, 1067, 1068, 1069, 1070, 1071, 1191
	1072, 1073, 1074, 1075, 1076
	1077, 1078, 1079, 1080, 1081, 1082
	1083, 1084, 1085, 1086, 1087
	1088, 1089, 1090, 1091, 1092, 1119
	1093, 1094, 1095, 1096, 1097, 1098, 1099
	1100, 1101, 1102, 1132, 1138
	1103, 1104, 1105, 1106, 1107, 1108, 1244
	1109, 1110, 1111, 1112, 1113, 1114
	1115, 1116, 1117, 1118, 1119, 1120
	1121, 1122, 1123, 1124, 1125
	1126, 1127, 1128, 1161, 1248
	1129, 1130, 1131, 1132, 1133, 1134, 1137
	1135, 1136, 1137, 1138
	1139, 1140, 1141, 1142, 1143, 1144
	1145, 1146, 1147, 1148, 1149
	1150, 1151, 1152, 1153, 1154
	1155, 1156, 1157, 1158
	1159, 1160, 1161, 1249
	1162, 1163, 1164, 1165, 1166, 1167, 1168
	1169, 1170, 1171, 1172, 1173
	1174, 1175, 1176, 1177, 1178
	1179, 1180, 1181, 1182, 1183
	1184, 1185, 1186, 1187, 1188, 1189
	1190, 1191, 1192, 1193, 1194, 1195, 1196
	1197, 1198, 1199, 1200, 1201
	1202, 1203, 1204, 1205, 1206, 1250
	1207, 1208, 1209, 1210, 1211, 1212, 1213
	1214, 1215, 1216, 1217, 1218
	1219, 1220, 1221, 1222, 1223, 1224
	1225, 1226, 1227, 1228, 1229, 1230
	1231, 1232, 1233, 1234, 1235, 1236
	1237, 1238, 1239, 1240, 1241
	1242, 1243, 1244, 1245, 1246, 1247
	1248, 1249, 1250, 1251, 1252, 1253, 1254
Seed Numbers: 418
	0
	1
	2
	3
	4
	5
	6
	7
	8
	9
	10
	11
	12
	13
	14
	15
	16
	17
	18
	19
	20
	21
	22
	23
	24
	25
	26
	27
	28
	29
	30
	31
	32
	33
	34
	35
	36
	37
	38
	39
	40
	41
	42
	43
	44
	45
	46
	47
	48
	49
	50
	51
	52
	53
	54
	55
	56
	57
	58
	59
	60
	61
	62
	63
	64
	65
	66
	67
	68
	69
	70
	71
	72
	73
	74
	75
	76
	77
	78
	79
	80
	81
	82
	83
	84
	85
	86
	87
	88
	89
	90
	91
	92
	93
	94
	95
	96
	97
	98
	99
	100
	101
	102
	103
	104
	105
	106
	107
	108
	109
	110
	111
	112
	113
	114
	115
	116
	117
	118
	119
	120
	121
	122
	123
	124
	125
	126
	127
	128
	129
	130
	131
	132
	133
	134
	135
	136
	137
	138
	139
	140
	141
	142
	143
	144
	145
	146
	147
	148
	149
	150
	151
	152
	153
	154
	155
	156
	157
	158
	159
	160
	161
	162
	163
	164
	165
	166
	167
	168
	169
	170
	171
	172
	173
	174
	175
	176
	177
	178
	179
	180
	181
	182
	183
	184
	185
	186
	187
	188
	189
	190
	191
	192
	193
	194
	195
	196
	197
	198
	199
	200
	201
	202
	203
	204
	205
	206
	207
	208
	209
	210
	211
	212
	213
	214
	215
	216
	217
	218
	219
	220
	221
	222
	223
	224
	225
	226
	227
	228
	229
	230
	231
	232
	233
	234
	235
	236
	237
	238
	239
	240
	241
	242
	243
	244
	245
	246
	247
	248
	249
	250
	251
	252
	253
	254
	255
	256
	257
	258
	259
	260
	261
	262
	263
	264
	265
	266
	267
	268
	269
	270
	271
	272
	273
	274
	275
	276
	277
	278
	279
	280
	281
	282
	283
	284
	285
	286
	287
	288
	289
	290
	291
	292
	293
	294
	295
	296
	297
	298
	299
	300
	301
	302
	303
	304
	305
	306
	307
	308
	309
	310
	311
	312
	313
	314
	315
	316
	317
	318
	319
	320
	321
	322
	323
	324
	325
	326
	327
	328
	329
	330
	331
	332
	333
	334
	335
	336
	337
	338
	339
	340
	341
	342
	343
	344
	345
	346
	347
	348
	349
	350
	351
	352
	353
	354
	355
	356
	357
	358
	359
	360
	361
	362
	363
	364
	365
	366
	367
	368
	369
	370
	371
	372
	373
	374
	375
	376
	377
	378
	379
	380
	381
	382
	383
	384
	385
	386
	387
	388
	389
	390
	391
	392
	393
	394
	395
	396
	397
	398
	399
	400
	401
	402
	403
	404
	405
	406
	407
	408
	409
	410
	411
	412
	413
	414
	415
	416
	417
Phase Numbers: 418
	2
	2
	1
	3
	2
	3
	2
	2
	0
	2
	2
	1
	3
	2
	0
	2
	0
	0
	2
	3
	3
	3
	2
	2
	2
	3
	1
	2
	3
	3
	3
	3
	3
	3
	2
	3
	2
	3
	0
	2
	2
	2
	2
	2
	3
	3
	1
	2
	0
	2
	0
	2
	0
	2
	2
	3
	1
	3
	2
	3
	2
	1
	2
	3
	2
	2
	3
	3
	2
	2
	3
	2
	3
	3
	3
	2
	3
	2
	3
	2
	1
	2
	0
	0
	2
	3
	2
	3
	2
	2
	2
	2
	3
	2
	2
	2
	0
	0
	1
	3
	0
	0
	3
	3
	0
	2
	2
	3
	2
	3
	1
	2
	1
	3
	2
	2
	2
	3
	2
	3
	3
	3
	2
	3
	3
	3
	1
	3
	2
	2
	2
	3
	2
	1
	3
	2
	2
	0
	2
	2
	0
	2
	3
	2
	2
	2
	2
	2
	3
	3
	2
	3
	0
	3
	3
	0
	2
	3
	2
	0
	2
	3
	2
	3
	2
	2
	3
	3
	3
	0
	3
	2
	3
	3
	3
	3
	3
	2
	3
	3
	3
	0
	3
	2
	0
	1
	2
	1
	2
	2
	3
	2
	0
	2
	1
	2
	0
	3
	3
	3
	3
	1
	2
	3
	3
	2
	2
	0
	3
	3
	3
	2
	3
	3
	2
	1
	3
	3
	3
	3
	3
	2
	2
	2
	3
	3
	2
	0
	2
	3
	2
	0
	3
	3
	3
	1
	1
	2
	3
	0
	3
	2
	1
	1
	3
	0
	2
	1
	3
	1
	3
	2
	3
	3
	1
	2
	3
	2
	3
	3
	3
	0
	3
	1
	2
	3
	2
	2
	3
	2
	3
	0
	3
	3
	2
	1
	2
	3
	1
	3
	3
	2
	3
	3
	2
	3
	1
	2
	1
	3
	2
	2
	3
	2
	3
	1
	0
	2
	2
	3
	2
	3
	2
	3
	3
	3
	1
	2
	3
	2
	3
	2
	3
	3
	3
	2
	3
	2
	2
	3
	2
	3
	3
	2
	3
	2
	3
	2
	2
	3
	2
	0
	3
	3
	3
	2
	2
	3
	0
	3
	1
	3
	3
	2
	2
	2
	2
	1
	2
	2
	3
	2
	2
	3
	0
	3
	1
	3
	3
	3
	2
	1
	3
	0
	3
	3
	3
	1
	3
	2
	2
	2
	2
	2
	2
	3
	3
	3
	3
	0
	2
	2
	2
	3
	3
	0
	2
	2
	1
	2
	1
	2
	3
	3
	2
	2
	1
	2
	2
	3
	3
	3
	0
	3
	3
	3
	3
	2
	2
	2
	3
	3
	2
	3
	0
	2
	1
	2
Volumes: 418
	0.0034270569633785006
	0.0028342321177869077
	0.0024359763069985657
	0.0023256539195717274
	0.0018375420443280277
	0.002261816146721744
	0.0016794609681137587
	0.002992236335655683
	0.0025248989870070193
	0.0017557152662056573
	0.002053286675475714
	0.0037365203436769624
	0.0022506381497780564
	0.0021238620073261764
	0.0015528691728215014
	0.0033817139881542353
	0.002556207507691497
	0.0021315772193115003
	0.002088238031319544
	0.0018613204991903055
	0.0029891588545357924
	0.001405280124989344
	0.0021973327640757595
	0.0018029594703147735
	0.0028727620796298904
	0.002832267734812186
	0.0022003313417597887
	0.0024419517761687633
	0.0022647144001712175
	0.0012222040307551347
	0.0017932710269113966
	0.002539322157915887
	0.002917189026959828
	0.003292835508438121
	0.0022619462135764316
	0.0025767965832896944
	0.0016822832184474838
	0.001971857962743666
	0.0025887642799467658
	0.0023706216258297156
	0.0031420743952721994
	0.0023548851684308115
	0.0031135293274440136
	0.0017757434135550155
	0.0025715145034640318
	0.0028792001921909894
	0.0022283841162709724
	0.0031680384546632183
	0.0021274777735398607
	0.0018278909420845531
	0.0021155855777228857
	0.002451778873427647
	0.0012387115226417098
	0.001094567263196393
	0.002935025971848331
	0.0019031639178632505
	0.003246424584396649
	0.0017207846330109617
	0.001848297008662958
	0.002253602655570053
	0.002705674232382657
	0.002422394105747303
	0.002413766793737694
	0.0023474371522195165
	0.0014977100985979477
	0.0024203374762333625
	0.002271766283260501
	0.0019010954044355534
	0.002063726287018119
	0.002607711833719596
	0.003178131640710486
	0.0021590621704165092
	0.002300908012705027
	0.0028753897956379994
	0.0015658107332100718
	0.0026477199245188124
	0.002052738993859212
	0.0023007345928891167
	0.0027131679132389418
	0.002684819039880013
	0.0025189545874637655
	0.0012140275952022379
	0.0026333886841801253
	0.0028985906070949606
	0.0031472872063134753
	0.001990400014730028
	0.0018024374943227865
	0.0031827659028390506
	0.0018106381792842854
	0.003669423846885622
	0.0017249459871357877
	0.002169750655326901
	0.0018850177826634552
	0.002028461504136974
	0.0025937691249361666
	0.00307387600536916
	0.0023437043310745487
	0.002661967897741877
	0.0027191396606732424
	0.0023798499756089476
	0.0012001301927265944
	0.002718798235562511
	0.002283462866079124
	0.0021279641507059733
	0.001707307054866832
	0.00199711526791222
	0.0037840563988925818
	0.0024804946366896972
	0.0018178992308006702
	0.0022372554574464406
	0.0017583457689983083
	0.0018059960839717148
	0.0024128738175616185
	0.0030892037494002706
	0.0024662788471009824
	0.0022461943866641985
	0.0021498060014513475
	0.0037402600612817137
	0.0031067566389779205
	0.001996599104244148
	0.0022698387753789457
	0.00295417090778914
	0.003052066905245336
	0.0029319543687159216
	0.002595187092769616
	0.0022184042247962717
	0.002433261471108098
	0.0032819587958760406
	0.0023848352108805496
	0.0017618171147494584
	0.0021312316526940077
	0.0016730803207477762
	0.002565733822589198
	0.0022902077720215867
	0.0030420417555569196
	0.0018233572837056912
	0.0026753944127185063
	0.0016465673706512703
	0.0031531367095852143
	0.0017104585246320019
	0.0026340223679249667
	0.0027347388624202893
	0.002375996296611521
	0.0022531969742442337
	0.0015753505985573694
	0.0015041494257552659
	0.0028066186469548208
	0.0019204552027231733
	0.0019781314535638685
	0.002047026809122673
	0.0024845868454401593
	0.002658896850291011
	0.002206162752567008
	0.0018536702071373012
	0.001083044776330681
	0.00296057951272251
	0.0015527561170953187
	0.002388105947023722
	0.0026418833621691543
	0.0019228018229251456
	0.002078390250661097
	0.002178125522914261
	0.003051922431340355
	0.002840673549054243
	0.002569647560113829
	0.0029659584136283116
	0.001717363252126161
	0.002646851051307485
	0.002419274390164541
	0.0026582604818599642
	0.0019338276292947616
	0.0022417402325396974
	0.0016903051669138556
	0.002365207836301956
	0.0030509705901088785
	0.0023953846873207094
	0.0028079641403728406
	0.003607638611142071
	0.0025565050034318006
	0.0027242645701804004
	0.002883790785708079
	0.002322206559602789
	0.0017642796254502954
	0.0034541234985906778
	0.0026249142944254596
	0.0025811054837586262
	0.002368697155090912
	0.0031268373935537516
	0.001957499546855834
	0.0026234041909229937
	0.003282035645003965
	0.0018482429203983564
	0.0023079662589088517
	0.0021812337338833476
	0.001529217467084212
	0.0012718258074180184
	0.0018414656993970473
	0.0009900234853582061
	0.0019424639322712595
	0.0019088851595230904
	0.0022973504650442966
	0.0027438898682613806
	0.0028823157449187333
	0.0020289547365089046
	0.0022033534362211255
	0.0021735057986119856
	0.002331790155520615
	0.0022767544512084744
	0.0014250193557312177
	0.0024724744072510477
	0.001955624503148774
	0.0033972769644435106
	0.003039702998929819
	0.0026638170565117126
	0.002783054785538959
	0.002541389739390642
	0.0020571035695930986
	0.0020045627957424963
	0.003090576365276117
	0.0038336981319072993
	0.001229728966166054
	0.00269507132980391
	0.002741237561662554
	0.0031304788619634723
	0.0026048404249639488
	0.0022564063546284307
	0.002675714598984766
	0.0021930973207675564
	0.0029146050140214427
	0.003615091058865744
	0.0022142176615158973
	0.002407875153850223
	0.0023963255450481294
	0.0028011633241513648
	0.00259623752281156
	0.002309130083983082
	0.0012819012888148646
	0.002970216048896767
	0.002366270541490808
	0.0021438595445444778
	0.0022043565650340215
	0.0025140141001574476
	0.0025258540189409496
	0.001701058632259096
	0.002281904609310254
	0.002531342807107049
	0.003154011411493556
	0.004451608397052021
	0.002545738167470021
	0.0021593071751072304
	0.003015209778168281
	0.0020070434377435662
	0.0031126299906440676
	0.002762460177932867
	0.0036127144496524836
	0.002877965891124178
	0.003051875002055784
	0.0012413207363873198
	0.002657902520601615
	0.0014816790862766317
	0.0022575469461519485
	0.0026189888062299483
	0.0022234731285715867
	0.002275030338528025
	0.00314186862808254
	0.0030746070627515
	0.0024530626516428363
	0.003005417144338613
	0.002702747220683949
	0.0029038262350760055
	0.0026151716751943895
	0.0029831476896913954
	0.0018698431223369092
	0.0025536791436645495
	0.0028790836831063104
	0.002078828723327447
	0.002775055246850901
	0.0018492574055777732
	0.0021780370423568436
	0.001794909462920223
	0.0023633607305526627
	0.0025306076277246277
	0.0017936169338702206
	0.0030356475898229937
	0.001329865280238477
	0.0027787431359415525
	0.0025375426513140047
	0.0022709389993636263
	0.0016951921559280447
	0.00282285614881362
	0.003291858354358573
	0.002404220367089825
	0.001794454261606445
	0.0019464276048633616
	0.002342297818715666
	0.001959692406454205
	0.0018769001869636888
	0.002794390775187738
	0.0025698220830761014
	0.0017443596468692938
	0.002676761455029093
	0.00305568705892279
	0.0025845965631184483
	0.002975232435320859
	0.002574853251179526
	0.0025346460891101726
	0.002778604300653815
	0.0024158144629626756
	0.002872368312871296
	0.0010145077466764047
	0.0009091773327367461
	0.001973621629993551
	0.0014329650079558105
	0.0031918547790581665
	0.0028642036459381117
	0.0017380181927464985
	0.0025037754033703837
	0.0021318826892527632
	0.002589745675039865
	0.0011474137230638522
	0.001629862117825786
	0.001189262087767435
	0.002972446604976675
	0.002586447987633
	0.0012362290626850272
	0.0029288782549962153
	0.0024649050522144657
	0.0015195768962721085
	0.00271554035085494
	0.0020517497214096684
	0.0014575272858918455
	0.001664555894871641
	0.00305974852759993
	0.002348562198492289
	0.002741190866601664
	0.0023678750732232063
	0.0033651178311869907
	0.002772034916144102
	0.003039966469596072
	0.0028889602159834983
	0.0018617272347775295
	0.0023612455974020606
	0.0025836716947944937
	0.001876097249142044
	0.0025605185204143196
	0.002145752093439188
	0.0029460891590726308
	0.0021578589404556616
	0.001291269250655051
	0.0020939820156278626
	0.002150436436732533
	0.003436057725037657
	0.0027809366837548825
	0.0025161839473505304
	0.0022085054491890557
	0.0029578510966291696
	0.003077835079504182
	0.003305691128979645
	0.0026318902447679034
	0.0022483357879104814
	0.002684633511686631
	0.0027828782729871827
	0.003746629538193236
	0.002431365707422345
	0.0034156840679675296
	0.00281441854283577
	0.0024386108182004084
	0.0029618837854007273
	0.002345351415927576
	0.002441308858435501
	0.0025038828087913675
	0.0010117918881843943
	0.002495192988001338
	0.0029896230030353787
	0.0018912576701247824
	0.0015702020960720311
	0.0027072871873924506
	0.0028218434530833487
	0.0027685412761463456
	0.0030932743736938424
	0.00268655609138048
	0.0028012359614782868
	0.0012720813272030008
	0.003416248854946644
	0.0024639125283848332
	0.002795400417204572
	0.001958341041250992
	0.0024040324780948055
	0.0026488116479849687
	0.001561318322478564
	0.0030402380099537264
	0.0033702984084470877
	0.002309163282470405
	0.0022706829216541206
	0.001502255189013936
	0.002197248110293351
	0.0011184750335870525
	0.0023869378057233665
	0.0016730519907817137
	0.0014589511447517006
	0.0015467061280577217
	0.0009217305968118244
	0.0035715201452849723
	0.0022167844182169384
	0.001732379278913546
	0.0025532537591359014
	0.0019938986147568214
	0.0029290293456708623
	0.002749679411123836
	0.0022179123776775835
	0.00300442574811953
	0.0021772269242342724
	0.002942903116118365
	0.002140344624374502
	0.002311276012167946
	0.002476420553261197
	0.002524925369023289
	0.0026044986889160173
