Mesh Points: 846
	-4.198701e-01,  4.617154e-01
	-4.321733e-01,  4.449769e-01
	-4.376103e-01,  5.000000e-01
	-4.768764e-01,  4.615490e-01
	-4.686271e-01,  5.000000e-01
	-4.623745e-01,  4.420606e-01
	 4.201237e-01, -1.947001e-01
	 4.124550e-01, -2.075287e-01
	 4.102005e-01, -1.494158e-01
	 4.079497e-01, -1.474133e-01
	 3.786063e-01, -1.458338e-01
	 3.696527e-01, -1.983850e-01
	 3.602390e-01, -1.660535e-01
	 3.942298e-01, -2.131910e-01
	 2.928451e-01,  4.418703e-01
	 2.854206e-01,  4.016777e-01
	 2.705298e-01,  4.564227e-01
	 2.396547e-01,  4.218579e-01
	 2.352837e-01,  4.315320e-01
	 2.390813e-01,  4.466141e-01
	 2.435699e-01,  3.426551e-01
	 2.615075e-01,  3.081104e-01
	 1.974597e-01,  3.015182e-01
	 2.490061e-01,  2.772660e-01
	 2.529064e-01, -2.110363e-01
	 2.377196e-01, -2.355058e-01
	 2.479678e-01, -1.954893e-01
	 1.815061e-01, -2.009721e-01
	 2.054059e-01, -1.772554e-01
	 1.804026e-01, -2.080734e-01
	 1.961992e-01, -2.406324e-01
	 5.000000e-01,  1.243560e-01
	 4.538624e-01,  1.255129e-01
	 5.000000e-01,  1.759347e-01
	 4.491090e-01,  1.761522e-01
	 4.352560e-01,  1.607632e-01
	 3.298682e-01, -1.630506e-01
	 3.128336e-01, -1.763256e-01
	 3.285790e-01, -1.237256e-01
	 2.843439e-01, -1.162726e-01
	 3.021771e-01, -1.054436e-01
	 2.725642e-01, -1.488747e-01
	 2.762324e-01, -1.597703e-01
	-1.464599e-01, -1.004113e-01
	-1.201566e-01, -1.209101e-01
	-1.565738e-01, -1.023568e-01
	-1.816342e-01, -1.417829e-01
	-1.584588e-01, -1.661750e-01
	-1.169489e-01, -1.460597e-01
	-1.226213e-01, -1.562716e-01
	-1.895041e-01, -8.395676e-02
	-1.807442e-01, -3.498181e-02
	-1.345887e-01, -4.212575e-02
	-1.312995e-01, -5.218856e-02
	-1.725468e-01, -3.182171e-02
	-1.728777e-01,  2.787704e-01
	-1.669298e-01,  2.915478e-01
	-2.273321e-01,  2.890844e-01
	-1.845985e-01,  3.348387e-01
	-2.258415e-01,  3.197557e-01
	-3.893344e-01, -3.419833e-01
	-3.944862e-01, -3.947709e-01
	-4.393888e-01, -3.799666e-01
	-4.455610e-01, -3.475970e-01
	-4.222318e-01, -3.284748e-01
	-4.044724e-01,  1.947155e-01
	-4.106611e-01,  1.838310e-01
	-4.146131e-01,  2.306796e-01
	-4.501477e-01,  1.817655e-01
	-4.608931e-01,  1.953246e-01
	-4.412119e-01,  2.348957e-01
	 5.000000e-01,  3.930140e-01
	 4.966877e-01,  3.932041e-01
	 5.000000e-01,  4.678103e-01
	 4.626872e-01,  4.458585e-01
	 4.538757e-01,  4.224692e-01
	-3.460988e-01, -4.299654e-02
	-3.268194e-01, -3.980884e-02
	-3.619751e-01, -3.383902e-02
	-3.734406e-01, -2.873028e-03
	-3.256278e-01,  2.105415e-02
	-3.114561e-01, -6.975620e-05
	-4.325624e-01, -4.650281e-01
	-4.639816e-01, -4.783572e-01
	-5.000000e-01, -4.538206e-01
	-4.333847e-01, -4.347004e-01
	-4.287666e-01, -4.588324e-01
	-4.527277e-01, -4.209403e-01
	-5.000000e-01, -4.378077e-01
	 1.880883e-01,  5.604898e-02
	 1.832547e-01,  5.420550e-02
	 2.395558e-01,  3.726167e-02
	 2.242423e-01, -6.999468e-03
	 2.353640e-01, -2.699739e-03
	 1.806182e-01,  7.778103e-03
	 1.750528e-01,  3.989782e-02
	-7.223017e-02, -2.960060e-01
	-1.111303e-01, -3.043160e-01
	-1.366815e-01, -2.743347e-01
	-1.191365e-01, -2.435542e-01
	-6.739894e-02, -2.604779e-01
	-6.186162e-02, -2.731351e-01
	-1.274398e-01, -3.341203e-01
	-1.634337e-01, -3.235744e-01
	-1.470413e-01, -2.770575e-01
	 2.519711e-01, -7.122648e-02
	 2.517439e-01, -9.450550e-02
	 2.211309e-01, -1.134952e-01
	 2.147654e-01, -6.576967e-02
	 2.047739e-01, -9.993880e-02
	-5.000000e-01, -3.083698e-01
	-4.765295e-01, -3.146270e-01
	-5.000000e-01, -3.619276e-01
	-4.713215e-01, -3.381212e-01
	-3.342744e-01,  4.629347e-01
	-3.111167e-01,  4.723784e-01
	-3.674235e-01,  4.935451e-01
	-3.684250e-01,  5.000000e-01
	-2.968368e-01,  5.000000e-01
	-1.157340e-01, -1.776109e-02
	-1.185630e-01,  9.465226e-03
	-6.543629e-02, -2.522455e-02
	-8.279267e-02,  3.299012e-02
	-5.444079e-02,  1.452255e-02
	-3.915822e-01, -2.352343e-01
	-3.421200e-01, -2.633404e-01
	-3.355021e-01, -2.849130e-01
	-3.628791e-01, -3.095314e-01
	-4.116518e-01, -2.763415e-01
	-4.030769e-01, -2.449626e-01
	-1.934788e-01,  1.314383e-01
	-1.925433e-01,  1.311132e-01
	-1.986098e-01,  1.812839e-01
	-1.875556e-01,  1.900559e-01
	-1.544995e-01,  1.840294e-01
	-1.460769e-01,  1.441630e-01
	 3.716226e-02, -3.057899e-01
	 5.034947e-02, -3.008598e-01
	-5.090195e-03, -2.829493e-01
	 3.910147e-02, -2.469171e-01
	-6.424090e-03, -2.797815e-01
	 5.446403e-02, -2.518455e-01
	-2.542866e-01,  4.431957e-01
	-2.789722e-01,  4.408780e-01
	-2.407184e-01,  5.000000e-01
	 2.392292e-01, -3.314265e-01
	 2.306706e-01, -3.566229e-01
	 2.194130e-01, -3.631605e-01
	 1.701318e-01, -3.242812e-01
	 2.218857e-01, -3.033135e-01
	 1.758170e-01, -3.500767e-01
	-3.648384e-01,  6.157266e-02
	-3.873632e-01,  4.682163e-02
	-3.714219e-01,  1.021205e-01
	-4.193041e-01,  8.361949e-02
	-3.388304e-01,  3.504028e-01
	-3.633458e-01,  3.220769e-01
	-4.066035e-01,  3.402445e-01
	-3.955185e-01,  3.845984e-01
	-3.579136e-01,  3.790001e-01
	-3.395981e-01,  3.553853e-01
	-2.405941e-01,  1.861016e-01
	-2.448419e-01,  2.285821e-01
	-2.317333e-01,  2.404827e-01
	-2.433652e-01,  1.892098e-01
	-1.904015e-01,  2.300953e-01
	 2.412603e-01,  5.000000e-01
	 2.302908e-01,  4.620240e-01
	 1.818731e-01,  4.781251e-01
	 1.859037e-01,  5.000000e-01
	-2.212785e-01, -1.396037e-01
	-2.208800e-01, -9.664178e-02
	 5.000000e-01, -3.782903e-01
	 4.883479e-01, -3.801783e-01
	 5.000000e-01, -3.243657e-01
	 4.583025e-01, -3.509539e-01
	-1.454746e-03, -3.175224e-02
	-1.522620e-03, -3.188274e-02
	-6.883559e-03, -3.536624e-04
	-4.634308e-02,  1.711272e-02
	-5.996831e-02, -3.418551e-02
	 2.096134e-01,  9.441509e-02
	 2.309118e-01,  9.896883e-02
	 2.508378e-01,  8.656470e-02
	 2.465806e-01,  4.401044e-02
	 3.763369e-01,  2.652384e-01
	 3.745564e-01,  2.435616e-01
	 3.552498e-01,  2.886245e-01
	 3.084544e-01,  2.590609e-01
	 3.081764e-01,  2.610972e-01
	 3.116916e-01,  2.680632e-01
	 3.475871e-01,  2.291404e-01
	 7.776613e-02, -3.141865e-01
	 1.074819e-01, -3.028521e-01
	 9.759323e-02, -2.565856e-01
	 1.106604e-01, -2.914953e-01
	 6.845501e-02, -2.468685e-01
	 2.285420e-02, -1.082924e-01
	 2.274921e-02, -1.083913e-01
	 2.680764e-02, -7.317315e-02
	 9.838942e-04, -5.022493e-02
	-3.002570e-02, -9.249536e-02
	-1.876055e-02, -1.055205e-01
	-3.952225e-01,  4.604708e-01
	-4.780912e-02, -4.729451e-01
	-6.075253e-02, -4.288631e-01
	 6.366695e-03, -4.488352e-01
	-3.164645e-02, -4.115976e-01
	-3.828087e-01,  1.439280e-01
	-3.654388e-01,  1.118356e-01
	-3.937361e-01,  1.482062e-01
	-4.235723e-01,  8.465500e-02
	-4.302921e-01,  1.251375e-01
	 5.000000e-01, -2.084730e-01
	 4.815900e-01, -2.073448e-01
	 5.000000e-01, -1.422891e-01
	 4.658239e-01, -1.418053e-01
	 4.693642e-01, -1.381495e-01
	 4.571140e-01, -1.862804e-01
	-5.000000e-01, -5.000000e-01
	-4.679149e-01, -5.000000e-01
	-3.705790e-01, -4.670126e-01
	-3.501408e-01, -4.618606e-01
	-3.736252e-01, -5.000000e-01
	-3.104814e-01, -4.866373e-01
	-3.089295e-01, -5.000000e-01
	 5.487849e-02, -3.981190e-01
	 5.463486e-02, -3.604807e-01
	 7.480335e-02, -4.163977e-01
	 1.106238e-01, -3.723801e-01
	 9.357119e-02, -4.096062e-01
	 7.010479e-02, -3.524809e-01
	 1.720931e-01, -4.796844e-02
	 2.032609e-01, -4.811818e-02
	 1.627347e-01, -1.116079e-02
	 5.000000e-01,  3.240732e-01
	 4.755196e-01,  3.196738e-01
	 4.535201e-01,  3.465266e-01
	-4.775229e-01,  3.424465e-01
	-4.663146e-01,  3.631641e-01
	-5.000000e-01,  3.409901e-01
	-5.000000e-01,  4.014593e-01
	-4.864174e-01,  4.009011e-01
	 3.173769e-01, -2.192175e-01
	 3.143427e-01, -2.268886e-01
	 2.982971e-01, -2.309295e-01
	 7.566715e-02, -1.946610e-01
	 2.991254e-02, -1.937434e-01
	 2.071459e-02, -2.196590e-01
	 5.000000e-01,  1.949183e-01
	 4.708526e-01,  2.252333e-01
	 5.000000e-01,  2.569553e-01
	 4.806610e-01,  2.571811e-01
	 4.743226e-01,  2.502199e-01
	 2.951183e-02,  1.498642e-01
	 2.352119e-02,  1.395103e-01
	-1.062084e-02,  1.242716e-01
	-2.018344e-02,  1.867678e-01
	-1.544725e-02,  1.884388e-01
	-4.407938e-02,  1.525081e-01
	-4.705776e-01, -4.584920e-02
	-4.690829e-01, -5.258554e-02
	-5.000000e-01, -4.468984e-02
	-5.000000e-01, -9.639732e-02
	-4.979871e-01, -9.632508e-02
	 7.881363e-02,  4.766149e-02
	 8.012820e-02,  3.341340e-02
	 5.000070e-02,  9.678077e-03
	 4.336087e-02,  7.048202e-02
	 2.285275e-02,  2.691126e-02
	 2.888254e-01,  1.135695e-01
	 2.781260e-01,  1.482423e-01
	 3.009665e-01,  1.715881e-01
	 3.505174e-01,  1.508692e-01
	 3.342248e-01,  1.092198e-01
	-5.000000e-01,  2.011044e-01
	-5.000000e-01,  2.490511e-01
	-4.517984e-01,  2.539577e-01
	 7.174443e-02,  3.893974e-01
	 3.349431e-02,  3.796842e-01
	 9.562210e-02,  3.597268e-01
	 5.442474e-02,  3.323573e-01
	-1.762511e-01, -3.277000e-01
	-1.709737e-01, -2.621983e-01
	-2.037478e-01, -2.762974e-01
	-1.983025e-01, -3.095992e-01
	-2.212206e-01,  1.198093e-01
	-2.479829e-01,  1.353985e-01
	 3.205129e-01, -3.650757e-02
	 3.457763e-01, -5.637849e-02
	 2.752874e-01, -5.187243e-02
	 3.029176e-01, -1.014697e-01
	 3.454251e-01, -6.586199e-02
	-6.777538e-02, -3.543359e-01
	-9.424752e-02, -4.038296e-01
	-1.221311e-01, -3.437873e-01
	-1.306368e-01, -3.835185e-01
	-1.235721e-01, -3.955807e-01
	-2.602050e-01, -3.617911e-01
	-2.381125e-01, -3.515631e-01
	-2.928050e-01, -3.371357e-01
	-2.885321e-01, -3.137450e-01
	-2.564292e-01, -3.019509e-01
	-2.377607e-01, -3.181124e-01
	 2.986891e-01,  3.102624e-01
	 2.445680e-01,  3.535970e-01
	 2.765778e-01,  3.692278e-01
	 3.127209e-01,  3.309010e-01
	-4.722726e-01,  4.102633e-01
	-5.000000e-01,  4.563456e-01
	-3.856299e-01,  4.793456e-03
	-3.935133e-01,  2.274227e-02
	-3.281353e-01,  5.338442e-02
	-3.218931e-01,  3.964417e-02
	-2.263765e-01, -1.486848e-01
	-2.548348e-01, -1.822278e-01
	-2.257314e-01, -1.443179e-01
	-2.818510e-01, -1.395713e-01
	-2.755839e-01, -1.350421e-01
	-2.843823e-01, -1.743615e-01
	-1.661219e-01, -1.885166e-01
	-2.047522e-01, -1.977803e-01
	-1.502114e-01, -2.193713e-01
	-1.716068e-01, -2.372578e-01
	-2.177084e-01, -2.245715e-01
	-2.175719e-01, -2.247279e-01
	 1.654140e-01, -3.960849e-01
	 1.577583e-01, -3.804890e-01
	 2.068796e-01, -3.929808e-01
	-4.295908e-01, -2.432086e-02
	-4.501522e-01, -1.848478e-02
	-4.406069e-01,  2.848317e-02
	 1.141734e-01, -6.185166e-03
	 1.120342e-01,  6.727196e-03
	 1.314309e-01,  3.751434e-02
	-2.711805e-01,  4.111157e-02
	-2.654078e-01,  3.214794e-02
	-2.844854e-01, -9.535256e-04
	 2.888480e-01,  3.941965e-01
	 3.205566e-01,  4.541228e-01
	 3.472077e-01,  4.261496e-01
	 3.220750e-01,  3.920955e-01
	-4.589761e-01, -2.236868e-02
	-4.973952e-01,  9.766448e-03
	-5.000000e-01,  9.647829e-03
	 3.784826e-01, -3.986005e-01
	 3.881831e-01, -3.738617e-01
	 3.404911e-01, -3.941763e-01
	 3.651395e-01, -3.453346e-01
	 3.373621e-01, -3.710367e-01
	 5.393595e-02, -2.088197e-02
	 1.026847e-02,  2.414988e-02
	-1.252319e-01, -2.249479e-01
	 5.966076e-02,  2.988352e-01
	 5.173895e-02,  3.243752e-01
	 1.187772e-01,  3.547210e-01
	 1.259865e-01,  3.405960e-01
	 1.193296e-01,  3.089309e-01
	 9.456580e-02,  2.904467e-01
	-7.334917e-02,  3.235397e-01
	-7.789536e-02,  2.795507e-01
	-9.584030e-02,  3.426019e-01
	-1.185689e-01,  3.441268e-01
	-1.124870e-01,  2.825487e-01
	-1.272968e-01,  3.041142e-01
	-4.363818e-02, -9.085538e-02
	-6.517734e-02, -6.155345e-02
	-6.569403e-02, -1.102304e-01
	-9.185840e-02, -7.436131e-02
	-9.238864e-02, -1.012883e-01
	 1.927385e-01,  3.746710e-01
	 1.935683e-01,  3.751108e-01
	 1.751201e-01,  3.361242e-01
	 1.937778e-01,  3.011777e-01
	 2.219438e-01,  3.724472e-01
	 1.271990e-01, -2.309130e-01
	 1.152118e-01, -2.010733e-01
	 7.630620e-02, -1.941661e-01
	-1.974298e-01, -3.740937e-01
	-2.356204e-01, -4.115138e-01
	-2.624993e-01, -3.887594e-01
	-3.638583e-01,  2.912668e-01
	-3.972594e-01,  2.763217e-01
	-4.258073e-01,  3.331591e-01
	-4.220581e-01,  2.862578e-01
	-4.293825e-01,  3.277045e-01
	-3.660552e-01, -3.277736e-01
	-4.293863e-01, -2.910601e-01
	-4.558960e-01, -3.966126e-01
	-5.000000e-01, -3.848567e-01
	-2.029864e-02, -1.352013e-01
	-5.593976e-02, -1.574272e-01
	-6.281747e-02, -1.502977e-01
	 1.993161e-01, -4.546737e-01
	 1.831161e-01, -4.594788e-01
	 2.246146e-01, -4.202769e-01
	 1.582762e-01, -4.267068e-01
	-2.993980e-01,  3.990734e-01
	-2.665849e-01,  3.797399e-01
	-2.941842e-01,  3.292162e-01
	-2.920516e-01,  3.305403e-01
	-4.483120e-01,  3.912716e-02
	-4.319579e-01,  8.008973e-02
	-2.998069e-01, -1.852870e-01
	-3.153660e-01, -1.348669e-01
	-3.316896e-01, -1.771759e-01
	-3.382690e-01, -1.585402e-01
	 1.505885e-01,  1.707091e-01
	 1.175931e-01,  1.579980e-01
	 1.564707e-01,  1.840196e-01
	 1.097085e-01,  2.147791e-01
	 1.515407e-01,  2.003273e-01
	 9.185768e-02,  1.882116e-01
	 1.045854e-01,  1.627908e-01
	-6.686136e-02, -3.538500e-01
	-5.872128e-02, -3.377756e-01
	 2.294711e-01,  1.329042e-01
	 2.055771e-01,  1.431094e-01
	 1.797324e-01,  1.263456e-01
	-3.637415e-01,  2.279134e-01
	-4.002433e-01,  2.419263e-01
	-3.380652e-01,  2.672364e-01
	-3.350853e-01,  2.529835e-01
	-3.424912e-01,  4.304377e-01
	-3.827018e-01,  4.341669e-01
	-3.514029e-01, -9.501702e-02
	-3.708330e-01, -1.069401e-01
	-4.098314e-01, -6.835883e-02
	-4.100923e-01, -6.923645e-02
	 2.415574e-01, -4.727450e-01
	 2.553437e-01, -4.652115e-01
	 2.367044e-01, -4.209650e-01
	 2.593398e-01, -4.551396e-01
	-6.092101e-02,  2.099516e-01
	-8.501715e-02,  1.659492e-01
	-1.258355e-01,  2.076689e-01
	-1.240013e-01,  2.197392e-01
	-6.539834e-02,  2.269479e-01
	-7.406260e-02,  2.330948e-01
	-3.029344e-01,  4.106133e-01
	-3.422148e-01,  4.298542e-01
	-4.470210e-01,  2.720109e-01
	-8.557180e-02,  4.190857e-01
	-8.816542e-02,  4.159323e-01
	-9.836138e-02,  4.699115e-01
	-1.448545e-01,  4.595985e-01
	-1.187176e-01,  4.760438e-01
	-1.324266e-01,  4.158617e-01
	-1.119673e-01,  4.082810e-01
	-3.107285e-01, -2.907145e-01
	-3.192894e-01, -2.313242e-01
	-2.808944e-01, -2.381013e-01
	-2.931362e-01, -2.297262e-01
	 1.791987e-01, -1.017683e-01
	 1.589066e-01, -6.328646e-02
	-2.534931e-02,  5.000000e-01
	-4.540654e-02,  4.694589e-01
	-7.459236e-02,  5.000000e-01
	-7.575491e-02,  4.839807e-01
	-4.707060e-01,  9.236260e-02
	-4.584042e-01,  1.392671e-01
	-4.779576e-01,  1.284463e-01
	 4.713957e-01, -4.210896e-01
	 4.401832e-01, -3.490466e-01
	 4.331269e-01, -4.091407e-01
	 4.294451e-01, -3.673039e-01
	 2.566609e-01,  1.527066e-01
	 2.157787e-01,  1.914536e-01
	 2.107268e-01,  1.867016e-01
	 2.326793e-01,  1.887943e-01
	-5.000000e-01,  5.000000e-01
	-2.896347e-01,  9.822259e-02
	-3.127655e-01,  9.292058e-02
	-3.405225e-01,  1.135238e-01
	-3.273584e-01,  1.596044e-01
	-2.979166e-01,  1.571914e-01
	-2.754069e-01,  1.270667e-01
	 5.496680e-02, -2.168014e-02
	 1.133506e-01, -7.601028e-03
	-3.235770e-01, -1.019026e-01
	-2.894499e-01, -7.698017e-02
	-2.910739e-01, -6.258239e-02
	-4.282819e-01, -7.980730e-02
	-3.781443e-01, -1.335234e-01
	-4.362913e-01, -1.026308e-01
	-4.144457e-01, -1.334467e-01
	 3.004652e-01, -3.522006e-01
	 2.932995e-01, -3.253594e-01
	 3.010364e-01, -3.120564e-01
	 3.290504e-01, -2.998697e-01
	 3.679795e-01, -3.231789e-01
	-1.246707e-01, -4.662205e-01
	-1.146214e-01, -4.639721e-01
	-6.404071e-02, -5.000000e-01
	-1.275547e-01, -5.000000e-01
	-3.317922e-01, -3.571013e-01
	-3.561696e-01, -3.964592e-01
	-3.840278e-01, -4.005681e-01
	-3.939530e-01, -3.956930e-01
	 4.030044e-01,  2.184009e-01
	 3.917969e-01,  1.873323e-01
	 3.637419e-01,  1.768765e-01
	 3.423734e-01,  2.052886e-01
	 5.000000e-01, -6.792347e-02
	 4.720195e-01, -8.201640e-02
	 4.604739e-01, -1.054472e-01
	-2.274246e-02,  6.173110e-02
	-2.431231e-02,  7.678530e-02
	 3.801855e-02,  8.295065e-02
	 3.872966e-02,  8.248095e-02
	-1.852807e-02,  8.186350e-02
	 1.860212e-02,  3.852196e-01
	 7.794906e-03,  4.014931e-01
	 4.689860e-02,  4.395277e-01
	 8.119971e-02,  4.174152e-01
	-5.441349e-02, -1.686843e-01
	-8.581722e-02, -1.992075e-01
	-1.037923e-01, -1.993025e-01
	 2.664193e-01, -3.910166e-01
	 3.779755e-01, -2.512142e-01
	 3.376538e-01, -2.570142e-01
	-2.825097e-01,  1.848510e-01
	-3.062518e-01,  2.130503e-01
	-3.404944e-01,  1.742846e-01
	 2.221548e-01, -2.974584e-01
	 1.901655e-01, -2.640878e-01
	 1.631021e-01, -2.757229e-01
	 1.698273e-01, -3.240546e-01
	 6.765129e-02, -4.334183e-01
	 1.683636e-02, -4.454433e-01
	 2.283697e-02, -4.046897e-01
	-1.708776e-01,  6.868935e-02
	-1.620670e-01,  8.839602e-02
	-1.354696e-01,  4.499084e-02
	-1.468084e-01,  9.551883e-02
	-1.157846e-01,  8.296465e-02
	-1.123327e-01,  6.672212e-02
	-8.349766e-02, -4.206749e-01
	-1.534402e-01, -4.303752e-01
	-1.470830e-01, -4.537304e-01
	 1.753661e-01,  1.264142e-01
	-2.077104e-01, -2.736300e-01
	-2.508876e-01, -2.872600e-01
	-2.446487e-01, -2.230340e-01
	-2.686180e-01, -2.389211e-01
	 4.487730e-01, -1.125095e-02
	 4.395581e-01, -2.165603e-02
	 4.052337e-01, -2.569678e-02
	 3.884989e-01, -2.586981e-03
	 4.046022e-01,  3.144417e-02
	 5.000000e-01, -3.112882e-01
	 4.709836e-01, -2.919317e-01
	 5.000000e-01, -2.576927e-01
	 4.726624e-01, -2.649845e-01
	 4.110622e-01, -7.974506e-02
	 4.402507e-01, -6.123213e-02
	 3.928338e-01, -4.611819e-02
	-2.487023e-01,  3.830280e-01
	-2.383678e-01,  3.724763e-01
	-2.336567e-01,  3.283619e-01
	-2.483076e-02,  3.982270e-01
	 6.271479e-03,  4.021720e-01
	-5.675960e-02,  4.260212e-01
	-4.103283e-02,  4.554375e-01
	-8.127282e-03,  4.470766e-01
	-2.076037e-01, -4.388305e-01
	-1.765530e-01, -4.183597e-01
	-1.785024e-01, -4.766397e-01
	-1.945845e-01, -4.720248e-01
	 2.245453e-01, -1.386239e-01
	 3.825234e-01,  4.830449e-01
	 3.837708e-01,  5.000000e-01
	 3.261009e-01,  4.778704e-01
	 3.151394e-01,  5.000000e-01
	 4.153371e-01, -4.597227e-01
	 4.239768e-01, -4.159144e-01
	 3.742742e-01, -4.683219e-01
	 3.620130e-01, -4.528836e-01
	 3.842472e-01, -4.090506e-01
	 3.632869e-01, -4.582462e-01
	-2.122592e-01,  6.815817e-02
	-2.257616e-01,  8.336614e-02
	-2.282789e-01,  1.797879e-02
	-2.670702e-01,  7.345745e-02
	-2.283562e-01,  1.790912e-02
	-2.356284e-01, -3.068921e-02
	-2.605131e-01, -3.267026e-02
	-2.276427e-01, -2.403902e-02
	 1.588390e-02,  4.783286e-01
	 1.118875e-02,  5.000000e-01
	 4.677166e-01,  2.998139e-01
	 4.160523e-01,  2.892953e-01
	 4.340144e-01,  3.523679e-01
	 4.039382e-01,  3.175983e-01
	 2.758910e-01,  9.377875e-02
	 3.254889e-01, -4.168027e-01
	 3.048387e-01, -4.209820e-01
	 2.777857e-01, -3.912464e-01
	 4.234756e-01,  3.730323e-01
	 4.517659e-01,  4.216835e-01
	-4.454035e-01,  3.638856e-01
	-4.277697e-01,  3.947156e-01
	-1.326875e-01,  2.042764e-02
	-1.662993e-01,  9.338493e-03
	-3.222705e-01, -4.216272e-01
	-3.718195e-01, -4.659007e-01
	 3.662753e-01, -9.728411e-02
	 3.608873e-01, -1.142361e-01
	-3.976528e-01, -1.951988e-01
	-3.866069e-01, -2.159563e-01
	-4.612908e-01, -2.157992e-01
	-4.298082e-01, -1.825008e-01
	-4.611750e-01, -2.208431e-01
	 3.304968e-01,  6.502116e-02
	 2.987201e-01,  5.430404e-02
	 3.410486e-01,  9.600619e-02
	 4.698325e-02,  4.559166e-01
	 7.090830e-02,  4.719915e-01
	 8.812825e-02,  4.689158e-01
	 1.060435e-01,  4.314807e-01
	 5.000000e-01,  8.076764e-02
	 4.643406e-01,  6.153066e-02
	 4.322581e-01,  1.004202e-01
	 1.077210e-01, -4.769851e-01
	 1.195757e-01, -4.696292e-01
	 1.050402e-01, -5.000000e-01
	 1.715108e-01, -4.863452e-01
	 1.728274e-01, -5.000000e-01
	-3.033511e-01, -4.190573e-01
	-2.980471e-01, -4.062017e-01
	-3.158994e-01, -3.564447e-01
	-3.739829e-01, -1.408704e-01
	-5.000000e-01,  1.335385e-01
	-5.000000e-01,  6.655913e-02
	-4.940640e-01,  6.654178e-02
	 2.533152e-01, -2.698831e-01
	 2.701545e-01, -2.702146e-01
	-4.628048e-01,  3.207870e-01
	-4.715662e-01,  3.001045e-01
	-5.000000e-01,  2.924275e-01
	-5.638173e-02, -5.000000e-01
	 3.499442e-01,  3.581439e-01
	 3.603834e-01,  3.598990e-01
	 3.766246e-01,  4.258088e-01
	 3.856429e-01,  3.843018e-01
	-4.852442e-02,  3.697279e-01
	-3.546625e-02,  3.341716e-01
	-3.550207e-03,  3.307623e-01
	-1.507579e-02,  3.228152e-01
	-1.733683e-01,  4.672929e-01
	-1.860003e-01,  4.612497e-01
	-2.016147e-01,  4.293048e-01
	-1.809188e-01,  4.012856e-01
	-1.608917e-01,  3.980105e-01
	-8.492178e-02,  4.970709e-02
	-5.273165e-02,  8.249493e-02
	 4.032385e-01,  4.196358e-02
	 4.631411e-01,  5.827521e-02
	 4.760783e-01,  2.416165e-02
	 4.521402e-01, -1.042560e-02
	-1.213879e-02, -2.756400e-01
	-9.012144e-03, -2.258666e-01
	-2.644855e-02, -2.140048e-01
	-6.090962e-02, -2.343728e-01
	 1.402911e-01,  3.922595e-01
	 4.328992e-01,  2.512511e-01
	 4.148091e-01,  2.851265e-01
	 5.000000e-01, -3.497370e-02
	 5.000000e-01,  2.033889e-02
	 5.000000e-01, -5.000000e-01
	 5.000000e-01, -4.688946e-01
	 4.696042e-01, -5.000000e-01
	 4.726325e-01, -4.649643e-01
	 4.663251e-01, -4.709204e-01
	 2.029024e-02, -4.711013e-01
	 9.704077e-03, -5.000000e-01
	 5.584976e-02, -4.831594e-01
	 5.934931e-02, -5.000000e-01
	-8.465336e-02,  1.641227e-01
	-5.813062e-02,  1.501768e-01
	-4.828351e-01, -2.480806e-01
	-4.521376e-01, -2.893141e-01
	-2.601997e-01, -4.517198e-01
	-2.353171e-01, -4.295955e-01
	-2.441334e-01, -5.000000e-01
	-2.267906e-01, -5.000000e-01
	 1.739002e-01,  4.701184e-01
	 1.471028e-01,  4.695207e-01
	 1.190447e-01,  5.000000e-01
	-2.781903e-01, -8.702676e-02
	-2.316184e-01, -8.626810e-02
	 4.193924e-01,  2.235449e-01
	 4.465098e-01,  2.095316e-01
	 3.756893e-01, -3.196239e-01
	 4.312260e-01, -3.295210e-01
	 3.969886e-01, -2.749017e-01
	 1.456256e-01,  1.013776e-01
	 2.057371e-01,  2.295145e-01
	 1.933587e-01,  2.361700e-01
	 2.398895e-01,  2.485107e-01
	 2.491024e-01,  2.769866e-01
	 1.842092e-01,  2.889128e-01
	-1.204334e-01,  5.000000e-01
	-4.732214e-01,  4.060331e-02
	 1.652202e-01,  2.285628e-01
	 1.409500e-01,  2.535163e-01
	 1.530766e-01,  2.811408e-01
	 1.384491e-01,  4.052185e-01
	 1.810644e-01,  4.280052e-01
	 1.901345e-01,  4.215887e-01
	-2.310004e-01,  2.845394e-01
	-2.942860e-01,  3.037421e-01
	-2.719641e-01,  2.818433e-01
	-1.496752e-02,  3.170460e-01
	 1.425071e-02,  2.761752e-01
	 4.506338e-02,  2.800180e-01
	-3.671997e-01,  2.067787e-01
	-3.407228e-01,  1.743306e-01
	-1.098758e-01,  1.404984e-01
	-9.566881e-02,  1.044715e-01
	-1.382515e-01,  1.385769e-01
	 3.850942e-03,  2.226916e-01
	-2.286419e-02,  2.507162e-01
	-7.356942e-03,  2.456421e-01
	-5.000000e-01, -1.751451e-01
	-5.000000e-01, -2.507284e-01
	-1.393098e-01,  2.442425e-01
	-1.646886e-01,  2.531167e-01
	-2.831660e-01,  2.413287e-01
	 1.127567e-01,  7.510293e-02
	 2.867624e-01,  2.132654e-01
	 2.662989e-01,  2.145078e-01
	 8.387629e-02,  1.109464e-01
	 1.177787e-01,  9.423955e-02
	 2.361130e-01, -5.000000e-01
	 3.508410e-01,  4.209888e-02
	 3.923125e-01,  4.807380e-02
	 3.709513e-01,  9.122996e-02
	 7.706463e-02,  1.346705e-01
	 1.279209e-01,  1.005854e-01
	-1.745548e-01, -5.000000e-01
	 4.178411e-01, -9.930059e-02
	 1.586905e-02, -1.678518e-01
	-2.952933e-02, -1.883833e-01
	 1.757042e-02, -1.554292e-01
	-4.107679e-01,  4.010613e-01
	 6.770588e-02, -1.088603e-01
	 6.808738e-02, -1.085281e-01
	 5.634815e-02, -6.562705e-02
	 5.000000e-01, -4.225502e-01
	 4.719275e-01, -4.218269e-01
	-3.439537e-01, -2.007510e-01
	 2.053321e-01, -1.652619e-01
	 3.009375e-01,  1.945259e-01
	-1.849352e-01,  2.749666e-02
	-1.787226e-01,  6.406285e-02
	 1.916495e-02, -3.466099e-01
	 8.085996e-03, -3.497518e-01
	-1.170579e-02, -3.316481e-01
	-6.851374e-02,  1.021361e-01
	 3.330444e-01,  3.353676e-01
	 1.097023e-01, -1.533385e-01
	 1.146420e-01, -1.115426e-01
	 7.991244e-02, -1.660529e-01
	 6.053526e-02, -1.455245e-01
	 1.111390e-01, -1.061863e-01
	 3.668099e-01, -1.004239e-02
	 3.617242e-01, -4.473320e-02
	 4.457444e-01, -2.456637e-01
	 4.212168e-01, -2.770763e-01
	-3.897585e-02,  2.777110e-01
	-7.669537e-02,  2.783630e-01
	 4.094265e-01, -8.715531e-02
	 1.170304e-01,  4.292892e-01
	 1.150286e-01,  5.000000e-01
	-2.362291e-01,  4.233806e-01
	 4.371020e-01,  4.796238e-01
	 4.429096e-01,  5.000000e-01
	 5.000000e-01,  5.000000e-01
	 3.753866e-01, -5.000000e-01
	 3.041796e-01, -5.000000e-01
	 3.129260e-01, -4.803711e-01
	 1.547315e-01, -2.731374e-01
	 1.317351e-01, -2.320992e-01
	 7.573230e-02, -4.625837e-01
	 1.273063e-02, -4.499246e-01
	 1.337036e-01, -1.739625e-01
	 2.923633e-01,  4.217840e-02
	 2.733015e-01, -5.129671e-02
	 4.366828e-01, -3.075007e-01
	 4.473647e-01, -2.456618e-01
	 2.555054e-01, -1.298612e-02
	 2.998379e-01,  1.509719e-02
	 3.225744e-01,  2.145931e-03
	 2.755329e-01,  5.000000e-01
	 1.602478e-01, -1.318522e-01
	 1.596002e-01, -1.289499e-01
	 1.050360e-01,  2.445713e-01
	-2.446869e-02, -3.919132e-01
	-2.573724e-03, -3.805656e-01
	-1.861199e-01, -3.792291e-01
	-1.922131e-01, -3.734153e-01
	-2.796537e-01, -4.479064e-01
	 3.523997e-01,  1.519150e-01
	 3.984892e-01,  1.236059e-01
	 4.000324e-01,  1.174075e-01
	 4.312929e-01, -5.000000e-01
	 4.363462e-01, -4.748994e-01
	-1.229022e-01,  3.487142e-01
	-1.458124e-01,  3.547491e-01
	 1.290548e-01, -4.346394e-01
	 1.188527e-01, -3.681631e-01
	 4.015142e-01,  4.416382e-02
	 4.260562e-01,  9.983815e-02
	-4.109066e-01,  4.010876e-01
	 3.362904e-02,  1.517681e-01
	 4.401158e-02,  2.166810e-01
	 5.571514e-02,  1.931085e-01
	-2.398646e-01,  5.000000e-01
	-1.728481e-01,  5.000000e-01
	 4.231296e-01,  1.601865e-01
	 1.367083e-01, -1.733562e-01
	 3.562585e-01,  2.943354e-01
	 3.944571e-01,  3.192563e-01
	 1.215940e-01, -6.679397e-02
	 1.163886e-01, -5.974504e-02
	 2.921103e-01, -5.000000e-01
	 6.219383e-02, -5.614255e-02
	-4.674629e-01, -1.172396e-01
	-5.000000e-01, -1.715132e-01
	-4.662809e-01, -1.467583e-01
	 1.259237e-01, -3.264504e-01
	-4.234372e-01, -5.000000e-01
	 5.911157e-02,  2.405222e-01
	 1.039242e-01,  2.454593e-01
	-4.371000e-01, -1.582763e-01
	 3.927213e-01,  4.644262e-01
	 3.921578e-01,  4.449773e-01
	-3.060295e-01,  2.332902e-01
	 3.360773e-01,  7.168286e-03
	-1.977432e-01,  3.727575e-01
	-1.812569e-01,  3.408622e-01
	 2.960055e-01, -4.392611e-01
	-6.488723e-02,  3.722506e-01
	 1.846760e-02, -1.543551e-01
	 6.262017e-02,  5.000000e-01
Mesh Facets: 1267
	4, 2
	33, 31
	45, 43
	73, 71
	84, 88
	98, 97
	112, 110
	117, 118
	115, 118
	118, 144
	133, 132
	169, 166
	46, 45
	50, 45
	174, 172
	123, 121
	91, 89
	137, 141
	117, 116
	2, 0
	2, 117
	153, 154
	215, 213
	84, 83
	219, 84
	220, 219
	225, 223
	94, 92
	71, 72
	71, 235
	240, 241
	26, 24
	37, 42
	196, 141
	141, 139
	251, 249
	37, 36
	12, 11
	243, 37
	263, 262
	275, 276
	70, 69
	104, 103
	130, 132
	161, 132
	21, 20
	5, 3
	241, 309
	242, 241
	80, 79
	152, 151
	150, 147
	310, 311
	95, 94
	234, 94
	313, 80
	80, 81
	15, 14
	262, 344
	260, 262
	269, 267
	178, 176
	104, 283
	98, 104
	322, 323
	99, 98
	281, 280
	305, 20
	20, 22
	194, 196
	196, 246
	299, 298
	157, 156
	128, 127
	60, 64
	87, 88
	88, 389
	367, 365
	202, 201
	326, 328
	155, 160
	152, 311
	154, 152
	211, 154
	311, 331
	317, 319
	97, 96
	97, 102
	293, 295
	181, 182
	382, 381
	203, 116
	116, 114
	78, 76
	395, 393
	397, 160
	160, 159
	6, 8
	216, 218
	382, 420
	382, 384
	70, 277
	67, 70
	126, 125
	109, 108
	232, 233
	457, 455
	402, 211
	211, 212
	175, 173
	416, 417
	4, 3
	470, 4
	309, 470
	3, 309
	350, 267
	266, 267
	333, 332
	425, 76
	77, 76
	428, 426
	314, 316
	46, 47
	46, 170
	320, 321
	348, 349
	493, 494
	60, 386
	61, 60
	186, 191
	215, 217
	503, 215
	268, 269
	351, 269
	279, 278
	48, 49
	392, 391
	328, 147
	395, 328
	146, 147
	431, 395
	11, 13
	243, 11
	244, 243
	475, 474
	149, 148
	352, 322
	49, 517
	47, 49
	320, 47
	322, 320
	226, 228
	492, 491
	294, 297
	417, 418
	468, 417
	409, 407
	324, 325
	552, 550
	547, 546
	368, 369
	44, 43
	43, 53
	400, 398
	538, 539
	39, 41
	106, 107
	573, 571
	336, 335
	336, 584
	337, 336
	564, 563
	456, 455
	455, 589
	237, 236
	466, 416
	182, 416
	182, 183
	271, 270
	486, 349
	349, 347
	237, 592
	237, 72
	75, 72
	239, 242
	242, 308
	119, 120
	52, 54
	251, 252
	590, 236
	235, 236
	235, 251
	180, 121
	119, 121
	366, 368
	53, 52
	368, 53
	52, 119
	595, 347
	347, 345
	578, 577
	496, 497
	222, 221
	292, 291
	40, 38
	129, 124
	274, 270
	594, 270
	514, 513
	31, 32
	31, 620
	627, 625
	604, 496
	496, 495
	404, 406
	483, 426
	425, 479
	425, 426
	633, 632
	459, 461
	495, 630
	495, 386
	126, 449
	126, 127
	386, 127
	300, 301
	488, 487
	149, 524
	149, 145
	240, 238
	639, 240
	204, 205
	537, 492
	640, 493
	492, 493
	341, 340
	512, 511
	560, 561
	351, 178
	178, 179
	506, 351
	445, 447
	179, 123
	179, 506
	507, 506
	123, 122
	545, 549
	310, 79
	329, 310
	78, 427
	78, 79
	101, 100
	370, 372
	355, 356
	62, 61
	61, 498
	85, 87
	87, 388
	252, 253
	591, 590
	252, 590
	668, 667
	659, 658
	670, 669
	669, 671
	677, 675
	433, 434
	257, 259
	129, 128
	129, 612
	128, 387
	568, 565
	685, 684
	688, 169
	169, 168
	170, 316
	171, 170
	316, 318
	665, 253
	253, 250
	465, 463
	348, 490
	346, 348
	508, 510
	256, 255
	490, 489
	520, 519
	490, 693
	89, 90
	89, 181
	540, 418
	418, 181
	153, 209
	151, 153
	312, 151
	473, 472
	50, 51
	50, 171
	690, 171
	587, 585
	373, 22
	22, 23
	444, 446
	457, 458
	702, 457
	342, 343
	401, 331
	331, 330
	701, 698
	370, 371
	370, 664
	25, 24
	24, 245
	636, 635
	57, 59
	400, 559
	399, 400
	647, 648
	354, 353
	210, 208
	65, 66
	335, 583
	335, 313
	313, 312
	312, 472
	472, 471
	535, 534
	258, 257
	433, 437
	257, 433
	244, 520
	520, 489
	636, 245
	636, 488
	489, 488
	245, 244
	725, 724
	610, 612
	680, 612
	363, 364
	55, 56
	163, 162
	712, 710
	334, 333
	333, 266
	266, 265
	512, 561
	561, 564
	588, 564
	616, 513
	513, 512
	700, 699
	189, 188
	681, 387
	387, 64
	64, 63
	111, 113
	21, 23
	21, 304
	190, 189
	23, 700
	189, 700
	265, 268
	265, 729
	509, 268
	627, 626
	393, 429
	394, 393
	734, 627
	284, 285
	542, 541
	303, 302
	668, 658
	620, 668
	621, 620
	658, 657
	613, 615
	732, 733
	408, 413
	740, 685
	568, 567
	568, 685
	9, 8
	505, 217
	217, 216
	8, 216
	391, 390
	515, 391
	423, 424
	159, 158
	159, 440
	197, 199
	436, 435
	727, 726
	134, 133
	133, 165
	172, 749
	173, 172
	462, 173
	124, 609
	450, 125
	125, 124
	639, 638
	276, 639
	441, 277
	277, 276
	42, 26
	41, 42
	569, 41
	26, 28
	502, 191
	188, 191
	730, 188
	602, 603
	533, 531
	138, 136
	655, 654
	535, 536
	535, 719
	662, 663
	515, 743
	516, 515
	703, 343
	633, 634
	344, 633
	343, 344
	307, 306
	641, 341
	338, 341
	746, 747
	547, 556
	548, 547
	7, 13
	695, 519
	519, 13
	722, 437
	437, 438
	469, 466
	731, 730
	753, 730
	466, 271
	272, 271
	554, 556
	556, 767
	606, 292
	292, 289
	619, 618
	688, 687
	774, 688
	209, 208
	209, 473
	523, 474
	474, 473
	208, 717
	581, 580
	286, 130
	130, 131
	531, 755
	532, 531
	143, 142
	439, 397
	557, 398
	398, 397
	605, 497
	498, 497
	498, 85
	86, 85
	725, 680
	110, 725
	681, 111
	680, 681
	111, 110
	73, 74
	777, 778
	778, 73
	779, 780
	579, 576
	194, 375
	195, 194
	280, 355
	280, 278
	278, 514
	707, 664
	664, 355
	773, 619
	514, 619
	529, 528
	676, 674
	751, 609
	406, 631
	406, 405
	609, 608
	763, 761
	376, 377
	692, 250
	250, 249
	33, 34
	249, 33
	479, 480
	317, 404
	318, 317
	689, 318
	479, 404
	184, 183
	594, 614
	183, 594
	291, 40
	290, 291
	106, 105
	39, 106
	39, 40
	769, 768
	553, 551
	423, 114
	114, 115
	423, 440
	115, 143
	143, 439
	439, 440
	467, 468
	697, 698
	409, 411
	409, 468
	698, 704
	603, 54
	603, 754
	584, 582
	51, 587
	54, 51
	584, 587
	290, 788
	290, 288
	14, 16
	794, 573
	573, 572
	339, 14
	752, 569
	107, 569
	109, 107
	453, 109
	755, 754
	754, 582
	580, 755
	582, 580
	174, 175
	550, 174
	551, 789
	551, 550
	175, 463
	463, 694
	428, 482
	260, 261
	260, 342
	428, 427
	342, 330
	330, 329
	427, 329
	411, 410
	411, 704
	704, 705
	723, 722
	722, 770
	713, 714
	529, 785
	529, 530
	206, 207
	365, 366
	365, 201
	366, 180
	177, 180
	201, 200
	441, 384
	441, 638
	385, 384
	637, 638
	534, 720
	534, 532
	131, 532
	131, 135
	69, 68
	275, 69
	632, 275
	460, 461
	632, 461
	552, 553
	213, 552
	214, 213
	553, 790
	296, 295
	282, 103
	103, 102
	295, 102
	224, 222
	604, 628
	222, 604
	369, 44
	369, 367
	367, 392
	392, 48
	44, 48
	273, 274
	615, 274
	737, 615
	806, 779
	576, 574
	576, 779
	798, 799
	758, 757
	414, 415
	447, 448
	447, 653
	396, 326
	229, 230
	327, 326
	301, 449
	301, 302
	542, 302
	544, 542
	449, 451
	380, 379
	682, 683
	802, 628
	629, 628
	758, 138
	758, 415
	101, 660
	96, 101
	415, 96
	138, 140
	287, 161
	476, 475
	521, 475
	164, 161
	707, 773
	707, 708
	773, 687
	687, 686
	657, 656
	621, 657
	622, 621
	308, 601
	308, 5
	5, 1
	699, 697
	699, 731
	467, 697
	469, 467
	731, 469
	254, 258
	721, 258
	323, 283
	325, 323
	283, 284
	284, 541
	541, 325
	650, 649
	818, 819
	100, 663
	100, 99
	517, 516
	517, 352
	663, 516
	99, 352
	804, 803
	501, 500
	38, 36
	38, 607
	12, 36
	10, 12
	708, 709
	708, 686
	168, 686
	168, 167
	19, 18
	486, 487
	486, 597
	145, 487
	146, 145
	518, 146
	28, 27
	752, 28
	795, 752
	226, 227
	226, 530
	799, 757
	799, 530
	756, 757
	641, 642
	641, 760
	234, 232
	234, 332
	232, 454
	478, 332
	606, 607
	606, 772
	741, 9
	9, 10
	10, 607
	430, 429
	826, 734
	734, 429
	825, 478
	478, 477
	16, 19
	794, 16
	166, 167
	166, 794
	19, 167
	263, 264
	829, 263
	527, 526
	195, 782
	193, 195
	682, 802
	682, 684
	684, 225
	802, 224
	225, 224
	775, 142
	144, 142
	144, 818
	818, 650
	650, 651
	832, 220
	83, 220
	83, 82
	187, 190
	304, 307
	190, 304
	760, 307
	760, 822
	715, 353
	353, 358
	25, 635
	25, 30
	524, 525
	524, 635
	223, 221
	223, 832
	605, 221
	86, 605
	86, 82
	832, 82
	476, 287
	471, 476
	581, 583
	581, 286
	286, 287
	583, 471
	566, 565
	379, 378
	683, 379
	683, 565
	800, 801
	503, 504
	667, 503
	545, 659
	659, 667
	555, 546
	546, 545
	817, 816
	833, 834
	797, 410
	412, 410
	702, 446
	819, 702
	819, 649
	445, 649
	446, 445
	829, 830
	724, 829
	610, 724
	611, 610
	791, 792
	93, 91
	91, 184
	184, 787
	90, 95
	696, 90
	729, 334
	729, 733
	334, 95
	733, 739
	412, 817
	412, 413
	817, 815
	413, 738
	339, 572
	572, 570
	340, 643
	340, 339
	164, 162
	164, 521
	162, 728
	522, 521
	796, 453
	453, 454
	762, 765
	824, 454
	801, 378
	282, 801
	303, 299
	303, 285
	285, 282
	378, 299
	32, 622
	32, 35
	820, 804
	805, 804
	622, 813
	787, 614
	792, 787
	614, 613
	735, 613
	792, 793
	761, 786
	761, 762
	795, 796
	795, 821
	796, 762
	788, 105
	788, 791
	791, 93
	233, 108
	233, 92
	93, 92
	108, 105
	653, 809
	653, 652
	766, 767
	288, 793
	793, 839
	767, 289
	288, 289
	315, 314
	321, 324
	321, 314
	324, 543
	732, 738
	732, 509
	255, 254
	508, 255
	738, 815
	508, 509
	254, 815
	690, 585
	690, 689
	585, 586
	689, 480
	480, 481
	781, 780
	780, 826
	430, 432
	430, 826
	652, 840
	775, 651
	557, 775
	652, 651
	558, 557
	436, 726
	436, 438
	726, 363
	363, 360
	438, 771
	442, 443
	645, 560
	560, 562
	424, 745
	1, 0
	814, 1
	203, 424
	203, 0
	507, 655
	655, 759
	679, 259
	259, 256
	256, 510
	510, 507
	63, 62
	113, 63
	112, 113
	389, 112
	389, 388
	388, 62
	670, 672
	749, 670
	750, 749
	448, 443
	448, 808
	443, 843
	361, 362
	354, 647
	281, 354
	511, 279
	511, 647
	279, 281
	746, 764
	197, 746
	197, 198
	238, 637
	238, 239
	385, 383
	385, 637
	239, 600
	770, 713
	770, 771
	360, 359
	648, 713
	771, 360
	646, 648
	452, 450
	450, 751
	751, 405
	403, 405
	661, 662
	743, 742
	743, 662
	247, 248
	596, 595
	781, 842
	595, 577
	781, 579
	579, 577
	300, 630
	300, 298
	298, 380
	629, 630
	380, 629
	593, 591
	187, 822
	185, 187
	591, 666
	822, 823
	711, 399
	381, 156
	156, 155
	399, 155
	381, 421
	77, 481
	77, 81
	81, 337
	337, 586
	586, 481
	816, 833
	816, 721
	715, 833
	714, 715
	714, 723
	723, 721
	676, 784
	677, 676
	623, 625
	625, 677
	611, 835
	608, 631
	608, 611
	483, 631
	483, 485
	789, 694
	769, 789
	695, 769
	693, 695
	694, 693
	737, 805
	736, 737
	805, 813
	813, 812
	675, 674
	675, 640
	785, 206
	785, 674
	640, 204
	204, 206
	434, 678
	435, 434
	134, 435
	134, 135
	135, 720
	720, 718
	727, 165
	55, 727
	57, 710
	57, 55
	163, 710
	163, 165
	522, 523
	838, 522
	419, 422
	716, 717
	523, 717
	800, 566
	800, 296
	296, 297
	538, 566
	297, 538
	75, 599
	75, 74
	776, 74
	837, 836
	231, 227
	227, 756
	136, 137
	756, 136
	192, 137
	451, 452
	544, 451
	403, 452
	403, 319
	315, 543
	315, 319
	543, 544
	230, 810
	230, 228
	784, 528
	623, 784
	624, 623
	228, 528
	376, 786
	375, 376
	786, 821
	27, 29
	821, 27
	783, 375
	499, 186
	186, 185
	666, 665
	666, 185
	691, 665
	494, 491
	494, 740
	491, 539
	567, 539
	740, 567
	820, 35
	820, 500
	499, 691
	500, 499
	692, 34
	692, 691
	34, 35
	811, 229
	229, 231
	193, 831
	192, 193
	231, 192
	30, 525
	525, 526
	29, 30
	783, 29
	782, 783
	782, 526
	774, 618
	618, 617
	845, 774
	7, 6
	768, 7
	6, 218
	214, 218
	214, 790
	790, 768
	593, 823
	823, 642
	642, 644
	598, 592
	593, 592
	56, 58
	56, 364
	809, 808
	841, 809
	364, 362
	808, 362
	421, 422
	421, 711
	711, 712
	728, 838
	712, 728
	838, 422
	533, 536
	533, 602
	654, 122
	122, 120
	602, 120
	536, 654
	555, 504
	504, 505
	554, 555
	554, 772
	505, 741
	772, 741
	750, 672
	672, 673
	462, 750
	464, 462
	807, 574
	574, 575
	374, 371
	371, 709
	709, 18
	17, 18
	198, 844
	202, 198
	202, 390
	744, 390
	563, 562
	563, 456
	458, 456
	444, 458
	562, 442
	442, 444
	537, 205
	537, 294
	798, 414
	798, 207
	414, 293
	294, 293
	205, 207
	485, 835
	835, 830
	828, 830
	485, 484
	419, 420
	419, 716
	67, 420
	65, 67
	716, 65
	432, 431
	431, 518
	842, 596
	842, 432
	518, 597
	596, 597
	372, 373
	372, 356
	356, 357
	706, 701
	701, 373
	549, 656
	549, 548
	735, 736
	735, 839
	839, 766
	548, 766
	812, 736
	812, 656
	200, 177
	177, 176
	199, 200
	350, 477
	350, 176
	477, 827
	748, 199
	150, 327
	148, 150
	831, 527
	811, 831
	148, 527
	327, 811
	598, 644
	598, 599
	837, 599
	643, 837
	644, 643
	361, 359
	361, 843
	645, 843
	645, 646
	646, 359
	841, 58
	841, 840
	558, 559
	558, 840
	59, 559
	59, 58
	763, 377
	763, 764
	247, 742
	742, 744
	764, 844
	377, 246
	744, 844
	246, 247
	703, 634
	401, 703
	634, 459
	459, 402
	402, 401
	617, 616
	616, 588
	589, 588
	589, 845
	845, 617
	696, 739
	540, 696
	408, 407
	739, 408
	407, 540
	777, 776
	571, 777
	571, 570
	836, 570
	776, 836
	482, 484
	261, 482
	264, 828
	264, 261
	484, 828
	305, 306
	305, 374
	374, 17
	17, 15
	338, 15
	338, 306
	139, 140
	248, 139
	661, 248
	140, 660
	660, 661
	464, 575
	465, 464
	465, 346
	345, 346
	575, 578
	578, 345
	803, 273
	803, 501
	272, 753
	272, 273
	502, 753
	502, 501
	671, 673
	671, 806
	807, 673
	807, 806
	394, 396
	394, 626
	810, 396
	810, 624
	624, 626
	747, 765
	747, 748
	825, 824
	827, 825
	748, 827
	765, 824
	814, 745
	745, 158
	601, 814
	601, 600
	157, 383
	157, 158
	383, 600
	719, 718
	718, 678
	678, 679
	679, 759
	759, 719
	706, 357
	706, 705
	358, 357
	358, 834
	705, 797
	797, 834
	68, 66
	460, 68
	212, 460
	210, 212
	66, 210
Facet Neighbors: 1267
	-4, 0
	-2, 5
	7, 8
	-2, 12
	-1, 14
	16, 17
	-1, 19
	-4, 20
	20, 25
	-4, 25
	23, 29
	-4, 30
	7, 31
	8, 31
	-2, 32
	21, 33
	15, 34
	24, 36
	20, 38
	0, 38
	-4, 38
	27, 40
	-2, 41
	14, 42
	-1, 42
	-3, 42
	-3, 43
	15, 45
	12, 46
	-2, 46
	-1, 47
	4, 48
	6, 48
	36, 49
	24, 49
	-2, 50
	6, 52
	1, 52
	48, 52
	-1, 53
	-1, 56
	11, 56
	17, 58
	23, 59
	29, 59
	3, 63
	0, 64
	-1, 64
	47, 64
	13, 65
	27, 65
	26, 68
	65, 69
	15, 70
	45, 70
	65, 71
	13, 71
	2, 72
	-1, 73
	53, 73
	54, 75
	33, 75
	58, 76
	17, 76
	67, 76
	16, 76
	57, 77
	63, 80
	3, 80
	36, 81
	49, 81
	62, 82
	28, 83
	22, 84
	10, 84
	14, 85
	-1, 85
	79, 86
	37, 86
	68, 87
	28, 88
	65, 89
	27, 89
	40, 89
	69, 89
	66, 90
	16, 92
	17, 92
	61, 92
	34, 93
	83, 94
	38, 95
	20, 95
	13, 96
	87, 97
	88, 99
	28, 99
	1, 100
	41, 100
	94, 101
	83, 101
	56, 101
	11, 101
	22, 103
	18, 104
	45, 104
	-4, 105
	89, 106
	40, 106
	32, 107
	93, 108
	0, 109
	-4, 109
	-1, 109
	64, 109
	75, 111
	54, 111
	70, 111
	96, 112
	13, 112
	96, 113
	66, 114
	7, 114
	31, 114
	67, 114
	74, 115
	-3, 116
	84, 117
	10, 117
	35, 118
	41, 119
	-2, 119
	54, 120
	75, 120
	57, 121
	7, 122
	86, 122
	68, 123
	87, 123
	26, 123
	97, 123
	1, 124
	52, 124
	48, 124
	110, 125
	26, 126
	76, 127
	122, 127
	7, 127
	114, 127
	67, 127
	44, 128
	116, 130
	61, 130
	93, 131
	108, 131
	91, 131
	67, 132
	-2, 134
	133, 135
	79, 136
	7, 136
	8, 136
	88, 137
	130, 139
	6, 140
	18, 140
	-4, 141
	71, 143
	143, 144
	71, 144
	138, 145
	105, 145
	-4, 145
	46, 146
	108, 147
	93, 147
	34, 147
	55, 147
	115, 148
	74, 148
	146, 149
	46, 149
	12, 149
	47, 150
	64, 150
	21, 151
	8, 151
	50, 152
	146, 152
	46, 152
	-2, 152
	33, 153
	21, 153
	79, 153
	8, 153
	136, 153
	151, 153
	148, 154
	74, 154
	142, 154
	117, 155
	43, 155
	60, 156
	6, 156
	22, 157
	55, 158
	147, 158
	121, 159
	5, 160
	-2, 160
	-3, 161
	155, 162
	117, 162
	90, 163
	113, 163
	112, 163
	96, 163
	-1, 164
	106, 164
	162, 165
	117, 165
	103, 165
	22, 165
	84, 165
	62, 165
	115, 166
	126, 166
	26, 166
	47, 167
	-1, 167
	39, 168
	130, 168
	-3, 168
	116, 168
	72, 169
	121, 170
	138, 170
	75, 171
	33, 171
	120, 171
	102, 172
	33, 173
	171, 173
	120, 173
	21, 173
	133, 174
	65, 175
	69, 175
	96, 175
	13, 175
	16, 176
	80, 177
	77, 177
	10, 178
	117, 178
	14, 178
	85, 178
	50, 179
	146, 179
	152, 179
	-2, 180
	174, 180
	-2, 181
	-3, 181
	-3, 182
	98, 183
	51, 183
	22, 184
	157, 184
	84, 184
	139, 185
	-3, 185
	-4, 186
	30, 186
	114, 187
	31, 187
	66, 187
	179, 188
	50, 188
	107, 189
	115, 189
	74, 189
	120, 190
	51, 190
	115, 191
	124, 191
	189, 191
	15, 192
	34, 192
	131, 192
	93, 192
	40, 193
	27, 193
	65, 193
	110, 193
	8, 194
	31, 194
	187, 194
	144, 194
	80, 195
	3, 195
	102, 196
	105, 196
	-4, 196
	73, 197
	89, 197
	69, 197
	195, 198
	80, 199
	177, 199
	4, 200
	48, 200
	166, 200
	9, 201
	137, 201
	88, 201
	170, 202
	77, 202
	40, 203
	11, 203
	143, 204
	71, 204
	65, 204
	193, 204
	110, 204
	129, 205
	51, 206
	98, 206
	183, 206
	124, 207
	191, 207
	200, 207
	166, 207
	115, 207
	48, 207
	-1, 208
	157, 208
	184, 208
	78, 209
	9, 209
	29, 210
	201, 210
	70, 211
	111, 211
	54, 211
	170, 212
	138, 212
	145, 212
	159, 212
	121, 212
	195, 213
	35, 213
	184, 214
	84, 214
	10, 214
	19, 214
	3, 215
	63, 215
	35, 215
	195, 215
	213, 215
	54, 216
	211, 216
	120, 216
	161, 217
	97, 217
	87, 217
	-3, 217
	58, 218
	132, 218
	62, 218
	180, 219
	-2, 219
	160, 219
	174, 219
	158, 220
	216, 221
	91, 221
	-3, 222
	139, 222
	185, 222
	1, 223
	119, 223
	41, 223
	100, 223
	86, 224
	122, 224
	95, 225
	28, 225
	99, 225
	37, 226
	98, 227
	209, 227
	23, 227
	29, 227
	-2, 228
	32, 228
	107, 228
	157, 229
	103, 229
	22, 229
	167, 230
	-1, 230
	101, 230
	56, 230
	48, 231
	6, 231
	140, 231
	4, 231
	118, 232
	35, 232
	213, 232
	151, 233
	129, 233
	24, 234
	173, 235
	129, 235
	205, 235
	176, 236
	224, 236
	122, 236
	197, 237
	164, 237
	-1, 237
	73, 237
	63, 238
	169, 238
	72, 238
	226, 239
	135, 240
	133, 240
	1, 241
	191, 241
	124, 241
	206, 242
	98, 242
	108, 243
	213, 243
	232, 243
	147, 243
	55, 243
	135, 244
	240, 244
	156, 244
	60, 244
	159, 245
	186, 245
	-4, 245
	40, 246
	193, 246
	125, 246
	110, 246
	203, 246
	143, 247
	59, 247
	23, 247
	233, 247
	129, 247
	25, 248
	99, 248
	137, 248
	88, 248
	155, 249
	117, 249
	178, 249
	14, 249
	208, 250
	-1, 250
	214, 250
	184, 250
	19, 250
	12, 251
	-4, 251
	-2, 251
	-3, 252
	142, 252
	81, 253
	36, 253
	77, 254
	57, 254
	121, 254
	199, 254
	177, 254
	245, 254
	159, 254
	128, 255
	182, 255
	229, 256
	163, 256
	90, 256
	157, 256
	239, 257
	81, 257
	188, 258
	50, 258
	5, 258
	-2, 258
	112, 259
	90, 259
	66, 259
	187, 259
	163, 259
	34, 260
	158, 260
	147, 260
	156, 261
	60, 261
	18, 261
	140, 261
	6, 261
	241, 262
	134, 262
	95, 263
	20, 263
	225, 263
	25, 263
	248, 263
	99, 263
	108, 264
	195, 264
	91, 264
	131, 264
	198, 264
	151, 265
	233, 265
	143, 265
	194, 265
	8, 265
	144, 265
	261, 266
	60, 266
	2, 267
	-4, 267
	141, 267
	72, 267
	231, 268
	140, 268
	18, 268
	104, 268
	233, 269
	265, 269
	247, 269
	143, 269
	32, 270
	-2, 270
	262, 270
	134, 270
	107, 270
	189, 270
	113, 271
	53, 271
	73, 271
	96, 271
	197, 271
	69, 271
	175, 271
	91, 272
	264, 272
	198, 272
	206, 273
	242, 273
	202, 273
	255, 274
	128, 274
	39, 274
	79, 275
	86, 275
	153, 275
	33, 275
	37, 275
	101, 276
	230, 276
	83, 276
	167, 276
	205, 277
	129, 277
	247, 277
	23, 277
	11, 278
	56, 278
	-1, 278
	106, 278
	164, 278
	134, 279
	-2, 279
	41, 279
	262, 279
	61, 280
	58, 280
	17, 280
	92, 280
	43, 281
	162, 281
	155, 281
	136, 282
	79, 282
	86, 282
	122, 282
	7, 282
	55, 283
	158, 283
	220, 283
	-3, 284
	142, 284
	252, 284
	274, 285
	234, 285
	92, 285
	102, 286
	172, 286
	87, 287
	44, 287
	68, 287
	165, 288
	62, 288
	218, 288
	132, 288
	103, 288
	82, 289
	185, 289
	281, 289
	162, 289
	234, 290
	285, 290
	176, 290
	16, 290
	92, 290
	24, 290
	59, 291
	110, 291
	125, 291
	29, 291
	254, 292
	199, 292
	245, 292
	186, 292
	174, 293
	219, 293
	160, 293
	150, 294
	64, 294
	0, 294
	195, 295
	213, 295
	264, 295
	108, 295
	243, 295
	51, 296
	206, 296
	76, 297
	67, 297
	58, 297
	218, 297
	132, 297
	172, 298
	-4, 298
	176, 299
	16, 299
	122, 299
	127, 299
	236, 299
	76, 299
	283, 300
	118, 300
	6, 301
	156, 301
	52, 301
	1, 301
	199, 302
	292, 302
	186, 302
	30, 302
	2, 302
	115, 303
	148, 303
	166, 303
	26, 303
	123, 303
	4, 304
	231, 304
	268, 304
	44, 305
	128, 305
	285, 305
	274, 305
	234, 305
	169, 306
	238, 306
	45, 307
	70, 307
	104, 307
	111, 307
	156, 308
	244, 308
	223, 308
	1, 308
	301, 308
	97, 309
	-3, 309
	217, 309
	307, 310
	111, 310
	2, 311
	267, 311
	30, 311
	-4, 311
	302, 311
	53, 312
	-1, 312
	126, 313
	253, 313
	36, 313
	289, 314
	185, 314
	-3, 314
	281, 314
	43, 314
	248, 315
	25, 315
	-4, 315
	298, 315
	172, 315
	-3, 316
	42, 316
	14, 316
	35, 317
	63, 317
	215, 317
	238, 317
	306, 317
	202, 318
	77, 318
	200, 319
	4, 319
	126, 319
	166, 319
	43, 320
	-3, 320
	155, 320
	249, 320
	14, 320
	316, 320
	291, 321
	110, 321
	143, 321
	247, 321
	59, 321
	204, 321
	139, 322
	82, 322
	289, 322
	185, 322
	280, 322
	119, 323
	-2, 323
	174, 323
	180, 323
	135, 323
	133, 323
	296, 324
	318, 324
	272, 324
	91, 324
	196, 325
	-4, 325
	298, 325
	172, 325
	102, 325
	312, 326
	-1, 326
	208, 326
	157, 326
	266, 327
	15, 327
	34, 327
	260, 327
	15, 328
	192, 328
	211, 328
	216, 328
	70, 328
	221, 328
	324, 329
	91, 329
	296, 329
	221, 329
	267, 330
	141, 330
	169, 330
	72, 330
	29, 331
	291, 331
	210, 331
	125, 331
	268, 332
	104, 332
	239, 332
	307, 332
	322, 333
	280, 333
	62, 333
	218, 333
	58, 333
	82, 333
	160, 334
	5, 334
	300, 334
	283, 334
	293, 334
	260, 335
	327, 335
	158, 335
	220, 335
	266, 335
	257, 336
	239, 336
	268, 336
	304, 336
	332, 336
	261, 337
	266, 337
	327, 337
	104, 337
	45, 337
	15, 337
	18, 337
	286, 338
	172, 338
	240, 339
	266, 339
	335, 339
	244, 339
	60, 339
	66, 340
	67, 340
	114, 340
	132, 340
	221, 341
	216, 341
	51, 341
	190, 341
	329, 341
	120, 341
	296, 341
	194, 342
	187, 342
	144, 342
	259, 342
	112, 342
	252, 343
	-3, 343
	97, 343
	309, 343
	338, 344
	315, 344
	248, 344
	172, 344
	137, 344
	227, 345
	98, 345
	209, 345
	78, 345
	242, 345
	102, 346
	170, 346
	138, 346
	225, 347
	0, 347
	294, 347
	95, 347
	38, 347
	173, 348
	235, 348
	183, 348
	51, 348
	190, 348
	120, 348
	10, 349
	214, 349
	19, 349
	-1, 349
	85, 349
	178, 349
	181, 350
	-2, 350
	228, 350
	102, 351
	286, 351
	346, 351
	78, 351
	202, 352
	77, 352
	121, 352
	170, 352
	57, 352
	239, 353
	226, 353
	37, 353
	167, 354
	47, 354
	83, 354
	276, 354
	150, 354
	273, 355
	242, 355
	78, 355
	202, 355
	345, 355
	170, 355
	103, 356
	229, 356
	256, 356
	90, 356
	176, 357
	224, 357
	236, 357
	49, 357
	148, 358
	343, 358
	154, 358
	252, 358
	142, 358
	165, 359
	62, 359
	82, 359
	162, 359
	289, 359
	146, 360
	317, 360
	35, 360
	179, 360
	306, 360
	201, 361
	83, 361
	28, 361
	88, 361
	94, 361
	112, 362
	13, 362
	71, 362
	144, 362
	342, 362
	324, 363
	296, 363
	318, 363
	202, 363
	273, 363
	206, 363
	255, 364
	182, 364
	161, 364
	-3, 364
	326, 365
	256, 365
	157, 365
	163, 365
	113, 365
	270, 366
	262, 366
	241, 366
	191, 366
	189, 366
	283, 367
	220, 367
	334, 367
	293, 367
	182, 368
	-3, 368
	274, 368
	255, 368
	168, 368
	39, 368
	183, 369
	98, 369
	227, 369
	23, 369
	277, 369
	205, 369
	227, 370
	209, 370
	201, 370
	9, 370
	210, 370
	29, 370
	125, 371
	331, 371
	94, 371
	203, 371
	246, 371
	322, 372
	280, 372
	61, 372
	139, 372
	130, 372
	149, 373
	12, 373
	251, 373
	330, 373
	44, 374
	305, 374
	24, 374
	234, 374
	36, 374
	103, 375
	288, 375
	356, 375
	90, 375
	340, 375
	66, 375
	132, 375
	287, 376
	44, 376
	255, 376
	364, 376
	161, 376
	128, 376
	257, 377
	81, 377
	336, 377
	4, 377
	304, 377
	253, 377
	118, 378
	35, 378
	179, 378
	360, 378
	188, 378
	116, 379
	-3, 379
	130, 379
	139, 379
	222, 379
	334, 380
	300, 380
	378, 380
	118, 380
	258, 380
	188, 380
	5, 380
	287, 381
	44, 381
	313, 381
	36, 381
	374, 381
	319, 382
	126, 382
	4, 382
	377, 382
	253, 382
	313, 382
	245, 383
	159, 383
	-4, 383
	1, 384
	241, 384
	100, 384
	41, 384
	279, 384
	262, 384
	360, 385
	306, 385
	169, 385
	149, 385
	146, 385
	9, 386
	209, 386
	286, 386
	338, 386
	78, 386
	351, 386
	94, 387
	361, 387
	201, 387
	331, 387
	210, 387
	371, 387
	129, 388
	233, 388
	173, 388
	21, 388
	151, 388
	235, 388
	323, 389
	119, 389
	135, 389
	244, 389
	223, 389
	308, 389
	350, 390
	181, 390
	228, 390
	107, 390
	284, 390
	142, 390
	80, 391
	199, 391
	302, 391
	2, 391
	353, 392
	37, 392
	86, 392
	224, 392
	138, 393
	145, 393
	105, 393
	196, 393
	346, 393
	102, 393
	168, 394
	130, 394
	285, 394
	274, 394
	92, 394
	61, 394
	39, 394
	365, 395
	326, 395
	312, 395
	113, 395
	94, 396
	371, 396
	101, 396
	11, 396
	203, 396
	97, 397
	123, 397
	358, 397
	343, 397
	303, 397
	148, 397
	80, 398
	177, 398
	77, 398
	198, 398
	195, 398
	174, 399
	133, 399
	220, 399
	335, 399
	339, 399
	240, 399
	367, 399
	293, 399
	275, 400
	33, 400
	37, 400
	111, 400
	75, 400
	310, 400
	226, 400
	68, 401
	26, 401
	313, 401
	381, 401
	126, 401
	287, 401
	385, 402
	149, 402
	373, 402
	330, 402
	169, 402
	78, 403
	351, 403
	346, 403
	170, 403
	355, 403
	386, 404
	338, 404
	137, 404
	344, 404
	201, 404
	9, 404
	257, 405
	239, 405
	357, 405
	224, 405
	353, 405
	81, 405
	392, 405
	49, 405
	237, 406
	197, 406
	164, 406
	106, 406
	89, 406
	159, 407
	212, 407
	145, 407
	-4, 407
	383, 407
	328, 408
	192, 408
	91, 408
	221, 408
	131, 408
	251, 409
	-4, 409
	141, 409
	330, 409
	373, 409
	113, 410
	271, 410
	312, 410
	53, 410
	395, 410
	63, 411
	80, 411
	391, 411
	2, 411
	72, 411
	238, 411
	24, 412
	49, 412
	357, 412
	290, 412
	176, 412
	390, 413
	107, 413
	189, 413
	74, 413
	142, 413
	154, 413
	283, 414
	300, 414
	243, 414
	55, 414
	232, 414
	118, 414
	181, 415
	-3, 415
	390, 415
	284, 415
	87, 416
	217, 416
	287, 416
	376, 416
	161, 416
	239, 417
	226, 417
	307, 417
	310, 417
	400, 417
	332, 417
	347, 418
	225, 418
	294, 418
	150, 418
	83, 418
	28, 418
	354, 418
	205, 419
	369, 419
	183, 419
	348, 419
	235, 419
	398, 420
	198, 420
	77, 420
	318, 420
	272, 420
	324, 420
	11, 421
	278, 421
	106, 421
	40, 421
	203, 421
Mesh Regions: 422
	0, 19, 46, 111, 642, 868
	37, 97, 141, 382, 432, 668, 696, 1054
	57, 532, 673, 703, 1098, 1209
	45, 68, 301, 357
	31, 311, 409, 679, 734, 1020, 1047
	1, 209, 496, 806, 1039
	32, 36, 165, 204, 407, 510, 665
	2, 12, 122, 135, 148, 161, 599
	2, 13, 162, 187, 195, 296, 528
	314, 340, 982, 1065, 1172
	74, 128, 254, 355, 878
	41, 102, 320, 579, 1123, 1262
	3, 28, 183, 472, 996
	49, 56, 93, 119, 250, 939
	4, 23, 75, 256, 466, 725, 741
	16, 27, 53, 288, 774, 777, 825
	5, 65, 86, 251, 626, 658
	5, 42, 63, 87, 590
	104, 166, 508, 538, 826
	6, 356, 471, 880
	7, 8, 18, 92, 514
	15, 186, 193, 245, 1080
	73, 103, 205, 223, 268, 401
	10, 43, 394, 456, 578, 976
	17, 34, 415, 628, 1001, 1212
	8, 9, 459, 516, 719
	51, 139, 145, 228, 677, 1152
	21, 50, 82, 293
	72, 80, 96, 389, 935, 1249
	10, 44, 341, 395, 632, 791, 984
	11, 274, 672, 705
	12, 13, 123, 276, 297
	14, 109, 397, 544
	15, 61, 192, 239, 242, 569, 1145
	16, 89, 177, 289, 503, 775
	129, 352, 359, 411, 726, 930, 1024
	17, 33, 69, 478, 712, 1003, 1043
	78, 391, 570, 898, 1100, 1146
	18, 19, 20, 91, 871
	231, 565, 972, 1115
	21, 83, 108, 292, 319, 449, 1265
	22, 98, 130, 384, 586, 1057
	23, 24, 25, 724
	26, 202, 592, 717, 737
	151, 612, 682, 999, 1012, 1041
	27, 54, 105, 689, 824
	28, 29, 174, 182, 190
	30, 48, 184, 229, 900
	31, 32, 38, 143, 312, 335, 406
	33, 34, 70, 917, 1180, 1213
	35, 188, 258, 279, 495
	267, 284, 327, 648, 840, 875
	36, 37, 38, 142, 667
	39, 59, 551, 708, 1204
	60, 116, 132, 345, 362
	178, 206, 441, 600, 1226
	40, 41, 101, 405, 580
	66, 134, 480, 895
	42, 62, 369, 589, 652, 803
	43, 44, 455, 629, 747
	203, 445, 507, 531, 833
	88, 153, 588, 992, 1114
	71, 225, 371, 615, 801, 924
	45, 67, 358, 426, 727, 1206
	46, 47, 48, 114, 185, 641
	49, 50, 52, 55, 81, 247, 294, 323
	85, 121, 277, 500, 834, 1009
	64, 124, 150, 157, 651, 835
	51, 79, 137, 613, 1151
	52, 84, 248, 307, 555
	53, 54, 117, 343, 690, 781
	55, 56, 168, 170, 322, 940
	57, 235, 428, 535, 790, 1210
	58, 59, 305, 425, 552
	125, 180, 199, 282, 1220
	60, 61, 115, 133, 238, 1148
	62, 63, 64, 65, 146, 650, 662
	66, 253, 318, 479, 732, 892, 1133, 1258
	339, 862, 890, 906, 1069, 1162
	77, 160, 194, 566, 596
	67, 68, 252, 300, 309, 1095, 1131, 1207
	69, 70, 477, 493, 1018, 1178
	71, 619, 750, 804, 925
	72, 90, 100, 573, 901, 934, 1248
	73, 74, 127, 224, 270, 354
	75, 76, 257, 882
	77, 78, 136, 386, 567, 597, 1101
	79, 94, 138, 367, 611, 1233
	80, 95, 163, 316, 462, 936
	81, 82, 83, 84, 107, 306, 1185
	85, 214, 490, 499, 913, 1007
	156, 378, 521, 557, 763, 784, 1193
	86, 87, 88, 591, 608, 627, 1113
	89, 110, 154, 176, 291
	90, 99, 937, 987, 1071, 1120
	91, 92, 388, 513, 870
	93, 118, 120, 217, 249, 553
	94, 140, 366, 698, 852, 1125
	266, 328, 392, 436, 860, 974
	95, 96, 390, 460, 518
	97, 98, 385, 1056
	99, 100, 101, 102, 404, 571, 1122
	241, 302, 609, 768, 864, 887, 1108
	103, 222, 400, 618, 910, 1004
	104, 105, 539, 691, 796, 823
	106, 172, 303, 1105
	107, 108, 219, 582, 1184, 1264
	109, 280, 398, 548, 1092, 1218
	110, 155, 175, 437, 519, 646
	111, 112, 113, 114
	144, 295, 325, 452, 630, 744
	115, 116, 117, 344, 692, 702, 1147
	118, 119, 216, 498, 849, 938
	120, 215, 550, 957, 1119, 1201
	121, 122, 123, 124, 149, 275, 836
	125, 179, 226, 281, 285, 334, 674
	126, 152, 234, 1028
	127, 128, 201, 213, 221, 255, 464
	129, 410, 664, 1023, 1036, 1228
	130, 131, 383, 754, 1084
	132, 133, 240, 244, 283, 364, 843, 877
	134, 208, 236, 350, 481, 893
	135, 136, 147, 387, 421, 598, 659
	137, 138, 139, 140, 678, 1126
	141, 142, 143, 286, 330, 434
	144, 451, 631, 794, 985
	145, 227, 710, 735, 1046, 1155
	146, 147, 148, 149, 150, 660
	151, 486, 564, 683, 1016
	326, 414, 417, 458, 576, 1077
	152, 153, 164, 232, 994, 1030, 1110
	154, 155, 156, 290, 522, 1195
	157, 370, 617, 654, 837, 1010
	159, 246, 431, 759, 1137
	158, 512, 547, 584
	159, 430, 442, 758, 1085
	160, 161, 162, 196, 595
	163, 315, 461, 858, 1169
	171, 237, 347, 866, 1103
	164, 271, 380, 749, 993, 1031
	165, 166, 408, 509, 537
	167, 534, 788, 1198
	200, 476, 604, 922, 1094, 1221
	168, 169, 321, 454, 526, 543, 745
	169, 170, 299, 529, 847, 941
	171, 172, 173, 348, 1104, 1188
	174, 181, 189, 259, 928, 1064
	175, 176, 177, 178, 207, 440, 505
	179, 180, 198, 675, 918, 1130
	181, 182, 183, 995, 1063, 1158
	184, 185, 640, 903, 1247
	186, 187, 197, 413, 524, 1081
	188, 189, 190, 191, 260
	192, 193, 194, 195, 196, 197, 568
	198, 199, 200, 920, 1222
	201, 202, 212, 463, 594, 739
	203, 204, 444, 506, 666, 693
	205, 269, 337, 399, 491, 772, 955
	206, 207, 376, 504, 601, 812
	208, 349, 446, 485, 1052, 1186
	209, 210, 374, 639, 805
	211, 365, 951, 1015, 1237
	212, 213, 220, 593, 622, 926
	214, 215, 216, 217, 489, 502, 956
	218, 219, 423, 583, 1183
	220, 221, 222, 223, 224, 225, 614, 923
	226, 227, 228, 313, 333, 676, 736
	229, 230, 402, 574, 899
	231, 232, 233, 234, 971, 1109
	235, 427, 687, 789, 1062, 1161
	236, 237, 317, 346, 865, 894, 909, 1165
	238, 239, 240, 243
	241, 610, 655, 722, 767, 828, 857
	242, 243, 244, 245, 416, 872, 1079
	246, 262, 375, 637, 756, 1136
	247, 248, 249, 250, 556
	251, 419, 625, 657, 914, 1216
	252, 253, 310, 483, 1132
	254, 255, 256, 257, 465, 883
	258, 259, 260, 278, 931, 1025
	261, 262, 372, 757
	263, 264, 884, 1090, 1229
	265, 487, 950, 967
	266, 267, 329, 874, 973, 1253
	268, 269, 270, 338, 353, 470
	271, 272, 381, 620, 714, 752
	273, 274, 447, 636, 671
	275, 276, 277, 298, 501, 846
	278, 279, 494, 1027, 1038
	280, 281, 282, 287, 549, 962, 1219
	283, 284, 841, 876
	285, 286, 287, 331, 433, 961
	288, 289, 290, 291, 778, 1192
	292, 293, 294, 295, 324, 450
	296, 297, 298, 299, 527, 845
	300, 301, 308, 351, 360, 520, 643, 1135
	302, 303, 304, 764, 1106
	305, 306, 307, 422, 554, 1182
	308, 523, 559, 1134, 1257
	309, 310, 482, 634, 669, 1096
	311, 312, 313, 332, 733
	314, 315, 316, 342, 933, 981, 1073, 1171
	317, 318, 562, 731, 891, 907, 946
	319, 320, 453, 988, 1124, 1266
	321, 322, 323, 324, 325, 748
	326, 418, 575, 978, 1251
	327, 328, 329, 435, 560, 649, 948
	330, 331, 332, 333, 334, 335
	336, 337, 338, 467, 771
	339, 340, 393, 861, 980, 1066
	341, 342, 793, 983, 1075
	343, 344, 345, 363, 779
	346, 347, 348, 349, 350, 1187
	351, 352, 361, 412, 438, 644
	353, 354, 355, 356, 469, 879
	357, 358, 359, 360, 361, 728
	362, 363, 364, 377, 780, 839
	365, 366, 367, 368, 700, 1234
	369, 370, 371, 616, 653, 802
	372, 373, 374, 375, 638
	376, 602, 813, 964, 1138
	377, 378, 782, 786, 838, 1194
	379, 380, 381, 1032
	382, 383, 384, 385, 695, 1087
	386, 387, 420, 915, 1102, 1176
	388, 389, 390, 515, 867, 1245
	391, 429, 897, 1150, 1239
	392, 393, 394, 395, 859, 975, 979
	396, 397, 398, 886, 1091
	399, 400, 401, 488, 911
	402, 403, 404, 405, 572
	406, 407, 408, 409, 536, 680
	410, 411, 412, 439, 1227
	413, 414, 457, 525, 540, 1078
	415, 607, 623, 686, 1002
	416, 417, 418, 873, 1082, 1255
	419, 420, 421, 661, 916
	422, 423, 424, 425, 1181
	426, 427, 428, 688, 729, 1211
	429, 492, 797, 816, 896, 1174, 1238
	430, 431, 443, 829, 1141
	432, 433, 434, 511, 960, 1055
	435, 436, 561, 863, 905
	437, 438, 439, 440, 441, 647, 1225
	442, 443, 444, 445, 694, 832, 1086
	446, 447, 448, 484, 635, 1051
	449, 450, 451, 452, 453, 989
	454, 455, 456, 457, 458, 542, 577, 746
	459, 460, 461, 462, 517, 718, 856
	463, 464, 465, 466, 740
	467, 468, 469, 470, 471
	472, 473, 474, 997, 1196
	475, 476, 605, 850, 921
	477, 478, 711, 1022, 1049
	479, 480, 481, 482, 483, 484, 485, 633
	486, 487, 563, 949, 970, 1013
	488, 489, 490, 491, 912, 954
	492, 493, 815, 1017, 1173
	494, 495, 496, 497, 1037
	498, 499, 500, 501, 502, 848
	503, 504, 505, 776, 810
	506, 507, 508, 509, 510, 530, 820
	511, 512, 546, 587, 959, 1059
	513, 514, 515, 516, 517, 518
	519, 520, 521, 522, 523, 558, 645
	524, 525, 526, 527, 528, 529, 541
	530, 531, 773, 814, 821, 830
	532, 533, 534, 535, 704, 787
	536, 537, 538, 539, 681, 795, 817
	540, 541, 542, 543
	544, 545, 546, 547, 548, 549, 958
	550, 551, 552, 553, 554, 555, 556, 1202
	557, 558, 559, 762, 1260
	560, 561, 562, 904, 947
	563, 564, 565, 606, 685, 969, 1112
	566, 567, 568, 569, 570, 1144
	571, 572, 573, 574, 902
	575, 576, 577, 578, 977
	579, 580, 581, 582, 583, 1263
	584, 585, 586, 587, 1058
	588, 589, 590, 591, 753, 800, 991
	592, 593, 594, 621, 716
	595, 596, 597, 598, 599
	600, 601, 602, 663, 808, 963, 1223
	603, 604, 605, 1093, 1232
	606, 607, 608, 624, 684, 1111
	609, 610, 827, 888, 1067
	611, 612, 613, 1011, 1040, 1156, 1235
	614, 615, 616, 617, 618, 1005
	619, 620, 621, 622, 713, 751, 927
	623, 624, 625, 626, 627, 628, 1215
	629, 630, 631, 632, 743, 792
	633, 634, 635, 636, 670
	637, 638, 639, 809, 966, 1143
	640, 641, 642, 869, 1246
	643, 644, 645, 646, 647
	648, 649, 760, 785, 844, 944
	650, 651, 652, 653, 654
	655, 656, 721, 766
	657, 658, 659, 660, 661, 662
	663, 664, 807, 1034, 1224
	665, 666, 667, 668, 697
	669, 670, 671, 672, 673, 707, 1097
	674, 675, 676, 677, 678, 1129
	679, 680, 681, 818, 1021
	682, 683, 684, 685, 686, 1000
	687, 688, 730, 932, 1061
	689, 690, 691, 692, 701, 798, 1240
	693, 694, 695, 696, 697, 1088
	698, 699, 700, 853
	701, 702, 1149, 1241
	703, 704, 705, 706, 707
	708, 709, 769, 1118, 1203
	710, 711, 712, 1042, 1050, 1153
	713, 714, 715, 716, 717
	718, 719, 720, 721, 722, 855
	723, 724, 725, 742
	726, 727, 728, 729, 730, 929
	731, 732, 761, 945, 1259
	733, 734, 735, 736, 1045
	737, 738, 739, 740, 741, 742
	743, 744, 745, 746, 747, 748
	749, 750, 751, 752, 753, 799, 990
	754, 755, 756, 757, 758, 759, 1083
	760, 761, 762, 763, 783, 943, 1261
	764, 765, 766, 767, 768
	769, 770, 771, 772, 953, 1117
	773, 774, 775, 776, 811, 822
	777, 778, 779, 780, 781, 782, 1191
	783, 784, 785, 786, 842
	787, 788, 789, 790, 998, 1160, 1199
	791, 792, 793, 794, 986, 1074
	795, 796, 797, 798, 819, 1243
	799, 800, 801, 802, 803, 804
	805, 806, 807, 808, 809, 965, 1033
	810, 811, 812, 813, 814, 831, 1139
	815, 816, 817, 818, 819, 1019
	820, 821, 822, 823, 824, 825, 826
	827, 828, 854, 1068, 1168
	829, 830, 831, 832, 833, 1140
	834, 835, 836, 837, 1008
	838, 839, 840, 841, 842, 843, 844
	845, 846, 847, 848, 849, 942
	850, 851, 852, 853, 919, 1128
	854, 855, 856, 857, 858, 1170
	859, 860, 861, 862, 863, 908
	864, 865, 866, 889, 1107, 1164
	867, 868, 869, 870, 871, 1244
	872, 873, 874, 875, 876, 877, 1254
	878, 879, 880, 881, 882, 883
	884, 885, 886, 1089
	887, 888, 889, 890, 1070, 1163
	891, 892, 893, 894, 895
	896, 897, 898, 1099, 1177
	899, 900, 901, 902, 903, 1250
	904, 905, 906, 907, 908, 909, 1166
	910, 911, 912, 913, 1006
	914, 915, 916, 917, 1175, 1214
	918, 919, 920, 921, 922, 1127
	923, 924, 925, 926, 927
	928, 929, 930, 931, 932, 1026, 1060
	933, 934, 935, 936, 937, 1072
	938, 939, 940, 941, 942
	943, 944, 945, 946, 947, 948
	949, 950, 951, 952, 1014
	953, 954, 955, 956, 957, 1116
	958, 959, 960, 961, 962
	963, 964, 965, 966, 1142
	967, 968, 969, 970, 971, 972
	973, 974, 975, 976, 977, 978, 1252
	979, 980, 981, 982, 983, 984
	985, 986, 987, 988, 989, 1076, 1121
	990, 991, 992, 993, 994
	995, 996, 997, 998, 1159, 1200
	999, 1000, 1001, 1002, 1003, 1044
	1004, 1005, 1006, 1007, 1008, 1009, 1010
	1011, 1012, 1013, 1014, 1015, 1016, 1236
	1017, 1018, 1019, 1020, 1021, 1022, 1048
	1023, 1024, 1025, 1026, 1027, 1035
	1028, 1029, 1030, 1031, 1032
	1033, 1034, 1035, 1036, 1037, 1038, 1039
	1040, 1041, 1042, 1043, 1044, 1154
	1045, 1046, 1047, 1048, 1049, 1050
	1051, 1052, 1053, 1190
	1054, 1055, 1056, 1057, 1058, 1059
	1060, 1061, 1062, 1063, 1064, 1157
	1065, 1066, 1067, 1068, 1069, 1070, 1167
	1071, 1072, 1073, 1074, 1075, 1076
	1077, 1078, 1079, 1080, 1081, 1082
	1083, 1084, 1085, 1086, 1087, 1088
	1089, 1090, 1091, 1092, 1093, 1094, 1217, 1231
	1095, 1096, 1097, 1098, 1208
	1099, 1100, 1101, 1102, 1179
	1103, 1104, 1105, 1106, 1107, 1108
	1109, 1110, 1111, 1112, 1113, 1114, 1115
	1116, 1117, 1118, 1119, 1205
	1120, 1121, 1122, 1123, 1124
	1125, 1126, 1127, 1128, 1129, 1130
	1131, 1132, 1133, 1134, 1135, 1256
	1136, 1137, 1138, 1139, 1140, 1141, 1142, 1143
	1144, 1145, 1146, 1147, 1148, 1149, 1150, 1242
	1151, 1152, 1153, 1154, 1155, 1156
	1157, 1158, 1159, 1160, 1161
	1162, 1163, 1164, 1165, 1166
	1167, 1168, 1169, 1170, 1171, 1172
	1173, 1174, 1175, 1176, 1177, 1178, 1179, 1180
	1181, 1182, 1183, 1184, 1185
	1186, 1187, 1188, 1189, 1190
	1191, 1192, 1193, 1194, 1195
	1196, 1197, 1198, 1199, 1200
	1201, 1202, 1203, 1204, 1205
	1206, 1207, 1208, 1209, 1210, 1211
	1212, 1213, 1214, 1215, 1216
	1217, 1218, 1219, 1220, 1221, 1222
	1223, 1224, 1225, 1226, 1227, 1228
	1229, 1230, 1231, 1232
	1233, 1234, 1235, 1236, 1237
	1238, 1239, 1240, 1241, 1242, 1243
	1244, 1245, 1246, 1247, 1248, 1249, 1250
	1251, 1252, 1253, 1254, 1255
	1256, 1257, 1258, 1259, 1260, 1261
	1262, 1263, 1264, 1265, 1266
Seed Numbers: 422
	0
	1
	2
	3
	4
	5
	6
	7
	8
	9
	10
	11
	12
	13
	14
	15
	16
	17
	18
	19
	20
	21
	22
	23
	24
	25
	26
	27
	28
	29
	30
	31
	32
	33
	34
	35
	36
	37
	38
	39
	40
	41
	42
	43
	44
	45
	46
	47
	48
	49
	50
	51
	52
	53
	54
	55
	56
	57
	58
	59
	60
	61
	62
	63
	64
	65
	66
	67
	68
	69
	70
	71
	72
	73
	74
	75
	76
	77
	78
	79
	80
	81
	82
	83
	84
	85
	86
	87
	88
	89
	90
	91
	92
	93
	94
	95
	96
	97
	98
	99
	100
	101
	102
	103
	104
	105
	106
	107
	108
	109
	110
	111
	112
	113
	114
	115
	116
	117
	118
	119
	120
	121
	122
	123
	124
	125
	126
	127
	128
	129
	130
	131
	132
	133
	134
	135
	136
	137
	138
	139
	140
	141
	142
	143
	144
	145
	146
	147
	148
	149
	150
	151
	152
	153
	154
	155
	156
	157
	158
	159
	160
	161
	162
	163
	164
	165
	166
	167
	168
	169
	170
	171
	172
	173
	174
	175
	176
	177
	178
	179
	180
	181
	182
	183
	184
	185
	186
	187
	188
	189
	190
	191
	192
	193
	194
	195
	196
	197
	198
	199
	200
	201
	202
	203
	204
	205
	206
	207
	208
	209
	210
	211
	212
	213
	214
	215
	216
	217
	218
	219
	220
	221
	222
	223
	224
	225
	226
	227
	228
	229
	230
	231
	232
	233
	234
	235
	236
	237
	238
	239
	240
	241
	242
	243
	244
	245
	246
	247
	248
	249
	250
	251
	252
	253
	254
	255
	256
	257
	258
	259
	260
	261
	262
	263
	264
	265
	266
	267
	268
	269
	270
	271
	272
	273
	274
	275
	276
	277
	278
	279
	280
	281
	282
	283
	284
	285
	286
	287
	288
	289
	290
	291
	292
	293
	294
	295
	296
	297
	298
	299
	300
	301
	302
	303
	304
	305
	306
	307
	308
	309
	310
	311
	312
	313
	314
	315
	316
	317
	318
	319
	320
	321
	322
	323
	324
	325
	326
	327
	328
	329
	330
	331
	332
	333
	334
	335
	336
	337
	338
	339
	340
	341
	342
	343
	344
	345
	346
	347
	348
	349
	350
	351
	352
	353
	354
	355
	356
	357
	358
	359
	360
	361
	362
	363
	364
	365
	366
	367
	368
	369
	370
	371
	372
	373
	374
	375
	376
	377
	378
	379
	380
	381
	382
	383
	384
	385
	386
	387
	388
	389
	390
	391
	392
	393
	394
	395
	396
	397
	398
	399
	400
	401
	402
	403
	404
	405
	406
	407
	408
	409
	410
	411
	412
	413
	414
	415
	416
	417
	418
	419
	420
	421
Phase Numbers: 422
	2
	2
	1
	3
	2
	3
	2
	2
	0
	2
	2
	1
	3
	2
	0
	2
	0
	0
	2
	3
	3
	3
	2
	2
	2
	3
	1
	2
	3
	3
	3
	3
	3
	3
	2
	3
	2
	3
	0
	2
	2
	2
	2
	2
	3
	3
	1
	2
	0
	2
	0
	2
	0
	2
	2
	3
	1
	3
	2
	3
	2
	1
	2
	3
	2
	2
	3
	3
	2
	2
	3
	2
	3
	3
	3
	2
	3
	2
	3
	2
	1
	2
	0
	0
	2
	3
	2
	3
	2
	2
	2
	2
	3
	2
	2
	2
	0
	0
	1
	3
	0
	0
	3
	3
	0
	2
	2
	3
	2
	3
	1
	2
	1
	3
	2
	2
	2
	3
	2
	3
	3
	3
	2
	3
	3
	3
	1
	3
	2
	2
	2
	3
	2
	1
	3
	2
	2
	0
	2
	2
	0
	2
	3
	2
	2
	2
	2
	2
	3
	3
	2
	3
	0
	3
	3
	0
	2
	3
	2
	0
	2
	3
	2
	3
	2
	2
	3
	3
	3
	0
	3
	2
	3
	3
	3
	3
	3
	2
	3
	3
	3
	0
	3
	2
	0
	1
	2
	1
	2
	2
	3
	2
	0
	2
	1
	2
	0
	3
	3
	3
	3
	1
	2
	3
	3
	2
	2
	0
	3
	3
	3
	2
	3
	3
	2
	1
	3
	3
	3
	3
	3
	2
	2
	2
	3
	3
	2
	0
	2
	3
	2
	0
	3
	3
	3
	1
	1
	2
	3
	0
	3
	2
	1
	1
	3
	0
	2
	1
	3
	1
	3
	2
	3
	3
	1
	2
	3
	2
	3
	3
	3
	0
	3
	1
	2
	3
	2
	2
	3
	2
	3
	0
	3
	3
	2
	1
	2
	3
	1
	3
	3
	2
	3
	3
	2
	3
	1
	2
	1
	3
	2
	2
	3
	2
	3
	1
	0
	2
	2
	3
	2
	3
	2
	3
	3
	3
	1
	2
	3
	2
	3
	2
	3
	3
	3
	2
	3
	2
	2
	3
	2
	3
	3
	2
	3
	2
	3
	2
	2
	3
	2
	0
	3
	3
	3
	2
	2
	3
	0
	3
	1
	3
	3
	2
	2
	2
	2
	1
	2
	2
	3
	2
	2
	3
	0
	3
	1
	3
	3
	3
	2
	1
	3
	0
	3
	3
	3
	1
	3
	2
	2
	2
	2
	2
	2
	3
	3
	3
	3
	0
	2
	2
	2
	3
	3
	0
	2
	2
	1
	2
	1
	2
	3
	3
	2
	2
	1
	2
	2
	3
	3
	3
	0
	3
	3
	3
	3
	2
	2
	2
	3
	3
	2
	3
	0
	2
	1
	2
	3
	3
	2
	2
Volumes: 422
	0.002480529798382955
	0.0029410522896844886
	0.0020483703559552252
	0.0021119303424585803
	0.003137840070806452
	0.0028652130555897838
	0.00285867148757016
	0.00278040704075855
	0.0028964923664379764
	0.0023290094622609864
	0.002622734382163376
	0.002166973055962987
	0.002109006598237631
	0.002508282613701204
	0.0027253357493653625
	0.0028854538419053524
	0.002960228106963214
	0.001871121699601807
	0.0015718025205228741
	0.001027396768665536
	0.0016707771069748426
	0.002584468928340195
	0.003284980427957299
	0.0022968051902853334
	0.0021299665249543973
	0.0030131686210977675
	0.002715419012994722
	0.0016816708229422175
	0.002802895686989625
	0.0028040311788925226
	0.0016131264535939088
	0.00268883395188187
	0.001322884534728638
	0.0024080417370489775
	0.0025625960364777513
	0.0024420920554451093
	0.003002084810483995
	0.0021189853234221483
	0.0019344746867868932
	0.002220199409588527
	0.002662725081828794
	0.002424700527689313
	0.0011788590276850626
	0.0018087366239423557
	0.0024255238776332627
	0.0023390383028309624
	0.0020606633458191007
	0.00149381047323982
	0.0033142502307793938
	0.002414634399411397
	0.0012812452034653568
	0.002546961301798623
	0.0022102840505847333
	0.0009405353555681634
	0.0020004406924330133
	0.0030649411315227222
	0.0027253564393124414
	0.0019447151939218643
	0.002441382432647972
	0.0028022472918067
	0.0025245015487855124
	0.0024417506462946536
	0.0023289790743353427
	0.0027376488092029604
	0.001760400516619902
	0.003166451676049193
	0.0018500316769879265
	0.002090888166572838
	0.0019269809126401217
	0.002231745118433974
	0.0027010072179733343
	0.0019400128058778593
	0.0025669264920441352
	0.0015108543671291316
	0.001767299492841496
	0.002544849302176211
	0.0021481129060644706
	0.0035795857548511366
	0.0026871916204288205
	0.0015396414692873711
	0.003138100315122996
	0.002557170848470651
	0.002254923343134361
	0.0031122824803813225
	0.002733576341491403
	0.0017694131424559581
	0.002252035230651546
	0.0029709214019001664
	0.002752431977253342
	0.002427323912355359
	0.0020947485699364644
	0.0024403813371020686
	0.0027480563052864676
	0.001588895041424785
	0.002764769973856595
	0.002459354080521158
	0.0027130387657841393
	0.0018238849353163372
	0.0025158657529182425
	0.0023976829389892847
	0.002083098748272204
	0.0022516801511994235
	0.002777852328033704
	0.0022934547232633224
	0.002195795062052207
	0.0010034886705470043
	0.002206268320696359
	0.0029354811655750643
	0.0019321113413335663
	0.0011078838306124166
	0.002982077176940313
	0.0021944899879586663
	0.0026845301865993138
	0.0027589570278283605
	0.002693578687884864
	0.003504536620176363
	0.0013106257537131131
	0.0030226146348566203
	0.0026119503926312214
	0.0021986688139682222
	0.002685503792090736
	0.002670872585785602
	0.002520081899125288
	0.0022071645893467487
	0.0030110454473511817
	0.0018637730487733458
	0.0021503008358924824
	0.0028577495791932764
	0.0018417859849786087
	0.0018171792011609236
	0.003072273316278291
	0.002536216779715439
	0.0027199062063456526
	0.001879280411766904
	0.0011397887779764707
	0.0019179704331620314
	0.002389937497535695
	0.0021808584892884274
	0.0022884265356474445
	0.0022466815191702115
	0.0022753340572055675
	0.0012344910821633411
	0.002537334061556643
	0.0026673788542479837
	0.0026325995950968297
	0.002306549403192941
	0.0029083977258206615
	0.0028978620903908825
	0.002749761426563603
	0.0029873395620694768
	0.001678686345930866
	0.002597417377787302
	0.0017200970034534483
	0.002905231652407031
	0.00199394587511661
	0.0027034086545962414
	0.002105306022996917
	0.002825668028794163
	0.0026626801217323097
	0.0020626832634570757
	0.0030697069182187516
	0.0014995105942042799
	0.0023448645946792922
	0.002724579490096693
	0.0014371085898394129
	0.0038148238260383707
	0.003268046571162736
	0.0014176958264224802
	0.003114594513304235
	0.002864994433876524
	0.003417468000709082
	0.0018131581616034613
	0.0032898961968912156
	0.0026798036169376504
	0.002911593234434114
	0.0027330740124175803
	0.002738440424761919
	0.0027542273200791504
	0.001928192043865201
	0.0023340666420015315
	0.001783072274538995
	0.0010595800996773934
	0.0009956637881808148
	0.0022012828276608623
	0.00350714477182321
	0.003041743467773886
	0.0014867612215713412
	0.0029145925408637433
	0.0016042425302234186
	0.002931604103648164
	0.0022707107765966936
	0.0032933831916286496
	0.002424345520322412
	0.0025399413171255563
	0.002968229700987991
	0.0030086449279006157
	0.0011011044269564206
	0.002236912619099087
	0.002129011853343134
	0.0018175270309116458
	0.002118761069760675
	0.0028644269842364027
	0.002851062625290946
	0.0025959378300714716
	0.0026984510318202896
	0.002047356138354581
	0.002717283262007428
	0.0035927282682111164
	0.0017676205003689834
	0.0022901760411195185
	0.002259587355287675
	0.0020122987532083724
	0.002429608579196596
	0.002772620499534831
	0.002234083258385056
	0.0020647737239270743
	0.0028872659120853066
	0.0024595082714397223
	0.0017458314218802874
	0.0015434730153380046
	0.0021774127893437216
	0.0022121881244630015
	0.00090938578363147
	0.002261483271530925
	0.0023350368642365287
	0.0025258641028348856
	0.0014802535553873595
	0.003288461924503789
	0.0008655185784452116
	0.0026392787667095037
	0.0020660182502478044
	0.0025775551690526474
	0.0023691015950285856
	0.0020652512802006567
	0.002000458684532442
	0.0021654993177414768
	0.002286420869336857
	0.000877535994984029
	0.002918065413986719
	0.0024735036709703567
	0.0013455168045396902
	0.0029476474251881957
	0.0019195838137912482
	0.0030744813010432173
	0.0024286636173922746
	0.002332894856833339
	0.0021032988118227427
	0.002961243237125159
	0.0028791388767420386
	0.002781156640296589
	0.0021473191129037584
	0.0025047386512300767
	0.002052514415162126
	0.0019470938860379075
	0.003508869552854547
	0.0020616961590382513
	0.003046877479242134
	0.0018214029698929203
	0.001954598044276637
	0.002166370314518239
	0.0019476924653352217
	0.001942809566811581
	0.0020006021187853637
	0.0023506217679260897
	0.002508192076118507
	0.003060374345710353
	0.0029511855374111063
	0.0025341324012536897
	0.0026851422459635774
	0.0016371168221803655
	0.0026901683409505718
	0.0022162400323239772
	0.0021051729008243125
	0.002062879989984095
	0.0022850861889550243
	0.002819199241952814
	0.0018160839244870555
	0.0017522004589303763
	0.0029475027690813714
	0.0020237105939071485
	0.0031406075018897317
	0.0026767940362714977
	0.0021663894782962207
	0.0024056586978585866
	0.0020830734032222234
	0.0028619904638991405
	0.0021415500366641863
	0.0032494045034800315
	0.0027426782045364825
	0.0027868305372777597
	0.0034941910282517523
	0.0024901745740045647
	0.0026307231270504775
	0.001837544377958552
	0.001987686501035619
	0.0021706405294710067
	0.0031534494159752855
	0.0015954906396838423
	0.0015034621208087633
	0.0025429453884465614
	0.0025722099626216636
	0.0018985390851868245
	0.0025373426881843165
	0.003111561475373824
	0.0026018683870300315
	0.002455948208286402
	0.0021504987643103466
	0.002888473690287348
	0.0024929936199836696
	0.0011413968575025373
	0.0024643923942972196
	0.0018269527251306048
	0.0017564836063995036
	0.002381974928213883
	0.0023627431209542896
	0.003179718767581946
	0.0010915223978418508
	0.0023997751674471168
	0.00247155820743946
	0.0024727193339581176
	0.002119426626418743
	0.0029792544971106397
	0.002409840683058147
	0.0031273023712889408
	0.002800708313876906
	0.0018542990929597204
	0.0027773848110553556
	0.002656107101492459
	0.0030024042754198104
	0.0026191607616540304
	0.0032429818891194615
	0.002743548126016254
	0.003042546370247098
	0.0027775516856864482
	0.0020313469471273564
	0.002455528834930835
	0.0018971249745447516
	0.003148246586763999
	0.0019804681386690077
	0.002102157296175082
	0.002374732412209965
	0.0025073898550933235
	0.0025936479020124735
	0.0020496445586867277
	0.002829052820380398
	0.002936595938385217
	0.0020742039227370427
	0.0017702651052415484
	0.0030727075672840817
	0.0025268010116767216
	0.0012393986728784943
	0.0027527068317432096
	0.0020846236191827718
	0.0017759694513235253
	0.001486598400768889
	0.0025999352993048308
	0.0018775589282002839
	0.002352681759455453
	0.0025029623005178693
	0.0023966317310134514
	0.0019245993052278924
	0.0038379534854663553
	0.0025623585106749054
	0.0029637091711857393
	0.0014456217454101518
	0.002571326812246617
	0.002224991405559971
	0.0021812111875680017
	0.0027024615517272856
	0.0030095788942841135
	0.0029461283623593917
	0.0029401044955520922
	0.002046560053540463
	0.0024982147242385167
	0.002306748857662739
	0.0026062679922059153
	0.0027762725739223304
	0.0022021484644237505
	0.0024926490859877894
	0.0018960857859264602
	0.0025441434978780856
	0.0026636513835541537
	0.002678615493999013
	0.0010429437132114757
	0.002287682160691559
	0.002882762323427083
	0.002849602186548614
	0.002838555800927022
	0.0019146663458366937
	0.00176177803001516
	0.002966631241872716
	0.0021159944058174937
	0.0015795664651863197
	0.0024814587746907588
	0.003041815880704079
	0.0019055186789585098
	0.0015797093305554939
	0.0026154129630596872
	0.0030786913886400543
	0.0027309371322632135
	0.002339196715194127
	0.0024087137336332286
	0.0033727679255833314
	0.0017805359636120616
	0.0022087664868966944
	0.002458097055994769
	0.0021124912269963017
	0.0018196725928034728
	0.002593444007562973
	0.0015579845047495287
	0.002563958850293294
	0.002777234367120208
	0.0018806911695826546
	0.002023343841677741
	0.002222578186195627
	0.0009232301641781376
	0.002435521369267635
	0.0027228714456862336
	0.002131305394148275
	0.002154425878799706
	0.0024120458400347456
	0.0026405917612049397
