Mesh Points: 838
	 2.428551e-01,  1.145558e-01
	 2.242826e-01,  1.315081e-01
	 2.901093e-01,  1.175688e-01
	 2.506597e-01,  1.733896e-01
	 2.673542e-01,  1.720105e-01
	 2.973228e-01,  1.415059e-01
	 2.350863e-01,  1.636534e-01
	-2.378744e-01, -6.393074e-02
	-2.882554e-01, -6.669374e-02
	-2.565383e-01, -1.517662e-02
	-2.876333e-01, -1.757093e-02
	-3.000741e-01, -3.129741e-02
	 1.959369e-01, -3.306710e-01
	 2.167324e-01, -2.973859e-01
	 2.146342e-01, -3.622429e-01
	 2.513376e-01, -2.921807e-01
	 2.533122e-01, -2.948721e-01
	 2.497322e-01, -3.603063e-01
	-2.640410e-03, -3.778817e-01
	-2.094156e-02, -4.030617e-01
	-1.694025e-02, -3.477726e-01
	-4.598680e-02, -3.540045e-01
	-5.405012e-02, -3.780126e-01
	-3.890143e-02, -4.031637e-01
	 3.291521e-01, -1.597655e-01
	 2.918590e-01, -1.721490e-01
	 3.199576e-01, -1.165826e-01
	 2.780255e-01, -1.284469e-01
	 2.736053e-01, -1.357042e-01
	 2.760062e-01, -1.629930e-01
	 5.000000e-01,  1.027728e-01
	 4.824936e-01,  1.125359e-01
	 5.000000e-01,  1.714335e-01
	 4.746868e-01,  1.687153e-01
	 4.649980e-01,  1.525209e-01
	-7.507289e-02,  1.832722e-02
	-9.793810e-02,  4.069634e-03
	-1.027927e-01,  6.992141e-02
	-1.071562e-01,  6.815727e-02
	-1.321675e-01,  2.640593e-02
	-4.552906e-01,  3.558578e-01
	-4.449042e-01,  3.586428e-01
	-4.733169e-01,  3.793261e-01
	-4.395535e-01,  4.247391e-01
	-4.681332e-01,  4.206343e-01
	-4.117966e-01,  3.987751e-01
	-4.128110e-01,  3.914280e-01
	-1.189426e-01,  5.000000e-01
	-1.030073e-01,  4.774261e-01
	-1.484401e-01,  5.000000e-01
	-1.480123e-01,  4.593068e-01
	-1.130088e-01,  4.521064e-01
	-4.481807e-01, -3.705212e-01
	-4.405460e-01, -3.705658e-01
	-4.636162e-01, -3.501424e-01
	-4.460260e-01, -2.999317e-01
	-4.389430e-01, -2.979849e-01
	-4.093062e-01, -3.216282e-01
	 1.000049e-01, -5.000000e-01
	 1.039222e-01, -4.771694e-01
	 5.045798e-02, -5.000000e-01
	 8.357940e-02, -4.567584e-01
	 5.701247e-02, -4.588554e-01
	 4.577220e-02, -4.698586e-01
	-3.054437e-01, -2.532184e-01
	-2.978425e-01, -2.489132e-01
	-2.599900e-01, -2.572430e-01
	-2.922024e-01, -3.131192e-01
	-2.489895e-01, -2.879814e-01
	-3.125876e-01, -2.805860e-01
	-3.273540e-01, -3.379315e-01
	-2.939176e-01, -3.253832e-01
	-3.414066e-01, -3.300916e-01
	-3.496919e-01, -2.889272e-01
	 4.176175e-01, -4.203617e-01
	 4.172703e-01, -4.680244e-01
	 3.749985e-01, -4.725856e-01
	 4.034424e-01, -4.142431e-01
	 3.682754e-01, -4.307040e-01
	 4.595785e-01,  1.941940e-01
	 4.084081e-01,  1.981523e-01
	 4.048891e-01,  1.635260e-01
	 4.086759e-01,  1.984349e-01
	 4.209840e-01,  1.404278e-01
	 4.169447e-01,  1.417720e-01
	-1.537601e-01, -5.000000e-01
	-1.513583e-01, -4.732450e-01
	-2.309300e-01, -5.000000e-01
	-2.113149e-01, -4.537619e-01
	-1.641721e-01, -4.557196e-01
	 5.000000e-01,  2.250392e-01
	 4.708598e-01,  2.291546e-01
	 1.330510e-01, -1.725687e-01
	 1.670626e-01, -1.605156e-01
	 1.075256e-01, -1.431481e-01
	 1.364121e-01, -1.156336e-01
	 1.090868e-01, -1.269615e-01
	 1.670183e-01, -1.305438e-01
	 1.717380e-01, -1.509483e-01
	 3.284510e-01,  3.075566e-01
	 3.155526e-01,  3.299965e-01
	 3.709204e-01,  3.152510e-01
	 3.779887e-01,  3.565106e-01
	 3.374081e-01,  3.687874e-01
	 4.112594e-01, -1.700510e-01
	 3.993061e-01, -1.878866e-01
	 4.085229e-01, -1.464277e-01
	 3.784795e-01, -1.266501e-01
	 3.533714e-01, -1.704051e-01
	 3.577436e-01, -1.783842e-01
	 4.592285e-01, -4.405584e-01
	 4.903661e-01, -4.206597e-01
	 4.217922e-01, -4.193706e-01
	 4.738200e-01, -3.856145e-01
	 4.502321e-01, -3.820439e-01
	-4.370585e-01,  6.451496e-02
	-4.453464e-01,  7.218659e-02
	-3.796779e-01,  6.151225e-02
	-4.262604e-01,  1.139976e-01
	-3.807202e-01,  1.103396e-01
	-3.725157e-01,  6.951374e-02
	 4.708063e-01,  2.292318e-01
	 4.183078e-01,  2.407680e-01
	 4.331261e-01,  3.420946e-01
	 4.532275e-01,  3.478988e-01
	 3.912328e-01,  3.650517e-01
	 4.001326e-01,  3.957667e-01
	 4.080960e-01,  4.016046e-01
	 4.581762e-01,  3.874715e-01
	 4.622952e-01,  3.782622e-01
	-2.049229e-01,  5.000000e-01
	-2.092158e-01,  4.676918e-01
	-2.720813e-01,  5.000000e-01
	-2.731777e-01,  4.873485e-01
	-2.482366e-01,  4.604366e-01
	 1.471462e-01, -2.354718e-01
	 1.251869e-01, -2.644297e-01
	 9.516983e-02, -2.674407e-01
	 1.223553e-01, -2.019736e-01
	 1.127872e-01, -2.039680e-01
	 1.436965e-01, -2.188918e-01
	 8.776141e-02, -2.621601e-01
	 8.523975e-02, -2.387111e-01
	 2.600751e-01, -2.565827e-01
	 1.884691e-01, -2.570285e-01
	 2.032860e-01, -2.407362e-01
	 1.884251e-01, -2.619873e-01
	 2.850186e-01,  3.372832e-01
	 2.679019e-01,  3.122526e-01
	 2.740527e-01,  2.836238e-01
	 2.755645e-01,  2.826950e-01
	 3.193438e-01,  2.872578e-01
	 5.516321e-02,  3.761677e-01
	 8.242314e-02,  4.102313e-01
	 1.098579e-01,  3.636289e-01
	 7.740616e-02,  3.376670e-01
	-4.257305e-01, -4.653823e-01
	-4.323046e-01, -5.000000e-01
	-4.788113e-01, -5.000000e-01
	-4.696918e-01, -4.636929e-01
	-4.408212e-01, -4.519704e-01
	 4.745240e-01,  3.321089e-01
	 5.000000e-01,  3.784151e-01
	 5.000000e-01,  3.366881e-01
	-5.000000e-01,  3.848265e-01
	-5.000000e-01,  3.254823e-01
	-4.702632e-01,  3.265394e-01
	 5.000000e-01, -1.788789e-02
	 4.484996e-01, -1.823754e-02
	 5.000000e-01,  2.076401e-02
	 4.719096e-01,  3.169111e-02
	 4.456017e-01,  1.419783e-02
	-1.061018e-01, -3.327788e-01
	-1.404469e-01, -3.503999e-01
	-9.305289e-02, -3.431427e-01
	-9.337816e-02, -3.831131e-01
	-1.298787e-01, -3.879439e-01
	 2.291057e-01, -1.239611e-01
	 2.229085e-01, -1.074069e-01
	 2.623753e-01, -8.018867e-02
	 5.809386e-02,  4.364977e-01
	 2.998964e-02,  4.379335e-01
	 8.025402e-02,  5.000000e-01
	 2.848467e-02,  5.000000e-01
	 1.242203e-02,  4.567757e-01
	 4.666235e-01, -1.704784e-01
	 4.725496e-01, -1.758043e-01
	 4.523669e-01, -2.167071e-01
	 4.152888e-01, -2.245122e-01
	 4.082994e-01, -2.191792e-01
	 2.306022e-01,  5.270146e-03
	 2.848818e-01,  1.842259e-02
	 2.202905e-01,  1.922824e-02
	 2.437971e-01,  6.663130e-02
	 2.409544e-01,  6.531444e-02
	 2.536133e-01,  6.453627e-02
	 2.846020e-01,  2.281326e-02
	 3.507470e-01,  4.458262e-01
	 3.952214e-01,  4.643432e-01
	 3.379962e-01,  5.000000e-01
	 4.077253e-01,  5.000000e-01
	 3.232617e-01, -1.121271e-01
	 3.569818e-01, -1.042897e-01
	 3.046380e-01, -6.018757e-02
	 3.257335e-01, -4.896263e-02
	 3.553824e-01, -6.461709e-02
	 7.634616e-02,  3.332767e-01
	 5.180461e-02,  3.194112e-01
	 2.912841e-02,  3.752640e-01
	 1.244796e-02,  3.371183e-01
	-8.882102e-02,  3.478406e-01
	-1.108523e-01,  3.204149e-01
	-6.741211e-02,  3.375276e-01
	-1.030416e-01,  2.914951e-01
	-6.878844e-02,  2.834122e-01
	-6.231118e-02,  2.922919e-01
	 3.907548e-01, -4.611889e-02
	 4.025245e-01, -8.735253e-02
	 3.745877e-01, -1.135636e-01
	-2.717882e-01,  4.690132e-02
	-3.104510e-01,  8.346415e-02
	-2.993842e-01,  2.356957e-02
	-3.317892e-01,  6.671312e-02
	-3.191928e-01,  2.984631e-02
	-6.260989e-02, -2.444299e-01
	-7.389973e-02, -2.578595e-01
	-6.667131e-02, -2.096347e-01
	-1.227037e-01, -2.104592e-01
	-1.136971e-01, -2.017762e-01
	-1.122404e-01, -2.566111e-01
	 5.000000e-01,  4.670840e-01
	 4.606572e-01,  4.731164e-01
	 5.000000e-01,  5.000000e-01
	 4.441729e-01,  5.000000e-01
	-8.249995e-02, -1.380632e-01
	-5.691754e-02, -9.692914e-02
	-4.516988e-02, -9.347768e-02
	-5.132831e-02, -1.583933e-01
	-2.759902e-02, -1.418369e-01
	-2.266008e-02, -1.026758e-01
	-2.391270e-01, -5.000000e-01
	-2.188895e-01, -4.401404e-01
	-2.596032e-01, -4.275588e-01
	-2.882622e-01, -4.463424e-01
	-2.867086e-01, -4.601026e-01
	 1.950651e-01, -9.292858e-02
	 1.910171e-01, -8.100935e-02
	 1.457894e-01, -6.757577e-02
	 1.359073e-01, -7.329811e-02
	 1.099403e-01, -6.974317e-02
	 9.202699e-02, -1.090034e-01
	-3.871969e-01,  1.596318e-01
	-3.531058e-01,  1.685809e-01
	-3.806475e-01,  1.104637e-01
	-3.376258e-01,  1.537737e-01
	-3.363086e-01,  1.348153e-01
	-9.803421e-02,  4.237235e-01
	-1.356705e-01,  4.074943e-01
	-1.690212e-01,  4.346733e-01
	-1.699816e-01,  4.382454e-01
	 1.514949e-01, -2.915974e-01
	-5.611343e-02,  2.144208e-01
	-3.263071e-02,  2.127240e-01
	-7.501726e-02,  2.417444e-01
	-6.484676e-02,  2.672793e-01
	-1.585802e-02,  2.463960e-01
	-1.448460e-02,  2.430232e-01
	-4.095990e-01, -1.379986e-01
	-4.495286e-01, -1.475950e-01
	-4.648158e-01, -1.391363e-01
	-4.569624e-01, -9.339911e-02
	-4.230263e-01, -8.732755e-02
	-3.995254e-01, -1.255133e-01
	-4.067921e-01, -9.790929e-02
	 5.000000e-01, -2.882304e-01
	 4.575613e-01, -2.805137e-01
	 5.000000e-01, -2.387142e-01
	 4.730389e-01, -2.408757e-01
	 4.563250e-01, -2.778616e-01
	-3.308424e-02, -5.000000e-01
	-3.607688e-02, -4.567364e-01
	-8.392264e-02, -5.000000e-01
	-6.107355e-02, -4.344994e-01
	-9.973372e-02, -4.624559e-01
	-8.443132e-02, -4.351268e-01
	-8.941309e-02, -4.386363e-01
	-2.460361e-01, -1.169848e-01
	-2.571136e-01, -1.207945e-01
	-2.307527e-01, -9.382589e-02
	-2.351115e-01, -6.574782e-02
	-2.799294e-01, -1.149216e-01
	-2.947115e-01, -8.064091e-02
	 5.936725e-02,  1.362615e-01
	 8.149165e-02,  1.097124e-01
	 2.720237e-02,  1.220861e-01
	 5.115097e-02,  7.845568e-02
	 5.573259e-02,  7.927201e-02
	 1.245638e-01,  4.541133e-01
	 1.530071e-01,  4.668864e-01
	 8.145328e-02,  5.000000e-01
	 1.476440e-01,  5.000000e-01
	 2.032743e-01,  4.943774e-01
	 1.588810e-01,  4.650592e-01
	 2.299268e-01,  4.609434e-01
	 1.811716e-01,  4.327909e-01
	 2.111256e-01,  4.361388e-01
	-1.834301e-02,  4.582280e-01
	-2.580171e-02,  5.000000e-01
	-2.473474e-02,  4.644508e-01
	 1.927398e-01,  7.811730e-02
	 1.845690e-01,  7.351071e-02
	 2.030125e-01,  1.247788e-01
	 1.718604e-01,  1.372245e-01
	 1.545176e-01,  1.272533e-01
	 1.442697e-01,  9.761918e-02
	 3.585963e-01, -2.381587e-01
	 3.394168e-01, -2.222624e-01
	 8.196376e-02,  2.565088e-02
	 9.533828e-02,  5.129797e-02
	 5.450569e-02,  2.685972e-02
	 4.056384e-02,  6.629795e-02
	 3.289044e-01,  5.000000e-01
	 2.966556e-01,  4.738676e-01
	 2.686048e-01,  4.788030e-01
	 2.661715e-01,  5.000000e-01
	-3.076393e-02,  3.683440e-01
	-8.594769e-03,  3.973282e-01
	-7.657380e-02,  4.006463e-01
	-7.778210e-02,  4.083613e-01
	-2.859802e-02,  4.217697e-01
	 1.964219e-01,  3.730668e-01
	 2.320262e-01,  3.550008e-01
	 2.293306e-01,  4.045803e-01
	 2.474864e-01,  4.015980e-01
	 2.518482e-01,  3.665391e-01
	-8.388024e-03, -5.000000e-01
	 2.695663e-02, -4.686326e-01
	-2.335729e-01, -3.790419e-01
	-2.275360e-01, -3.796136e-01
	-2.082190e-01, -4.081455e-01
	-2.592942e-01, -4.003883e-01
	-2.586776e-01,  4.227396e-01
	-3.021128e-01,  4.379980e-01
	-3.093958e-01,  4.534294e-01
	-3.199864e-01,  2.120748e-01
	-3.501475e-01,  2.029747e-01
	-3.053138e-01,  2.386710e-01
	-3.521640e-01,  2.617923e-01
	-3.776685e-01,  2.465185e-01
	-3.781000e-01,  2.251487e-01
	-2.424636e-01, -2.305379e-01
	-2.808485e-01, -2.074311e-01
	-2.458462e-01, -2.221249e-01
	-3.343998e-01, -1.992915e-01
	-2.974405e-01, -1.816397e-01
	-2.919281e-01, -1.839908e-01
	-3.417575e-01, -2.317657e-01
	 2.791633e-01,  3.554712e-01
	 3.096157e-01,  3.892288e-01
	 3.237494e-01,  3.868668e-01
	-5.000000e-01, -4.070317e-01
	-4.696970e-01, -3.996992e-01
	-5.000000e-01, -4.493882e-01
	-4.405877e-01, -4.484504e-01
	-4.046815e-01, -1.804014e-01
	-4.388954e-01, -1.914813e-01
	-4.424341e-01, -1.896660e-01
	-1.627499e-01,  1.257485e-02
	-1.999187e-01, -4.409906e-03
	-2.255606e-01,  9.370996e-03
	-2.063251e-01,  5.470897e-02
	-1.760954e-01,  5.152605e-02
	-1.593040e-01,  1.924355e-02
	-4.717418e-01,  4.681377e-01
	-4.764930e-01,  4.634253e-01
	-4.760410e-01,  5.000000e-01
	-5.000000e-01,  5.000000e-01
	-5.000000e-01,  4.645683e-01
	 4.537445e-01, -1.206581e-01
	 5.000000e-01, -1.093119e-01
	 5.000000e-01, -1.764232e-01
	 2.538578e-01,  4.619507e-01
	 2.700176e-01,  4.196438e-01
	 3.120743e-01,  4.456873e-01
	 2.878401e-01,  4.160325e-01
	-1.452935e-01, -3.151199e-02
	-1.561372e-01, -4.949180e-02
	-1.962803e-01, -4.391775e-02
	-1.771539e-01, -5.393210e-02
	 3.990958e-01, -3.294561e-02
	 3.948490e-01, -3.578561e-02
	 3.998427e-01,  2.536329e-02
	 3.514514e-01,  2.293580e-02
	 3.351885e-01, -1.582083e-03
	 3.936610e-01,  2.911163e-02
	 3.380668e-01, -9.348128e-03
	-2.641845e-01,  3.608692e-01
	-2.310893e-01,  3.469259e-01
	-2.709773e-01,  3.870050e-01
	-2.541831e-01,  4.153472e-01
	-2.318915e-01,  4.133924e-01
	-1.989828e-01,  3.787585e-01
	-1.999633e-01,  3.750171e-01
	-1.352614e-02, -2.052701e-01
	 1.317634e-02, -1.737611e-01
	-4.457264e-03, -2.263408e-01
	 5.043608e-02, -1.938769e-01
	 1.917315e-02, -2.373590e-01
	 5.039127e-02, -2.101382e-01
	 4.361837e-01, -3.565714e-01
	 3.976108e-01, -3.648832e-01
	 3.936758e-01, -3.715575e-01
	-3.030185e-01,  1.068383e-01
	-3.397773e-01, -8.871582e-02
	-3.416114e-01, -1.024694e-01
	-3.459679e-01, -8.021978e-02
	-3.778889e-01, -7.280699e-02
	-3.745832e-01, -1.300391e-01
	 2.573120e-01, -4.675782e-01
	 2.298325e-01, -5.000000e-01
	 2.896624e-01, -4.831199e-01
	 2.925399e-01, -5.000000e-01
	-4.057444e-01,  1.702099e-01
	-4.112772e-01,  1.993464e-01
	-6.338271e-02, -3.394325e-01
	-6.054433e-02, -3.017564e-01
	-6.869617e-02, -2.958494e-01
	-1.075766e-01, -3.109245e-01
	-3.274465e-01,  4.610345e-01
	-3.415293e-01,  4.571507e-01
	-3.710511e-01,  4.741199e-01
	-3.718907e-01,  5.000000e-01
	-3.282616e-01,  5.000000e-01
	-4.395956e-01,  1.083755e-02
	-4.423641e-01,  9.014744e-03
	-5.000000e-01,  4.245170e-02
	-4.619544e-01,  7.254512e-02
	-5.000000e-01,  3.454093e-02
	-3.074799e-01,  3.934460e-01
	-3.139557e-01,  4.058476e-01
	 2.145442e-02,  2.317137e-01
	 4.758976e-04,  2.913040e-01
	 4.131029e-02,  2.799421e-01
	 4.626866e-02,  2.712565e-01
	 4.252868e-02,  2.443623e-01
	 1.747606e-01,  2.839068e-02
	-4.800504e-01, -7.468430e-02
	-5.000000e-01, -7.735326e-02
	-5.000000e-01, -1.447616e-01
	 4.472171e-01, -1.163473e-01
	 5.000000e-01, -3.437600e-01
	 4.477024e-01, -3.324525e-01
	 4.429302e-01, -3.179934e-01
	-3.461739e-01,  3.442605e-03
	-3.395055e-01, -2.625871e-02
	-3.807497e-01,  1.913867e-02
	-3.967039e-01,  3.141192e-03
	-3.923069e-01, -3.059014e-02
	-3.864477e-01, -3.454652e-02
	-8.992720e-02, -3.858546e-01
	-1.682656e-01,  1.541928e-01
	-2.039073e-01,  1.302778e-01
	-2.342669e-01,  1.461651e-01
	-2.080121e-01,  1.977314e-01
	-1.799659e-01,  1.860508e-01
	-2.102732e-01,  1.972135e-01
	-2.368153e-01,  1.570564e-01
	-1.673755e-01,  1.587129e-01
	 4.399317e-01, -9.557315e-02
	 4.530923e-01, -6.994497e-02
	 4.363108e-01, -3.308068e-02
	 4.228573e-01,  3.095860e-02
	 4.585576e-01, -4.693794e-01
	 4.250804e-01, -4.759085e-01
	-2.602263e-01, -3.466854e-01
	-2.750753e-01, -3.454286e-01
	-2.335075e-01, -3.231250e-01
	-2.387063e-01, -2.921330e-01
	-4.935007e-01, -2.828527e-01
	-4.692140e-01, -2.383937e-01
	-4.270831e-01, -2.423495e-01
	-4.243582e-01, -2.444953e-01
	-4.199176e-01, -2.577830e-01
	 2.692495e-01, -5.836856e-02
	 2.752396e-01, -5.590122e-02
	-1.265539e-02,  1.784458e-01
	-3.454973e-02,  1.582618e-01
	-6.778919e-02,  1.660081e-01
	-7.650934e-02,  1.903728e-01
	 2.853287e-01,  2.348658e-01
	 3.016563e-01,  2.238052e-01
	 3.340062e-01,  2.566818e-01
	-1.873033e-01,  3.857779e-01
	-1.451266e-01,  3.807696e-01
	-2.016264e-01,  4.531126e-01
	-1.339498e-01, -2.858734e-01
	-1.404583e-01, -2.864058e-01
	-1.544690e-01, -2.137834e-01
	-1.736003e-01, -2.683177e-01
	-5.697938e-03,  1.131235e-01
	 1.942613e-02,  1.250607e-01
	-1.507204e-02,  7.984855e-02
	 8.669781e-03,  5.951969e-02
	-2.783238e-01,  1.701224e-01
	-2.605678e-01,  2.240351e-01
	-2.809051e-01,  1.738268e-01
	 8.294631e-02,  4.158766e-01
	 1.144167e-01,  4.318531e-01
	-1.366792e-01,  2.566783e-01
	-1.354828e-01,  2.652268e-01
	-9.761602e-02,  2.331005e-01
	 1.685761e-01, -2.267973e-02
	 1.722433e-01,  2.679460e-02
	 2.070791e-01, -4.299363e-02
	 2.253154e-01, -3.481326e-02
	 2.027436e-01, -5.000000e-01
	 2.011128e-01, -4.445515e-01
	 1.603744e-01, -5.000000e-01
	 1.767665e-01, -4.347299e-01
	 1.438449e-01, -4.734690e-01
	 1.474203e-01, -4.552006e-01
	 2.330339e-01,  3.224000e-01
	 1.939643e-01,  3.728721e-01
	 1.721097e-01,  3.235684e-01
	 2.070615e-01,  2.991371e-01
	 1.776861e-01,  3.129630e-01
	-1.623153e-01, -3.405952e-01
	-3.600408e-02,  1.310380e-01
	 9.250259e-03,  1.767981e-01
	-3.078133e-01, -5.000000e-01
	-3.546672e-01, -5.000000e-01
	-3.488996e-01, -4.526151e-01
	-3.045513e-01, -4.356975e-01
	 3.579943e-01, -4.269874e-01
	 3.169697e-01, -4.481729e-01
	 3.377731e-01, -3.882777e-01
	 3.039160e-01, -4.057708e-01
	 3.016515e-01, -4.301492e-01
	-2.845804e-01,  1.153396e-01
	-3.012515e-01,  1.783704e-01
	 1.199523e-02, -1.653437e-01
	 3.520222e-02, -1.360127e-01
	 1.801106e-02, -1.069836e-01
	-1.353958e-02, -9.894029e-02
	 4.434029e-01,  1.045790e-01
	-4.612888e-02, -3.265524e-02
	-5.358489e-02, -4.022055e-02
	-1.731230e-02, -3.341882e-02
	 1.652076e-03, -5.323089e-02
	-3.845970e-01,  3.603396e-01
	-3.963924e-01,  3.319792e-01
	 3.494694e-01,  4.432628e-01
	 3.818264e-01, -3.282698e-01
	 3.932223e-01, -3.015154e-01
	-4.250713e-01,  4.689366e-01
	-4.270577e-01,  4.676597e-01
	-4.218136e-01,  5.000000e-01
	 2.053591e-01,  1.831920e-01
	 1.726348e-01,  1.710651e-01
	 1.544688e-01,  1.906685e-01
	 1.890685e-01,  2.346008e-01
	 1.896318e-01,  2.346522e-01
	 2.065827e-01,  2.252232e-01
	 3.895446e-01,  1.127799e-01
	 3.978340e-01,  7.938083e-02
	 4.324689e-01,  7.292922e-02
	 2.402593e-01,  2.314832e-01
	 2.466585e-01,  2.720941e-01
	 1.389909e-01, -3.870927e-01
	 1.362536e-01, -3.779826e-01
	 1.195079e-01, -4.137081e-01
	 9.763553e-02, -3.490352e-01
	 5.993686e-02, -3.903338e-01
	 1.063831e-01, -4.179669e-01
	-1.576971e-01,  8.580044e-02
	-1.877204e-01, -3.465722e-01
	-1.893925e-01, -3.509588e-01
	-1.961598e-01, -3.354482e-01
	-1.040330e-01,  1.975479e-01
	-1.735261e-01,  3.065407e-01
	-1.754106e-01,  3.058111e-01
	-2.280190e-01,  3.197796e-01
	-1.624736e-01,  3.285716e-01
	 1.702992e-01, -3.976222e-01
	 3.422118e-01, -3.368498e-01
	 3.608624e-01, -2.769765e-01
	 3.905761e-01, -2.925606e-01
	 3.303353e-01, -2.923720e-01
	 5.000000e-01,  2.779957e-01
	 4.784930e-01,  2.780971e-01
	 4.208952e-01, -5.000000e-01
	 3.578542e-01, -5.000000e-01
	-2.854896e-01, -3.822865e-01
	 2.385134e-01, -1.858355e-01
	 3.015281e-01, -2.104990e-01
	 2.651582e-01, -2.345338e-01
	-3.650237e-01, -5.000000e-01
	-3.725702e-01, -4.303432e-01
	-3.756276e-01, -4.310543e-01
	-4.034123e-01, -4.658277e-01
	 6.646783e-02,  1.646313e-01
	 5.585081e-02,  1.802810e-01
	 1.889881e-02,  1.832488e-01
	-4.400075e-02,  2.336317e-02
	-4.113123e-02,  7.525436e-02
	-4.168218e-03,  2.055526e-02
	-3.161843e-01, -3.973546e-01
	-3.333499e-01, -3.880290e-01
	-3.550385e-01, -3.930559e-01
	 4.475196e-02, -3.925921e-01
	 4.068349e-02, -4.055388e-01
	 3.410795e-01,  7.330973e-02
	 3.851057e-01,  6.762043e-02
	 1.591297e-01,  2.491056e-01
	 1.167114e-01,  2.176036e-01
	 1.483467e-01,  2.745619e-01
	 1.095918e-01,  2.838821e-01
	 1.050009e-01,  2.778483e-01
	 1.057718e-01,  2.240614e-01
	 9.484824e-02, -5.010745e-02
	 1.078084e-01, -1.071263e-02
	 1.012387e-01, -1.242058e-02
	 1.533117e-01, -3.139785e-02
	 9.674137e-02, -1.860651e-02
	-3.709209e-01, -2.752532e-01
	-3.556681e-01, -2.378591e-01
	-3.847704e-01, -2.142342e-01
	 1.562345e-01,  3.961445e-01
	 1.671991e-01,  3.972094e-01
	 4.158418e-01,  2.473003e-01
	 4.373851e-01,  2.819898e-01
	 4.711963e-01,  2.836607e-01
	-1.832722e-01, -1.040911e-01
	-1.922128e-01, -1.493170e-01
	-2.192182e-01, -1.486409e-01
	-2.603880e-01,  1.116320e-01
	 5.000000e-01, -7.035780e-02
	-9.010886e-02, -4.381578e-02
	-9.970945e-02, -7.500975e-02
	 2.091603e-01,  2.936054e-01
	-1.200784e-01,  1.190670e-01
	-1.034469e-01,  1.442429e-01
	-9.779313e-02,  7.699412e-02
	-8.472944e-02,  1.440374e-01
	-6.015060e-02,  1.139843e-01
	-6.458322e-02,  9.094295e-02
	 2.151276e-01, -1.523343e-01
	 3.575819e-01,  2.523079e-01
	 3.785829e-01,  2.638616e-01
	 3.795696e-01,  3.035796e-01
	 5.000000e-01,  4.220678e-01
	 4.698416e-01,  4.187453e-01
	-2.680152e-01,  4.693867e-02
	-2.370107e-01,  8.176769e-02
	 3.378772e-01,  7.640109e-02
	 2.911066e-01,  1.098377e-02
	 3.212214e-01,  7.774990e-02
	 3.166699e-01, -4.560760e-01
	 3.575339e-01, -5.000000e-01
	-1.941998e-01, -2.707339e-01
	-1.912545e-01, -1.994762e-01
	-1.825567e-01, -1.953279e-01
	-2.107230e-01, -2.413488e-01
	 7.117248e-02, -1.711740e-01
	 7.067414e-02, -1.751967e-01
	-1.029658e-01, -2.742295e-02
	-5.478852e-02,  1.558829e-02
	 3.415350e-01,  1.565627e-01
	 3.628421e-01,  2.069123e-01
	 3.386095e-01,  1.586484e-01
	 3.384610e-01,  1.882061e-01
	 3.514838e-02, -4.778409e-02
	 4.720025e-02, -6.295605e-02
	 4.616310e-02, -8.247206e-02
	 5.439972e-02, -2.741338e-01
	 2.409350e-02, -2.573706e-01
	-2.001830e-01,  1.075128e-01
	-2.267281e-01,  8.048500e-02
	-1.385018e-01,  3.671051e-01
	-8.738130e-02,  4.199340e-01
	-9.343364e-02,  3.612102e-01
	-5.000000e-01, -2.847406e-01
	-5.000000e-01, -3.405613e-01
	 4.185140e-01,  4.285900e-01
	 4.513447e-01,  4.410724e-01
	 3.422186e-01, -3.738498e-01
	-1.360944e-01, -1.472609e-01
	-1.501464e-01, -1.074617e-01
	-1.794114e-01, -1.634187e-01
	-1.825248e-01, -1.036325e-01
	 1.507006e-01, -3.124184e-01
	 1.630083e-01, -3.272868e-01
	-4.119938e-01, -4.127349e-01
	-4.160159e-01, -3.867891e-01
	-3.020950e-02,  3.541590e-01
	-1.206830e-01,  1.699818e-01
	-1.525487e-01,  1.166613e-01
	-5.000000e-01, -2.006037e-01
	-4.858598e-01, -2.066256e-01
	 4.574884e-02, -1.367000e-01
	-3.779634e-01, -3.395411e-01
	-3.793749e-01, -3.752137e-01
	-3.981373e-01, -3.213543e-01
	-1.777868e-01, -3.972240e-01
	-5.000000e-01, -5.000000e-01
	 4.355311e-01,  6.764970e-02
	 1.300977e-01,  1.935611e-01
	-2.347190e-01, -1.713124e-01
	-2.632221e-01, -1.653488e-01
	-1.008760e-02,  3.089542e-01
	-2.346413e-01,  8.393452e-03
	 4.222310e-01,  3.054072e-01
	-3.992945e-01,  4.583664e-01
	 1.272074e-01,  8.893952e-02
	 1.173483e-01,  5.795863e-02
	 1.398769e-01,  3.124897e-02
	 7.412065e-02,  2.178300e-01
	-1.498301e-01,  3.353228e-01
	 2.738803e-03, -2.826899e-01
	-1.715987e-02, -2.839491e-01
	-2.984742e-02, -2.540995e-01
	 5.000000e-01, -4.231070e-01
	 5.000000e-01, -3.617801e-01
	-3.320592e-01,  3.516778e-01
	-2.961771e-01,  3.306044e-01
	-3.314866e-01,  3.499872e-01
	 4.290020e-02, -3.904285e-01
	 3.933421e-02, -3.229371e-01
	-1.050242e-02, -3.367779e-01
	 3.278645e-02, -3.200106e-01
	 3.681313e-02, -3.205663e-01
	 2.337792e-01, -1.853098e-01
	 2.039856e-01, -2.054131e-01
	 1.795579e-01, -1.945148e-01
	-1.427934e-01, -4.084813e-01
	-1.514204e-01, -4.123299e-01
	 5.000000e-01, -5.000000e-01
	 5.000000e-01, -4.719402e-01
	 4.719369e-01, -5.000000e-01
	 4.699999e-01, -4.783901e-01
	-4.283410e-01, -4.660792e-02
	-4.531021e-01, -3.473456e-02
	 1.395338e-01,  3.324317e-01
	 1.082530e-01,  3.008809e-01
	-4.559887e-01, -2.574830e-02
	-2.018841e-01,  2.617288e-01
	-2.471067e-01,  2.931365e-01
	-2.409576e-01,  2.707814e-01
	-1.274175e-01, -8.630372e-02
	 3.026699e-01,  2.190701e-01
	 2.344623e-01,  2.265280e-01
	 7.686367e-03,  4.455502e-03
	-3.944887e-04, -4.350959e-01
	 3.206301e-04, -4.310142e-01
	-6.266051e-02,  4.667039e-01
	-7.381514e-02,  4.825420e-01
	-7.047401e-02,  5.000000e-01
	 1.233485e-01,  3.613707e-01
	-5.000000e-01,  2.161312e-01
	-4.906844e-01,  2.167737e-01
	-5.000000e-01,  1.622480e-01
	-4.555412e-01,  1.874846e-01
	-4.577585e-01,  1.530431e-01
	-4.755345e-01,  4.266891e-01
	-5.000000e-01,  4.199246e-01
	-5.000000e-01,  2.677002e-01
	-4.695992e-01,  2.740279e-01
	-4.556267e-01,  2.474132e-01
	-2.246516e-01, -1.937958e-01
	-1.145739e-01,  1.912614e-01
	-1.495915e-01,  2.119972e-01
	 1.007020e-01, -3.212114e-01
	-4.246411e-01,  2.042179e-01
	-4.446765e-01,  2.450992e-01
	 9.752472e-02,  1.112934e-01
	-4.431704e-01,  1.433692e-01
	-5.000000e-01, -9.069790e-03
	 3.518611e-01,  4.298775e-01
	 2.007609e-01, -3.868826e-01
	-3.698704e-01, -2.777935e-01
	-3.616344e-01, -1.823069e-01
	-3.562255e-01, -1.518425e-01
	-3.143711e-01, -1.419668e-01
	-3.141733e-01, -1.420429e-01
	 4.212753e-01, -2.612547e-01
	 5.000000e-01,  8.131672e-02
	 4.682661e-01,  5.969138e-02
	-3.519880e-01,  4.057652e-01
	-3.638965e-01,  4.196597e-01
	 3.032632e-02, -2.262110e-03
	 4.029766e-02, -2.016659e-02
	-5.114459e-02, -1.960361e-01
	-2.651268e-01,  2.337622e-01
	-2.905217e-01,  3.071379e-01
	-3.019085e-01,  2.939773e-01
	-3.009968e-01,  2.406483e-01
	-1.167296e-01, -8.663474e-02
	-1.180547e-01, -1.538973e-01
	 1.131859e-01,  1.595479e-01
	 1.155071e-01,  1.527207e-01
	-3.353908e-01, -2.960710e-02
	 2.684323e-01, -3.792319e-01
	 2.660229e-01, -3.698191e-01
	 2.474371e-01, -4.298432e-01
	 2.246405e-01, -4.268543e-01
	 7.038943e-02, -1.092433e-01
	-3.525198e-01,  3.674285e-01
	-3.847138e-01,  4.214873e-01
	-1.996166e-01, -2.776592e-01
	 3.595016e-01,  1.148315e-01
	-4.843808e-01,  1.095110e-01
	-4.534332e-01,  1.467972e-01
	-2.608351e-02, -2.966493e-01
	-3.574507e-01,  3.120023e-01
	-3.916894e-01,  3.160309e-01
	 3.271465e-01, -2.915147e-01
	 2.905113e-01, -3.108556e-01
	 3.056875e-01, -2.578513e-01
	 2.611925e-01, -2.554101e-01
	-5.000000e-01,  1.112481e-01
	-4.068759e-01,  2.697790e-01
	-4.095784e-01,  2.919675e-01
	-4.601400e-01,  3.054061e-01
	-1.937471e-01,  2.495060e-01
	-1.476477e-01,  2.454816e-01
	 3.334926e-01, -3.524978e-01
	 2.541092e-01, -4.373436e-01
	 9.371125e-02, -3.320352e-01
	-3.454229e-01,  2.921367e-01
	 8.426259e-03,  3.990929e-01
	 2.038178e-01,  5.000000e-01
	-9.887562e-02, -1.392190e-01
	-3.846691e-01, -1.930683e-01
	 2.976834e-01,  9.487666e-02
	-6.142032e-03,  3.296669e-01
	 2.973436e-01, -3.471631e-01
	-1.613210e-01,  9.926796e-02
	 3.254559e-01, -2.241965e-01
Mesh Facets: 1255
	32, 30
	49, 47
	58, 60
	69, 67
	33, 34
	85, 87
	32, 33
	90, 32
	79, 33
	91, 79
	79, 82
	132, 130
	15, 13
	100, 99
	157, 158
	124, 129
	162, 163
	165, 164
	40, 42
	169, 167
	28, 27
	183, 182
	105, 104
	199, 200
	155, 152
	205, 202
	232, 230
	233, 232
	87, 88
	87, 240
	97, 95
	95, 96
	248, 95
	50, 51
	135, 136
	144, 146
	276, 274
	279, 281
	8, 7
	299, 300
	183, 184
	307, 183
	189, 105
	109, 105
	295, 296
	324, 321
	60, 63
	60, 335
	241, 242
	133, 134
	66, 65
	65, 64
	351, 65
	100, 147
	100, 103
	362, 360
	160, 159
	267, 268
	377, 376
	376, 375
	379, 380
	186, 185
	323, 322
	368, 367
	114, 112
	77, 74
	120, 119
	253, 255
	222, 220
	272, 273
	421, 419
	349, 345
	252, 251
	174, 172
	431, 432
	437, 435
	116, 115
	342, 341
	399, 398
	266, 265
	194, 192
	310, 309
	270, 269
	448, 447
	185, 104
	104, 106
	378, 185
	274, 450
	275, 274
	21, 22
	174, 424
	174, 175
	217, 216
	390, 389
	168, 171
	391, 389
	470, 389
	74, 112
	74, 75
	110, 112
	67, 71
	67, 68
	56, 55
	203, 201
	26, 27
	27, 179
	262, 261
	150, 151
	258, 257
	134, 341
	134, 131
	400, 399
	399, 341
	227, 229
	295, 320
	295, 294
	466, 465
	182, 180
	182, 299
	299, 297
	264, 263
	213, 214
	445, 192
	192, 190
	515, 517
	331, 330
	427, 172
	172, 173
	496, 495
	500, 499
	486, 485
	529, 530
	244, 243
	255, 254
	505, 503
	255, 412
	238, 239
	34, 83
	34, 31
	239, 236
	543, 239
	22, 23
	459, 22
	282, 284
	41, 46
	322, 321
	321, 199
	383, 322
	199, 197
	409, 410
	451, 452
	375, 373
	375, 556
	83, 544
	84, 83
	489, 150
	149, 150
	372, 371
	38, 39
	476, 474
	338, 337
	488, 261
	510, 263
	261, 263
	402, 397
	518, 520
	570, 568
	552, 553
	90, 91
	588, 90
	121, 91
	473, 75
	75, 76
	590, 591
	337, 340
	474, 337
	475, 474
	29, 25
	530, 531
	530, 596
	292, 294
	500, 528
	294, 500
	501, 502
	531, 597
	531, 532
	572, 573
	62, 61
	394, 392
	248, 249
	247, 248
	482, 481
	507, 297
	298, 297
	302, 304
	589, 121
	121, 122
	286, 288
	462, 466
	503, 466
	538, 503
	379, 378
	636, 379
	468, 469
	378, 449
	236, 235
	236, 546
	561, 560
	524, 525
	613, 615
	178, 177
	98, 97
	97, 245
	99, 151
	99, 101
	491, 151
	162, 129
	650, 162
	129, 128
	412, 538
	412, 220
	219, 220
	538, 635
	392, 393
	392, 611
	191, 196
	636, 469
	167, 636
	167, 168
	470, 168
	469, 470
	421, 420
	658, 421
	497, 498
	92, 94
	138, 139
	546, 637
	545, 546
	36, 35
	81, 80
	543, 548
	542, 543
	141, 142
	407, 408
	50, 259
	49, 50
	130, 131
	130, 49
	494, 131
	462, 635
	462, 461
	653, 635
	493, 257
	257, 256
	328, 327
	55, 478
	55, 54
	682, 681
	128, 127
	651, 128
	643, 644
	487, 486
	486, 527
	77, 78
	411, 77
	535, 533
	106, 449
	106, 107
	468, 449
	468, 217
	218, 217
	632, 633
	13, 12
	146, 13
	146, 260
	363, 361
	53, 52
	212, 210
	327, 325
	680, 327
	641, 640
	460, 467
	681, 697
	479, 478
	681, 478
	663, 664
	540, 541
	406, 404
	358, 357
	334, 333
	384, 382
	53, 693
	53, 57
	339, 338
	576, 338
	158, 159
	158, 704
	362, 159
	704, 362
	391, 471
	391, 394
	394, 612
	565, 564
	567, 149
	524, 639
	524, 521
	148, 149
	559, 560
	614, 613
	613, 560
	287, 286
	286, 634
	265, 264
	265, 441
	215, 214
	264, 214
	289, 7
	7, 9
	368, 387
	369, 368
	649, 101
	102, 101
	125, 123
	430, 431
	556, 554
	556, 431
	630, 629
	711, 649
	648, 649
	408, 142
	408, 406
	142, 139
	664, 139
	664, 406
	445, 512
	310, 445
	314, 310
	601, 602
	444, 440
	402, 401
	582, 402
	492, 493
	493, 678
	405, 407
	407, 675
	111, 113
	722, 721
	398, 396
	398, 438
	18, 20
	98, 93
	98, 646
	176, 173
	575, 576
	173, 526
	703, 576
	599, 596
	596, 157
	157, 156
	737, 736
	736, 738
	271, 270
	270, 446
	615, 525
	615, 616
	523, 525
	433, 115
	115, 117
	456, 455
	434, 433
	433, 456
	740, 741
	456, 457
	581, 580
	388, 386
	689, 687
	4, 3
	566, 489
	489, 490
	666, 545
	605, 603
	547, 545
	280, 282
	23, 282
	23, 19
	308, 307
	756, 307
	63, 62
	63, 336
	610, 62
	752, 753
	566, 750
	567, 566
	639, 561
	639, 567
	562, 561
	335, 336
	335, 279
	336, 752
	280, 752
	279, 280
	650, 651
	230, 650
	651, 684
	230, 231
	154, 153
	506, 507
	507, 627
	760, 758
	213, 509
	579, 582
	582, 717
	213, 211
	377, 374
	764, 377
	758, 765
	759, 758
	204, 203
	393, 395
	203, 484
	655, 393
	492, 401
	258, 492
	494, 259
	494, 400
	258, 259
	401, 400
	351, 355
	352, 351
	708, 707
	695, 467
	467, 464
	690, 260
	137, 136
	260, 136
	645, 642
	35, 666
	35, 37
	666, 603
	604, 603
	767, 759
	761, 759
	318, 296
	296, 293
	713, 714
	722, 113
	450, 722
	450, 451
	114, 409
	409, 451
	113, 114
	119, 118
	422, 251
	119, 253
	253, 251
	744, 741
	447, 776
	446, 741
	446, 447
	145, 144
	733, 732
	140, 135
	144, 135
	652, 653
	653, 677
	370, 369
	369, 710
	359, 358
	384, 383
	383, 551
	384, 358
	12, 14
	691, 12
	568, 569
	568, 583
	73, 72
	700, 702
	353, 354
	328, 679
	328, 329
	754, 308
	308, 306
	222, 223
	222, 120
	117, 120
	117, 455
	453, 455
	278, 277
	188, 187
	30, 785
	544, 31
	31, 30
	565, 544
	565, 705
	342, 439
	429, 428
	342, 343
	551, 197
	777, 551
	198, 197
	683, 127
	127, 126
	517, 519
	517, 58
	59, 58
	426, 427
	427, 495
	495, 229
	225, 229
	621, 623
	319, 317
	720, 405
	405, 403
	224, 226
	746, 747
	386, 385
	637, 638
	637, 665
	748, 386
	497, 661
	497, 227
	688, 686
	227, 228
	293, 292
	774, 293
	600, 292
	413, 415
	8, 291
	11, 8
	413, 291
	414, 413
	291, 290
	782, 783
	778, 14
	14, 17
	643, 641
	487, 643
	769, 695
	488, 487
	488, 578
	695, 641
	684, 683
	683, 198
	198, 200
	233, 231
	200, 233
	231, 684
	602, 528
	440, 602
	266, 440
	262, 485
	262, 266
	528, 485
	673, 672
	619, 249
	249, 250
	46, 45
	787, 788
	549, 46
	247, 246
	247, 622
	511, 513
	631, 630
	123, 124
	124, 161
	630, 711
	711, 123
	713, 314
	713, 774
	799, 774
	313, 314
	662, 659
	66, 350
	68, 66
	68, 477
	138, 92
	92, 93
	93, 733
	733, 140
	140, 138
	304, 305
	304, 628
	332, 330
	522, 330
	312, 311
	558, 557
	6, 1
	731, 646
	29, 593
	28, 29
	177, 28
	646, 177
	586, 585
	188, 784
	188, 189
	315, 189
	132, 133
	432, 132
	432, 428
	343, 428
	133, 343
	737, 739
	721, 737
	110, 111
	110, 472
	111, 721
	283, 281
	281, 85
	85, 86
	611, 654
	611, 612
	563, 564
	564, 612
	627, 757
	627, 628
	628, 522
	522, 523
	523, 742
	116, 436
	116, 118
	775, 118
	277, 276
	277, 187
	186, 187
	186, 380
	380, 276
	597, 598
	693, 692
	693, 701
	608, 597
	776, 744
	776, 437
	437, 434
	744, 434
	256, 51
	51, 48
	755, 754
	754, 679
	679, 256
	729, 728
	719, 718
	723, 725
	549, 806
	549, 550
	539, 505
	795, 792
	504, 505
	344, 346
	743, 616
	616, 617
	443, 442
	207, 206
	21, 424
	424, 425
	728, 20
	812, 728
	21, 20
	644, 645
	644, 527
	527, 499
	499, 501
	645, 604
	501, 604
	16, 15
	15, 143
	593, 595
	731, 593
	731, 732
	818, 143
	143, 145
	145, 732
	563, 809
	84, 563
	667, 81
	81, 84
	444, 443
	444, 716
	443, 617
	617, 618
	620, 621
	318, 714
	318, 317
	621, 317
	715, 714
	170, 171
	171, 471
	786, 705
	471, 705
	811, 810
	760, 762
	819, 760
	125, 102
	126, 125
	777, 126
	777, 359
	103, 359
	103, 102
	349, 348
	349, 423
	772, 773
	554, 712
	555, 554
	45, 43
	807, 45
	673, 805
	542, 673
	699, 541
	541, 542
	767, 773
	767, 766
	820, 773
	352, 768
	352, 350
	660, 662
	662, 350
	5, 4
	4, 749
	670, 669
	18, 726
	18, 19
	610, 609
	610, 753
	753, 19
	169, 170
	785, 169
	786, 785
	786, 170
	668, 670
	490, 491
	749, 490
	491, 647
	749, 670
	363, 692
	363, 160
	598, 599
	692, 598
	156, 160
	599, 156
	69, 64
	69, 73
	624, 625
	356, 64
	73, 779
	452, 553
	452, 275
	278, 275
	553, 586
	586, 784
	784, 278
	763, 374
	373, 555
	374, 373
	43, 44
	555, 43
	580, 579
	580, 745
	579, 509
	508, 509
	769, 770
	769, 578
	824, 508
	510, 508
	510, 578
	738, 739
	738, 590
	472, 739
	473, 472
	590, 473
	685, 411
	584, 552
	552, 410
	411, 410
	607, 608
	700, 701
	700, 72
	72, 70
	608, 701
	715, 512
	512, 511
	511, 622
	620, 715
	620, 622
	801, 803
	536, 537
	698, 697
	366, 268
	697, 448
	269, 448
	269, 268
	313, 799
	313, 312
	559, 706
	559, 558
	558, 312
	798, 799
	422, 423
	422, 775
	772, 761
	772, 423
	811, 775
	811, 762
	762, 761
	781, 782
	414, 782
	414, 417
	689, 632
	388, 689
	387, 388
	288, 289
	288, 632
	387, 289
	382, 333
	333, 332
	305, 303
	332, 305
	381, 382
	606, 532
	340, 242
	592, 340
	532, 243
	242, 243
	819, 810
	810, 436
	436, 435
	435, 819
	569, 571
	569, 691
	690, 691
	771, 690
	766, 822
	766, 765
	165, 166
	765, 165
	82, 80
	122, 82
	647, 648
	647, 668
	122, 629
	80, 668
	629, 648
	798, 706
	798, 600
	716, 618
	716, 601
	706, 614
	600, 601
	618, 614
	813, 725
	725, 724
	793, 794
	153, 152
	152, 208
	181, 180
	180, 506
	506, 153
	300, 830
	300, 298
	302, 298
	301, 302
	675, 674
	675, 718
	729, 718
	729, 730
	71, 70
	71, 475
	475, 592
	607, 70
	606, 607
	592, 606
	638, 796
	638, 235
	235, 234
	381, 303
	381, 323
	830, 301
	830, 324
	324, 323
	303, 301
	284, 285
	284, 459
	459, 175
	175, 176
	734, 176
	353, 356
	353, 780
	626, 625
	625, 356
	661, 660
	661, 688
	634, 633
	634, 707
	660, 768
	768, 707
	633, 688
	196, 195
	656, 196
	193, 194
	311, 309
	311, 1
	1, 0
	194, 309
	682, 54
	360, 682
	52, 361
	54, 52
	361, 360
	9, 10
	652, 219
	652, 710
	710, 9
	221, 219
	708, 355
	708, 287
	354, 355
	354, 783
	287, 290
	783, 290
	832, 626
	365, 364
	481, 480
	626, 481
	148, 521
	521, 331
	331, 334
	334, 357
	357, 147
	147, 148
	463, 464
	823, 824
	824, 770
	770, 464
	339, 703
	241, 339
	735, 703
	241, 88
	89, 88
	207, 442
	209, 207
	442, 441
	441, 709
	831, 234
	226, 791
	226, 228
	234, 237
	228, 797
	519, 520
	519, 59
	520, 570
	59, 61
	570, 573
	573, 61
	283, 86
	285, 283
	285, 734
	735, 89
	735, 734
	86, 89
	326, 329
	306, 329
	306, 184
	184, 181
	181, 829
	805, 699
	805, 250
	663, 699
	663, 94
	94, 96
	96, 250
	206, 155
	743, 206
	154, 757
	757, 742
	742, 743
	154, 155
	827, 571
	609, 726
	572, 609
	726, 727
	572, 571
	702, 779
	702, 57
	482, 624
	482, 56
	779, 624
	57, 56
	218, 107
	202, 218
	201, 26
	201, 202
	24, 26
	107, 108
	10, 11
	221, 10
	223, 221
	453, 223
	454, 453
	11, 800
	816, 815
	584, 587
	584, 825
	193, 195
	193, 0
	0, 2
	833, 195
	39, 36
	36, 665
	367, 372
	367, 385
	665, 385
	39, 372
	319, 789
	320, 319
	502, 320
	605, 502
	751, 605
	788, 807
	788, 429
	712, 807
	712, 430
	430, 429
	756, 755
	47, 756
	47, 48
	48, 755
	574, 371
	677, 676
	371, 370
	677, 370
	822, 166
	822, 821
	40, 41
	40, 166
	41, 550
	550, 814
	791, 237
	791, 403
	237, 238
	238, 540
	404, 403
	540, 404
	719, 812
	720, 719
	224, 720
	425, 426
	425, 812
	426, 225
	224, 225
	76, 591
	76, 78
	533, 78
	658, 657
	591, 658
	534, 533
	825, 685
	685, 535
	535, 536
	536, 801
	801, 802
	835, 825
	778, 804
	583, 778
	518, 583
	516, 518
	463, 465
	463, 823
	792, 747
	747, 745
	745, 823
	504, 792
	465, 504
	817, 818
	595, 594
	818, 595
	419, 418
	419, 515
	804, 516
	804, 803
	826, 803
	515, 516
	244, 529
	244, 240
	240, 529
	827, 771
	827, 727
	674, 141
	141, 137
	730, 674
	727, 730
	771, 137
	216, 390
	216, 205
	390, 395
	204, 395
	205, 204
	588, 589
	589, 631
	631, 161
	163, 161
	163, 588
	273, 271
	416, 273
	740, 271
	740, 457
	457, 458
	581, 746
	746, 793
	396, 397
	724, 396
	793, 724
	581, 397
	17, 802
	17, 16
	16, 816
	816, 835
	835, 802
	252, 345
	345, 344
	539, 254
	539, 344
	254, 252
	483, 179
	513, 246
	513, 514
	178, 245
	179, 178
	245, 246
	837, 817
	315, 585
	316, 315
	815, 817
	587, 815
	585, 587
	6, 3
	6, 557
	557, 562
	562, 750
	750, 3
	834, 209
	694, 325
	325, 326
	326, 829
	829, 208
	209, 208
	831, 797
	796, 831
	687, 686
	687, 748
	748, 796
	797, 686
	577, 476
	476, 477
	477, 808
	676, 836
	676, 461
	461, 460
	460, 696
	642, 37
	640, 642
	696, 640
	836, 696
	37, 38
	836, 574
	38, 574
	484, 483
	484, 655
	190, 191
	514, 190
	655, 191
	483, 514
	212, 694
	212, 215
	834, 709
	709, 215
	694, 834
	806, 787
	787, 439
	439, 438
	438, 723
	723, 806
	680, 678
	680, 210
	678, 717
	717, 211
	210, 211
	619, 623
	619, 672
	790, 623
	672, 671
	416, 458
	458, 454
	415, 416
	454, 800
	800, 415
	813, 828
	820, 821
	348, 820
	347, 348
	814, 813
	821, 814
	671, 548
	548, 547
	751, 789
	751, 547
	790, 671
	790, 789
	781, 417
	781, 780
	267, 272
	272, 417
	780, 832
	364, 832
	364, 267
	667, 809
	809, 654
	5, 669
	669, 667
	654, 656
	656, 833
	2, 5
	833, 2
	24, 25
	24, 108
	108, 109
	109, 316
	316, 837
	837, 594
	594, 25
	480, 479
	479, 698
	366, 365
	698, 366
	365, 480
	44, 763
	44, 42
	763, 764
	42, 164
	164, 764
	795, 346
	346, 347
	828, 794
	828, 347
	794, 795
	420, 657
	420, 418
	537, 534
	826, 537
	657, 534
	418, 826
	526, 575
	526, 496
	659, 498
	498, 496
	808, 659
	577, 808
	575, 577
Facet Neighbors: 1255
	-2, 5
	-4, 8
	-3, 10
	11, 12
	5, 14
	-3, 15
	5, 16
	-2, 16
	14, 16
	16, 22
	14, 22
	-4, 24
	2, 26
	18, 27
	-3, 29
	23, 30
	-2, 30
	-1, 31
	7, 31
	-2, 32
	4, 34
	-4, 35
	19, 36
	-4, 38
	28, 40
	39, 42
	-2, 45
	-4, 45
	15, 47
	-3, 47
	17, 48
	17, 49
	48, 49
	8, 51
	25, 52
	26, 52
	-2, 55
	-3, 56
	1, 57
	-4, 59
	35, 61
	-4, 61
	36, 63
	19, 63
	58, 64
	-4, 65
	10, 68
	-3, 68
	47, 69
	24, 70
	11, 72
	11, 73
	72, 73
	27, 74
	18, 74
	-1, 75
	29, 75
	54, 76
	-1, 78
	-4, 78
	-2, 79
	36, 79
	65, 80
	77, 81
	20, 85
	13, 85
	21, 86
	50, 86
	43, 86
	54, 87
	-3, 88
	71, 89
	50, 89
	33, 90
	-4, 91
	-1, 92
	21, 92
	70, 93
	83, 93
	53, 94
	37, 95
	62, 95
	54, 96
	-1, 96
	36, 97
	19, 97
	79, 97
	-2, 98
	55, 98
	3, 100
	90, 100
	33, 100
	42, 102
	82, 102
	32, 103
	82, 103
	102, 103
	85, 104
	13, 104
	20, 104
	12, 105
	11, 105
	9, 106
	39, 107
	4, 107
	34, 107
	53, 108
	27, 109
	51, 110
	70, 111
	24, 111
	83, 111
	93, 111
	44, 112
	64, 113
	58, 113
	101, 114
	35, 115
	-4, 115
	59, 115
	53, 116
	41, 116
	95, 117
	37, 117
	-3, 118
	67, 119
	90, 120
	33, 120
	112, 120
	113, 121
	108, 121
	-3, 122
	47, 122
	50, 124
	114, 124
	86, 124
	46, 125
	14, 126
	5, 126
	46, 127
	125, 127
	3, 128
	100, 128
	56, 128
	7, 129
	65, 130
	-4, 130
	80, 130
	38, 130
	85, 131
	98, 131
	78, 132
	-4, 132
	126, 134
	14, 134
	109, 135
	27, 135
	77, 137
	6, 137
	105, 138
	69, 138
	108, 139
	116, 139
	53, 139
	83, 140
	118, 141
	136, 141
	131, 142
	16, 143
	-2, 143
	22, 143
	104, 144
	13, 144
	-3, 144
	69, 145
	138, 145
	105, 145
	4, 146
	122, 147
	-3, 147
	58, 148
	121, 148
	113, 148
	113, 149
	147, 150
	122, 150
	136, 151
	10, 151
	82, 152
	49, 154
	48, 154
	106, 155
	115, 156
	59, 156
	60, 156
	143, 157
	22, 157
	57, 158
	101, 159
	114, 159
	124, 159
	79, 160
	-2, 160
	102, 160
	97, 160
	46, 161
	127, 161
	133, 162
	119, 162
	153, 162
	34, 164
	17, 164
	48, 164
	27, 165
	18, 165
	109, 165
	30, 166
	-2, 166
	23, 166
	124, 167
	86, 167
	43, 167
	159, 167
	82, 168
	152, 168
	37, 168
	160, 169
	-2, 169
	32, 169
	103, 169
	102, 169
	88, 170
	-3, 170
	112, 171
	17, 172
	25, 172
	161, 173
	127, 173
	6, 173
	14, 174
	127, 175
	125, 175
	25, 176
	84, 176
	51, 177
	8, 177
	24, 177
	-4, 177
	111, 177
	159, 178
	101, 178
	167, 178
	110, 179
	51, 179
	66, 179
	106, 180
	9, 180
	-1, 180
	23, 181
	166, 181
	163, 182
	108, 182
	121, 182
	13, 183
	85, 183
	123, 183
	97, 184
	19, 184
	160, 184
	102, 184
	42, 184
	158, 185
	2, 186
	26, 186
	52, 186
	75, 187
	9, 187
	41, 188
	66, 188
	179, 188
	163, 189
	101, 189
	-1, 190
	106, 190
	180, 190
	172, 191
	125, 191
	84, 191
	74, 192
	67, 192
	80, 192
	187, 193
	9, 193
	69, 194
	138, 194
	29, 195
	-3, 195
	75, 195
	-1, 195
	103, 196
	82, 196
	152, 196
	134, 196
	135, 197
	162, 197
	119, 197
	27, 197
	133, 198
	153, 198
	162, 198
	57, 199
	158, 199
	53, 200
	94, 200
	41, 200
	116, 200
	57, 201
	1, 201
	81, 201
	77, 201
	165, 202
	18, 202
	23, 202
	91, 203
	132, 203
	-4, 203
	157, 204
	202, 204
	165, 204
	176, 205
	84, 205
	25, 205
	172, 205
	191, 205
	117, 206
	95, 206
	62, 206
	148, 207
	94, 207
	83, 208
	140, 208
	110, 208
	179, 208
	84, 209
	176, 209
	20, 210
	-2, 210
	83, 211
	93, 211
	3, 212
	17, 213
	164, 213
	33, 214
	138, 214
	120, 214
	194, 214
	147, 215
	-3, 215
	29, 215
	-2, 216
	-3, 216
	54, 217
	96, 217
	162, 218
	153, 218
	119, 218
	92, 219
	21, 219
	99, 219
	92, 220
	219, 220
	217, 220
	99, 220
	140, 221
	81, 222
	185, 222
	0, 223
	135, 223
	109, 223
	173, 224
	149, 224
	127, 224
	56, 225
	128, 225
	3, 225
	61, 226
	-4, 226
	10, 227
	68, 227
	151, 227
	225, 227
	223, 228
	135, 228
	162, 228
	197, 228
	133, 228
	68, 229
	-3, 229
	227, 229
	225, 229
	56, 229
	166, 230
	-2, 230
	181, 230
	45, 230
	28, 231
	115, 231
	156, 231
	-1, 232
	116, 233
	140, 233
	208, 233
	41, 233
	78, 234
	-1, 234
	-1, 235
	232, 235
	39, 236
	82, 236
	107, 236
	168, 236
	208, 237
	110, 237
	177, 237
	111, 237
	51, 237
	83, 237
	73, 238
	72, 238
	199, 238
	189, 239
	101, 239
	186, 240
	25, 240
	52, 240
	163, 241
	173, 241
	6, 241
	224, 241
	149, 241
	235, 242
	232, 242
	64, 243
	58, 243
	206, 243
	210, 244
	-2, 244
	98, 244
	85, 244
	131, 244
	20, 244
	21, 245
	89, 245
	86, 245
	50, 245
	220, 246
	-1, 246
	217, 246
	96, 246
	26, 247
	213, 247
	25, 247
	52, 247
	167, 248
	178, 248
	77, 248
	201, 248
	74, 249
	80, 249
	130, 249
	192, 249
	2, 250
	186, 250
	136, 250
	141, 250
	12, 251
	193, 251
	73, 252
	179, 253
	66, 253
	226, 253
	61, 253
	43, 254
	86, 254
	21, 254
	219, 254
	99, 254
	55, 255
	36, 255
	-2, 256
	126, 256
	5, 256
	134, 256
	196, 256
	93, 257
	91, 257
	70, 257
	130, 258
	249, 258
	38, 258
	181, 258
	23, 258
	118, 259
	-3, 259
	10, 259
	90, 260
	120, 260
	112, 260
	44, 260
	154, 261
	64, 261
	209, 262
	84, 262
	44, 262
	221, 263
	81, 264
	161, 264
	173, 264
	222, 264
	171, 265
	112, 265
	185, 265
	44, 265
	58, 266
	243, 266
	148, 266
	87, 267
	57, 267
	1, 267
	267, 268
	87, 268
	57, 268
	252, 268
	250, 269
	2, 269
	163, 270
	182, 270
	239, 270
	108, 270
	139, 270
	189, 270
	181, 271
	258, 271
	38, 271
	45, 271
	-4, 271
	230, 271
	148, 272
	207, 272
	94, 272
	108, 272
	53, 272
	121, 272
	175, 273
	154, 273
	49, 273
	7, 274
	257, 274
	129, 274
	48, 275
	154, 275
	117, 275
	157, 276
	23, 276
	30, 276
	204, 276
	202, 276
	206, 277
	243, 277
	266, 277
	62, 277
	171, 278
	72, 278
	11, 278
	105, 278
	172, 279
	17, 279
	213, 279
	247, 279
	25, 279
	60, 280
	156, 280
	67, 280
	119, 280
	62, 281
	133, 281
	0, 281
	213, 282
	146, 282
	4, 282
	34, 282
	164, 282
	142, 283
	255, 283
	36, 283
	63, 283
	24, 284
	-4, 284
	91, 284
	257, 284
	70, 284
	216, 285
	-2, 285
	20, 285
	104, 285
	210, 285
	56, 286
	-3, 286
	15, 286
	168, 287
	152, 287
	134, 287
	196, 287
	231, 288
	156, 288
	280, 288
	119, 288
	218, 288
	92, 289
	21, 289
	245, 289
	55, 290
	255, 290
	36, 290
	79, 290
	-2, 290
	147, 291
	187, 291
	193, 291
	150, 291
	246, 292
	-1, 292
	92, 292
	220, 292
	51, 293
	8, 293
	226, 293
	253, 293
	179, 293
	212, 294
	209, 294
	211, 295
	274, 295
	129, 295
	124, 296
	263, 296
	114, 296
	71, 296
	218, 297
	153, 297
	94, 297
	40, 297
	100, 298
	90, 298
	212, 298
	294, 298
	3, 298
	163, 299
	182, 299
	121, 299
	113, 299
	241, 299
	149, 299
	2, 300
	26, 300
	146, 301
	282, 301
	213, 301
	300, 301
	26, 301
	247, 301
	287, 302
	134, 302
	174, 302
	14, 302
	94, 303
	207, 303
	297, 303
	153, 303
	154, 304
	243, 304
	64, 304
	261, 304
	206, 304
	32, 305
	103, 305
	256, 305
	196, 305
	289, 306
	232, 306
	-1, 306
	202, 307
	23, 307
	258, 307
	249, 307
	74, 307
	18, 307
	71, 308
	89, 308
	242, 308
	203, 309
	132, 309
	7, 309
	274, 309
	273, 310
	175, 310
	191, 310
	125, 310
	242, 311
	235, 311
	308, 311
	238, 312
	72, 312
	171, 312
	278, 312
	0, 313
	223, 313
	174, 313
	212, 314
	3, 314
	151, 314
	227, 314
	225, 314
	32, 315
	-2, 315
	256, 315
	305, 315
	174, 316
	109, 316
	223, 316
	165, 316
	313, 316
	187, 317
	75, 317
	147, 317
	291, 317
	29, 317
	215, 317
	11, 318
	12, 318
	155, 318
	73, 318
	251, 318
	131, 319
	98, 319
	55, 319
	142, 319
	283, 319
	255, 319
	234, 320
	132, 320
	78, 320
	7, 320
	309, 320
	140, 321
	221, 321
	233, 321
	116, 321
	239, 322
	270, 322
	321, 322
	116, 322
	139, 322
	216, 323
	-3, 323
	285, 323
	104, 323
	144, 323
	183, 324
	142, 324
	131, 324
	85, 324
	150, 325
	193, 325
	251, 325
	12, 325
	291, 325
	206, 326
	117, 326
	275, 326
	304, 326
	154, 326
	269, 327
	123, 327
	190, 328
	76, 328
	-1, 328
	96, 328
	54, 328
	277, 329
	62, 329
	198, 329
	133, 329
	281, 329
	266, 329
	89, 330
	245, 330
	242, 330
	308, 330
	289, 330
	306, 330
	232, 330
	252, 331
	268, 331
	87, 331
	185, 332
	222, 332
	81, 332
	57, 332
	158, 332
	201, 332
	192, 333
	67, 333
	60, 333
	280, 333
	80, 333
	150, 334
	69, 334
	145, 334
	122, 334
	47, 334
	306, 335
	289, 335
	92, 335
	-1, 335
	136, 336
	250, 336
	186, 336
	240, 336
	311, 337
	235, 337
	31, 337
	-1, 337
	14, 338
	22, 338
	165, 338
	316, 338
	157, 338
	174, 338
	204, 338
	329, 339
	266, 339
	303, 339
	207, 339
	198, 339
	148, 339
	153, 339
	295, 340
	211, 340
	263, 340
	28, 341
	40, 341
	35, 341
	115, 341
	231, 341
	-4, 342
	59, 342
	156, 342
	60, 342
	176, 343
	209, 343
	294, 343
	212, 343
	12, 344
	105, 344
	145, 344
	325, 344
	150, 344
	334, 344
	264, 345
	161, 345
	46, 345
	333, 346
	80, 346
	342, 346
	-4, 346
	65, 346
	60, 346
	56, 347
	128, 347
	100, 347
	33, 347
	214, 347
	73, 348
	252, 348
	155, 348
	318, 348
	171, 349
	265, 349
	158, 349
	199, 349
	312, 349
	238, 349
	185, 349
	37, 350
	168, 350
	37, 351
	62, 351
	281, 351
	0, 351
	95, 351
	180, 352
	-1, 352
	187, 352
	9, 352
	75, 352
	1, 353
	167, 353
	248, 353
	201, 353
	43, 353
	238, 354
	199, 354
	73, 354
	252, 354
	57, 354
	268, 354
	348, 355
	76, 355
	106, 355
	155, 355
	197, 356
	119, 356
	67, 356
	192, 356
	74, 356
	27, 356
	101, 357
	321, 357
	322, 357
	239, 357
	194, 358
	69, 358
	214, 358
	47, 358
	15, 358
	297, 359
	40, 359
	94, 359
	200, 359
	345, 360
	262, 360
	44, 360
	46, 360
	265, 360
	118, 361
	259, 361
	141, 361
	10, 361
	136, 361
	151, 361
	286, 362
	56, 362
	347, 362
	358, 362
	214, 362
	15, 362
	66, 363
	253, 363
	61, 363
	35, 363
	341, 363
	310, 364
	273, 364
	191, 364
	172, 364
	17, 364
	49, 364
	40, 365
	297, 365
	231, 365
	288, 365
	218, 365
	28, 365
	336, 366
	314, 366
	151, 366
	212, 366
	136, 366
	251, 367
	193, 367
	155, 367
	106, 367
	318, 367
	9, 367
	184, 368
	42, 368
	107, 368
	39, 368
	4, 368
	19, 368
	1, 369
	353, 369
	43, 369
	254, 369
	99, 369
	267, 369
	300, 370
	142, 370
	324, 370
	37, 371
	351, 371
	0, 371
	350, 371
	6, 372
	173, 372
	77, 372
	81, 372
	264, 372
	137, 372
	261, 373
	64, 373
	113, 373
	149, 373
	224, 373
	274, 374
	257, 374
	309, 374
	203, 374
	91, 374
	226, 375
	-4, 375
	8, 375
	293, 375
	137, 376
	178, 376
	77, 376
	248, 376
	337, 377
	311, 377
	7, 377
	31, 377
	129, 377
	295, 377
	360, 378
	262, 378
	46, 378
	125, 378
	84, 378
	191, 378
	294, 379
	209, 379
	262, 379
	90, 379
	298, 379
	260, 379
	44, 379
	144, 380
	13, 380
	183, 380
	170, 380
	-3, 380
	123, 380
	324, 381
	183, 381
	123, 381
	327, 381
	269, 381
	370, 381
	269, 382
	250, 382
	141, 382
	118, 382
	101, 383
	357, 383
	263, 383
	221, 383
	321, 383
	296, 383
	114, 383
	300, 384
	146, 384
	301, 384
	88, 385
	-3, 385
	382, 385
	269, 385
	327, 385
	118, 385
	122, 386
	47, 386
	-3, 386
	336, 387
	366, 387
	176, 387
	25, 387
	343, 387
	212, 387
	240, 387
	102, 388
	42, 388
	82, 388
	236, 388
	39, 388
	143, 389
	157, 389
	276, 389
	30, 389
	-2, 389
	54, 390
	87, 390
	217, 390
	220, 390
	99, 390
	221, 391
	263, 391
	83, 391
	211, 391
	340, 391
	140, 391
	269, 392
	2, 392
	300, 392
	370, 392
	381, 392
	89, 393
	71, 393
	124, 393
	296, 393
	50, 393
	107, 394
	275, 394
	117, 394
	164, 394
	34, 394
	48, 394
	384, 395
	283, 395
	63, 395
	300, 395
	370, 395
	142, 395
	0, 396
	281, 396
	133, 396
	228, 396
	223, 396
	359, 397
	188, 397
	66, 397
	363, 397
	341, 397
	40, 397
	360, 398
	345, 398
	185, 398
	222, 398
	264, 398
	265, 398
	138, 399
	105, 399
	278, 399
	376, 400
	178, 400
	101, 400
	189, 400
	241, 401
	163, 401
	189, 401
	400, 401
	6, 401
	376, 401
	137, 401
	107, 402
	236, 402
	37, 402
	117, 402
	168, 402
	394, 402
	188, 403
	41, 403
	359, 403
	200, 403
	397, 403
	274, 404
	257, 404
	93, 404
	211, 404
	295, 404
	179, 405
	188, 405
	208, 405
	233, 405
	41, 405
	154, 406
	273, 406
	261, 406
	175, 406
	390, 407
	99, 407
	87, 407
	369, 407
	267, 407
	340, 408
	311, 408
	308, 408
	71, 408
	295, 408
	377, 408
	175, 409
	127, 409
	373, 409
	224, 409
	406, 409
	261, 409
	331, 410
	252, 410
	54, 410
	87, 410
	348, 410
	355, 410
	76, 410
	302, 411
	287, 411
	313, 411
	174, 411
	168, 411
	350, 411
	0, 411
	371, 411
	4, 412
	368, 412
	19, 412
	63, 412
	395, 412
	384, 412
	146, 412
	106, 413
	190, 413
	76, 413
	328, 413
	355, 413
	320, 414
	7, 414
	234, 414
	31, 414
	-1, 414
	296, 415
	71, 415
	340, 415
	408, 415
	263, 415
	170, 416
	88, 416
	123, 416
	327, 416
	380, 416
	385, 416
	214, 417
	120, 417
	171, 417
	112, 417
	278, 417
	399, 417
	138, 417
Mesh Regions: 418
	376, 586, 715, 899, 1002, 1132, 1218
	38, 317, 528, 906, 991
	12, 272, 471, 534, 663, 1111
	89, 141, 349, 384, 656, 719
	20, 104, 177, 589, 989, 1220
	0, 4, 6, 138, 491
	158, 238, 437, 1004, 1160
	18, 144, 556, 702, 752, 1030, 1233
	1, 33, 245, 635, 1022
	102, 256, 276, 292, 904, 984
	2, 46, 187, 387, 504, 948
	3, 50, 51, 101, 573, 738
	3, 100, 475, 739, 775, 863
	65, 98, 172, 263, 1048
	4, 8, 10, 137, 154, 239, 674, 833
	5, 28, 608, 935, 956
	6, 7, 8, 9, 168
	30, 31, 211, 234, 350, 576, 966
	13, 54, 214, 321, 696
	22, 43, 85, 267, 990, 1222
	64, 99, 345, 450, 603
	66, 76, 367, 451, 484, 619
	9, 10, 170, 196, 834
	15, 218, 258, 322, 501, 563, 692
	11, 49, 110, 246, 596
	34, 235, 242, 331, 433, 461, 579, 1085
	12, 35, 273, 459, 664, 669
	13, 53, 107, 156, 213, 306, 926
	24, 405, 850, 973
	14, 56, 295, 358, 736
	15, 16, 216, 564, 1097
	17, 18, 831, 1031, 1235
	19, 94, 228, 684, 723
	73, 91, 127, 352, 881
	20, 105, 210, 590, 1124
	21, 40, 117, 852, 960
	22, 42, 61, 84, 488, 594, 623
	80, 123, 225, 894, 896, 1000, 1165
	23, 148, 499, 543
	25, 103, 417, 988, 1093
	24, 651, 851, 937, 968, 1142
	121, 277, 314, 412, 1170, 1183
	25, 92, 270, 986, 1090
	68, 221, 482, 910, 993
	113, 508, 513, 522, 942, 1046
	26, 27, 404, 544
	136, 139, 205, 871, 943, 1036
	28, 29, 48, 132, 820, 934, 1080
	30, 32, 190, 212, 559, 1125
	31, 32, 189, 555, 967
	67, 72, 133, 454, 1119
	33, 108, 244, 253, 425, 634
	34, 35, 274, 434, 462
	79, 106, 120, 163, 312, 551
	57, 69, 82, 361, 788, 1099, 1207
	36, 88, 487, 621, 745
	37, 143, 382, 400, 606, 878, 952
	38, 197, 310, 316, 527, 531, 808, 915
	44, 115, 180, 443, 523
	39, 119, 193, 856
	194, 580, 813, 858, 877
	40, 41, 385, 481, 959
	81, 336, 570, 584, 790, 897
	42, 43, 595, 1128, 1223
	44, 114, 442, 510, 681, 1011
	45, 62, 145, 876
	254, 278, 479, 957, 1139
	125, 289, 582, 812, 923
	46, 47, 388, 396
	48, 160, 174, 293, 817, 932
	49, 77, 109, 496, 600
	71, 647, 697, 1116, 1196, 1238
	50, 52, 428, 572, 712
	51, 52, 427, 477, 741, 883, 913
	53, 54, 288, 467, 695, 925
	55, 56, 275, 297, 733, 905
	57, 785, 918, 1211, 1229
	63, 157, 319, 465, 1006, 1026
	58, 59, 151, 413, 751
	60, 61, 86, 201, 624
	62, 147, 290, 468, 815, 873
	63, 318, 374, 515, 807, 1007
	93, 95, 188, 223, 300, 418, 1091
	78, 111, 164, 339, 347, 426, 1106
	243, 287, 330, 343, 512, 1038
	64, 65, 97, 149, 264, 448, 771
	66, 67, 68, 135, 220, 453, 483
	69, 526, 530, 804, 1100, 1190, 1208
	70, 231, 1073, 1243
	71, 72, 452, 698, 795, 1115
	73, 90, 126, 505, 653, 1043
	74, 323, 495, 598, 1019
	75, 76, 366, 369, 618, 632, 823
	77, 78, 112, 348, 494, 1176
	79, 313, 338, 549, 650, 675, 938
	80, 81, 122, 335, 900
	82, 83, 362, 458, 787
	84, 85, 86, 204, 266
	87, 88, 150, 447, 744
	368, 372, 486, 995, 1103, 1189
	89, 90, 91, 142, 652, 880
	116, 198, 250, 281, 431, 927, 1063, 1154
	92, 93, 96, 203, 230, 269, 1089
	94, 95, 96, 229, 299, 685
	97, 98, 99, 171, 604, 766
	100, 101, 159, 176, 574, 864, 1150
	102, 191, 255, 283, 919, 982, 1227
	103, 104, 105, 419, 987, 1120, 1163
	106, 130, 161, 261, 538, 550
	107, 155, 215, 378, 728
	108, 252, 341, 422
	109, 110, 111, 112, 248, 424
	113, 128, 233, 507, 520, 1251
	114, 115, 129, 182, 183, 660, 1012
	116, 134, 199, 646, 1069
	117, 118, 119, 192, 406, 853
	120, 121, 162, 315, 409, 757, 761
	122, 123, 334, 561, 778, 1122, 1166
	124, 165, 502, 945, 1062, 1078
	125, 208, 305, 365, 583, 616, 922
	126, 127, 128, 354, 506, 1249
	129, 130, 181, 262, 552, 659
	131, 132, 178, 185, 819, 1079
	265, 783, 1052, 1055, 1244
	133, 134, 135, 200, 219, 644, 1117
	136, 140, 241, 286, 707, 1037
	137, 138, 153, 490
	139, 140, 206, 237, 240, 381, 1200
	141, 142, 143, 383, 879
	144, 558, 643, 1032
	145, 146, 147, 148, 469, 497
	149, 150, 167, 449, 743, 770
	151, 152, 324, 701, 750
	207, 307, 395, 585, 792, 1134
	153, 154, 302, 492, 611, 672
	155, 156, 303, 377, 392
	166, 186, 473, 825, 949, 978
	157, 158, 1009, 1024, 1162
	159, 160, 175, 294, 353, 1149, 1254
	161, 162, 163, 539, 762
	164, 340, 373, 410, 754, 1109
	165, 166, 474, 947, 1061
	167, 592, 746, 769, 998, 1131
	168, 169, 170, 195, 1094
	171, 172, 173, 767, 1047
	174, 175, 176, 818, 865
	177, 588, 665, 1071, 1226
	178, 179, 184, 356, 626, 734
	180, 181, 182, 337, 525, 547, 845
	183, 380, 439, 662, 1013
	184, 185, 629, 772, 816, 867
	186, 187, 389, 720, 950, 976
	188, 224, 301, 610
	209, 308, 364, 649, 678, 846
	189, 190, 509, 554, 560, 679, 781, 1184
	191, 740, 885, 920, 981
	192, 193, 194, 407, 581, 614, 857
	195, 196, 326, 562, 837, 1095
	197, 271, 311, 809, 889
	198, 199, 200, 222, 249
	201, 202, 203, 204, 226, 268
	205, 206, 236, 516, 870
	207, 208, 209, 304, 309, 363, 393
	260, 280, 435, 535, 657, 1157
	210, 211, 212, 351, 591, 1123
	213, 214, 215, 320, 328, 730, 835
	216, 217, 218, 259, 401
	219, 220, 221, 222, 251, 463, 907
	223, 224, 225, 420, 609, 895, 1167, 1216
	226, 227, 228, 229, 230
	231, 232, 1050, 1242
	233, 519, 571, 713, 887, 1250
	234, 235, 285, 332, 575, 965
	236, 237, 238, 379, 436, 517, 1005
	239, 673, 717, 727, 838, 1215
	240, 241, 553, 705, 1187, 1199
	242, 243, 329, 344, 859, 1084
	244, 245, 246, 247, 248, 423
	249, 250, 251, 464, 1025, 1153
	252, 253, 254, 279, 342, 478, 638, 1179
	255, 256, 257, 284, 901
	258, 259, 403, 500, 541
	260, 261, 262, 536, 658
	263, 264, 265, 768, 1049, 1054
	266, 267, 268, 269, 270, 985
	271, 375, 521, 805, 893, 1145
	272, 273, 274, 432, 472, 827
	275, 276, 291, 627, 732, 903
	277, 278, 279, 1138, 1169, 1180
	280, 281, 430, 540, 1155, 1158
	282, 283, 284, 784, 1228
	285, 286, 287, 333, 706, 964, 1039
	288, 289, 290, 470, 811, 924
	291, 292, 476, 628, 773, 980
	293, 294, 355, 931
	295, 296, 297, 298
	299, 300, 301, 302, 493, 612, 687
	303, 304, 305, 306, 394, 921
	307, 308, 309, 791, 844
	310, 311, 429, 890, 912
	312, 313, 314, 315, 939, 1172
	316, 317, 318, 319, 466, 810, 909
	320, 321, 322, 327, 566, 691
	323, 324, 325, 700, 1018
	326, 327, 328, 565, 839
	329, 330, 331, 332, 333
	334, 335, 336, 444, 567, 683, 777
	337, 338, 548, 676, 843
	339, 340, 341, 342, 411, 421, 1181
	343, 344, 511, 640, 860, 1041
	345, 346, 445, 605
	347, 348, 641, 848, 1107, 1177
	349, 639, 654, 718, 862, 977, 1087
	350, 351, 460, 577, 587, 667
	352, 353, 354, 355, 882, 933, 955, 1248
	356, 357, 358, 737
	359, 360, 601, 763
	361, 362, 371, 457, 1101
	363, 364, 365, 617, 648, 972
	366, 367, 368, 370, 485
	369, 370, 371, 372, 455, 633, 1102
	373, 514, 755, 1066, 1104
	374, 375, 518, 806, 1146
	376, 377, 378, 391, 716, 729, 1136
	379, 380, 381, 438, 1014, 1202
	382, 383, 384, 390, 399, 722
	385, 386, 480, 636, 1020
	387, 388, 389, 390, 398, 721
	391, 392, 393, 394, 395, 1135
	396, 397, 398, 399, 400
	401, 402, 403, 404, 546
	405, 406, 407, 613, 854, 970
	408, 416, 441, 689, 801
	409, 410, 411, 412, 756, 1182
	413, 414, 749, 1234
	415, 416, 440, 709, 830
	417, 418, 419, 420, 1092, 1164
	421, 422, 423, 424, 425, 426
	427, 428, 429, 711, 892, 911
	430, 431, 537, 758, 930
	432, 433, 434, 828, 1088
	435, 436, 437, 438, 439, 661, 1156
	440, 441, 699, 708, 797
	442, 443, 444, 524, 568, 680
	445, 446, 447, 448, 449, 450
	451, 452, 453, 454, 620, 796
	455, 456, 457, 458, 630
	459, 460, 461, 462, 578, 670
	463, 464, 465, 466, 908, 1027
	467, 468, 469, 470, 498, 694
	471, 472, 473, 474, 533, 826, 1060
	475, 476, 742, 774, 979
	477, 532, 802, 884, 914, 1206
	478, 479, 480, 481, 637, 958
	482, 483, 484, 485, 486, 994
	487, 488, 593, 622, 748
	489, 490, 491, 492, 493, 686, 725
	494, 495, 496, 557, 599, 1016, 1175
	497, 498, 499, 500, 501, 542, 693
	502, 503, 504, 946
	505, 506, 507, 508, 1045
	509, 510, 682, 1010, 1186, 1204
	511, 512, 513, 941, 1035, 1042
	514, 645, 849, 1065, 1105, 1241
	515, 516, 517, 518, 869, 1008, 1147
	519, 520, 521, 522, 888, 944, 1148
	523, 524, 525, 569, 794, 841
	526, 527, 528, 529, 996, 1192
	529, 530, 531, 532, 803, 916
	533, 534, 782, 1057, 1059, 1076, 1110
	535, 536, 537, 538, 539, 540, 759
	541, 542, 543, 544, 545, 546
	547, 548, 549, 550, 551, 552
	553, 554, 555, 704, 963, 1185
	556, 557, 558, 642, 703, 1015, 1174
	559, 560, 561, 779, 1121
	562, 563, 564, 565, 566, 1096
	567, 568, 569, 570, 789
	571, 572, 573, 574, 714, 1151, 1252
	575, 576, 577, 578, 579
	580, 581, 582, 583, 615, 814
	584, 585, 586, 793, 898, 1133
	587, 588, 589, 590, 591, 666
	592, 593, 594, 595, 747, 1127
	596, 597, 598, 599, 600
	601, 602, 603, 604, 605, 765
	606, 607, 608, 951
	609, 610, 611, 612, 671, 1213
	613, 614, 615, 616, 617, 971
	618, 619, 620, 688, 799, 822
	621, 622, 623, 624, 625
	626, 627, 628, 629, 735, 776
	630, 631, 632, 633
	634, 635, 636, 637, 638, 1023
	639, 640, 655, 861, 1040
	641, 642, 643, 847, 1033, 1178, 1197
	644, 645, 646, 647, 1068, 1118, 1237
	648, 649, 650, 651, 677, 936, 969
	652, 653, 654, 655, 656, 1044
	657, 658, 659, 660, 661, 662
	663, 664, 668, 997, 1070, 1112, 1129
	665, 666, 667, 668, 669, 670, 1072
	671, 672, 673, 674, 1212
	675, 676, 677, 678, 842
	679, 680, 681, 682, 683, 780
	684, 685, 686, 687, 726
	688, 689, 690, 800, 821
	691, 692, 693, 694, 695, 696
	697, 698, 699, 710, 798, 1195
	700, 701, 702, 703, 753, 1017
	704, 705, 706, 707, 962
	708, 709, 710, 829, 1029, 1194
	711, 712, 713, 714, 891
	715, 716, 717, 731, 1214
	718, 719, 720, 721, 722, 975
	723, 724, 725, 726
	727, 728, 729, 730, 731, 836
	732, 733, 734, 735, 736, 737
	738, 739, 740, 741, 742, 886, 983
	743, 744, 745, 746, 747, 748
	749, 750, 751, 752, 753, 1232
	754, 755, 756, 757, 760, 928, 1067
	758, 759, 760, 761, 762, 929
	763, 764, 765, 766, 767
	768, 769, 770, 771, 999, 1053
	772, 773, 774, 775, 776, 866
	777, 778, 779, 780, 781
	782, 783, 1056, 1077, 1245
	784, 785, 786, 787, 788, 1230
	789, 790, 791, 792, 793, 794, 840
	795, 796, 797, 798, 799, 800, 801
	802, 803, 804, 1205
	805, 806, 807, 808, 809, 810
	811, 812, 813, 814, 815, 872
	816, 817, 818, 819, 820, 868
	821, 822, 823, 824
	825, 826, 827, 828, 974, 1082
	829, 830, 831, 832, 1028
	833, 834, 835, 836, 837, 838, 839
	840, 841, 842, 843, 844, 845, 846
	847, 848, 849, 1108, 1193, 1239
	850, 851, 852, 853, 854, 961, 1141
	855, 856, 857, 858, 874
	859, 860, 861, 862, 1086
	863, 864, 865, 866, 867, 868
	869, 870, 871, 940, 1144
	872, 873, 874, 875, 876, 877
	878, 879, 880, 881, 882, 953
	883, 884, 885, 886, 917, 1209
	887, 888, 889, 890, 891, 892, 893
	894, 895, 1003, 1217
	896, 897, 898, 899, 900, 1001
	901, 902, 903, 904, 905
	906, 907, 908, 909, 910, 992
	911, 912, 913, 914, 915, 916
	917, 918, 919, 920, 1210, 1231
	921, 922, 923, 924, 925, 926
	927, 928, 929, 930, 1064
	931, 932, 933, 934, 935, 954
	936, 937, 938, 939, 1137, 1171
	940, 941, 942, 943, 944, 1034, 1143
	945, 946, 947, 948, 949, 950
	951, 952, 953, 954, 955, 956
	957, 958, 959, 960, 961, 1140
	962, 963, 964, 965, 966, 967
	968, 969, 970, 971, 972, 973
	974, 975, 976, 977, 978, 1083
	979, 980, 981, 982, 983, 984
	985, 986, 987, 988, 989, 990, 1221
	991, 992, 993, 994, 995, 996, 1191
	997, 998, 999, 1058, 1113, 1130
	1000, 1001, 1002, 1003, 1219
	1004, 1005, 1006, 1007, 1008, 1009
	1010, 1011, 1012, 1013, 1014, 1201
	1015, 1016, 1017, 1018, 1019
	1020, 1021, 1022, 1023
	1024, 1025, 1026, 1027, 1152, 1161
	1028, 1029, 1030, 1031, 1032, 1033, 1198
	1034, 1035, 1036, 1037, 1038, 1039
	1040, 1041, 1042, 1043, 1044, 1045, 1046
	1047, 1048, 1049, 1050, 1051, 1052, 1246
	1053, 1054, 1055, 1056, 1057, 1058, 1114
	1059, 1060, 1061, 1062, 1075
	1063, 1064, 1065, 1066, 1067, 1068, 1069
	1070, 1071, 1072, 1126, 1225
	1073, 1074, 1075, 1076, 1077, 1078, 1247
	1079, 1080, 1081
	1082, 1083, 1084, 1085, 1086, 1087, 1088
	1089, 1090, 1091, 1092, 1093
	1094, 1095, 1096, 1097, 1098
	1099, 1100, 1101, 1102, 1103, 1188
	1104, 1105, 1106, 1107, 1108, 1109
	1110, 1111, 1112, 1113, 1114
	1115, 1116, 1117, 1118, 1119
	1120, 1121, 1122, 1123, 1124, 1125, 1168
	1126, 1127, 1128, 1129, 1130, 1131, 1224
	1132, 1133, 1134, 1135, 1136
	1137, 1138, 1139, 1140, 1141, 1142, 1173
	1143, 1144, 1145, 1146, 1147, 1148
	1149, 1150, 1151, 1253
	1152, 1153, 1154, 1155, 1159
	1156, 1157, 1158, 1159, 1160, 1161, 1162
	1163, 1164, 1165, 1166, 1167, 1168
	1169, 1170, 1171, 1172, 1173
	1174, 1175, 1176, 1177, 1178
	1179, 1180, 1181, 1182, 1183
	1184, 1185, 1186, 1187, 1203
	1188, 1189, 1190, 1191, 1192
	1193, 1194, 1195, 1196, 1197, 1198, 1240
	1199, 1200, 1201, 1202, 1203, 1204
	1205, 1206, 1207, 1208, 1209, 1210, 1211
	1212, 1213, 1214, 1215, 1216, 1217, 1218, 1219
	1220, 1221, 1222, 1223, 1224, 1225, 1226
	1227, 1228, 1229, 1230, 1231
	1232, 1233, 1234, 1235, 1236
	1237, 1238, 1239, 1240, 1241
	1242, 1243, 1244, 1245, 1246, 1247
	1248, 1249, 1250, 1251, 1252, 1253, 1254
Seed Numbers: 418
	0
	1
	2
	3
	4
	5
	6
	7
	8
	9
	10
	11
	12
	13
	14
	15
	16
	17
	18
	19
	20
	21
	22
	23
	24
	25
	26
	27
	28
	29
	30
	31
	32
	33
	34
	35
	36
	37
	38
	39
	40
	41
	42
	43
	44
	45
	46
	47
	48
	49
	50
	51
	52
	53
	54
	55
	56
	57
	58
	59
	60
	61
	62
	63
	64
	65
	66
	67
	68
	69
	70
	71
	72
	73
	74
	75
	76
	77
	78
	79
	80
	81
	82
	83
	84
	85
	86
	87
	88
	89
	90
	91
	92
	93
	94
	95
	96
	97
	98
	99
	100
	101
	102
	103
	104
	105
	106
	107
	108
	109
	110
	111
	112
	113
	114
	115
	116
	117
	118
	119
	120
	121
	122
	123
	124
	125
	126
	127
	128
	129
	130
	131
	132
	133
	134
	135
	136
	137
	138
	139
	140
	141
	142
	143
	144
	145
	146
	147
	148
	149
	150
	151
	152
	153
	154
	155
	156
	157
	158
	159
	160
	161
	162
	163
	164
	165
	166
	167
	168
	169
	170
	171
	172
	173
	174
	175
	176
	177
	178
	179
	180
	181
	182
	183
	184
	185
	186
	187
	188
	189
	190
	191
	192
	193
	194
	195
	196
	197
	198
	199
	200
	201
	202
	203
	204
	205
	206
	207
	208
	209
	210
	211
	212
	213
	214
	215
	216
	217
	218
	219
	220
	221
	222
	223
	224
	225
	226
	227
	228
	229
	230
	231
	232
	233
	234
	235
	236
	237
	238
	239
	240
	241
	242
	243
	244
	245
	246
	247
	248
	249
	250
	251
	252
	253
	254
	255
	256
	257
	258
	259
	260
	261
	262
	263
	264
	265
	266
	267
	268
	269
	270
	271
	272
	273
	274
	275
	276
	277
	278
	279
	280
	281
	282
	283
	284
	285
	286
	287
	288
	289
	290
	291
	292
	293
	294
	295
	296
	297
	298
	299
	300
	301
	302
	303
	304
	305
	306
	307
	308
	309
	310
	311
	312
	313
	314
	315
	316
	317
	318
	319
	320
	321
	322
	323
	324
	325
	326
	327
	328
	329
	330
	331
	332
	333
	334
	335
	336
	337
	338
	339
	340
	341
	342
	343
	344
	345
	346
	347
	348
	349
	350
	351
	352
	353
	354
	355
	356
	357
	358
	359
	360
	361
	362
	363
	364
	365
	366
	367
	368
	369
	370
	371
	372
	373
	374
	375
	376
	377
	378
	379
	380
	381
	382
	383
	384
	385
	386
	387
	388
	389
	390
	391
	392
	393
	394
	395
	396
	397
	398
	399
	400
	401
	402
	403
	404
	405
	406
	407
	408
	409
	410
	411
	412
	413
	414
	415
	416
	417
Phase Numbers: 418
	2
	2
	1
	3
	2
	3
	2
	2
	0
	2
	2
	1
	3
	2
	0
	2
	0
	0
	2
	3
	3
	3
	2
	2
	2
	3
	1
	2
	3
	3
	3
	3
	3
	3
	2
	3
	2
	3
	0
	2
	2
	2
	2
	2
	3
	3
	1
	2
	0
	2
	0
	2
	0
	2
	2
	3
	1
	3
	2
	3
	2
	1
	2
	3
	2
	2
	3
	3
	2
	2
	3
	2
	3
	3
	3
	2
	3
	2
	3
	2
	1
	2
	0
	0
	2
	3
	2
	3
	2
	2
	2
	2
	3
	2
	2
	2
	0
	0
	1
	3
	0
	0
	3
	3
	0
	2
	2
	3
	2
	3
	1
	2
	1
	3
	2
	2
	2
	3
	2
	3
	3
	3
	2
	3
	3
	3
	1
	3
	2
	2
	2
	3
	2
	1
	3
	2
	2
	0
	2
	2
	0
	2
	3
	2
	2
	2
	2
	2
	3
	3
	2
	3
	0
	3
	3
	0
	2
	3
	2
	0
	2
	3
	2
	3
	2
	2
	3
	3
	3
	0
	3
	2
	3
	3
	3
	3
	3
	2
	3
	3
	3
	0
	3
	2
	0
	1
	2
	1
	2
	2
	3
	2
	0
	2
	1
	2
	0
	3
	3
	3
	3
	1
	2
	3
	3
	2
	2
	0
	3
	3
	3
	2
	3
	3
	2
	1
	3
	3
	3
	3
	3
	2
	2
	2
	3
	3
	2
	0
	2
	3
	2
	0
	3
	3
	3
	1
	1
	2
	3
	0
	3
	2
	1
	1
	3
	0
	2
	1
	3
	1
	3
	2
	3
	3
	1
	2
	3
	2
	3
	3
	3
	0
	3
	1
	2
	3
	2
	2
	3
	2
	3
	0
	3
	3
	2
	1
	2
	3
	1
	3
	3
	2
	3
	3
	2
	3
	1
	2
	1
	3
	2
	2
	3
	2
	3
	1
	0
	2
	2
	3
	2
	3
	2
	3
	3
	3
	1
	2
	3
	2
	3
	2
	3
	3
	3
	2
	3
	2
	2
	3
	2
	3
	3
	2
	3
	2
	3
	2
	2
	3
	2
	0
	3
	3
	3
	2
	2
	3
	0
	3
	1
	3
	3
	2
	2
	2
	2
	1
	2
	2
	3
	2
	2
	3
	0
	3
	1
	3
	3
	3
	2
	1
	3
	0
	3
	3
	3
	1
	3
	2
	2
	2
	2
	2
	2
	3
	3
	3
	3
	0
	2
	2
	2
	3
	3
	0
	2
	2
	1
	2
	1
	2
	3
	3
	2
	2
	1
	2
	2
	3
	3
	3
	0
	3
	3
	3
	3
	2
	2
	2
	3
	3
	2
	3
	0
	2
	1
	2
Volumes: 418
	0.0030959771550275288
	0.002318212354058066
	0.0030195815428520735
	0.0019711160583197
	0.002212558720344148
	0.0016580210304943496
	0.0019293122346580812
	0.002808995614084913
	0.0017316576294969636
	0.002186230309072405
	0.002078289927975695
	0.002645418933521009
	0.0022780192172386646
	0.0022988881161274616
	0.0030105274871574023
	0.003010118147371099
	0.0019590124918471984
	0.002464976660923496
	0.002641703809578511
	0.0022489585584482674
	0.0023842673725203278
	0.0029712779446553006
	0.0020837046244286317
	0.002856464125655292
	0.002115805174437127
	0.0027506266151874612
	0.0026953880103381405
	0.0024127687177161296
	0.0020158968624224395
	0.001892788325029484
	0.0017974595876152097
	0.002018151894222365
	0.002276453345452814
	0.0019496577582978972
	0.0017437253615058415
	0.003045822111196986
	0.00292988428579928
	0.002294683052155279
	0.002565884280703452
	0.0022832461955779523
	0.002378022577277985
	0.002203675554068695
	0.0021153453368978918
	0.0020128498360313914
	0.002689549284374134
	0.001397919526243348
	0.002454517761963272
	0.0034266384407674764
	0.002540611015665319
	0.0018214155906923681
	0.0019574744565820923
	0.002263625764428415
	0.0018828814088644504
	0.0020448385036770985
	0.002925701385931169
	0.0016133432255978546
	0.0034747597655439676
	0.00276937096488448
	0.0016791708554655354
	0.0020238190714805208
	0.0025732432101486452
	0.0019206775206773857
	0.002416793830395867
	0.002667595475784612
	0.001828352192208311
	0.0011109734122483508
	0.0020173343435747884
	0.0016769637441009385
	0.0012036127400403122
	0.002139008834657073
	0.0023060885573441487
	0.002757731397307338
	0.0016932918682169328
	0.002790349167198806
	0.0021324906167175563
	0.002592215339788554
	0.0017478249874504606
	0.0025460232335119603
	0.0009404151465230858
	0.0024165322051573736
	0.002375738371715053
	0.0025361323061298116
	0.002886363936123017
	0.0031511988067644235
	0.0025203002942287404
	0.0023500663066062374
	0.003646767289919743
	0.00257481506767291
	0.001267220656890692
	0.0027999770817654234
	0.0016891112194288588
	0.0015855837888223284
	0.0025776463235019443
	0.0020036256380104875
	0.0025735843956769784
	0.0026194244327905573
	0.0024505564323232523
	0.002127351823675608
	0.0027873865978009856
	0.002170375398934674
	0.001705081487556805
	0.0029087329527952483
	0.0028893299651721435
	0.0026942930922197366
	0.0018108182611371029
	0.002289437913066124
	0.0030028729742618246
	0.003018276453872624
	0.0024210763074544563
	0.002420659835488599
	0.0016510507117644352
	0.0019801680290521457
	0.0031499107129181044
	0.0028317245416305354
	0.0027031831675118755
	0.0031162769308388434
	0.0027539637499495923
	0.003339216472423092
	0.003038049870209619
	0.0029927767322647488
	0.002228475063720852
	0.0026312544454145316
	0.0032256157497002167
	0.00204732930199558
	0.002913964201960947
	0.0027176325083836557
	0.0017756067004416883
	0.0028001855475000997
	0.002079094905379485
	0.0018065226863945732
	0.0020006423691204234
	0.002815371641719546
	0.0016164798571805584
	0.0020550093237952823
	0.002399200914523811
	0.001668796100890568
	0.003008303192092064
	0.002757748970126406
	0.002353692985886262
	0.0015922533438269533
	0.002858328748735461
	0.0024081205956283736
	0.0025613544561091184
	0.0012998738151290359
	0.001658792424270763
	0.0016757465659914548
	0.0026475438818591075
	0.0022370960184376837
	0.00256461985111958
	0.002428156436558157
	0.002873302791710895
	0.0028541765051617236
	0.0019185213725407305
	0.002426214573364771
	0.002661008224864669
	0.002428389081013344
	0.002876500559944597
	0.0024247052778849157
	0.0024082573816023383
	0.0019572619844571313
	0.002484366338691694
	0.002129610711053164
	0.0028768256706547006
	0.002631084780665943
	0.0025352085575357625
	0.0029222682476709415
	0.0015390006924150888
	0.0030691393910405097
	0.0033857184708987716
	0.0029121113174204825
	0.0016942524388269267
	0.0026407687258872296
	0.002099935227275843
	0.002731734771444747
	0.0027826316025709235
	0.002475718879255334
	0.0027795211510057627
	0.0030668021632415214
	0.0024161427892785293
	0.0030153145372653614
	0.002604440850604587
	0.00209131201323148
	0.001675876086731869
	0.0027993477699303475
	0.002653650707598664
	0.0023130197895004515
	0.002920783874378328
	0.002644829806546358
	0.002398294085044941
	0.0023758529354301026
	0.0015911568817304621
	0.002021755234256445
	0.0025911519946339783
	0.0026845844581182684
	0.001588267411179379
	0.0011516268833318194
	0.0019332532996985078
	0.0021283919016965498
	0.0023481685217524783
	0.0015249955239220467
	0.002675665392269109
	0.003028672071828907
	0.002771066736849459
	0.0018288931759566564
	0.002496805051390924
	0.0021905860981352053
	0.003250514377312611
	0.0024942101682753548
	0.0021124251601622674
	0.0020222993114922235
	0.0009513322825426358
	0.0026640540093867482
	0.0028909128396638244
	0.0024667182456528484
	0.0029285621437577726
	0.0015373369902939374
	0.0007241189841775419
	0.002169633202757439
	0.0025334626262529924
	0.0031906092441008624
	0.0026381671846913684
	0.0026555437908475617
	0.0021595352986391514
	0.002777933699590291
	0.002620969896977426
	0.001966627673867162
	0.0015404471263488094
	0.002157755562599636
	0.0026306334382608866
	0.0026273378583525618
	0.0021209803071143597
	0.0029063125720767075
	0.0020831386709863156
	0.0029697688515945226
	0.00097734547212329
	0.001724356124772708
	0.0030524230717813867
	0.002636215242456383
	0.002443897485155561
	0.0021582300022384314
	0.002411872960607934
	0.003185986395405603
	0.002179055089967049
	0.002665288173109304
	0.0023748276413425467
	0.0025191133136255868
	0.0021373791436907538
	0.002505878030342072
	0.0025883238827866632
	0.002374768519871815
	0.0037310027858525182
	0.0021560446824176547
	0.002447372214877382
	0.002663036745994763
	0.003055141087682951
	0.0023276521696948497
	0.002561799895081851
	0.0024253680078811794
	0.0027358739116507295
	0.001249312915318921
	0.0024738448837524395
	0.0024216432031236674
	0.002533086241489423
	0.0033371662448590544
	0.0026757457382454585
	0.003555631390917521
	0.002136675304775031
	0.0025792455982929768
	0.0023202428538327915
	0.003248152600634151
	0.002012916293926911
	0.0033415231554151624
	0.0026008066436635576
	0.0026109778480446076
	0.0026951245574924282
	0.002306655045353846
	0.0026651599218914385
	0.0021192405298587976
	0.0026092271621710695
	0.0020180908016474747
	0.002447216301031962
	0.0026701294028581295
	0.002499505230241183
	0.003175902159191393
	0.0018672629315910328
	0.0018995808960365589
	0.001988642813244279
	0.0020056037901561093
	0.003201110272746078
	0.0026110187100159042
	0.0023993494407582912
	0.002176467029566277
	0.002135373412212159
	0.0019438805997174084
	0.0018674853420524895
	0.0024437350122736403
	0.0026073496843107054
	0.002881288020037126
	0.002271606925863774
	0.0022379714581178332
	0.0028831737056764896
	0.002923234424524739
	0.0026352829626197336
	0.0029887705762702745
	0.002341005618839554
	0.0017584551869704156
	0.0016175333737592436
	0.0033666515411936966
	0.0029299415841095282
	0.002335137203345273
	0.0015678251061396545
	0.002530807559825208
	0.0015709655741546077
	0.003325813918398218
	0.002007841233077703
	0.001334149556833182
	0.0026499534719957242
	0.002012863776456093
	0.00249530268085778
	0.002267735973350631
	0.0019025399112864321
	0.0024098841041745494
	0.002273249179042895
	0.0012859662428905158
	0.002146282914958337
	0.0025571844199206648
	0.002631884982142438
	0.0020400024219317915
	0.0031014043467225854
	0.0027173845683158516
	0.002142872432992704
	0.0015735878833515126
	0.002482150208739056
	0.0023763645056010425
	0.002463085031672272
	0.0015779103194876285
	0.0027487100317899076
	0.0019181972883178986
	0.0029398237208178427
	0.0034083661855976396
	0.002605179828606572
	0.0031721542597255197
	0.0011905671669918266
	0.00175357810071749
	0.0029099001353724173
	0.00223796631387513
	0.0019275523035582418
	0.00198850306641745
	0.0018903561530379935
	0.0021813347623421595
	0.002349606085317395
	0.0024928273213197204
	0.0023822147580110286
	0.0026208726519268196
	0.002515072489680621
	0.0022274569576118323
	0.0020754195579898403
	0.002727558060237653
	0.0029048701285645535
	0.0023984701392703216
	0.003863506611829054
	0.0025776245921737455
	0.0030694616466311626
	0.002451384452985368
	0.002433763903970727
	0.002217530684692784
	0.002733766692436245
	0.002604553505861295
	0.002586118271892636
	0.0025838405006476197
	0.002197784704497934
	0.002047177721771415
	0.0026670709223322463
	0.0026993613111610994
	0.0019391422153464907
	0.000793334524284717
	0.0026003082111631
	0.003355649250836368
	0.002797677581443294
	0.0023625532611077915
	0.00249928593283406
	0.002922624864188836
	0.001981717155125043
	0.0033074505793247565
	0.001918401443316383
	0.0032508152946579224
	0.0013702006942137865
	0.0031370066708413663
	0.002168942608540325
	0.0015142505428684173
	0.0022855074921724556
	0.0031134442890663715
	0.0024883954586030913
	0.0019304577741194179
	0.0035669397441048475
	0.0026355153500847205
	0.0020061757790820946
	0.0027120737433559577
	0.002174526820990977
	0.0017011999444547475
	0.001790142625258613
	0.0020643946054498858
	0.003401972419346459
	0.0025294484110807
	0.0017133896291540345
	0.0018849943106901458
	0.002156782032174318
	0.0019405153015767704
	0.0031749320202945144
	0.0022393766540812635
	0.002645269968898868
	0.003842117998670333
	0.0028885541647697592
	0.0019896506163278272
	0.0012237036524646932
	0.0021049410755536214
	0.0022966276530372344
	0.003288884708860841
