Mesh Points: 838
	 3.522593e-01,  3.530174e-01
	 3.412957e-01,  3.937102e-01
	 3.845770e-01,  3.509221e-01
	 3.518593e-01,  4.081582e-01
	 4.003666e-01,  3.710527e-01
	 3.861418e-01,  4.035435e-01
	 5.620404e-02, -3.468664e-01
	 5.422828e-02, -3.642942e-01
	 2.719154e-02, -3.900516e-01
	-6.391191e-03, -3.442076e-01
	 2.826217e-02, -3.265265e-01
	 7.787228e-03, -3.891793e-01
	 4.732679e-02, -3.324481e-01
	-3.079569e-01, -4.064075e-01
	-3.013402e-01, -4.040719e-01
	-2.520378e-01, -4.269644e-01
	-2.618462e-01, -4.534956e-01
	-3.232842e-01, -4.594865e-01
	-3.329107e-01, -4.495270e-01
	 1.400519e-01, -1.989728e-01
	 1.014504e-01, -2.023281e-01
	 1.569114e-01, -1.683463e-01
	 1.072938e-01, -1.569583e-01
	 1.266413e-01, -1.473860e-01
	 9.758171e-02, -1.998867e-01
	-3.657463e-01, -5.825982e-02
	-3.517813e-01, -9.588647e-02
	-4.069924e-01, -9.208150e-02
	-3.958528e-01, -5.425730e-02
	-4.143955e-01, -8.468378e-02
	-2.329835e-01,  4.426063e-01
	-2.658898e-01,  4.330119e-01
	-2.348563e-01,  4.759253e-01
	-2.706973e-01,  4.889916e-01
	-2.800220e-01,  4.736304e-01
	 3.093599e-01,  3.030713e-01
	 3.186831e-01,  3.358315e-01
	 3.523923e-01,  2.860255e-01
	 3.420717e-01,  3.388887e-01
	 3.626108e-01,  2.990524e-01
	-2.949768e-01,  4.234103e-01
	-3.203900e-01,  4.525390e-01
	-3.116926e-01,  3.865629e-01
	-3.539062e-01,  4.165444e-01
	-3.455580e-01,  4.411650e-01
	-3.391646e-01,  3.902232e-01
	 3.113773e-01,  1.406823e-01
	 2.950108e-01,  1.080483e-01
	 3.017113e-01,  1.604450e-01
	 2.632308e-01,  1.618520e-01
	 2.497153e-01,  1.291900e-01
	 2.517957e-01,  1.217726e-01
	 2.742322e-01,  1.068376e-01
	-4.649949e-01,  3.743259e-01
	-4.727620e-01,  3.918669e-01
	-4.883052e-01,  3.464679e-01
	-5.000000e-01,  4.010753e-01
	-5.000000e-01,  3.467942e-01
	-3.715999e-01, -5.000000e-01
	-3.767807e-01, -4.786725e-01
	-3.182563e-01, -5.000000e-01
	-3.567826e-01, -4.469627e-01
	-1.315891e-01, -5.000000e-01
	-1.279659e-01, -4.599288e-01
	-1.738638e-01, -5.000000e-01
	-1.882346e-01, -4.582268e-01
	-1.388885e-01, -4.505815e-01
	-1.901776e-01, -4.654845e-01
	 2.444557e-01, -4.871082e-02
	 2.329203e-01, -6.764413e-02
	 2.885182e-01, -5.187879e-02
	 2.536446e-01, -9.881629e-02
	 2.870076e-01, -7.372694e-02
	-2.814868e-01,  8.158415e-02
	-2.494502e-01,  9.569265e-02
	-3.064828e-01,  1.089533e-01
	-2.926326e-01,  1.513009e-01
	-2.556607e-01,  1.528839e-01
	 5.000000e-01,  1.029278e-02
	 4.532367e-01, -1.797819e-03
	 4.309328e-01,  3.302470e-02
	 4.736832e-01,  5.877002e-02
	 5.000000e-01,  3.489556e-02
	 4.392697e-01,  4.891944e-02
	 3.211818e-01,  8.093196e-02
	 3.071155e-01,  4.541455e-02
	 2.737238e-01,  3.941572e-02
	 2.533723e-01,  5.233480e-02
	 3.115801e-01,  1.836862e-01
	 2.923192e-01,  2.138665e-01
	 3.516168e-01,  1.888928e-01
	 3.158367e-01,  2.407120e-01
	 3.546830e-01,  2.170526e-01
	 3.602552e-01,  1.959646e-01
	-4.520641e-01, -5.500832e-02
	-4.483993e-01, -2.090357e-02
	-4.787675e-01, -6.729913e-02
	-5.000000e-01, -1.496945e-02
	-4.786467e-01, -6.672211e-03
	-5.000000e-01, -5.285589e-02
	 1.288936e-01,  4.661800e-01
	 1.450580e-01,  4.482392e-01
	 9.805924e-02,  4.706004e-01
	 8.203817e-02,  4.545128e-01
	 1.188749e-01,  4.031311e-01
	 9.008199e-02,  4.043213e-01
	-7.933711e-02,  5.000000e-01
	-7.935890e-02,  4.968655e-01
	-1.066331e-01,  4.709586e-01
	-1.290611e-01,  4.779469e-01
	-1.397033e-01,  5.000000e-01
	 2.245099e-01, -4.911835e-01
	 2.580685e-01, -4.528877e-01
	 2.250162e-01, -5.000000e-01
	 3.013374e-01, -4.892740e-01
	 3.023542e-01, -5.000000e-01
	-4.588497e-01,  8.743169e-02
	-5.000000e-01,  7.179985e-02
	-4.602175e-01,  1.220538e-01
	-5.000000e-01,  1.420982e-01
	-4.939239e-01,  1.421254e-01
	 1.227608e-01,  3.363923e-01
	 1.245185e-01,  3.244697e-01
	 1.446360e-01,  3.724610e-01
	 1.597786e-01,  3.037984e-01
	 1.830716e-01,  3.215645e-01
	 1.701191e-01,  3.717926e-01
	 2.848538e-01,  2.898492e-01
	 2.551969e-01,  3.424715e-01
	 2.586083e-01,  3.453250e-01
	 3.040578e-01,  3.498107e-01
	 3.928994e-01,  1.289242e-01
	 3.993038e-01,  1.569209e-01
	 4.419675e-01,  1.124031e-01
	 4.397331e-01,  1.678325e-01
	 4.630547e-01,  1.513737e-01
	 4.647531e-01,  1.453575e-01
	-4.403659e-01, -3.747268e-01
	-4.389538e-01, -3.490576e-01
	-4.649384e-01, -3.869766e-01
	-4.972268e-01, -3.551518e-01
	-4.594910e-01, -3.347086e-01
	 3.119833e-01,  3.859903e-01
	 2.919566e-01,  3.967396e-01
	 2.720457e-01,  3.902601e-01
	 4.103322e-01, -2.549436e-01
	 3.773403e-01, -2.250076e-01
	 4.367907e-01, -2.436011e-01
	 3.928548e-01, -2.046891e-01
	 4.254030e-01, -2.055171e-01
	 3.792608e-01, -3.768143e-01
	 4.104668e-01, -3.676863e-01
	 3.559709e-01, -3.554478e-01
	 3.732352e-01, -3.265234e-01
	 4.132692e-01, -3.474799e-01
	-1.356995e-01,  7.027760e-02
	-1.361897e-01,  6.972334e-02
	-1.505681e-01,  1.232870e-01
	-1.892620e-01,  1.205684e-01
	-1.814280e-01,  1.357407e-01
	-1.861048e-01,  7.668903e-02
	-3.960710e-01,  9.728748e-02
	-3.600987e-01,  1.388617e-01
	-4.218932e-01,  1.386030e-01
	-4.003501e-01,  1.580511e-01
	-3.612643e-01,  1.523398e-01
	 1.098832e-01, -2.846918e-01
	 1.550479e-01, -2.922945e-01
	 1.652109e-01, -3.073868e-01
	 1.072735e-01, -3.389905e-01
	 1.017306e-01, -2.964614e-01
	 1.411642e-01, -3.413667e-01
	-1.886377e-01,  3.367073e-01
	-1.554002e-01,  3.392560e-01
	-2.119510e-01,  3.587492e-01
	-2.069852e-01,  3.932644e-01
	-1.537701e-01,  3.833890e-01
	-1.469255e-01,  3.756027e-01
	-1.513581e-01,  3.423170e-01
	 2.330681e-01,  1.920916e-01
	 2.498192e-01,  1.871231e-01
	 2.016228e-01,  1.771531e-01
	 2.073900e-01,  1.536858e-01
	 3.211454e-01,  2.515887e-02
	 3.188817e-01,  1.025049e-02
	 2.748215e-01, -2.371812e-03
	 2.851187e-01, -9.733406e-03
	 9.427256e-02,  5.016369e-02
	 5.561467e-02,  5.159586e-02
	 1.083712e-01,  8.952436e-02
	 8.725019e-02,  1.129873e-01
	 4.110354e-02,  9.194107e-02
	 3.429776e-02,  6.949252e-02
	-2.156903e-01, -2.511632e-01
	-2.589856e-01, -2.810799e-01
	-2.042212e-01, -2.590351e-01
	-1.958218e-01, -2.897791e-01
	-2.084978e-01, -3.083819e-01
	-2.347906e-01, -3.118444e-01
	-2.576669e-01, -2.916732e-01
	 9.101590e-02, -3.950006e-01
	 5.604484e-02, -4.262734e-01
	 6.075067e-02, -4.272591e-01
	-2.838966e-01,  2.216343e-01
	-2.784112e-01,  2.224441e-01
	-3.204866e-01,  2.432057e-01
	-3.163718e-01,  2.751317e-01
	-2.697142e-01,  2.868749e-01
	-2.579673e-01,  2.803582e-01
	-2.551752e-01,  2.640156e-01
	-2.807462e-01,  2.131949e-03
	-3.012571e-01,  2.818195e-03
	-3.187267e-01,  4.731538e-02
	-2.597564e-01,  2.969078e-02
	-2.834390e-01,  7.448329e-02
	 4.703041e-01, -1.357649e-01
	 4.803264e-01, -1.502828e-01
	 4.655859e-01, -1.855611e-01
	 4.395248e-01, -1.863223e-01
	 4.145577e-01, -1.504191e-01
	 4.318525e-01, -1.285746e-01
	 1.850176e-01, -1.005734e-01
	 1.303930e-01, -1.042598e-01
	 1.909183e-01, -7.471400e-02
	 1.368057e-01, -5.807557e-02
	 1.636350e-01, -4.635706e-02
	 1.810377e-01, -5.431504e-02
	 5.000000e-01,  1.854267e-01
	 4.839596e-01,  1.834969e-01
	 5.000000e-01,  2.322393e-01
	 4.750701e-01,  2.324881e-01
	 4.635070e-01,  2.076832e-01
	-2.116404e-01, -3.589483e-01
	-2.439927e-01, -3.581800e-01
	-1.939840e-01, -3.403806e-01
	 6.984605e-02, -2.027596e-01
	 5.637267e-02, -1.369996e-01
	 5.099250e-02, -1.730848e-01
	 2.232192e-02,  3.612990e-01
	 5.480092e-03,  3.438886e-01
	 2.500817e-02,  4.124699e-01
	-2.872065e-02,  4.070861e-01
	 4.145332e-03,  4.220321e-01
	 2.172642e-02,  4.167921e-01
	-3.349039e-03,  3.460426e-01
	-2.989954e-02,  3.718223e-01
	 4.082421e-01,  3.134343e-02
	 3.842734e-01,  6.255945e-02
	 3.976504e-01,  7.747454e-02
	 4.286327e-01,  7.664602e-02
	-3.259266e-01,  3.220761e-01
	-3.014674e-01,  3.367414e-01
	-3.718131e-01,  3.512420e-01
	-3.037131e-01,  3.772202e-01
	-3.718047e-01,  3.541755e-01
	-1.950199e-01,  2.876032e-01
	-2.082294e-01,  3.015136e-01
	-1.982626e-01,  2.582632e-01
	-2.302693e-01,  3.036195e-01
	-2.172236e-01,  2.459078e-01
	-2.858969e-01, -3.561269e-01
	-2.903991e-01, -3.516269e-01
	-3.481808e-01, -3.714396e-01
	-3.458869e-01, -3.657346e-01
	 1.034905e-01,  1.473831e-01
	 9.061748e-02,  1.399562e-01
	 1.057392e-01,  1.887554e-01
	 6.100520e-02,  1.578951e-01
	 7.684640e-02,  2.061815e-01
	-2.720736e-01,  5.000000e-01
	-3.348800e-01,  5.000000e-01
	-3.160773e-01,  4.638239e-01
	 2.099288e-01,  3.799516e-01
	 1.829495e-01,  3.808237e-01
	 1.820819e-01,  4.345219e-01
	 2.188342e-01,  4.412574e-01
	 2.388861e-01,  4.202062e-01
	 3.907592e-01, -4.689231e-01
	 3.709407e-01, -4.696970e-01
	 3.981449e-01, -4.765530e-01
	 3.983966e-01, -5.000000e-01
	 3.554031e-01, -5.000000e-01
	 2.666831e-01,  2.689371e-01
	 2.808293e-01,  2.780367e-01
	 2.215126e-01,  2.855028e-01
	 2.160953e-01,  3.141978e-01
	 2.439931e-01,  3.418490e-01
	-2.990863e-01, -2.626354e-01
	-3.424663e-01, -2.319403e-01
	-3.238668e-01, -3.006850e-01
	-3.558989e-01, -2.826564e-01
	-3.478502e-01, -3.018482e-01
	 4.474054e-01,  4.217317e-01
	 4.078705e-01,  4.242452e-01
	 4.533375e-01,  4.669856e-01
	 3.956023e-01,  4.589118e-01
	 4.118195e-01,  4.766097e-01
	 4.482663e-01,  4.722835e-01
	-4.257034e-01, -4.711445e-01
	-4.252820e-01, -4.332920e-01
	-4.636645e-01, -4.888356e-01
	-4.604723e-01, -4.282016e-01
	-4.764932e-01, -4.568965e-01
	-3.580692e-01, -1.916776e-03
	-3.753083e-01, -1.018416e-03
	-3.462080e-01,  4.676290e-02
	-3.922407e-01,  4.570122e-02
	-3.963454e-01,  3.860073e-02
	 1.704780e-01, -2.404118e-01
	 1.548065e-01, -2.334765e-01
	 1.978710e-01, -1.976431e-01
	 1.752984e-01, -1.657677e-01
	-4.206672e-01, -4.297411e-01
	-4.165653e-01, -3.891653e-01
	-3.676090e-01, -4.344819e-01
	-3.937385e-01, -3.758089e-01
	-3.667484e-01, -3.836868e-01
	 3.668336e-01,  5.000000e-01
	 3.600184e-01,  4.749091e-01
	 3.327121e-01,  4.737789e-01
	 3.179721e-01,  5.000000e-01
	 4.562693e-02,  4.602609e-01
	-1.305010e-02,  4.787210e-01
	 3.797674e-02,  4.751703e-01
	 3.673716e-01, -2.929093e-01
	 3.651420e-01, -2.994155e-01
	 3.486626e-01, -2.655581e-01
	 3.133359e-01, -2.764816e-01
	 3.113754e-01, -3.146504e-01
	 3.135031e-01, -3.163662e-01
	-2.262889e-01, -6.448115e-04
	-2.439522e-01, -2.406819e-02
	-2.391693e-01,  2.822565e-02
	-2.640484e-01, -2.073347e-02
	-9.868413e-02, -4.557768e-01
	-8.256697e-02, -4.712573e-01
	-8.325189e-02, -5.000000e-01
	-4.798916e-01, -1.002048e-01
	-5.000000e-01, -1.017577e-01
	-4.426971e-01,  3.657422e-02
	-4.296104e-01,  2.859486e-02
	-4.314165e-01, -1.383718e-02
	-4.700937e-01,  2.891463e-02
	 2.196880e-01, -7.871633e-03
	 2.302054e-01, -1.344742e-02
	-1.562862e-02,  2.788088e-01
	 1.505722e-02,  3.186976e-01
	-4.271295e-02,  2.960555e-01
	-4.234370e-02,  3.233484e-01
	 3.921174e-01,  1.282758e-01
	 3.636806e-01,  1.241734e-01
	 3.684857e-01,  6.152682e-02
	 3.417411e-01,  8.331856e-02
	 3.459875e-01, -1.621558e-02
	 3.541469e-01,  3.014571e-02
	 3.736113e-01, -1.187967e-03
	 2.214743e-01, -2.976821e-01
	 2.003572e-01, -3.184991e-01
	 2.084077e-01, -2.583802e-01
	 1.724606e-01, -2.440570e-01
	 1.764265e-01, -3.828957e-01
	 1.700395e-01, -3.766472e-01
	 2.295416e-01, -3.808958e-01
	 2.003753e-01, -3.187356e-01
	 2.371737e-01, -3.726546e-01
	-1.085342e-01, -3.422076e-02
	-1.454507e-01, -4.512376e-02
	-1.006062e-01,  5.113240e-03
	-1.491187e-01,  1.807332e-02
	-1.401343e-01,  2.275737e-02
	-1.607955e-01, -3.363269e-02
	 4.462929e-01, -2.896144e-01
	 4.250217e-01, -2.979320e-01
	 4.514428e-01, -2.526835e-01
	 4.012430e-01, -2.805948e-01
	 4.480378e-01, -2.473666e-01
	-1.583045e-01,  4.379059e-01
	-2.064747e-01,  4.272246e-01
	-1.797866e-01,  4.434717e-01
	-2.093255e-01,  3.970898e-01
	 4.689184e-01, -3.786343e-01
	 4.325889e-01, -3.961722e-01
	 4.744926e-01, -3.526597e-01
	 4.618820e-01, -3.343189e-01
	 4.253327e-01, -3.357766e-01
	 2.364417e-01,  5.074450e-02
	 2.176892e-01, -3.648241e-03
	 5.000000e-01, -2.998013e-01
	 4.721723e-01, -3.097043e-01
	 5.000000e-01, -2.680540e-01
	-2.851986e-01,  3.296427e-01
	-2.455825e-01,  3.426723e-01
	-7.525192e-02,  3.540060e-01
	-9.593350e-02,  3.909887e-01
	-5.175538e-02,  4.199715e-01
	 1.793815e-01, -4.338867e-01
	 1.292580e-01, -4.396557e-01
	 1.162586e-01, -3.953352e-01
	 1.601460e-01, -3.746803e-01
	-2.955587e-01, -3.223896e-01
	-3.591137e-01, -3.182396e-01
	-1.627774e-01, -3.451838e-01
	-1.739221e-01, -3.972998e-01
	-1.859379e-01, -4.014900e-01
	 3.292992e-01, -3.599976e-01
	 3.210069e-01, -3.556434e-01
	-3.286249e-01,  1.082050e-01
	-3.497649e-01,  7.967145e-02
	-3.961776e-01,  9.441544e-02
	 1.832362e-01,  1.177568e-01
	 1.628562e-01,  1.709275e-01
	 1.954722e-01,  1.797550e-01
	 1.475139e-01,  1.395950e-01
	-8.729122e-02,  8.166373e-02
	-1.208904e-01,  1.334160e-01
	-8.506886e-02,  1.093746e-01
	 3.136316e-01, -2.207876e-01
	 3.414196e-01, -2.223247e-01
	 2.993709e-01, -1.754775e-01
	 3.069289e-01, -1.650160e-01
	 3.445875e-01, -1.734025e-01
	 2.457792e-01, -2.212766e-01
	 2.403811e-01, -2.036000e-01
	 1.968698e-01, -1.340569e-01
	 1.975563e-01, -1.229747e-01
	 2.440722e-01, -1.633688e-01
	 2.625219e-01, -1.266054e-01
	 2.515616e-01, -1.106332e-01
	 5.848925e-02, -2.192527e-01
	 1.311296e-02, -2.156275e-01
	 3.281776e-03, -1.926320e-01
	 2.197348e-03, -2.008385e-01
	-2.441069e-01,  3.456625e-01
	 3.686937e-01,  2.496413e-01
	 3.517978e-01,  2.756098e-01
	 4.141794e-01,  2.497880e-01
	 3.969804e-01,  3.089454e-01
	 4.161854e-01,  2.838132e-01
	 3.162694e-01, -1.112266e-01
	 2.999700e-01, -1.323127e-01
	-8.868162e-02,  2.389888e-01
	-1.284360e-01,  2.703343e-01
	-9.855003e-02,  3.110854e-01
	-7.114287e-02,  2.859421e-01
	-7.394273e-02,  2.509389e-01
	 8.656976e-02,  4.019721e-01
	-2.183968e-01, -5.000000e-01
	-2.184388e-01, -4.866669e-01
	-2.662645e-01, -5.000000e-01
	-2.561519e-01, -4.708804e-01
	 1.072166e-01, -3.390621e-01
	 1.090949e-01, -3.918867e-01
	 5.000000e-01,  4.732408e-01
	 5.000000e-01,  5.000000e-01
	 4.462461e-01,  5.000000e-01
	 5.000000e-01,  1.293731e-01
	-2.085643e-01,  5.569673e-02
	-2.057825e-01,  5.562295e-02
	-2.033835e-01, -2.382342e-03
	-1.844275e-01,  2.386945e-02
	 2.398808e-01,  4.201288e-01
	 2.828216e-01,  4.468235e-01
	 2.906716e-01,  4.427739e-01
	 6.770306e-02, -1.006045e-01
	 5.438782e-02, -1.322927e-01
	 2.011373e-02, -6.543462e-02
	-4.914163e-03, -8.570918e-02
	-4.249125e-03, -1.076187e-01
	 1.176625e-02, -1.270712e-01
	-2.457702e-01,  9.477240e-02
	 9.916501e-02, -6.381637e-03
	 1.525795e-01, -6.340206e-03
	 1.043380e-01,  3.796125e-02
	 1.390384e-01,  4.397348e-02
	 1.659430e-01,  1.350240e-02
	-4.102074e-03,  2.679341e-02
	-3.064741e-02,  2.680440e-02
	 1.967103e-02,  6.445161e-02
	-2.483319e-02,  9.013080e-02
	-6.483283e-02,  5.874822e-02
	-6.487167e-02,  5.899310e-02
	 1.307434e-01,  9.202997e-02
	 1.453063e-01,  1.386996e-01
	 3.170225e-01,  4.464363e-01
	 3.483916e-01,  4.197803e-01
	 3.685914e-01,  4.631170e-01
	-1.150064e-01, -2.889010e-01
	-1.557796e-01, -2.941612e-01
	-1.215326e-01, -2.390251e-01
	-1.563895e-01, -2.419425e-01
	-1.567669e-01, -2.424286e-01
	-1.304194e-01, -2.344275e-01
	-1.582948e-01, -2.918674e-01
	 9.041046e-02, -3.563091e-02
	 9.539380e-02, -1.049276e-02
	-1.002855e-01,  5.253500e-03
	-4.712581e-02, -1.271362e-02
	-3.968325e-02, -2.937735e-02
	-4.546705e-02, -4.562319e-02
	-9.352054e-02, -5.114363e-02
	 2.297811e-01,  4.872050e-01
	 2.741109e-01,  4.689684e-01
	 2.242296e-01,  5.000000e-01
	 2.935205e-01,  5.000000e-01
	-4.062751e-01, -3.363561e-01
	-4.010390e-01, -3.256371e-01
	-1.615443e-01,  2.349143e-01
	-1.641517e-01,  2.912708e-01
	-1.409814e-01,  2.680531e-01
	 6.512755e-03, -2.704653e-01
	-4.584148e-02, -2.411326e-01
	-4.047924e-02, -2.196160e-01
	-4.899033e-03, -2.725829e-01
	-1.954990e-01, -1.925163e-01
	-1.814599e-01, -1.799576e-01
	-1.281979e-01, -1.797356e-01
	-6.187164e-02, -9.903160e-02
	-3.691446e-02, -6.990772e-02
	-8.956323e-02, -9.688745e-02
	-9.758029e-02, -8.765161e-02
	 1.911930e-01, -4.569196e-01
	 1.525237e-01, -5.000000e-01
	-1.609031e-01,  2.207320e-01
	-1.990913e-01,  1.994023e-01
	-1.446204e-01,  2.072629e-01
	-1.816062e-01,  1.387110e-01
	-1.402951e-01,  1.818723e-01
	 7.828305e-02,  2.302612e-01
	 7.003249e-02,  2.225749e-01
	 9.363419e-02,  2.823783e-01
	 4.518654e-02,  2.987074e-01
	 6.486649e-02,  3.023907e-01
	 2.556593e-02,  2.483581e-01
	 9.111782e-02,  2.892535e-01
	 4.508277e-02,  2.275993e-01
	-4.596467e-02, -1.256600e-01
	-5.199463e-02, -1.484070e-01
	-1.041369e-01, -1.427404e-01
	 4.371854e-01, -3.558445e-02
	 4.098299e-01, -3.914536e-02
	 3.835483e-01, -2.797673e-03
	-4.710821e-01, -4.111447e-01
	 2.997691e-02,  1.525669e-01
	 2.230651e-02,  1.347335e-01
	 1.209867e-02,  1.813870e-01
	-4.769620e-02,  1.397437e-01
	-3.965912e-02,  1.651454e-01
	 1.226785e-03,  1.842325e-01
	-2.666664e-02,  1.224373e-01
	-4.420280e-01,  3.657841e-01
	-4.073678e-01,  4.132550e-01
	-4.079676e-01,  3.923196e-01
	-4.486335e-01,  4.208992e-01
	 3.414695e-01,  1.429357e-01
	 4.055493e-01, -1.513497e-01
	 3.685997e-01, -1.165767e-01
	 4.082665e-01, -9.740108e-02
	 4.290312e-01, -1.098253e-01
	-3.350744e-01, -2.120831e-02
	-4.038137e-01, -2.342462e-02
	-3.294585e-01, -2.191261e-02
	-3.423310e-01,  5.004150e-02
	-4.203233e-01, -2.967565e-01
	-4.581527e-01, -3.040546e-01
	-5.000000e-01, -4.089527e-01
	-5.000000e-01, -4.550724e-01
	-3.900240e-01, -2.664034e-01
	-3.903167e-01, -2.426583e-01
	-3.439931e-01, -2.276866e-01
	-1.469029e-01, -9.093456e-02
	-1.476589e-01, -8.977450e-02
	 1.776316e-01,  2.305061e-01
	 1.871496e-01,  2.489664e-01
	 1.401452e-01,  2.157653e-01
	 1.259514e-01,  2.628301e-01
	 1.232782e-01,  2.340928e-01
	 1.597178e-01,  2.772687e-01
	 1.290638e-01, -1.052451e-01
	-2.681428e-01,  4.297226e-01
	-4.616902e-01, -1.135253e-01
	-5.000000e-01, -1.736191e-01
	-4.933836e-01, -1.723819e-01
	-4.602955e-01, -1.259749e-01
	-4.424129e-01,  7.788597e-02
	-5.000000e-01,  5.972852e-02
	 4.178061e-01,  2.446981e-01
	 4.646405e-01,  2.484524e-01
	 4.180754e-01,  2.201177e-01
	 4.421620e-01,  2.024068e-01
	-4.119668e-01, -5.000000e-01
	-4.108762e-01, -4.835704e-01
	-4.673140e-01, -5.000000e-01
	 4.700521e-02,  5.000000e-01
	-1.367898e-02,  4.792749e-01
	-1.331543e-02,  5.000000e-01
	 3.494369e-01, -4.495715e-01
	 3.166049e-01, -4.588351e-01
	-4.481603e-02,  4.678986e-01
	-3.564613e-01,  5.000000e-01
	-3.771757e-01,  4.710436e-01
	-1.591610e-02, -4.106587e-01
	 1.046667e-02, -4.573984e-01
	-1.780639e-02, -4.181190e-01
	-3.119530e-01,  1.726740e-01
	-2.428901e-01,  1.964984e-01
	-2.519943e-01,  1.561652e-01
	-1.818792e-01,  1.373085e-01
	 5.000000e-01, -1.501351e-01
	 5.000000e-01, -9.754430e-02
	 4.815399e-01, -9.686971e-02
	-1.125572e-01, -3.481160e-01
	-9.168743e-02, -3.176789e-01
	-1.533541e-01, -3.397686e-01
	-9.153324e-02, -3.080048e-01
	 2.955029e-01, -4.193061e-01
	 3.385622e-01, -4.051755e-01
	 3.570098e-01, -4.147060e-01
	 4.736112e-01,  2.756809e-01
	 5.000000e-01,  2.729773e-01
	 4.638963e-01,  2.950092e-01
	 4.702621e-01,  3.166821e-01
	 5.000000e-01,  3.131156e-01
	-3.315645e-01,  2.978187e-01
	 4.012330e-01, -5.055769e-02
	 3.541703e-01, -6.582753e-02
	 3.626791e-01, -1.157314e-01
	 3.488883e-01, -1.037023e-01
	 1.176343e-01, -2.446700e-01
	 4.433174e-01,  3.474008e-01
	 3.975666e-01,  3.108030e-01
	 4.359307e-01,  3.630339e-01
	 3.552963e-01, -1.663979e-01
	-5.362598e-02, -3.758004e-01
	-2.527821e-02, -3.359462e-01
	-4.152569e-02, -3.432711e-01
	 2.491365e-01, -1.854797e-01
	 2.781940e-01, -3.758015e-01
	 2.911109e-01, -4.175399e-01
	-1.888411e-01, -3.721739e-02
	-5.000000e-01,  2.813143e-01
	-4.665790e-01,  2.586329e-01
	-5.000000e-01,  2.923948e-01
	-4.729402e-01,  3.197446e-01
	-4.399204e-01,  3.157325e-01
	-4.356056e-01,  2.901868e-01
	-4.560117e-01,  2.607973e-01
	-2.445267e-01, -4.218156e-01
	-2.493288e-01, -3.619127e-01
	-4.710003e-02, -1.580802e-01
	-1.054486e-02, -1.671883e-01
	 1.525389e-02, -8.444793e-03
	 5.306380e-02,  1.315688e-02
	-2.179229e-01,  2.055413e-01
	-2.299302e-02,  2.263623e-01
	-2.082873e-02,  2.394553e-01
	-9.033125e-03,  2.511314e-01
	 1.931440e-01,  2.505650e-01
	-4.040325e-01,  4.696020e-01
	-4.004646e-01,  4.666157e-01
	-4.576245e-01,  4.732787e-01
	-4.653551e-01,  4.584590e-01
	-4.072255e-01,  4.134161e-01
	-9.964276e-02,  3.927310e-01
	-1.083297e-01,  4.282830e-01
	-1.574626e-01,  4.382529e-01
	-7.223945e-02, -2.915606e-01
	-6.482361e-02, -2.501840e-01
	-9.392821e-02, -2.336093e-01
	-2.117788e-01, -1.040040e-01
	-1.867049e-01, -7.963814e-02
	-2.461233e-01, -8.572043e-02
	-1.962941e-01, -4.548110e-02
	-2.273299e-01, -4.816570e-02
	 2.911108e-01, -4.873777e-02
	 3.381864e-01, -4.687334e-02
	 3.804413e-01,  1.901951e-01
	-2.569557e-01,  3.858803e-01
	 4.449280e-01,  1.008779e-01
	-7.374924e-02, -3.823930e-01
	-8.609453e-02, -4.165274e-01
	-4.182141e-02, -4.331492e-01
	 1.386271e-01, -5.000000e-01
	 1.198517e-01, -4.575557e-01
	 5.425342e-02, -5.000000e-01
	 7.927582e-02, -4.560165e-01
	 5.000000e-01,  3.774715e-01
	 4.616354e-01,  4.100850e-01
	 5.000000e-01,  4.320614e-01
	 5.000000e-01,  9.708493e-02
	 4.760109e-01,  8.425722e-02
	-4.218220e-01, -8.468481e-02
	-4.158505e-01, -2.816824e-01
	-4.359884e-01, -2.468960e-01
	-4.060615e-01, -2.314185e-01
	 3.153544e-01,  2.470454e-01
	-1.109677e-01,  1.631897e-01
	-1.014282e-01,  1.660228e-01
	-6.126816e-02,  1.360077e-01
	-6.324509e-02, -1.937896e-01
	-1.388713e-01, -4.084087e-01
	-1.262334e-01, -4.018868e-01
	-1.109588e-01, -3.541023e-01
	 2.497759e-01, -2.976907e-01
	 2.774350e-01, -2.459288e-01
	-5.375525e-02,  1.970250e-01
	-4.484536e-01,  1.952915e-01
	-4.522432e-01,  1.751566e-01
	-4.852154e-01,  2.151417e-01
	-5.000000e-01,  2.119650e-01
	-2.688977e-01, -2.170894e-01
	-2.619836e-01, -2.123347e-01
	-3.192724e-01, -2.021415e-01
	-2.648541e-01, -1.818506e-01
	-2.957738e-01, -1.608992e-01
	-3.164326e-01, -1.719060e-01
	-8.018724e-02, -1.974307e-01
	-2.040827e-01, -4.242731e-01
	-3.904682e-01,  3.282551e-01
	-4.306735e-01,  3.273158e-01
	 4.611977e-01, -5.852963e-02
	 4.646515e-01, -8.154106e-02
	-5.000000e-01, -5.000000e-01
	-2.827106e-01, -2.593267e-01
	-3.437391e-01, -2.260756e-01
	-9.915627e-02,  3.180766e-01
	-7.690155e-02,  3.432565e-01
	 5.000000e-01, -2.092291e-01
	 4.816201e-01, -2.055863e-01
	 4.623715e-01,  3.373407e-01
	 5.000000e-01,  3.673642e-01
	 2.335201e-01,  2.279155e-01
	 2.593035e-01,  2.409663e-01
	 8.534814e-02, -4.077616e-02
	 7.888739e-02, -9.283748e-02
	 7.274940e-02,  3.584039e-01
	-4.811151e-02, -4.576075e-01
	-8.785537e-02, -4.174097e-01
	 4.571713e-01,  4.106056e-01
	-4.176176e-01,  2.085683e-01
	-4.191968e-01,  2.095190e-01
	-4.286906e-01,  1.396598e-01
	 3.624767e-01, -4.127374e-01
	-9.147970e-02,  2.215434e-01
	 1.362643e-02, -1.880916e-02
	 2.552896e-02, -4.043359e-02
	 1.813394e-01,  1.735316e-02
	-3.814960e-01, -1.585550e-01
	-3.550184e-01, -1.452554e-01
	-3.834896e-01, -1.846974e-01
	 1.608209e-01,  4.485389e-01
	 1.407098e-01,  5.000000e-01
	 1.840062e-01,  5.000000e-01
	-3.996323e-01, -1.480373e-01
	-3.408172e-01, -1.057732e-01
	-3.415913e-01, -1.035549e-01
	-3.066827e-01, -5.416933e-02
	-4.197930e-01,  2.280200e-01
	-1.491869e-01, -1.226634e-01
	-1.171272e-01, -1.509354e-01
	-2.803785e-02, -3.010244e-01
	 3.844259e-01, -1.719982e-01
	-3.871913e-01,  2.699271e-01
	-3.873089e-01,  2.716942e-01
	 2.167435e-01,  9.443486e-02
	 2.262075e-01,  5.727352e-02
	-5.000000e-01,  4.479944e-01
	 1.034492e-02, -4.596712e-01
	-2.168357e-02, -4.872027e-01
	 4.764673e-02, -5.000000e-01
	-2.364216e-02, -5.000000e-01
	 2.786662e-01,  2.150513e-01
	-2.372319e-01, -1.543600e-01
	-2.766104e-01, -1.184047e-01
	-2.844271e-01, -1.225489e-01
	 4.310636e-01, -4.178602e-01
	 4.559739e-01, -4.415094e-01
	 4.019664e-01, -4.315657e-01
	 4.315367e-01, -4.784886e-01
	-4.063891e-01, -2.054777e-01
	-4.494941e-01, -1.938803e-01
	-4.309723e-01, -1.521752e-01
	-4.522783e-01, -1.888173e-01
	 2.621750e-01, -3.672359e-01
	 2.681917e-01, -3.169730e-01
	-3.796505e-01,  2.858706e-01
	-2.049774e-01, -1.261456e-01
	-1.796192e-01, -1.369016e-01
	-3.447930e-01,  1.751893e-01
	-3.579846e-01,  2.094356e-01
	-1.202032e-01, -1.714438e-01
	 1.917927e-01,  4.773840e-02
	 1.867227e-01,  1.058185e-01
	 1.642809e-01,  7.725471e-02
	 2.798903e-01, -2.458123e-01
	 3.511379e-01, -2.302376e-01
	 1.907145e-01, -4.443348e-01
	 2.300794e-01, -4.268374e-01
	-1.968640e-01, -1.927374e-01
	-2.243152e-01, -2.206111e-01
	 5.000000e-01, -4.120786e-02
	-4.601552e-01, -2.443404e-01
	-5.000000e-01, -2.370810e-01
	-4.736691e-01, -2.904988e-01
	-5.000000e-01, -2.925641e-01
	-2.554157e-01,  3.884971e-01
	-2.304920e-01, -1.542709e-01
	-2.615543e-01, -9.032926e-02
	 5.000000e-01, -5.000000e-01
	 5.000000e-01, -4.303628e-01
	 4.775874e-01, -5.000000e-01
	 4.662575e-01, -4.435359e-01
	 4.354667e-02, -2.721571e-01
	 1.788001e-02, -2.756302e-01
	 6.170256e-02, -2.509374e-01
	-4.073860e-01,  5.000000e-01
	-4.647258e-01,  5.000000e-01
	-5.000000e-01, -3.549287e-01
	-5.000000e-01,  5.000000e-01
	-1.912192e-01,  5.000000e-01
	-4.555171e-01, -2.417668e-01
	 2.573533e-01, -4.428124e-01
	 1.372856e-01,  2.035368e-01
	 7.714575e-02,  3.500881e-01
	 4.068780e-01,  5.000000e-01
	 6.476228e-02, -2.998720e-01
	 1.060795e-01, -2.655768e-01
	-8.293840e-02,  2.064743e-01
	-5.801277e-02,  4.391424e-01
	-9.887375e-02,  4.436847e-01
	-2.064357e-01,  5.000000e-01
	 5.000000e-01, -4.009935e-01
	 5.000000e-01, -3.496541e-01
	 8.686117e-02,  5.000000e-01
	-2.909883e-01, -5.676607e-02
	 1.529073e-01,  7.543194e-02
	-4.001325e-01,  8.841585e-02
	-3.500786e-01,  2.298697e-01
	 4.434272e-01, -5.000000e-01
Mesh Facets: 1255
	57, 56
	60, 58
	17, 18
	62, 64
	82, 78
	47, 52
	99, 97
	110, 106
	115, 113
	117, 119
	36, 35
	130, 129
	49, 50
	86, 85
	8, 7
	229, 227
	198, 197
	24, 22
	83, 80
	45, 42
	209, 208
	14, 13
	33, 34
	270, 269
	280, 281
	128, 127
	19, 21
	286, 285
	125, 126
	273, 272
	320, 317
	243, 242
	210, 213
	62, 63
	336, 62
	99, 96
	338, 99
	95, 98
	68, 69
	226, 223
	244, 239
	248, 247
	184, 183
	168, 167
	145, 147
	176, 175
	151, 154
	86, 185
	87, 86
	344, 343
	389, 387
	371, 373
	207, 208
	258, 208
	241, 245
	361, 360
	261, 263
	289, 291
	234, 232
	329, 325
	153, 152
	161, 162
	181, 182
	155, 157
	308, 310
	359, 358
	237, 235
	174, 172
	256, 258
	258, 391
	37, 39
	72, 71
	426, 427
	103, 105
	240, 243
	243, 321
	446, 448
	398, 397
	169, 171
	453, 452
	294, 297
	454, 453
	227, 455
	228, 227
	135, 136
	330, 332
	143, 144
	332, 456
	332, 213
	213, 214
	73, 74
	189, 190
	265, 264
	318, 319
	225, 224
	470, 471
	365, 367
	502, 503
	315, 316
	263, 262
	263, 400
	257, 255
	429, 431
	489, 491
	499, 498
	111, 113
	113, 521
	518, 516
	246, 80
	80, 79
	299, 301
	313, 312
	139, 137
	535, 516
	467, 466
	516, 517
	53, 54
	46, 48
	88, 90
	219, 220
	25, 28
	303, 304
	558, 303
	303, 305
	212, 211
	504, 505
	138, 141
	565, 564
	301, 302
	301, 541
	290, 288
	519, 499
	366, 365
	499, 365
	424, 423
	221, 222
	311, 21
	21, 23
	31, 34
	271, 34
	40, 41
	337, 338
	580, 338
	427, 424
	427, 71
	223, 221
	223, 69
	69, 71
	221, 424
	117, 116
	584, 117
	339, 342
	230, 231
	589, 591
	298, 300
	323, 322
	594, 592
	278, 281
	114, 115
	281, 115
	594, 593
	106, 594
	106, 107
	41, 44
	41, 271
	598, 270
	270, 271
	11, 8
	8, 201
	203, 204
	77, 76
	469, 74
	77, 605
	77, 74
	159, 158
	608, 607
	216, 215
	487, 486
	595, 596
	1, 3
	462, 143
	483, 484
	142, 143
	621, 618
	207, 390
	207, 206
	250, 251
	556, 555
	20, 19
	19, 309
	2, 4
	39, 436
	39, 38
	2, 629
	2, 0
	420, 419
	439, 438
	626, 625
	600, 11
	9, 11
	419, 418
	426, 439
	426, 425
	439, 419
	615, 614
	405, 404
	231, 228
	228, 135
	588, 231
	135, 134
	459, 458
	368, 370
	639, 641
	448, 449
	448, 60
	17, 16
	60, 17
	14, 260
	14, 15
	536, 535
	467, 468
	467, 535
	475, 477
	188, 192
	522, 523
	259, 257
	257, 506
	544, 547
	532, 534
	351, 247
	246, 540
	247, 246
	355, 354
	285, 284
	125, 285
	124, 125
	576, 572
	550, 552
	376, 176
	177, 176
	613, 486
	486, 488
	437, 435
	619, 617
	585, 586
	196, 195
	490, 492
	606, 605
	652, 523
	523, 525
	605, 604
	186, 184
	184, 353
	93, 92
	585, 435
	585, 587
	433, 435
	253, 251
	390, 251
	390, 391
	391, 432
	351, 354
	352, 351
	85, 84
	183, 85
	354, 183
	248, 349
	248, 249
	133, 131
	600, 602
	632, 600
	681, 683
	687, 685
	588, 134
	134, 132
	587, 588
	675, 587
	341, 340
	307, 304
	559, 304
	82, 81
	688, 82
	96, 94
	96, 337
	337, 579
	566, 567
	37, 434
	283, 127
	127, 35
	35, 37
	414, 415
	64, 67
	64, 446
	447, 446
	648, 649
	430, 431
	511, 431
	402, 401
	612, 610
	358, 356
	358, 421
	547, 546
	653, 547
	119, 708
	120, 119
	438, 626
	438, 72
	72, 70
	624, 626
	674, 673
	36, 130
	36, 38
	130, 142
	1, 142
	1, 0
	0, 38
	511, 510
	698, 511
	667, 666
	15, 646
	16, 15
	67, 447
	447, 449
	67, 65
	449, 16
	433, 92
	92, 91
	694, 434
	434, 433
	254, 252
	549, 551
	623, 556
	557, 556
	539, 538
	565, 302
	721, 565
	300, 591
	302, 300
	591, 721
	709, 711
	287, 288
	288, 568
	178, 177
	177, 662
	393, 392
	58, 59
	58, 589
	590, 589
	607, 726
	216, 607
	217, 216
	620, 621
	729, 621
	656, 284
	284, 282
	353, 355
	674, 353
	624, 674
	623, 624
	355, 540
	539, 623
	539, 540
	222, 577
	222, 224
	493, 224
	688, 689
	455, 688
	133, 136
	133, 677
	455, 136
	240, 238
	240, 445
	679, 680
	334, 335
	687, 686
	452, 687
	294, 292
	294, 452
	164, 163
	706, 705
	404, 152
	404, 615
	152, 150
	616, 615
	441, 440
	508, 506
	524, 522
	506, 522
	650, 651
	494, 493
	493, 732
	478, 480
	415, 697
	413, 415
	545, 548
	342, 584
	342, 98
	97, 584
	98, 97
	343, 386
	343, 226
	471, 474
	225, 471
	225, 226
	714, 711
	711, 723
	451, 450
	6, 7
	200, 7
	101, 100
	750, 751
	729, 728
	685, 729
	737, 686
	686, 685
	628, 630
	747, 746
	27, 26
	754, 26
	558, 560
	26, 25
	25, 558
	705, 707
	640, 645
	739, 705
	569, 519
	518, 537
	519, 518
	510, 512
	666, 510
	665, 666
	149, 148
	554, 219
	219, 218
	756, 645
	645, 644
	677, 689
	689, 81
	249, 677
	83, 249
	81, 83
	397, 396
	451, 397
	200, 451
	202, 200
	682, 684
	43, 44
	599, 44
	661, 658
	87, 385
	52, 87
	52, 51
	660, 552
	56, 765
	54, 56
	552, 54
	768, 769
	88, 48
	88, 89
	180, 49
	48, 49
	712, 713
	277, 279
	746, 748
	752, 746
	774, 776
	741, 150
	151, 381
	150, 151
	328, 329
	329, 405
	636, 405
	716, 646
	233, 232
	646, 647
	403, 232
	149, 218
	218, 217
	147, 149
	217, 727
	375, 147
	576, 574
	529, 533
	124, 576
	122, 124
	118, 120
	706, 740
	120, 706
	4, 5
	292, 737
	292, 293
	737, 630
	630, 4
	717, 252
	252, 250
	250, 622
	55, 53
	549, 718
	642, 643
	53, 549
	291, 400
	290, 291
	505, 562
	566, 290
	691, 566
	400, 505
	668, 669
	757, 569
	569, 570
	165, 164
	738, 164
	648, 698
	536, 648
	758, 537
	537, 536
	698, 715
	764, 763
	702, 356
	363, 364
	783, 782
	357, 356
	678, 632
	610, 611
	634, 632
	701, 610
	327, 326
	417, 416
	395, 360
	360, 362
	513, 489
	490, 195
	489, 490
	193, 195
	154, 384
	154, 153
	374, 372
	325, 324
	153, 325
	50, 51
	50, 182
	409, 182
	763, 791
	763, 51
	370, 638
	370, 366
	366, 570
	669, 671
	669, 570
	191, 192
	548, 543
	548, 478
	477, 478
	477, 192
	179, 180
	731, 730
	180, 770
	538, 719
	538, 79
	79, 78
	78, 799
	803, 801
	295, 293
	484, 485
	3, 484
	5, 3
	293, 5
	695, 414
	525, 606
	525, 526
	414, 157
	157, 159
	606, 159
	40, 578
	42, 253
	42, 40
	676, 253
	771, 772
	670, 668
	668, 785
	310, 311
	310, 422
	423, 311
	423, 425
	635, 425
	495, 496
	479, 476
	514, 515
	786, 757
	757, 758
	789, 758
	137, 138
	138, 504
	315, 313
	315, 504
	313, 137
	399, 261
	199, 198
	198, 233
	260, 261
	647, 260
	233, 647
	808, 807
	807, 809
	509, 429
	428, 429
	657, 659
	815, 814
	488, 491
	488, 667
	515, 789
	515, 491
	715, 789
	715, 667
	541, 564
	541, 139
	564, 816
	139, 140
	609, 215
	557, 720
	215, 220
	220, 557
	89, 770
	91, 89
	283, 282
	283, 694
	694, 91
	770, 731
	731, 282
	815, 659
	817, 815
	765, 817
	660, 659
	660, 765
	441, 508
	441, 442
	507, 508
	178, 724
	173, 178
	109, 110
	818, 110
	378, 376
	664, 376
	507, 173
	507, 255
	256, 172
	255, 256
	173, 172
	479, 495
	479, 480
	156, 155
	413, 480
	155, 413
	367, 369
	495, 367
	580, 581
	801, 580
	800, 801
	781, 779
	520, 111
	111, 112
	795, 796
	368, 459
	368, 369
	459, 457
	160, 156
	156, 369
	268, 266
	575, 573
	527, 528
	70, 68
	68, 344
	344, 185
	185, 186
	673, 70
	673, 186
	123, 121
	734, 445
	105, 104
	445, 105
	710, 712
	712, 771
	797, 798
	771, 805
	179, 730
	179, 181
	181, 411
	571, 572
	572, 656
	656, 730
	699, 700
	334, 736
	334, 63
	66, 63
	454, 297
	297, 296
	823, 454
	347, 348
	724, 442
	724, 725
	443, 442
	555, 554
	554, 760
	625, 555
	631, 625
	275, 274
	751, 749
	751, 502
	502, 500
	811, 813
	170, 166
	457, 160
	457, 456
	158, 469
	158, 160
	456, 469
	47, 46
	46, 553
	350, 352
	84, 352
	84, 47
	385, 386
	385, 764
	790, 764
	386, 745
	122, 533
	533, 531
	822, 121
	121, 122
	642, 641
	642, 55
	57, 55
	641, 57
	725, 348
	725, 392
	392, 245
	245, 244
	244, 348
	714, 713
	714, 747
	753, 747
	713, 773
	654, 653
	742, 440
	440, 444
	653, 704
	317, 318
	317, 823
	823, 296
	318, 485
	296, 295
	295, 485
	398, 361
	398, 171
	357, 363
	363, 361
	171, 168
	168, 357
	236, 22
	22, 23
	23, 577
	577, 733
	463, 464
	273, 126
	126, 123
	101, 104
	101, 749
	749, 274
	123, 104
	274, 273
	470, 494
	470, 472
	188, 187
	188, 651
	494, 651
	107, 597
	108, 107
	276, 275
	275, 500
	500, 501
	461, 460
	269, 829
	33, 269
	33, 32
	828, 108
	664, 663
	664, 109
	109, 108
	804, 578
	578, 31
	31, 30
	377, 379
	241, 394
	241, 242
	593, 322
	322, 242
	597, 593
	827, 597
	831, 830
	380, 382
	563, 141
	803, 802
	816, 803
	141, 140
	140, 816
	521, 520
	521, 681
	795, 395
	795, 520
	682, 396
	682, 681
	395, 396
	128, 286
	286, 272
	276, 460
	276, 272
	144, 129
	460, 144
	129, 128
	603, 76
	76, 75
	787, 165
	162, 165
	162, 406
	627, 20
	24, 235
	24, 20
	813, 428
	428, 235
	825, 813
	212, 561
	407, 406
	214, 73
	214, 212
	73, 75
	406, 75
	608, 609
	799, 608
	720, 719
	609, 720
	799, 719
	820, 112
	114, 596
	114, 112
	637, 614
	614, 596
	229, 230
	618, 229
	617, 586
	617, 618
	586, 230
	166, 167
	166, 825
	825, 627
	308, 359
	359, 167
	627, 309
	309, 308
	30, 32
	377, 30
	32, 829
	829, 818
	818, 378
	378, 377
	592, 832
	323, 592
	103, 321
	102, 103
	323, 321
	766, 767
	602, 601
	680, 602
	680, 735
	210, 333
	211, 210
	211, 560
	560, 755
	481, 482
	412, 409
	791, 792
	791, 409
	568, 567
	567, 693
	778, 748
	723, 568
	748, 723
	696, 695
	524, 526
	524, 742
	742, 826
	695, 526
	531, 530
	531, 822
	239, 238
	346, 239
	238, 734
	734, 822
	299, 312
	299, 298
	59, 590
	590, 298
	59, 61
	312, 314
	733, 463
	733, 732
	732, 744
	463, 465
	750, 100
	100, 102
	832, 102
	832, 750
	169, 450
	169, 170
	6, 12
	170, 824
	450, 6
	148, 760
	148, 146
	420, 631
	420, 417
	417, 794
	631, 760
	146, 794
	146, 145
	145, 374
	374, 324
	324, 326
	326, 794
	345, 346
	346, 530
	655, 532
	530, 532
	328, 783
	328, 327
	793, 327
	783, 702
	703, 702
	389, 373
	726, 389
	727, 726
	727, 375
	373, 375
	307, 306
	307, 340
	339, 583
	340, 339
	678, 679
	701, 678
	701, 700
	700, 736
	679, 736
	10, 9
	812, 509
	509, 512
	759, 512
	633, 9
	383, 384
	388, 371
	384, 372
	372, 371
	604, 204
	204, 209
	209, 259
	259, 652
	652, 604
	472, 473
	472, 187
	189, 481
	189, 187
	834, 481
	612, 401
	487, 612
	197, 196
	196, 492
	487, 492
	234, 197
	401, 234
	45, 254
	43, 45
	661, 43
	550, 661
	254, 551
	551, 550
	466, 465
	466, 517
	517, 498
	743, 744
	744, 465
	498, 497
	665, 613
	665, 759
	759, 633
	633, 634
	634, 611
	613, 611
	654, 444
	444, 443
	443, 347
	347, 345
	655, 654
	345, 655
	267, 268
	534, 528
	544, 534
	544, 542
	528, 268
	575, 574
	575, 527
	527, 529
	529, 574
	781, 581
	780, 781
	581, 582
	483, 462
	483, 319
	503, 501
	503, 320
	320, 319
	461, 501
	462, 461
	806, 670
	333, 331
	833, 333
	670, 672
	416, 793
	416, 418
	422, 635
	422, 421
	418, 635
	421, 703
	793, 703
	773, 753
	772, 773
	754, 755
	755, 833
	833, 806
	772, 806
	754, 753
	205, 203
	603, 787
	203, 603
	787, 788
	619, 437
	620, 619
	436, 629
	437, 436
	728, 620
	629, 628
	628, 728
	837, 280
	279, 777
	279, 280
	835, 583
	118, 740
	118, 116
	161, 408
	163, 161
	116, 583
	163, 740
	761, 756
	756, 739
	788, 738
	788, 836
	738, 739
	820, 637
	820, 796
	636, 637
	796, 362
	782, 364
	782, 636
	364, 362
	12, 824
	12, 10
	812, 811
	812, 10
	811, 824
	430, 649
	430, 237
	236, 237
	649, 468
	468, 464
	464, 236
	410, 411
	821, 573
	573, 571
	571, 411
	316, 262
	314, 316
	18, 61
	13, 18
	61, 314
	13, 262
	745, 474
	474, 473
	473, 834
	792, 790
	792, 834
	790, 745
	28, 559
	28, 29
	95, 341
	341, 559
	94, 690
	94, 95
	699, 66
	66, 65
	403, 402
	403, 716
	402, 699
	65, 716
	693, 692
	693, 778
	779, 778
	819, 779
	205, 206
	205, 836
	762, 761
	836, 761
	784, 622
	622, 206
	190, 191
	191, 543
	543, 542
	265, 190
	267, 265
	267, 542
	394, 827
	394, 393
	663, 828
	828, 827
	393, 662
	662, 663
	399, 289
	399, 199
	199, 194
	289, 287
	287, 722
	650, 743
	650, 475
	476, 496
	476, 475
	743, 497
	496, 497
	277, 776
	277, 278
	776, 741
	616, 741
	616, 595
	278, 595
	382, 831
	382, 383
	383, 388
	388, 387
	387, 831
	599, 658
	658, 657
	657, 814
	598, 599
	814, 598
	545, 697
	545, 546
	826, 704
	696, 826
	546, 704
	697, 696
	131, 349
	132, 131
	90, 93
	553, 90
	132, 675
	553, 350
	675, 93
	350, 349
	809, 810
	809, 837
	777, 837
	777, 775
	306, 835
	835, 408
	408, 407
	407, 561
	305, 561
	305, 306
	175, 379
	175, 174
	804, 676
	804, 379
	432, 676
	174, 432
	640, 639
	640, 707
	708, 639
	707, 708
	562, 563
	562, 691
	800, 819
	800, 802
	692, 691
	692, 819
	563, 802
	797, 513
	797, 805
	805, 785
	786, 785
	786, 514
	514, 513
	335, 735
	336, 335
	767, 769
	735, 767
	769, 336
	780, 582
	780, 752
	27, 752
	582, 579
	579, 690
	27, 29
	690, 29
	193, 194
	798, 193
	709, 722
	709, 710
	710, 798
	194, 722
	762, 784
	762, 644
	643, 718
	644, 643
	717, 784
	718, 717
	331, 672
	331, 330
	330, 458
	458, 638
	671, 672
	638, 671
	808, 810
	830, 808
	381, 380
	381, 774
	380, 830
	775, 774
	810, 775
	684, 202
	684, 683
	683, 768
	768, 766
	601, 201
	201, 202
	766, 601
	482, 264
	482, 412
	266, 821
	264, 266
	821, 410
	410, 412
Facet Neighbors: 1255
	-1, 9
	-3, 10
	2, 10
	-3, 11
	-2, 14
	8, 15
	-1, 17
	-4, 19
	-3, 20
	-1, 21
	6, 23
	23, 26
	8, 33
	15, 34
	1, 37
	-2, 42
	36, 43
	3, 44
	14, 46
	7, 47
	38, 48
	2, 49
	5, 51
	-4, 51
	-3, 53
	23, 54
	3, 59
	54, 60
	22, 60
	52, 60
	-4, 62
	45, 63
	39, 65
	11, 66
	-3, 66
	17, 67
	-1, 67
	17, 68
	12, 69
	41, 69
	45, 70
	46, 71
	34, 72
	31, 73
	27, 76
	32, 77
	28, 78
	34, 79
	15, 79
	69, 79
	-2, 80
	76, 80
	38, 81
	48, 81
	45, 82
	74, 83
	49, 84
	55, 84
	43, 85
	64, 86
	28, 86
	30, 87
	33, 88
	29, 89
	59, 91
	73, 91
	44, 93
	32, 94
	48, 94
	81, 94
	6, 95
	12, 96
	92, 96
	18, 98
	45, 98
	63, 98
	-3, 99
	83, 100
	31, 100
	-2, 101
	56, 101
	-4, 101
	-2, 102
	42, 102
	24, 102
	65, 103
	26, 104
	103, 106
	65, 106
	39, 106
	13, 106
	35, 109
	50, 109
	62, 110
	41, 112
	107, 112
	75, 113
	-4, 114
	61, 115
	49, 115
	84, 115
	48, 116
	93, 117
	111, 118
	113, 119
	20, 120
	-3, 120
	119, 123
	46, 124
	14, 124
	57, 125
	61, 125
	25, 125
	123, 126
	105, 126
	119, 126
	9, 128
	8, 129
	16, 129
	40, 130
	4, 131
	58, 131
	131, 132
	58, 132
	39, 132
	115, 133
	25, 133
	-1, 134
	57, 134
	125, 134
	55, 135
	119, 136
	75, 136
	113, 136
	92, 138
	41, 138
	59, 138
	3, 138
	5, 139
	51, 139
	7, 139
	67, 140
	-1, 140
	92, 141
	96, 141
	41, 141
	69, 141
	12, 141
	138, 141
	21, 142
	-1, 142
	68, 142
	42, 143
	-3, 144
	57, 144
	63, 145
	-4, 145
	53, 146
	20, 146
	-3, 146
	145, 147
	-4, 147
	19, 147
	7, 148
	139, 148
	-4, 148
	51, 148
	1, 149
	37, 149
	38, 150
	13, 150
	106, 151
	150, 151
	13, 151
	29, 151
	-2, 152
	40, 152
	111, 153
	146, 154
	0, 155
	104, 155
	110, 155
	26, 155
	-2, 156
	81, 157
	38, 157
	47, 157
	130, 158
	3, 159
	59, 159
	0, 160
	95, 161
	6, 161
	160, 161
	0, 161
	90, 162
	96, 162
	158, 162
	149, 163
	1, 163
	90, 164
	96, 164
	92, 164
	162, 164
	154, 165
	86, 165
	42, 166
	102, 166
	143, 166
	24, 166
	103, 167
	75, 167
	-1, 168
	99, 169
	-3, 169
	2, 169
	10, 169
	49, 170
	2, 170
	123, 171
	105, 171
	126, 171
	108, 172
	35, 172
	121, 173
	48, 173
	116, 173
	127, 174
	122, 174
	71, 175
	124, 175
	46, 175
	72, 175
	54, 176
	60, 176
	22, 176
	137, 176
	128, 177
	77, 178
	32, 178
	153, 179
	111, 179
	95, 180
	156, 180
	143, 180
	36, 182
	111, 182
	151, 183
	173, 183
	121, 183
	150, 183
	34, 184
	72, 184
	16, 185
	180, 185
	143, 185
	95, 185
	47, 186
	157, 186
	81, 186
	94, 186
	175, 187
	71, 187
	15, 187
	34, 187
	72, 187
	71, 188
	46, 188
	24, 188
	149, 189
	163, 189
	-3, 190
	-2, 191
	166, 192
	24, 192
	143, 192
	185, 192
	68, 193
	58, 193
	131, 193
	14, 194
	-2, 194
	17, 195
	67, 195
	140, 195
	135, 196
	95, 197
	54, 197
	23, 197
	6, 197
	89, 198
	11, 199
	-3, 199
	99, 199
	171, 200
	93, 200
	117, 200
	85, 201
	153, 201
	73, 202
	91, 202
	127, 203
	174, 203
	-1, 204
	21, 204
	162, 206
	96, 206
	12, 206
	158, 206
	184, 206
	23, 207
	6, 207
	26, 207
	155, 207
	0, 207
	161, 207
	117, 208
	200, 208
	179, 208
	170, 209
	2, 209
	199, 209
	99, 209
	11, 209
	169, 209
	185, 210
	16, 210
	197, 210
	95, 210
	47, 211
	128, 211
	158, 212
	130, 212
	124, 212
	134, 213
	-1, 213
	144, 213
	57, 213
	-3, 213
	205, 214
	55, 214
	135, 214
	32, 215
	178, 215
	82, 215
	10, 216
	-3, 216
	144, 216
	-2, 217
	152, 217
	40, 217
	156, 218
	-2, 218
	176, 219
	54, 219
	72, 220
	184, 220
	206, 220
	158, 220
	175, 220
	212, 220
	124, 220
	138, 221
	41, 221
	112, 221
	194, 222
	-2, 222
	24, 222
	188, 222
	102, 222
	45, 223
	98, 223
	189, 224
	66, 224
	191, 225
	-2, 225
	56, 225
	101, 225
	30, 226
	204, 226
	86, 227
	165, 227
	28, 227
	154, 227
	97, 228
	116, 228
	121, 228
	173, 228
	172, 229
	112, 229
	221, 229
	108, 230
	198, 230
	89, 230
	127, 230
	142, 231
	68, 231
	-1, 231
	17, 231
	79, 232
	69, 232
	107, 232
	112, 232
	41, 232
	205, 233
	214, 233
	100, 234
	1, 234
	37, 234
	18, 235
	-4, 235
	218, 236
	-2, 236
	225, 236
	191, 236
	160, 236
	233, 237
	4, 237
	237, 238
	132, 238
	4, 238
	131, 238
	204, 239
	168, 239
	226, 239
	136, 240
	123, 240
	119, 240
	117, 241
	208, 241
	179, 241
	27, 242
	130, 242
	40, 242
	239, 243
	168, 243
	222, 244
	194, 244
	188, 244
	46, 244
	14, 244
	83, 245
	100, 245
	234, 245
	37, 245
	190, 245
	7, 246
	148, 246
	177, 246
	79, 247
	15, 247
	8, 247
	177, 248
	-1, 248
	9, 248
	128, 248
	-3, 249
	129, 250
	16, 250
	33, 250
	8, 250
	205, 251
	53, 252
	233, 253
	237, 253
	252, 254
	227, 254
	78, 254
	28, 254
	64, 255
	86, 255
	165, 255
	209, 256
	43, 256
	170, 256
	85, 256
	242, 257
	40, 257
	27, 257
	217, 257
	76, 257
	137, 258
	122, 258
	176, 258
	22, 258
	21, 259
	226, 259
	204, 259
	0, 260
	225, 260
	56, 260
	236, 260
	160, 260
	211, 261
	47, 261
	157, 261
	9, 262
	211, 262
	168, 262
	128, 262
	84, 263
	55, 263
	133, 263
	135, 263
	196, 263
	115, 263
	181, 264
	240, 264
	136, 264
	30, 265
	226, 265
	200, 266
	171, 266
	240, 266
	123, 266
	208, 266
	247, 267
	202, 268
	74, 268
	255, 268
	73, 268
	189, 269
	153, 269
	163, 269
	201, 269
	64, 270
	90, 270
	83, 271
	74, 271
	118, 272
	182, 272
	111, 272
	36, 272
	78, 273
	28, 273
	76, 273
	64, 273
	86, 273
	8, 274
	33, 274
	88, 274
	267, 274
	247, 274
	167, 275
	75, 275
	136, 275
	181, 275
	264, 275
	35, 276
	127, 276
	230, 276
	108, 276
	172, 276
	33, 277
	219, 277
	250, 277
	212, 278
	124, 278
	14, 278
	-2, 278
	-1, 279
	56, 280
	110, 280
	155, 280
	0, 280
	260, 280
	198, 281
	183, 281
	121, 281
	89, 281
	29, 281
	151, 281
	139, 282
	47, 282
	7, 282
	186, 282
	251, 283
	181, 283
	264, 283
	59, 284
	91, 284
	138, 284
	92, 284
	164, 284
	113, 285
	108, 285
	118, 286
	264, 286
	240, 286
	266, 286
	25, 287
	133, 287
	61, 287
	115, 287
	125, 287
	84, 288
	36, 288
	43, 288
	49, 288
	170, 288
	256, 288
	-2, 289
	-3, 289
	117, 290
	93, 290
	177, 291
	-4, 291
	111, 292
	179, 292
	286, 292
	118, 292
	266, 292
	208, 292
	134, 293
	125, 293
	-1, 293
	25, 293
	152, 294
	212, 294
	40, 294
	130, 294
	250, 295
	16, 295
	54, 295
	197, 295
	210, 295
	277, 295
	219, 295
	291, 296
	-4, 296
	-1, 296
	177, 296
	248, 296
	228, 297
	97, 297
	116, 297
	215, 297
	32, 297
	19, 298
	-4, 298
	77, 298
	178, 298
	297, 299
	116, 299
	94, 299
	48, 299
	32, 299
	285, 300
	108, 300
	29, 300
	230, 300
	89, 300
	75, 300
	113, 300
	140, 301
	-1, 301
	279, 301
	253, 301
	120, 302
	20, 302
	271, 302
	167, 303
	75, 303
	103, 303
	29, 303
	300, 303
	50, 304
	137, 304
	122, 304
	12, 305
	69, 305
	79, 305
	34, 305
	206, 305
	184, 305
	22, 306
	223, 306
	18, 306
	98, 306
	205, 307
	251, 307
	272, 307
	283, 307
	277, 308
	33, 308
	88, 308
	137, 308
	176, 308
	219, 308
	201, 309
	224, 309
	66, 309
	11, 309
	101, 310
	56, 310
	-4, 310
	70, 311
	297, 311
	215, 311
	97, 311
	130, 312
	242, 312
	158, 312
	162, 312
	52, 313
	235, 313
	-4, 313
	114, 313
	290, 314
	31, 314
	303, 315
	103, 315
	151, 315
	29, 315
	106, 315
	8, 316
	129, 316
	71, 316
	187, 316
	15, 316
	79, 317
	247, 317
	267, 317
	232, 317
	258, 318
	122, 318
	306, 318
	22, 318
	168, 319
	262, 319
	9, 319
	-1, 319
	311, 320
	215, 320
	82, 320
	45, 320
	70, 320
	205, 321
	233, 321
	237, 321
	251, 321
	174, 322
	228, 322
	97, 322
	203, 322
	62, 323
	-4, 323
	310, 323
	110, 323
	56, 323
	280, 323
	83, 324
	100, 324
	268, 324
	74, 324
	31, 324
	73, 324
	44, 325
	3, 325
	138, 325
	221, 325
	105, 325
	60, 326
	22, 326
	18, 326
	235, 326
	313, 326
	306, 326
	52, 326
	112, 327
	107, 327
	35, 327
	172, 327
	229, 327
	147, 328
	19, 328
	52, 329
	313, 329
	114, 329
	104, 329
	-4, 330
	51, 330
	5, 330
	328, 331
	178, 331
	298, 331
	19, 331
	282, 332
	139, 332
	5, 332
	77, 332
	82, 333
	45, 333
	145, 333
	63, 333
	147, 333
	328, 333
	-2, 334
	78, 334
	133, 335
	279, 335
	-1, 335
	25, 335
	293, 335
	120, 336
	-3, 336
	271, 336
	302, 336
	245, 336
	190, 336
	83, 336
	54, 337
	60, 337
	329, 337
	52, 337
	26, 337
	104, 337
	23, 337
	150, 338
	13, 338
	265, 338
	30, 338
	87, 338
	159, 339
	44, 339
	3, 339
	290, 339
	93, 339
	314, 339
	132, 340
	87, 340
	106, 340
	39, 340
	13, 340
	338, 340
	152, 341
	-2, 341
	212, 341
	294, 341
	278, 341
	302, 342
	146, 342
	20, 342
	165, 342
	154, 342
	42, 343
	-2, 343
	180, 343
	156, 343
	143, 343
	31, 344
	314, 344
	339, 344
	91, 344
	73, 344
	159, 344
	59, 344
	5, 345
	332, 345
	330, 345
	-4, 345
	298, 345
	77, 345
	-4, 346
	145, 346
	98, 346
	18, 346
	63, 346
	249, 347
	149, 347
	189, 347
	224, 347
	65, 348
	39, 348
	132, 348
	238, 348
	109, 349
	88, 349
	267, 349
	274, 349
	135, 350
	196, 350
	253, 350
	214, 350
	233, 350
	198, 351
	121, 351
	228, 351
	322, 351
	281, 351
	122, 352
	318, 352
	45, 352
	70, 352
	223, 352
	306, 352
	125, 353
	57, 353
	216, 353
	144, 353
	10, 353
	61, 353
	325, 354
	221, 354
	229, 354
	105, 354
	235, 355
	18, 355
	346, 355
	-4, 355
	100, 356
	31, 356
	1, 356
	314, 356
	234, 356
	242, 357
	27, 357
	162, 357
	90, 357
	270, 357
	312, 357
	357, 358
	27, 358
	76, 358
	273, 358
	64, 358
	270, 358
	70, 359
	352, 359
	174, 359
	122, 359
	255, 360
	64, 360
	270, 360
	268, 360
	202, 360
	80, 361
	-2, 361
	217, 361
	257, 361
	76, 361
	58, 362
	193, 362
	142, 362
	68, 362
	189, 363
	269, 363
	201, 363
	309, 363
	224, 363
	1, 364
	290, 364
	117, 364
	241, 364
	163, 364
	78, 365
	80, 365
	273, 365
	76, 365
	150, 366
	38, 366
	48, 366
	173, 366
	183, 366
	107, 367
	327, 367
	109, 367
	35, 367
	349, 367
	201, 368
	153, 368
	36, 368
	182, 368
	111, 368
	43, 368
	85, 368
	47, 369
	7, 369
	246, 369
	177, 369
	211, 369
	128, 369
	105, 370
	126, 370
	119, 370
	229, 370
	354, 370
	113, 370
	179, 371
	241, 371
	364, 371
	163, 371
	269, 371
	153, 371
	322, 372
	97, 372
	311, 372
	70, 372
	174, 372
	359, 372
	50, 373
	122, 373
	174, 373
	127, 373
	304, 373
	137, 374
	304, 374
	122, 374
	258, 374
	301, 375
	253, 375
	140, 375
	155, 376
	110, 376
	114, 376
	-4, 376
	62, 376
	329, 376
	104, 376
	283, 377
	65, 377
	348, 377
	181, 377
	270, 378
	90, 378
	284, 378
	91, 378
	164, 378
	202, 378
	360, 378
	321, 379
	251, 379
	238, 379
	348, 379
	377, 379
	283, 379
	237, 379
	38, 380
	338, 380
	150, 380
	265, 380
	180, 381
	156, 381
	161, 381
	95, 381
	218, 381
	160, 381
	236, 381
	-3, 382
	252, 382
	53, 382
	362, 383
	259, 383
	21, 383
	87, 383
	30, 383
	142, 383
	226, 383
	243, 384
	239, 384
	265, 384
	380, 384
	226, 384
	342, 385
	302, 385
	165, 385
	271, 385
	268, 385
	255, 385
	74, 385
	356, 386
	1, 386
	290, 386
	364, 386
	314, 386
	200, 387
	93, 387
	44, 387
	171, 387
	105, 387
	325, 387
	88, 388
	304, 388
	137, 388
	308, 388
	115, 389
	61, 389
	10, 389
	2, 389
	353, 389
	49, 389
	232, 390
	107, 390
	367, 390
	267, 390
	349, 390
	317, 390
	131, 391
	4, 391
	68, 391
	193, 391
	195, 391
	17, 391
	309, 392
	11, 392
	85, 392
	256, 392
	201, 392
	209, 392
	196, 393
	350, 393
	253, 393
	301, 393
	38, 394
	380, 394
	243, 394
	384, 394
	261, 394
	157, 394
	35, 395
	276, 395
	127, 395
	109, 395
	50, 395
	373, 395
	333, 396
	82, 396
	331, 396
	328, 396
	215, 396
	178, 396
	84, 397
	288, 397
	36, 397
	55, 397
	214, 397
	229, 398
	172, 398
	285, 398
	108, 398
	370, 398
	113, 398
	252, 399
	53, 399
	254, 399
	227, 399
	154, 399
	146, 399
	334, 400
	78, 400
	365, 400
	80, 400
	-2, 400
	246, 401
	177, 401
	291, 401
	148, 401
	-4, 401
	230, 402
	127, 402
	322, 402
	351, 402
	203, 402
	198, 402
	188, 403
	24, 403
	16, 403
	129, 403
	192, 403
	316, 403
	185, 403
	71, 403
	289, 404
	-3, 404
	382, 404
	252, 404
	362, 405
	383, 405
	87, 405
	340, 405
	132, 405
	58, 405
	77, 406
	32, 406
	282, 406
	332, 406
	186, 406
	94, 406
	168, 407
	239, 407
	-1, 407
	204, 407
	133, 408
	263, 408
	301, 408
	279, 408
	196, 408
	393, 408
	335, 408
	272, 409
	307, 409
	283, 409
	264, 409
	286, 409
	118, 409
	224, 410
	66, 410
	249, 410
	347, 410
	-3, 410
	375, 411
	253, 411
	237, 411
	140, 411
	195, 411
	4, 411
	391, 411
	36, 412
	272, 412
	214, 412
	205, 412
	307, 412
	397, 412
	394, 413
	243, 413
	262, 413
	168, 413
	261, 413
	211, 413
	377, 414
	65, 414
	103, 414
	167, 414
	181, 414
	275, 414
	289, 415
	-2, 415
	78, 415
	254, 415
	334, 415
	252, 415
	404, 415
	245, 416
	190, 416
	-3, 416
	249, 416
	149, 416
	37, 416
	347, 416
	109, 417
	349, 417
	304, 417
	50, 417
	388, 417
	88, 417
Mesh Regions: 418
	179, 190, 194, 314, 488, 564
	14, 167, 199, 407, 912, 950, 1071
	2, 21, 215, 218, 320, 1088
	17, 26, 137, 188, 758, 825
	120, 417, 420, 1098, 1215
	22, 138, 782, 789, 857
	10, 70, 192, 289, 311
	19, 140, 163, 446, 574, 977
	5, 12, 117, 451, 460, 538, 715
	0, 116, 454, 496, 730
	1, 2, 216, 345, 900, 1087
	3, 33, 291, 323, 692, 1104
	38, 71, 147, 307, 669
	90, 170, 173, 819, 833
	4, 18, 109, 280, 440, 558
	5, 13, 48, 263, 450, 719
	118, 253, 326, 458, 622, 1166
	6, 35, 37, 282, 398, 1102
	73, 409, 677, 764, 866, 907
	7, 162, 638, 775, 786
	8, 105, 158, 659, 842
	9, 149, 304, 485, 1053
	28, 235, 484, 675, 727, 763
	10, 11, 25, 288, 310, 817
	84, 209, 268, 274, 367, 1165
	112, 126, 590, 616, 802
	11, 86, 182, 312, 815
	44, 431, 478, 916, 922
	46, 60, 382, 468, 534
	63, 174, 570, 649, 664, 713
	61, 378, 509, 821, 1055
	43, 78, 709, 755, 850, 911
	45, 67, 239, 342, 637, 646, 1183
	12, 62, 459, 539, 553, 684
	13, 42, 47, 251, 264, 672
	91, 223, 548, 771, 967, 1119
	16, 245, 532, 596, 971, 1133, 1217
	14, 168, 408, 444, 1247
	20, 52, 169, 185, 960, 1037, 1113
	32, 89, 124, 832, 873
	119, 176, 350, 433, 477, 619
	39, 94, 135, 145, 363, 403
	15, 83, 152, 206, 845
	16, 58, 473, 597, 974
	17, 66, 757, 824, 1077
	31, 40, 54, 74, 370, 735, 792, 892
	18, 41, 108, 231, 267, 439
	19, 186, 257, 329, 494, 573, 976
	20, 53, 68, 101, 225, 645, 961
	21, 56, 99, 217, 598, 1090
	92, 666, 1000, 1123, 1252
	22, 23, 139, 166, 781
	29, 704, 768, 776, 814
	24, 157, 462, 1050, 1143
	25, 27, 233, 287, 354, 623, 811
	57, 130, 340, 501, 1134
	80, 376, 490, 561, 694, 749
	110, 128, 154, 337, 897
	121, 123, 278, 941, 1181
	26, 64, 136, 189, 579, 856
	27, 28, 29, 234, 762, 812
	98, 111, 592, 901, 1086
	30, 93, 745, 1016
	31, 75, 155, 794, 867
	59, 469, 525, 536, 925, 932
	32, 85, 88, 872, 1020, 1230
	33, 34, 373, 691, 1206
	35, 36, 141, 283
	37, 151, 277, 396, 944, 1099
	38, 39, 49, 146, 400, 670
	40, 696, 736, 893, 927, 997
	41, 229, 262, 266, 717, 1171
	42, 232, 252, 265, 355
	43, 65, 299, 520, 756, 854
	55, 518, 528, 754, 1069
	96, 132, 211, 544, 652, 662
	44, 51, 480, 535, 923, 940, 958
	45, 238, 640, 790, 862, 1182
	46, 467, 533, 798, 955, 1149, 1237
	47, 48, 49, 399, 449, 671, 720
	50, 51, 936, 956, 1151
	52, 53, 69, 184, 259
	54, 344, 734, 791, 1126
	55, 77, 441, 527, 751, 810
	56, 57, 100, 500, 595, 1131
	58, 297, 475, 975, 1105
	59, 60, 205, 380, 470, 537
	61, 822, 830, 1054, 1178
	62, 540, 685, 877, 1081, 1254
	63, 290, 393, 569, 651
	195, 200, 526, 918, 1024
	64, 65, 300, 580, 853, 1026
	72, 134, 143, 202, 582
	66, 102, 295, 604, 827, 1076
	67, 68, 69, 260, 644, 1187
	70, 191, 242, 256, 286, 328, 1044
	71, 72, 144, 196, 201, 306
	384, 634, 699, 743, 995
	73, 74, 75, 371, 678, 865
	76, 213, 293, 322
	77, 78, 406, 442, 752, 910
	79, 80, 81, 377, 693
	82, 83, 84, 207, 369
	85, 87, 210, 663, 711, 1231
	86, 180, 779, 816, 1018
	114, 220, 761, 905, 982, 1079
	87, 88, 89, 90, 171, 714, 831
	95, 401, 770, 964, 1092
	222, 391, 551, 585, 648, 1139
	91, 92, 876, 966, 1122, 1249
	93, 181, 562, 748, 1013
	103, 177, 241, 246, 531, 607, 973
	94, 95, 364, 389, 402, 769
	96, 104, 133, 584, 653, 987, 1141
	97, 707, 778, 1014
	98, 99, 100, 125, 505, 593, 1085
	101, 226, 385, 635, 643
	102, 296, 316, 428, 603, 952
	103, 529, 586, 610, 1204
	104, 107, 115, 131, 427, 984
	105, 106, 658, 804
	224, 249, 386, 568, 886
	228, 482, 668, 725, 890, 930, 1001, 1007
	107, 113, 219, 426, 514
	108, 109, 230, 333, 361, 557
	110, 111, 112, 129, 594, 614, 896
	113, 114, 115, 221, 983
	227, 301, 394, 549, 1003, 1121, 1159
	116, 237, 330, 455, 499, 981
	117, 118, 457, 716, 1167
	119, 187, 332, 432, 620, 700
	120, 121, 122, 279, 421, 1097
	122, 123, 124, 419, 829, 874, 1180
	125, 126, 502, 591, 799, 1192
	127, 128, 129, 334, 613
	130, 285, 341, 503, 880
	131, 132, 133, 425, 508, 545
	236, 481, 667, 686, 1005, 1083
	134, 135, 136, 137, 148, 362, 581, 759
	138, 139, 140, 164, 572, 788
	141, 142, 284, 654, 1011, 1213
	143, 144, 145, 146, 147, 148
	149, 150, 151, 395, 943, 1056
	152, 208, 244, 255, 275, 849
	153, 154, 336, 347, 899
	155, 156, 160, 793, 864
	157, 158, 159, 178, 841, 1147
	160, 161, 162, 774, 795
	163, 164, 165, 166, 447, 1156
	167, 168, 198, 269, 869, 1246
	169, 170, 172, 250, 818, 959, 1039
	171, 172, 173, 174, 247, 571, 712
	175, 176, 349, 617, 835
	177, 240, 298, 522, 970, 993
	178, 204, 383, 844, 1146
	179, 180, 181, 182, 313, 563, 1012
	183, 243, 351, 848, 1042
	184, 185, 186, 258, 495, 1118
	187, 197, 308, 331, 358, 702
	188, 189, 823, 855
	190, 193, 415, 492, 1046
	191, 192, 193, 194, 315, 1043
	195, 196, 197, 203, 305, 703, 917
	198, 199, 270, 523, 954, 991
	200, 201, 202, 203, 583, 1027
	204, 205, 381, 471, 843, 1065
	206, 207, 208, 209, 273
	210, 211, 543, 661, 1232
	212, 423, 435, 498, 728, 1188, 1226
	213, 214, 215, 216, 324
	217, 218, 319, 474, 599
	219, 220, 221, 294, 512, 1078
	222, 223, 388, 552, 772, 1137
	224, 225, 226, 248, 387, 962
	227, 228, 302, 741, 929, 998, 1002
	229, 230, 231, 232, 261, 359
	233, 234, 235, 236, 353, 483, 687
	237, 448, 452, 605, 631, 979, 1154
	238, 239, 343, 641, 784, 1130
	240, 241, 318, 430, 608, 988
	242, 243, 244, 254, 847, 1041
	506, 546, 577, 1022, 1233
	245, 246, 530, 972
	247, 248, 249, 250, 567, 963
	251, 252, 309, 356, 674
	253, 254, 255, 256, 276, 325, 1170
	257, 258, 259, 260, 575, 1186
	261, 262, 263, 264, 265, 718
	266, 267, 268, 368, 438, 1164
	269, 270, 372, 521, 870, 945
	271, 445, 809, 1243
	272, 374, 414
	273, 274, 275, 276, 1168
	277, 278, 279, 942, 1100
	280, 281, 365, 437
	282, 283, 284, 1101, 1214
	285, 504, 881, 1109, 1196
	286, 287, 288, 289, 327, 624
	290, 392, 566, 885, 1163
	291, 292, 293, 321
	294, 295, 296, 317, 511, 1075
	297, 298, 524, 689, 947, 969, 1107
	299, 300, 517, 935, 1028
	301, 302, 744, 1162
	303, 304, 379, 422, 487, 1191
	339, 404, 461, 679, 737, 1220
	305, 306, 307, 308, 309, 357, 673
	310, 311, 312, 313, 314, 315
	316, 317, 318, 429, 515, 612
	319, 320, 321, 322, 323, 324, 472, 1108
	325, 326, 327, 328, 625
	329, 330, 493, 497, 980, 1228
	331, 332, 333, 360, 556, 618, 837
	334, 335, 336, 337, 338
	339, 340, 341, 405, 883, 1135, 1219
	342, 343, 344, 636, 698, 733, 1129
	345, 346, 347, 898
	348, 349, 350, 479, 938
	351, 352, 411, 1045
	353, 354, 554, 627, 688
	355, 356, 357, 358, 359, 360, 361
	362, 363, 364, 390, 760, 903
	365, 366, 367, 368, 369, 436
	370, 371, 676, 894
	372, 373, 690, 871, 949, 1205
	374, 375, 376, 377, 413, 489
	378, 379, 424, 486, 510, 1057, 1062
	380, 381, 382, 383, 466, 1145
	384, 385, 386, 387, 633, 742, 887
	388, 389, 390, 773, 904, 985, 1136
	391, 392, 393, 394, 550, 650, 1158
	395, 396, 397, 398
	399, 400, 401, 402, 403, 723, 1091
	404, 405, 416, 463, 738, 884
	406, 407, 408, 443, 914
	409, 410, 705, 765, 906
	411, 412, 413, 414, 415, 491, 1047
	416, 417, 418, 464, 739, 1036, 1212
	418, 419, 420, 421, 875, 1032
	422, 423, 424, 434, 1059, 1189
	425, 426, 427, 507, 513, 588
	428, 429, 430, 953, 989
	431, 432, 433, 476, 701, 915
	434, 435, 1058, 1115, 1224
	436, 437, 438, 439, 440
	441, 442, 443, 444, 445, 808, 1242
	446, 447, 448, 978, 1153
	449, 450, 451, 516, 542, 721
	452, 453, 454, 455, 632
	456, 868, 1207, 1245
	457, 458, 459, 460, 555, 621
	461, 576, 680, 740, 1031
	462, 465, 1049, 1142, 1175, 1240
	463, 464, 657, 882, 1010, 1111, 1211
	465, 466, 467, 468, 1144, 1238
	469, 470, 471, 519, 931, 1068
	472, 473, 474, 475, 600, 1106
	476, 477, 478, 479, 480, 939
	481, 482, 483, 484, 724, 1008
	485, 486, 487, 1052
	488, 489, 490, 491, 492, 565
	493, 494, 495, 1117, 1227
	496, 497, 498, 499, 729, 1225
	500, 501, 502, 503, 504, 505, 1193
	506, 507, 508, 547, 578, 587, 1202
	509, 510, 820, 1040, 1060
	511, 512, 513, 514, 515, 589, 611
	516, 541, 722, 878, 1094
	517, 518, 519, 520, 753, 934, 1067
	521, 522, 523, 524, 946, 992
	525, 526, 919, 926, 933, 1023
	527, 528, 660, 806, 1066
	529, 530, 531, 532, 681, 1199, 1218
	533, 534, 535, 536, 537, 924, 957
	538, 539, 540, 541, 542, 879
	543, 544, 545, 546, 547, 1234
	548, 549, 550, 551, 552, 1120
	553, 554, 555, 626, 683
	556, 557, 558, 559, 839
	560, 656, 800, 1195
	561, 562, 563, 564, 565, 750
	566, 567, 568, 569, 570, 571, 889
	572, 573, 574, 575, 787, 1184
	576, 577, 578, 682, 1019, 1035, 1201
	579, 580, 581, 582, 583, 1025
	584, 585, 647, 1138
	586, 587, 588, 589, 609, 1203
	590, 591, 592, 593, 594
	595, 596, 597, 598, 599, 600, 1132
	601, 602, 1172, 1235
	603, 604, 708, 826, 951, 1072
	605, 606, 628, 1155
	607, 608, 609, 610, 611, 612
	613, 614, 615, 616, 803
	617, 618, 619, 620, 838
	621, 622, 623, 624, 625, 626, 627
	628, 629, 630, 631, 632
	633, 634, 635, 636, 637, 642, 697
	638, 639, 640, 641, 785, 861
	642, 643, 644, 645, 646
	647, 648, 649, 650, 651, 652, 653, 665
	654, 655, 656, 657, 1009, 1112, 1194
	658, 659, 660, 807, 840, 1064
	661, 662, 663, 664, 665, 710
	666, 667, 668, 1004, 1006, 1082, 1251
	669, 670, 671, 672, 673, 674
	675, 676, 677, 678, 726, 767, 895
	679, 680, 681, 682, 1200, 1221
	683, 684, 685, 686, 687, 688, 1084
	689, 690, 691, 692, 948, 1103
	693, 694, 695, 747
	696, 697, 698, 699, 732, 996
	700, 701, 702, 703, 920
	704, 705, 706, 707, 766, 777
	708, 709, 828, 851, 913, 1074
	710, 711, 712, 713, 714
	715, 716, 717, 718, 719, 1169
	720, 721, 722, 723, 1096
	724, 725, 726, 727, 891
	728, 729, 730, 731
	732, 733, 734, 735, 736
	737, 738, 739, 740, 1030
	741, 742, 743, 744, 888, 994, 1160
	745, 746, 747, 748, 749, 750
	751, 752, 753, 754, 755, 756
	757, 758, 759, 760, 761, 902, 1080
	762, 763, 764, 765, 766, 767, 768
	769, 770, 771, 772, 773, 965
	774, 775, 783, 796, 1128
	776, 777, 778, 779, 813, 1017
	780, 781, 782, 859
	783, 784, 785, 786, 1127
	787, 788, 789, 790, 858, 1185
	791, 792, 793, 794, 795, 796, 1125
	797, 798, 1148, 1239
	799, 800, 801, 802, 803, 1198
	804, 805, 806, 807, 808, 809, 810
	811, 812, 813, 814, 815, 816, 817
	818, 819, 820, 821, 822, 834, 1038
	823, 824, 825, 826, 827, 828, 852
	829, 830, 831, 832, 833, 834, 1179
	835, 836, 837, 838, 839
	840, 841, 842, 843, 844, 1063
	845, 846, 847, 848, 849
	850, 851, 852, 853, 854, 855, 856
	857, 858, 859, 860, 861, 862
	863, 864, 865, 866, 867, 908
	868, 869, 870, 871, 1208, 1248
	872, 873, 874, 875, 1021, 1033
	876, 877, 878, 879, 968, 1095, 1250
	880, 881, 882, 883, 884, 1110
	885, 886, 887, 888, 889, 1161
	890, 891, 892, 893, 894, 895, 928
	896, 897, 898, 899, 900, 901, 1089
	902, 903, 904, 905, 986
	906, 907, 908, 909
	910, 911, 912, 913, 914, 1070
	915, 916, 917, 918, 919, 920, 921
	921, 922, 923, 924, 925, 926
	927, 928, 929, 930, 999
	931, 932, 933, 934, 935, 1029
	936, 937, 938, 939, 940
	941, 942, 943, 944, 1051, 1176
	945, 946, 947, 948, 949
	950, 951, 952, 953, 954, 990, 1073
	955, 956, 957, 958, 1150
	959, 960, 961, 962, 963
	964, 965, 966, 967, 968, 1093
	969, 970, 971, 972, 973, 974, 975
	976, 977, 978, 979, 980, 981
	982, 983, 984, 985, 986, 987, 1140
	988, 989, 990, 991, 992, 993
	994, 995, 996, 997, 998, 999
	1000, 1001, 1002, 1003, 1004, 1124
	1005, 1006, 1007, 1008
	1009, 1010, 1011, 1210
	1012, 1013, 1014, 1015, 1016, 1017, 1018
	1019, 1020, 1021, 1022, 1034, 1229
	1023, 1024, 1025, 1026, 1027, 1028, 1029
	1030, 1031, 1032, 1033, 1034, 1035, 1036
	1037, 1038, 1039, 1040, 1061, 1114
	1041, 1042, 1043, 1044, 1045, 1046, 1047
	1048, 1049, 1050, 1174
	1051, 1052, 1053, 1054, 1055, 1056, 1057, 1177
	1058, 1059, 1060, 1061, 1062, 1116
	1063, 1064, 1065, 1066, 1067, 1068, 1069
	1070, 1071, 1072, 1073, 1074
	1075, 1076, 1077, 1078, 1079, 1080
	1081, 1082, 1083, 1084, 1253
	1085, 1086, 1087, 1088, 1089, 1090
	1091, 1092, 1093, 1094, 1095, 1096
	1097, 1098, 1099, 1100, 1101, 1102, 1216
	1103, 1104, 1105, 1106, 1107, 1108
	1109, 1110, 1111, 1112, 1197
	1113, 1114, 1115, 1116, 1117, 1118, 1223
	1119, 1120, 1121, 1122, 1123, 1124
	1125, 1126, 1127, 1128, 1129, 1130
	1131, 1132, 1133, 1134, 1135, 1222
	1136, 1137, 1138, 1139, 1140, 1141
	1142, 1143, 1144, 1145, 1146, 1147
	1148, 1149, 1150, 1151, 1152
	1153, 1154, 1155, 1156, 1157
	1158, 1159, 1160, 1161, 1162, 1163
	1164, 1165, 1166, 1167, 1168, 1169, 1170, 1171
	1172, 1173, 1174, 1175, 1241
	1176, 1177, 1178, 1179, 1180, 1181
	1182, 1183, 1184, 1185, 1186, 1187
	1188, 1189, 1190, 1191
	1192, 1193, 1194, 1195, 1196, 1197, 1198
	1199, 1200, 1201, 1202, 1203, 1204
	1205, 1206, 1207, 1208, 1209
	1210, 1211, 1212, 1213, 1214, 1215, 1216
	1217, 1218, 1219, 1220, 1221, 1222
	1223, 1224, 1225, 1226, 1227, 1228
	1229, 1230, 1231, 1232, 1233, 1234
	1235, 1236, 1237, 1238, 1239, 1240, 1241
	1242, 1243, 1244, 1245, 1246, 1247, 1248
	1249, 1250, 1251, 1252, 1253, 1254
Seed Numbers: 418
	0
	1
	2
	3
	4
	5
	6
	7
	8
	9
	10
	11
	12
	13
	14
	15
	16
	17
	18
	19
	20
	21
	22
	23
	24
	25
	26
	27
	28
	29
	30
	31
	32
	33
	34
	35
	36
	37
	38
	39
	40
	41
	42
	43
	44
	45
	46
	47
	48
	49
	50
	51
	52
	53
	54
	55
	56
	57
	58
	59
	60
	61
	62
	63
	64
	65
	66
	67
	68
	69
	70
	71
	72
	73
	74
	75
	76
	77
	78
	79
	80
	81
	82
	83
	84
	85
	86
	87
	88
	89
	90
	91
	92
	93
	94
	95
	96
	97
	98
	99
	100
	101
	102
	103
	104
	105
	106
	107
	108
	109
	110
	111
	112
	113
	114
	115
	116
	117
	118
	119
	120
	121
	122
	123
	124
	125
	126
	127
	128
	129
	130
	131
	132
	133
	134
	135
	136
	137
	138
	139
	140
	141
	142
	143
	144
	145
	146
	147
	148
	149
	150
	151
	152
	153
	154
	155
	156
	157
	158
	159
	160
	161
	162
	163
	164
	165
	166
	167
	168
	169
	170
	171
	172
	173
	174
	175
	176
	177
	178
	179
	180
	181
	182
	183
	184
	185
	186
	187
	188
	189
	190
	191
	192
	193
	194
	195
	196
	197
	198
	199
	200
	201
	202
	203
	204
	205
	206
	207
	208
	209
	210
	211
	212
	213
	214
	215
	216
	217
	218
	219
	220
	221
	222
	223
	224
	225
	226
	227
	228
	229
	230
	231
	232
	233
	234
	235
	236
	237
	238
	239
	240
	241
	242
	243
	244
	245
	246
	247
	248
	249
	250
	251
	252
	253
	254
	255
	256
	257
	258
	259
	260
	261
	262
	263
	264
	265
	266
	267
	268
	269
	270
	271
	272
	273
	274
	275
	276
	277
	278
	279
	280
	281
	282
	283
	284
	285
	286
	287
	288
	289
	290
	291
	292
	293
	294
	295
	296
	297
	298
	299
	300
	301
	302
	303
	304
	305
	306
	307
	308
	309
	310
	311
	312
	313
	314
	315
	316
	317
	318
	319
	320
	321
	322
	323
	324
	325
	326
	327
	328
	329
	330
	331
	332
	333
	334
	335
	336
	337
	338
	339
	340
	341
	342
	343
	344
	345
	346
	347
	348
	349
	350
	351
	352
	353
	354
	355
	356
	357
	358
	359
	360
	361
	362
	363
	364
	365
	366
	367
	368
	369
	370
	371
	372
	373
	374
	375
	376
	377
	378
	379
	380
	381
	382
	383
	384
	385
	386
	387
	388
	389
	390
	391
	392
	393
	394
	395
	396
	397
	398
	399
	400
	401
	402
	403
	404
	405
	406
	407
	408
	409
	410
	411
	412
	413
	414
	415
	416
	417
Phase Numbers: 418
	2
	2
	1
	3
	2
	3
	2
	2
	0
	2
	2
	1
	3
	2
	0
	2
	0
	0
	2
	3
	3
	3
	2
	2
	2
	3
	1
	2
	3
	3
	3
	3
	3
	3
	2
	3
	2
	3
	0
	2
	2
	2
	2
	2
	3
	3
	1
	2
	0
	2
	0
	2
	0
	2
	2
	3
	1
	3
	2
	3
	2
	1
	2
	3
	2
	2
	3
	3
	2
	2
	3
	2
	3
	3
	3
	2
	3
	2
	3
	2
	1
	2
	0
	0
	2
	3
	2
	3
	2
	2
	2
	2
	3
	2
	2
	2
	0
	0
	1
	3
	0
	0
	3
	3
	0
	2
	2
	3
	2
	3
	1
	2
	1
	3
	2
	2
	2
	3
	2
	3
	3
	3
	2
	3
	3
	3
	1
	3
	2
	2
	2
	3
	2
	1
	3
	2
	2
	0
	2
	2
	0
	2
	3
	2
	2
	2
	2
	2
	3
	3
	2
	3
	0
	3
	3
	0
	2
	3
	2
	0
	2
	3
	2
	3
	2
	2
	3
	3
	3
	0
	3
	2
	3
	3
	3
	3
	3
	2
	3
	3
	3
	0
	3
	2
	0
	1
	2
	1
	2
	2
	3
	2
	0
	2
	1
	2
	0
	3
	3
	3
	3
	1
	2
	3
	3
	2
	2
	0
	3
	3
	3
	2
	3
	3
	2
	1
	3
	3
	3
	3
	3
	2
	2
	2
	3
	3
	2
	0
	2
	3
	2
	0
	3
	3
	3
	1
	1
	2
	3
	0
	3
	2
	1
	1
	3
	0
	2
	1
	3
	1
	3
	2
	3
	3
	1
	2
	3
	2
	3
	3
	3
	0
	3
	1
	2
	3
	2
	2
	3
	2
	3
	0
	3
	3
	2
	1
	2
	3
	1
	3
	3
	2
	3
	3
	2
	3
	1
	2
	1
	3
	2
	2
	3
	2
	3
	1
	0
	2
	2
	3
	2
	3
	2
	3
	3
	3
	1
	2
	3
	2
	3
	2
	3
	3
	3
	2
	3
	2
	2
	3
	2
	3
	3
	2
	3
	2
	3
	2
	2
	3
	2
	0
	3
	3
	3
	2
	2
	3
	0
	3
	1
	3
	3
	2
	2
	2
	2
	1
	2
	2
	3
	2
	2
	3
	0
	3
	1
	3
	3
	3
	2
	1
	3
	0
	3
	3
	3
	1
	3
	2
	2
	2
	2
	2
	2
	3
	3
	3
	3
	0
	2
	2
	2
	3
	3
	0
	2
	2
	1
	2
	1
	2
	3
	3
	2
	2
	1
	2
	2
	3
	3
	3
	0
	3
	3
	3
	3
	2
	2
	2
	3
	3
	2
	3
	0
	2
	1
	2
Volumes: 418
	0.0024900160505832783
	0.0027410533444805073
	0.0028923571961564335
	0.0021642111315247994
	0.0017850168930434143
	0.0018268847998875407
	0.0017556238613749423
	0.0025707463790996853
	0.0025296149179984684
	0.0013198875045361941
	0.002463611333356753
	0.002458687532583518
	0.001810821214444312
	0.0029763139407488134
	0.0028801883709272946
	0.00312701489959605
	0.0024379065257774672
	0.002399600502539188
	0.0030193205140658743
	0.0011291407729844584
	0.0021929654162013024
	0.0021828052629590936
	0.0027859678895267755
	0.0023640937375969734
	0.002596943183098433
	0.0018130370113450915
	0.0019022804165634976
	0.0019464106409757208
	0.001767285626669874
	0.002439964212450161
	0.002138055272421094
	0.0026442620939865096
	0.002820544081754374
	0.002414594828020619
	0.001904567177910958
	0.0031741210151409413
	0.00247323142339588
	0.0020642140468764072
	0.0028950420893584074
	0.002559906230940962
	0.0025966892135353683
	0.0026767682949772123
	0.001378509680585649
	0.0018296258915706416
	0.0025411976649254483
	0.003265275557101334
	0.0017947191822846955
	0.003165315462929761
	0.0025459964914478946
	0.0018542302304756979
	0.0019516913468695836
	0.001634350821259189
	0.0025289482048153336
	0.0010479467761301733
	0.003202892269186763
	0.0023737959581946067
	0.0024832818518486844
	0.0022296305330102373
	0.0016652271185295484
	0.0026337519840394633
	0.0032454943392366924
	0.0026191896285729308
	0.0009793200126761337
	0.0023159933358775763
	0.001852894117118207
	0.0019314985336050432
	0.0018848958268369432
	0.0008491218642614406
	0.0021173485381416803
	0.0025414435280637897
	0.002431877720723877
	0.0025817151206509337
	0.0015556903569382643
	0.00321888312910583
	0.002317093479377119
	0.0028276092756208426
	0.001882111249205324
	0.0025328777533277745
	0.0028607437046005773
	0.002744666638092475
	0.002196404042743357
	0.002073324150466732
	0.002816895394281769
	0.0030736773701084464
	0.0031503655701874294
	0.0018381257273265886
	0.002484352719689148
	0.002119921529596717
	0.002277815786748455
	0.002828839126100371
	0.0019500172378725906
	0.0027985535315567245
	0.0019982087094479947
	0.0020553170110314024
	0.0020711916348248407
	0.002965594839144649
	0.0023304156428438933
	0.002383556934040562
	0.0027433527950732842
	0.0009480283023072518
	0.0020590575396374367
	0.0015765804771714015
	0.0013653747056745673
	0.0019412249331249168
	0.0017768929657793987
	0.003179148435224537
	0.0030276921686109696
	0.0025683565794020835
	0.0031645447303643667
	0.0024071616191208988
	0.0016889413966594178
	0.0021119657452728455
	0.0027968892274724843
	0.002714061096972315
	0.0013080820859953392
	0.002815550413181259
	0.002073738267797089
	0.002739021654311881
	0.0029478642432264335
	0.0024597369791701856
	0.0016997020528926696
	0.0027703092068838806
	0.0037032812729293867
	0.0021709861964402154
	0.003304287405766983
	0.0023809243848985657
	0.001990451856563651
	0.0031844022274101023
	0.002389578014122454
	0.0017502246099356951
	0.0019899821861168766
	0.002582119871250825
	0.002696751416652895
	0.0021608654541637874
	0.001498373127549418
	0.0016541346536058865
	0.00249989471233815
	0.002560328594494538
	0.003731142803904605
	0.001733832182122557
	0.0019379886233055002
	0.002695967583387422
	0.0023960167130214396
	0.0019834795807651007
	0.001106738091357452
	0.0012979198590190278
	0.0025268669822296123
	0.0014347389764835857
	0.002265845916582945
	0.0029150705081293048
	0.003265341818796186
	0.002706044124734676
	0.001287208547974106
	0.002904020847300642
	0.00213698690140965
	0.002697591209640508
	0.001300068362757176
	0.0025350906063608732
	0.002737927067633331
	0.0015682459213846832
	0.0020228466573981845
	0.0020157197669696293
	0.0032643740230774766
	0.0028176063258589686
	0.002678790568401148
	0.0025435791870313646
	0.0016042295395093406
	0.002316423688285597
	0.002692066456820318
	0.0026393289832253013
	0.002793248987755826
	0.002406511929952246
	0.0030055387274426832
	0.0023030908358664987
	0.0029782173800559216
	0.002147648955146221
	0.0031042170074308422
	0.002940204709219872
	0.0025985820377402978
	0.0029572979731297827
	0.0023195679329428825
	0.0022491185597806997
	0.0017284508135583523
	0.003066962294906016
	0.0025996228226033923
	0.002817950629104546
	0.002492610221909681
	0.0024490945211008528
	0.0019338957074170261
	0.002425089524876441
	0.0027021850948421564
	0.0010471591919056313
	0.0025213151292590823
	0.0023889132539310328
	0.0011090903326340096
	0.0020567699784267653
	0.0014359390509044636
	0.0023280671037109015
	0.0018379028252613514
	0.0009573894746793717
	0.0026177374640142894
	0.003056669067973575
	0.003218308337694024
	0.0017895139268399925
	0.0025237549905316858
	0.0022104544811569257
	0.003282664179212572
	0.0020079801641751565
	0.001957470942083433
	0.0034315664147796126
	0.0016827554240675694
	0.002953756408606131
	0.0033005389061268077
	0.0013623865637782111
	0.0027868458958349553
	0.003742048569192193
	0.0007078817289937792
	0.0015175977190856273
	0.0013137457503927142
	0.002540197934758304
	0.002967560441191828
	0.0028304899911652686
	0.002410222473902051
	0.0027077024943442567
	0.002003391442457878
	0.0025222462355980434
	0.002270549909761444
	0.0019258258107459226
	0.003003916240040991
	0.003213133796318157
	0.0033932187372788603
	0.0014614339035468418
	0.0028920069973996376
	0.0034506496520594248
	0.0021948974152604583
	0.0019019778788103578
	0.002749309216377338
	0.003182277976099137
	0.0026392307852224836
	0.0026759466799986496
	0.0026515184614760785
	0.0025446486104644347
	0.0020519451420751415
	0.002252939673239659
	0.0016364017683545753
	0.003132716691341303
	0.0026077746288743265
	0.0025504991576316633
	0.0024496399263320085
	0.0016154764254988478
	0.002318072303613778
	0.0020219382213257486
	0.0025703563191237064
	0.0028323319402598014
	0.0029579408297563605
	0.002720121204695794
	0.003188830538942771
	0.0021753433080101228
	0.002660496223174599
	0.001741863716120519
	0.0030013679716119008
	0.0026833416217031643
	0.0022519354363771454
	0.0028989556540539993
	0.0026333170908519037
	0.003071666395781909
	0.002791072073895476
	0.0022516394945659526
	0.0034435022390287163
	0.002717998858699696
	0.0026945626663855177
	0.002828413287232316
	0.002517842024918909
	0.002795812042038899
	0.002340732740491888
	0.0021503390518598517
	0.003264064392636707
	0.0015775744697446334
	0.002963578731789888
	0.0016990978075365805
	0.002444471255995285
	0.0023802618271739576
	0.001939065682489141
	0.0030176247160660493
	0.003196520002097175
	0.002679032602460451
	0.002851646945630343
	0.0016471960534420087
	0.0029276868041201534
	0.001807622751616606
	0.002656145274375167
	0.0015744753536847391
	0.002344332876567418
	0.001343788991251205
	0.0018105554613515372
	0.0022439724829467415
	0.0017894336795410736
	0.0030189679894253507
	0.0027220739359819853
	0.001901182547225219
	0.0037863268367839546
	0.0029293308846466692
	0.0025239300675147618
	0.0030008171296569703
	0.0021554015896538136
	0.002199026372515584
	0.003317317825406881
	0.0028752881837411084
	0.0027809136867139065
	0.0022579756683133597
	0.000961134532732508
	0.002117552033880496
	0.001664732852448299
	0.0032852916214437707
	0.0022038371138554595
	0.0021398518595444407
	0.002831686451299366
	0.0020092579023643703
	0.0022285905883197878
	0.0008897735865691939
	0.001994414495835855
	0.002944733611127777
	0.0025463453607006284
	0.0016982271727505266
	0.0022553099716293556
	0.003399898826055114
	0.003653562672351901
	0.002386752164863708
	0.002291072765918511
	0.0025952297905835475
	0.0009783906172749165
	0.0017899153474904338
	0.0024219493561378827
	0.0029384156773514408
	0.001120750519098363
	0.0021392923150329785
	0.003134956016823725
	0.002793522034559203
	0.0032747591684518574
	0.0027887020342812646
	0.0028388695568490694
	0.0016078546349471484
	0.0023163863059665205
	0.0012893238497371005
	0.002717596474588928
	0.0028617911995715605
	0.0021217643905004496
	0.0023041265354744782
	0.0024070785992985413
	0.0021952239947868307
	0.002123726337855757
	0.002306034167380985
	0.003247516933601621
	0.0028569985870790446
	0.002748627158416695
	0.0013390908239440408
	0.0022337455908416296
	0.0025341509092241224
	0.0028755501160991712
	0.0027130697422505373
	0.0030212226639832478
	0.0020763821961147016
	0.002344056376103398
	0.0019111130233247034
	0.0029590216176502413
	0.0016539846169707712
	0.0027104925469531704
	0.0021782907397080433
	0.0024216702021800343
	0.0027270492048154906
	0.0033081262868670447
	0.002287297760179431
	0.0026404005029637486
	0.0031361261019664625
	0.0016335826238263692
	0.0020420393177808093
	0.0023912846191934123
	0.002686770437839208
	0.003422156272016537
	0.0032433622346417588
	0.003460187112344866
	0.0028952214914624145
	0.0008755608883467662
	0.0027275216168257247
	0.0027308241527721406
	0.0033984703296668123
	0.001821890847897509
	0.002968884010825213
	0.0021171566844673563
	0.0031447788058316852
	0.0020647783920409463
	0.0027718150027863206
	0.003012369244140155
	0.0019380334602639594
	0.0031487029606447753
	0.0030437839233881056
	0.0019142287802077578
	0.0024113549508764445
	0.0024682733391833737
	0.002025926272399295
	0.0014945414708729132
	0.0011905857113812225
	0.0027227606169280675
	0.0029454104494373167
	0.0017605583413350513
	0.002038544804204681
	0.001732636971162426
	0.0014507572549097118
	0.0024355562394871356
	0.002091195142103559
	0.0019520841760799258
	0.002831468407021878
	0.0029688109009255973
	0.0024627886639046
	0.001820860661024288
	0.0031870375824990757
	0.0027793978131005204
	0.0026826472215960213
