Mesh Points: 838
	-2.102632e-01,  4.035579e-01
	-1.660501e-01,  4.130881e-01
	-2.247346e-01,  4.138606e-01
	-2.105463e-01,  4.632912e-01
	-1.796130e-01,  4.604377e-01
	-1.629078e-01,  4.175566e-01
	 3.216095e-01,  3.630365e-01
	 3.036259e-01,  3.660877e-01
	 2.966619e-01,  4.146135e-01
	 3.048447e-01,  4.272759e-01
	 3.392240e-01,  4.221822e-01
	 3.460807e-01,  3.876561e-01
	 2.498700e-01,  5.000000e-01
	 2.461505e-01,  4.782520e-01
	 1.855749e-01,  5.000000e-01
	 1.904823e-01,  4.656554e-01
	-1.172149e-01,  3.770974e-01
	-1.407146e-01,  3.655977e-01
	-1.494888e-01,  3.691059e-01
	-1.481243e-01,  4.229950e-01
	-1.122649e-01,  4.074826e-01
	-6.393610e-02, -4.578664e-01
	-2.212320e-02, -4.383383e-01
	-1.030047e-02, -4.761132e-01
	-3.783537e-02, -5.000000e-01
	-2.961388e-02, -5.000000e-01
	 4.986659e-02,  4.621135e-01
	 8.261986e-02,  4.557399e-01
	 4.301684e-02,  5.000000e-01
	 8.856598e-02,  5.000000e-01
	 8.349831e-02,  4.561582e-01
	-3.825114e-01, -2.160345e-01
	-3.947110e-01, -2.493294e-01
	-4.095412e-01, -1.951754e-01
	-3.991753e-01, -2.511545e-01
	-4.359484e-01, -2.239368e-01
	 5.000000e-01,  4.225900e-01
	 4.703114e-01,  4.410520e-01
	 4.659102e-01,  4.693218e-01
	 4.689812e-01,  4.730569e-01
	 5.000000e-01,  4.781651e-01
	-2.404753e-01,  1.826795e-02
	-2.584456e-01,  2.596776e-03
	-2.427507e-01,  4.935924e-02
	-2.823899e-01,  8.622420e-04
	-3.116469e-01,  3.571347e-02
	-2.839840e-01,  6.333114e-02
	 7.019955e-02, -3.890918e-01
	 5.978187e-02, -3.352601e-01
	 3.127315e-02, -3.884712e-01
	 2.119959e-02, -3.566188e-01
	 1.059104e-01,  2.060579e-01
	 1.393929e-01,  2.177108e-01
	 8.530035e-02,  2.406508e-01
	 9.431619e-02,  2.685256e-01
	 1.351346e-01,  2.690434e-01
	 1.502143e-01,  2.449647e-01
	-1.609192e-01, -3.989888e-01
	-1.918059e-01, -3.624203e-01
	-1.870035e-01, -4.356005e-01
	-2.242481e-01, -3.724185e-01
	-2.178418e-01, -4.229207e-01
	-1.939237e-01, -4.386074e-01
	 6.640985e-03,  1.017897e-01
	-2.030999e-02,  9.162565e-02
	 1.162932e-02,  1.181285e-01
	-2.628688e-02,  1.455072e-01
	-8.133089e-03,  1.459916e-01
	-3.829121e-02,  1.223697e-01
	-3.325212e-01, -2.234938e-01
	-3.459992e-01, -2.044171e-01
	-2.768090e-01, -2.153039e-01
	-2.933340e-01, -1.700511e-01
	-3.171656e-01, -1.669124e-01
	-3.507300e-01, -3.465450e-01
	-3.854396e-01, -3.803032e-01
	-3.513080e-01, -3.384976e-01
	-3.795456e-01, -3.098427e-01
	-4.024393e-01, -3.770596e-01
	-4.190187e-01, -3.395899e-01
	-3.995337e-01, -3.095960e-01
	-2.787276e-01,  2.662829e-01
	-3.079398e-01,  2.507383e-01
	-3.392682e-01,  3.008563e-01
	-3.246978e-01,  3.150694e-01
	-2.741539e-01,  3.073094e-01
	-2.727898e-01,  3.053254e-01
	-3.050818e-03, -3.050369e-01
	-9.515437e-03, -3.166203e-01
	 3.498765e-02, -2.925036e-01
	 6.324680e-02, -3.285309e-01
	 9.339727e-03, -3.530093e-01
	 1.765174e-01, -1.495064e-01
	 1.794919e-01, -1.149390e-01
	 1.312378e-01, -1.716624e-01
	 1.286471e-01, -1.170650e-01
	 1.453648e-01, -1.069363e-01
	 1.216045e-01, -1.651507e-01
	 1.363587e-01,  4.773738e-01
	 1.130858e-01,  4.528157e-01
	 1.340639e-01,  5.000000e-01
	 4.369218e-01, -3.598328e-01
	 4.091526e-01, -3.706187e-01
	 4.309198e-01, -3.179508e-01
	 3.958021e-01, -3.300677e-01
	 3.917760e-01, -3.605272e-01
	-3.100868e-01,  1.715311e-01
	-2.715917e-01,  1.616904e-01
	-3.416879e-01,  1.454672e-01
	-3.133445e-01,  1.100672e-01
	-2.918513e-01,  1.075224e-01
	 2.041156e-01,  1.034286e-01
	 1.879170e-01,  1.357045e-01
	 2.305999e-01,  1.031909e-01
	 1.988778e-01,  1.603604e-01
	 2.465777e-01,  1.481303e-01
	 2.471040e-01,  1.467712e-01
	 8.949638e-02, -9.803741e-02
	 1.050055e-01, -6.928291e-02
	 4.805616e-02, -8.396118e-02
	 8.995928e-02, -3.379699e-02
	 4.238235e-02, -7.443608e-02
	 4.739040e-02, -5.540913e-02
	 4.492859e-01,  3.391101e-01
	 4.187156e-01,  3.185261e-01
	 4.622345e-01,  3.306733e-01
	 4.125352e-01,  2.854460e-01
	 4.162864e-01,  2.774619e-01
	 4.726741e-01,  3.004381e-01
	 4.556993e-01,  2.721717e-01
	 4.472293e-01, -1.057296e-01
	 4.229116e-01, -1.470300e-01
	 4.435190e-01, -9.387196e-02
	 3.971665e-01, -8.042984e-02
	 4.066447e-01, -7.638581e-02
	 3.828355e-01, -1.131830e-01
	 4.013158e-01, -1.424722e-01
	-4.108027e-01,  3.834552e-01
	-4.324951e-01,  3.503413e-01
	-4.230306e-01,  4.089103e-01
	-4.690412e-01,  3.819808e-01
	-4.605670e-01,  3.993800e-01
	 4.530956e-01,  1.098597e-01
	 4.212981e-01,  1.023926e-01
	 3.983790e-01,  1.280697e-01
	 4.566007e-01,  1.295644e-01
	 4.284239e-01,  1.575597e-01
	 3.991788e-01,  1.439757e-01
	 4.090280e-01,  1.549990e-01
	 2.898062e-01,  1.060033e-01
	 2.597676e-01,  8.271285e-02
	 2.854449e-01,  1.323299e-01
	 2.494452e-01,  8.279757e-02
	 2.060742e-01, -3.625348e-01
	 1.777960e-01, -3.824530e-01
	 2.032841e-01, -3.227571e-01
	 1.553162e-01, -3.437685e-01
	 2.005077e-01, -3.212770e-01
	 3.887907e-01,  3.706765e-01
	 3.532821e-01,  4.310655e-01
	 4.021079e-01,  4.146510e-01
	 3.943867e-01,  3.756972e-01
	-4.443865e-01,  1.494769e-01
	-4.148172e-01,  1.677700e-01
	-3.825413e-01,  1.256581e-01
	-3.869785e-01,  1.130469e-01
	-4.240055e-01,  9.880618e-02
	 1.074978e-02, -4.193002e-01
	-2.010467e-02, -3.683649e-01
	-1.374995e-02, -4.217339e-01
	-2.765230e-02, -4.004702e-01
	 3.424088e-01, -1.492348e-02
	 3.246207e-01, -3.216332e-02
	 2.832768e-01, -3.309170e-02
	 3.311275e-01,  1.023690e-02
	 2.646934e-01, -7.595553e-03
	 2.636207e-01,  3.496422e-03
	 2.835150e-01,  1.801508e-02
	-1.924680e-01,  1.129709e-01
	-1.553379e-01,  1.307656e-01
	-2.104937e-01,  1.589462e-01
	-1.880055e-01,  1.782674e-01
	-1.587800e-01,  1.690329e-01
	 4.817543e-01, -1.996221e-02
	 4.649281e-01, -3.838935e-02
	 4.731175e-01,  3.037730e-03
	 4.392006e-01,  4.880680e-03
	 4.272484e-01, -2.272072e-02
	-4.574105e-01, -2.268998e-01
	-4.521229e-01, -2.804478e-01
	-4.667453e-01, -2.219947e-01
	-5.000000e-01, -2.268441e-01
	-5.000000e-01, -2.780497e-01
	-4.668940e-01, -2.927200e-01
	-4.703494e-01, -4.665467e-01
	-4.963853e-01, -5.000000e-01
	-4.309543e-01, -4.685834e-01
	-4.193206e-01, -5.000000e-01
	-2.331827e-01, -1.639981e-01
	-2.144258e-01, -1.432762e-01
	-2.748870e-01, -1.536067e-01
	-2.725572e-01, -1.084330e-01
	-2.331829e-01, -1.039202e-01
	-1.242633e-01,  2.506450e-02
	-1.142462e-01,  3.930667e-02
	-1.589260e-01,  2.201979e-02
	-1.222765e-01,  7.962885e-02
	-1.309057e-01,  8.391968e-02
	-1.752227e-01,  3.637766e-02
	-1.784056e-01,  6.483414e-02
	-1.767564e-01,  6.767093e-02
	 5.000000e-01,  1.889974e-01
	 4.758739e-01,  1.771295e-01
	 5.000000e-01,  2.389274e-01
	 4.466894e-01,  2.117006e-01
	 4.740293e-01,  2.426965e-01
	 4.528925e-01,  1.869804e-01
	 1.328314e-01,  4.205004e-01
	 1.279747e-01,  4.028240e-01
	 1.070241e-01,  3.909165e-01
	 7.490039e-02,  4.038236e-01
	 5.000000e-01, -3.449396e-01
	 4.838229e-01, -3.459855e-01
	 5.000000e-01, -2.979072e-01
	 4.732196e-01, -3.172985e-01
	-4.200836e-01, -4.438764e-01
	-4.529272e-01, -4.055590e-01
	-4.507379e-01, -4.045898e-01
	-4.788315e-01, -4.428439e-01
	-4.401256e-01, -4.068124e-01
	-3.130318e-01,  2.392861e-01
	-3.586882e-01,  2.973785e-01
	-3.688052e-01,  2.499579e-01
	-3.730150e-01,  2.581869e-01
	-1.929013e-01,  1.120222e-01
	-2.346336e-01,  1.012149e-01
	-2.402927e-01,  1.056085e-01
	-2.425289e-01,  1.580375e-01
	 2.366439e-01,  2.725852e-01
	 2.555343e-01,  2.990912e-01
	 2.033450e-01,  2.861197e-01
	 2.098143e-01,  3.186031e-01
	 2.418574e-01,  3.262125e-01
	-1.239209e-01, -2.628376e-01
	-8.965804e-02, -2.211310e-01
	-1.488398e-01, -2.478686e-01
	-1.311727e-01, -1.955210e-01
	-1.349510e-01, -1.979827e-01
	-7.903119e-02, -3.757309e-01
	-4.463604e-02, -3.400383e-01
	-1.056709e-01, -3.418360e-01
	-7.639663e-02, -2.986154e-01
	-4.396203e-02, -3.289644e-01
	-9.019422e-02, -3.002525e-01
	-2.572139e-01, -4.337622e-01
	-2.305658e-01, -3.687638e-01
	-2.727331e-01, -3.837349e-01
	-2.703969e-01, -4.213829e-01
	-3.352138e-01, -1.017918e-01
	-3.266686e-01, -6.002779e-02
	-3.651696e-01, -9.177763e-02
	-3.706322e-01, -5.379595e-02
	 3.620071e-01, -3.702862e-01
	 3.720629e-01, -3.135294e-01
	 3.380890e-01, -3.492227e-01
	 2.816962e-03, -1.445903e-01
	-2.603920e-02, -1.746239e-01
	-7.782477e-02, -1.495332e-01
	-2.027514e-02, -1.113084e-01
	-6.407789e-02, -1.161727e-01
	-7.820600e-02, -1.441129e-01
	-2.100961e-02, -4.890642e-02
	-2.214770e-02, -5.442102e-02
	-4.394139e-02, -9.288032e-03
	-8.541638e-02, -2.066135e-02
	-6.565424e-02, -4.530885e-03
	-6.207740e-02, -6.230977e-02
	 1.336486e-01, -4.485824e-01
	 1.250831e-01, -4.225569e-01
	 1.613681e-01, -4.519929e-01
	 1.361201e-01, -4.055613e-01
	 1.736968e-01, -4.025196e-01
	 1.840864e-01, -4.176600e-01
	-4.699591e-01, -9.703124e-02
	-4.824658e-01, -5.194721e-02
	-4.862162e-01, -1.176679e-01
	-5.000000e-01, -5.062810e-02
	-5.000000e-01, -1.184363e-01
	-4.748096e-01,  2.149056e-01
	-4.669546e-01,  2.061827e-01
	-4.658787e-01,  2.648121e-01
	-4.239165e-01,  2.106997e-01
	-4.603946e-01,  2.684398e-01
	-4.336463e-01,  2.643250e-01
	-4.288360e-01,  2.597090e-01
	-4.923139e-02,  1.779389e-01
	-1.745597e-02,  2.122451e-01
	-7.823640e-02,  1.780492e-01
	-6.976455e-02,  2.455284e-01
	-2.442948e-02,  2.321386e-01
	-9.315916e-02,  2.109267e-01
	 2.639493e-01, -4.620648e-01
	 2.629276e-01, -4.632688e-01
	 3.228544e-01, -4.766389e-01
	 3.281784e-01, -4.837725e-01
	 3.265884e-01, -5.000000e-01
	 2.567021e-01, -5.000000e-01
	 2.302613e-01,  2.393009e-01
	 2.310581e-01,  2.046301e-01
	 1.902674e-01,  2.411982e-01
	 1.878297e-01,  1.894582e-01
	 1.888163e-01,  1.888231e-01
	-3.432481e-01,  4.715370e-01
	-3.310028e-01,  5.000000e-01
	-3.997366e-01,  4.819283e-01
	-4.071866e-01,  4.909423e-01
	-4.072522e-01,  5.000000e-01
	 1.371845e-01, -3.393992e-01
	 1.312106e-01, -2.885023e-01
	 1.854236e-01, -2.835255e-01
	-3.316163e-01,  3.735368e-02
	-3.581853e-01, -4.600102e-03
	-3.682355e-01, -8.952162e-03
	-3.990855e-01,  4.523948e-02
	-3.539269e-01,  6.633357e-02
	-4.023751e-01,  3.572733e-02
	-3.800074e-01, -4.095168e-03
	-2.190799e-01,  3.487923e-01
	-2.607832e-01,  3.576626e-01
	-2.083050e-01,  3.548826e-01
	-2.361948e-01,  4.133451e-01
	-2.622141e-01,  3.917666e-01
	 3.577941e-01,  1.873285e-01
	 3.572064e-01,  1.556629e-01
	 3.222713e-01,  2.011734e-01
	 3.025506e-01,  1.922724e-01
	 3.108725e-01,  1.561685e-01
	 3.384571e-01,  1.420581e-01
	 5.000000e-01, -2.214328e-01
	 4.545333e-01, -2.170522e-01
	 5.000000e-01, -1.863244e-01
	 4.727929e-01, -1.770126e-01
	 3.657923e-01, -6.254826e-02
	 4.162848e-01, -2.836154e-02
	 3.803933e-01, -1.281966e-02
	 3.608971e-01, -2.008529e-02
	 1.871406e-01,  4.611595e-01
	 4.157601e-01,  2.211303e-01
	 4.066806e-01,  2.577052e-01
	 3.879349e-01,  2.014592e-01
	 3.660912e-01,  2.438086e-01
	 3.840770e-01,  2.022253e-01
	 3.029284e-02, -4.873013e-01
	 3.467012e-02, -5.000000e-01
	-1.279796e-01, -1.780359e-01
	-1.843424e-01, -1.528138e-01
	-1.787387e-01, -1.959223e-01
	-1.427464e-01, -1.532045e-01
	-1.028435e-01, -5.000000e-01
	-7.703138e-02, -4.556210e-01
	-8.070662e-02, -2.198489e-01
	-7.234813e-02, -2.064315e-01
	-7.808345e-02, -1.500510e-01
	 9.185768e-02, -1.039785e-01
	 6.988821e-02, -1.447018e-01
	 3.982332e-02, -1.401047e-01
	 7.828645e-02, -2.209753e-01
	 6.110946e-02, -2.596606e-01
	 7.256556e-02, -2.098236e-01
	 2.056337e-02, -2.119140e-01
	 3.235360e-02, -2.020195e-01
	 2.061070e-02, -2.498318e-01
	 4.055634e-02, -2.682528e-01
	 1.705285e-01, -4.731506e-01
	 1.508654e-01, -5.000000e-01
	 1.186706e-01, -4.707225e-01
	 1.415996e-01, -5.000000e-01
	 2.139698e-01, -4.584270e-01
	 1.993829e-01, -4.806673e-01
	 2.016913e-01, -4.232655e-01
	 3.681606e-01, -1.743392e-01
	 3.443551e-01, -1.375583e-01
	 3.538379e-01, -1.201286e-01
	 2.404196e-01, -3.819669e-01
	 2.399173e-01, -4.059468e-01
	-2.934858e-01, -5.000000e-01
	-2.918059e-01, -4.768002e-01
	-3.462126e-01, -5.000000e-01
	-3.475232e-01, -4.690205e-01
	-3.249737e-01, -4.547319e-01
	 2.433536e-01, -2.041590e-01
	 2.529849e-01, -2.233998e-01
	 2.382078e-01, -2.576238e-01
	 2.048490e-01, -1.985440e-01
	 1.955308e-01, -2.488213e-01
	 1.983725e-01, -2.542080e-01
	-4.355377e-01,  2.255026e-02
	-4.589432e-01,  3.895898e-02
	-4.312798e-01,  8.874277e-02
	-4.587291e-01,  7.838611e-02
	 1.052737e-01,  1.618474e-01
	 1.358696e-01,  1.530645e-01
	 9.879240e-02,  1.798050e-01
	 1.779235e-01,  1.891583e-01
	-3.322431e-02,  6.232064e-02
	-3.327799e-03,  3.746657e-02
	-5.479999e-02,  5.901846e-02
	-7.931910e-03,  1.294508e-02
	-7.086305e-02,  3.435616e-02
	-3.207166e-01,  3.624701e-01
	-3.165773e-01,  3.900246e-01
	-2.663360e-01,  3.528378e-01
	-3.007386e-01,  4.037178e-01
	-1.341238e-01, -3.513948e-01
	-1.489083e-01, -3.395278e-01
	-1.487330e-01, -3.098353e-01
	-1.160610e-01, -2.852513e-01
	-5.000000e-01,  4.344558e-01
	-4.730264e-01,  4.310291e-01
	-5.000000e-01,  3.718561e-01
	-3.218387e-01, -2.792711e-01
	-3.214776e-01, -3.114484e-01
	-3.475486e-01, -2.712415e-01
	-3.367022e-01, -2.686670e-01
	 4.125913e-01,  7.554886e-02
	 3.672964e-01,  6.833492e-02
	 3.632139e-01,  1.018862e-01
	-3.968734e-01, -5.000000e-01
	-3.670354e-01, -4.664008e-01
	-7.992932e-02, -3.898575e-01
	-4.363092e-01, -6.400923e-03
	-4.235829e-01, -1.765028e-02
	-4.269263e-01, -5.300766e-02
	-4.762727e-01, -4.758363e-02
	-4.655892e-01, -1.517195e-02
	 3.065066e-02,  3.920217e-01
	 3.316767e-02,  3.926719e-01
	-1.401210e-02,  4.195722e-01
	-1.353793e-02,  4.555400e-01
	 3.061078e-02,  4.497492e-01
	-1.252223e-02,  4.561330e-01
	-1.224127e-01,  2.588319e-01
	-1.427299e-01,  2.718988e-01
	-8.178372e-02,  2.753627e-01
	-1.288586e-01,  3.193144e-01
	-1.231568e-01,  3.188347e-01
	-1.379782e-01,  3.126232e-01
	-8.017861e-02,  2.824320e-01
	-4.616596e-01, -1.598404e-01
	-4.659035e-01, -1.652921e-01
	-5.000000e-01, -1.720573e-01
	 5.000000e-01, -1.254101e-01
	 4.893149e-01, -1.281275e-01
	 4.674107e-01, -1.645002e-01
	 1.881642e-01,  2.437276e-01
	 3.645921e-01,  3.329324e-01
	 3.843157e-01,  3.484911e-01
	 3.357583e-01,  3.366066e-01
	-1.827086e-01, -3.465215e-01
	-1.980532e-01, -3.044499e-01
	-1.922375e-01, -2.958191e-01
	-4.338062e-01, -9.998498e-02
	-4.183316e-01, -8.250965e-02
	-4.272359e-01, -1.262403e-01
	-3.863374e-01, -1.041962e-01
	-3.914337e-01, -1.371548e-01
	-5.000000e-01, -3.429366e-01
	-4.695285e-01, -3.371636e-01
	-3.873625e-01, -4.439963e-01
	 3.872635e-01,  2.728730e-02
	 3.485626e-01,  5.158790e-02
	 3.595840e-01,  5.514668e-02
	 2.056877e-01, -5.000000e-01
	-1.362466e-01, -5.000000e-01
	-1.356720e-01, -4.504786e-01
	-1.305689e-01, -4.458313e-01
	-8.077432e-02, -4.510600e-01
	-5.000000e-01,  2.652935e-01
	-5.000000e-01,  2.118360e-01
	 7.694043e-02, -3.952671e-01
	 6.668302e-02, -3.274465e-01
	 1.247027e-01, -3.479824e-01
	 1.165740e-01, -3.770499e-01
	-5.530928e-03,  2.682061e-01
	-2.879678e-02,  2.947812e-01
	-7.758091e-02,  2.847685e-01
	 2.776075e-01,  2.958991e-01
	 2.963560e-01,  3.170769e-01
	 2.485585e-01,  3.445844e-01
	 2.671276e-01,  3.545677e-01
	 2.820877e-01,  3.519724e-01
	-1.566510e-01,  4.805908e-01
	-1.313464e-01,  4.634444e-01
	 3.209521e-01,  3.145257e-01
	 4.375523e-01, -3.083153e-01
	 3.650058e-01, -2.808000e-01
	 3.789610e-01, -2.654339e-01
	 4.319194e-01, -2.727740e-01
	-2.084058e-01, -4.098981e-02
	-2.388892e-01, -4.867203e-02
	-1.958090e-01, -1.644533e-02
	-2.087871e-01,  8.987356e-03
	-2.422072e-01, -4.670499e-02
	-2.682574e-01, -2.209069e-01
	-2.331908e-01, -2.011136e-01
	-2.250773e-01,  2.983265e-01
	-2.202576e-01,  2.926062e-01
	-2.301532e-01,  2.598933e-01
	-2.484869e-01,  2.506842e-01
	 2.585694e-01, -1.560424e-01
	 2.750808e-01, -1.218924e-01
	 2.305819e-01, -1.502674e-01
	 2.456457e-01, -9.106269e-02
	 2.134252e-01, -1.141441e-01
	 7.973892e-02, -4.170833e-01
	 9.132383e-02, -4.752454e-01
	 6.563010e-02, -4.416273e-01
	-1.899192e-01,  3.479712e-01
	-3.837368e-01, -1.510877e-01
	-3.848565e-01, -1.556733e-01
	-4.096868e-01, -1.785268e-01
	-4.506468e-01, -1.575994e-01
	 1.444294e-01, -2.082089e-01
	 1.994585e-01, -1.755572e-01
	 1.992728e-01, -1.905454e-01
	-3.714384e-01, -5.299287e-02
	-4.168235e-01, -6.548556e-02
	 2.800428e-01, -2.731297e-01
	 3.061372e-01, -2.366945e-01
	 2.548652e-01, -2.769613e-01
	 2.966058e-01, -2.251467e-01
	 3.061731e-01, -2.359991e-01
	-2.179967e-01, -2.598468e-01
	-2.454747e-01, -2.611551e-01
	-1.962872e-01, -2.193376e-01
	-2.670477e-01, -2.335782e-01
	-1.967624e-01, -2.175581e-01
	-1.975135e-01,  2.162197e-01
	-1.928379e-01,  2.273402e-01
	-1.788637e-01,  2.360027e-01
	-1.323187e-01,  2.155684e-01
	-1.489417e-01,  1.742010e-01
	 1.609883e-02, -2.052142e-02
	-4.893520e-02, -2.584872e-01
	-2.828803e-02, -2.562696e-01
	-2.709730e-02, -1.909646e-01
	-1.465295e-02, -2.075132e-01
	-1.028234e-01,  4.670466e-01
	-1.588031e-01,  5.000000e-01
	-9.862823e-02,  5.000000e-01
	 3.640177e-02,  7.300612e-02
	 5.869763e-02,  8.057373e-02
	 4.996144e-02,  1.290893e-01
	-1.814876e-01, -7.591281e-02
	-2.312143e-01, -1.004741e-01
	-1.309188e-01, -3.964189e-01
	-8.396821e-02, -3.937641e-01
	-2.300489e-01,  6.522474e-02
	-2.864404e-01,  1.020476e-01
	 9.380769e-02, -2.431154e-02
	 6.577232e-02,  1.053820e-02
	 2.264096e-02, -2.172292e-02
	 5.785328e-02,  1.044396e-02
	 5.000000e-01, -2.699206e-01
	 4.427462e-01, -2.595160e-01
	-4.527055e-01,  4.644966e-01
	-4.522820e-01,  4.605944e-01
	-4.136979e-01,  4.299053e-01
	-4.049230e-01,  4.339343e-01
	 8.264283e-02,  2.913159e-01
	 8.042955e-02,  2.918343e-01
	 4.135853e-02,  3.285892e-01
	 5.659920e-02,  3.565018e-01
	 1.063340e-01,  3.444047e-01
	 1.062922e-01,  3.243952e-01
	 4.674684e-01, -5.000000e-01
	 4.715502e-01, -4.759314e-01
	 4.167852e-01, -5.000000e-01
	 4.462413e-01, -4.553105e-01
	 4.267610e-01, -4.596821e-01
	 2.066479e-01,  6.681701e-03
	 1.753185e-01,  1.530336e-02
	 1.655930e-01,  4.148400e-02
	 1.833742e-01,  6.911804e-02
	 2.275419e-01,  4.092362e-02
	 2.304744e-01,  2.188302e-02
	 1.271457e-01,  4.259538e-02
	 1.404016e-01,  9.157185e-02
	 1.820008e-01,  7.755489e-02
	-2.744575e-01, -1.071696e-01
	-3.287010e-01, -1.125081e-01
	-2.861704e-01, -5.688725e-02
	-3.055200e-01, -4.274051e-02
	 5.000000e-01,  3.541072e-02
	 4.993621e-01,  3.539599e-02
	 5.000000e-01,  9.674411e-02
	 4.693586e-01,  9.026428e-02
	 4.650950e-01,  5.850054e-02
	-2.385888e-01, -4.850107e-01
	-2.383594e-01, -5.000000e-01
	-2.636689e-01, -4.658641e-01
	-3.055857e-01, -4.187408e-02
	 3.267316e-01, -7.803568e-02
	 3.620259e-01,  2.455009e-01
	 3.484557e-01,  2.863322e-01
	 3.349687e-01,  2.359354e-01
	 3.388562e-01,  2.877031e-01
	 3.123973e-01,  2.595475e-01
	-3.217323e-01,  2.027341e-01
	-3.102014e-01,  2.256797e-01
	-2.563628e-01,  2.029922e-01
	-2.580666e-01,  1.680445e-01
	-3.118464e-01, -3.734799e-01
	-2.898265e-01, -3.390527e-01
	-2.987114e-01, -3.680832e-01
	-4.347015e-02,  4.623616e-01
	-5.055283e-02,  5.000000e-01
	-1.486216e-03,  5.000000e-01
	 2.676019e-01, -4.293139e-01
	 1.229836e-01, -2.810148e-01
	 9.757880e-02, -2.860664e-01
	 1.277468e-01, -2.339473e-01
	-1.600864e-01, -2.486251e-01
	-1.922697e-01, -2.942606e-01
	-3.489191e-01, -2.038086e-01
	-3.812473e-01,  2.012050e-01
	-4.069260e-01,  1.940912e-01
	-1.246179e-01,  2.191582e-01
	 5.000000e-01,  2.998343e-01
	 5.000000e-01, -3.952047e-01
	 4.716860e-01, -3.662123e-01
	-2.982521e-01, -2.755298e-01
	-2.594131e-01, -2.977565e-01
	-2.524163e-01, -3.171429e-01
	-3.630694e-01,  4.217597e-01
	-3.405319e-01,  4.566027e-01
	-2.652852e-02,  3.146826e-01
	-5.905124e-02,  3.433700e-01
	-6.259476e-02,  3.435230e-01
	-3.472983e-01,  1.466062e-01
	-3.612248e-01,  1.900832e-01
	 9.026238e-02, -1.672253e-01
	 2.360734e-02, -1.482153e-01
	 4.288750e-01,  3.541594e-02
	-2.581635e-02,  3.704979e-01
	 3.606784e-03,  3.628413e-01
	-3.599631e-02,  3.980951e-01
	-8.062192e-02,  4.456767e-01
	-8.288162e-02,  4.266802e-01
	-5.000000e-01,  3.261179e-01
	-4.731338e-01,  3.136462e-01
	-3.355150e-01, -1.370736e-01
	-2.469683e-01, -3.198476e-01
	 3.291911e-01, -4.208371e-01
	 3.047716e-01, -4.089045e-01
	 3.569493e-01, -4.160612e-01
	 3.264497e-01, -3.474878e-01
	 3.016485e-01, -3.718865e-01
	-1.708807e-01,  2.595600e-01
	-1.963254e-01,  2.937216e-01
	-8.685095e-03, -8.028930e-02
	-4.610055e-01,  7.945557e-02
	-4.819251e-01,  1.227048e-01
	-4.646314e-01,  1.518188e-01
	 3.773836e-01, -4.722113e-01
	 3.890517e-01, -5.000000e-01
	 3.660753e-01, -4.676759e-01
	 2.640608e-01, -1.669686e-01
	 2.976294e-01, -1.788433e-01
	-1.892042e-01, -1.479423e-01
	 3.640104e-01,  2.974539e-01
	-1.049025e-01, -2.261939e-02
	-1.089350e-01, -2.063684e-02
	 1.876903e-01,  3.414856e-01
	 2.143325e-01,  3.641625e-01
	 4.331417e-01,  4.526639e-02
	 3.232825e-01,  6.460162e-02
	 2.900967e-01,  4.968196e-02
	 1.409213e-01, -2.230967e-01
	 3.484558e-01, -1.939522e-01
	 3.674327e-01, -1.804133e-01
	 3.060553e-01, -1.744475e-01
	 3.168877e-01, -1.431884e-01
	-4.860677e-01,  1.827994e-02
	 4.723236e-01, -6.586316e-02
	 5.000000e-01,  1.408320e-01
	 4.831614e-01,  1.456975e-01
	 1.399432e-01,  9.230965e-02
	 1.492772e-01,  1.345374e-01
	-1.650956e-01, -1.125110e-01
	-1.343931e-01, -1.198686e-01
	-1.317533e-01, -1.260458e-01
	-2.098382e-01,  5.000000e-01
	-2.131921e-01,  4.667644e-01
	 5.000000e-01, -2.135971e-02
	 3.186128e-01, -8.296471e-02
	 3.245469e-01, -8.112276e-02
	 2.942119e-01, -1.195612e-01
	-5.000000e-01,  4.691712e-01
	-4.641048e-01,  4.742600e-01
	-5.000000e-01, -4.008252e-01
	-5.000000e-01, -4.389619e-01
	 2.218979e-02,  2.745076e-01
	 2.149681e-02,  2.736028e-01
	 2.551454e-02,  3.245088e-01
	 9.216150e-03,  3.344360e-01
	-2.680564e-01,  4.580255e-01
	-3.024399e-01,  4.363775e-01
	 5.000000e-01, -7.315849e-02
	 2.793141e-01, -5.843148e-02
	 2.448012e-01, -3.161687e-01
	 2.468068e-01, -7.794012e-02
	 1.878637e-01, -5.118392e-02
	 2.010801e-01, -4.513406e-02
	 1.851919e-01, -1.112384e-01
	 2.254938e-01, -5.127248e-02
	-7.802646e-02,  1.153322e-01
	-8.522589e-02,  9.077737e-02
	 1.946516e-01,  4.152651e-01
	 1.851338e-01,  4.320998e-01
	 1.576546e-01,  3.759615e-01
	 4.299175e-01, -1.576896e-01
	-4.660269e-01, -3.395562e-01
	 2.895368e-01,  2.583909e-01
	 4.727803e-02, -4.459795e-01
	-6.151376e-02,  4.004136e-01
	-3.724246e-01,  3.622820e-01
	-3.810123e-01,  3.798154e-01
	-3.217320e-01,  3.613203e-01
	-3.629348e-01,  4.212255e-01
	 1.066004e-01,  3.447659e-01
	 4.454769e-02,  3.887778e-01
	-1.986229e-01, -4.664648e-01
	 4.146796e-01, -4.541875e-01
	 4.152550e-01, -4.009939e-01
	 3.990927e-01, -4.199390e-01
	 4.444826e-01, -4.027943e-01
	 4.583655e-01, -4.216394e-01
	 2.577920e-01, -3.294394e-01
	 3.123357e-01, -3.019993e-01
	 3.101278e-01, -3.165347e-01
	 2.584441e-01,  4.603594e-01
	 2.378910e-01,  4.114186e-01
	 2.125853e-01,  4.057405e-01
	 1.019216e-01,  1.019641e-01
	 7.068375e-02,  7.651466e-02
	 9.352288e-02,  1.440651e-01
	 5.145235e-02,  1.317236e-01
	 5.000000e-01, -4.117455e-01
	 4.534240e-01, -3.701594e-01
	-1.514941e-01, -2.818582e-02
	-1.625807e-01, -1.711134e-02
	 5.000000e-01,  3.404608e-01
	 5.000000e-01,  3.926293e-01
	 4.457774e-01,  3.572901e-01
	 4.621580e-01,  3.865375e-01
	-3.902704e-01,  3.241533e-01
	-4.048174e-01,  3.236002e-01
	-4.309130e-01,  3.427409e-01
	-3.287742e-01, -4.120703e-01
	-3.683188e-01, -4.042452e-01
	-1.171564e-01, -7.868739e-02
	-1.167597e-01, -7.940255e-02
	-1.576658e-01, -6.077629e-02
	-1.808199e-01, -7.601387e-02
	 3.368104e-01, -2.813688e-01
	 3.431753e-01, -2.167619e-01
	 3.762629e-01, -2.451332e-01
	 4.184939e-01, -2.047346e-01
	 4.443789e-01, -2.226162e-01
	 4.016126e-01, -2.063409e-01
	-2.521962e-01,  2.078099e-01
	 2.582214e-01,  4.005455e-01
	-3.213610e-01, -4.287126e-01
	 1.533773e-01,  3.010101e-01
	 1.583101e-01,  3.586549e-01
	 1.730401e-01,  3.420857e-01
	-1.783450e-01, -5.000000e-01
	 1.947958e-01,  2.814788e-01
	 1.534994e-01,  3.004064e-01
	-1.772092e-01,  3.168868e-01
	 2.627391e-01, -3.582371e-01
	-1.341685e-01, -3.942418e-01
	-5.000000e-01,  7.528919e-02
	-5.000000e-01,  1.961373e-02
	-9.725418e-02,  1.522185e-01
	-4.680217e-01,  5.000000e-01
	-4.143322e-01, -2.842371e-01
	-4.768640e-01,  1.678968e-01
	-5.000000e-01,  5.000000e-01
	-5.000000e-01,  1.720743e-01
	-5.000000e-01,  1.204267e-01
	 5.014373e-02,  1.843528e-01
	 4.014517e-02,  2.224336e-01
	 4.520563e-02,  2.315630e-01
	 3.259731e-01,  5.000000e-01
	 2.943475e-01,  4.478871e-01
	 3.604584e-01,  4.635436e-01
	 3.839796e-01,  4.742035e-01
	 4.120468e-01,  4.596061e-01
	 4.108720e-01,  4.215208e-01
	 4.435029e-01,  4.147479e-01
	 4.293183e-01,  4.734734e-01
	 1.394639e-01, -1.395406e-02
	 1.316343e-01, -1.102876e-02
	 1.263931e-01,  4.198568e-02
	-2.720680e-01,  5.000000e-01
	-2.634043e-01,  4.724529e-01
	 2.422234e-01,  2.527202e-01
	 2.794296e-01,  2.476065e-01
	-1.075642e-02,  2.092708e-01
	-3.539659e-01,  6.884988e-02
	 3.408995e-01,  1.170592e-01
	 3.143175e-01,  9.719085e-02
	-8.017971e-02,  3.531433e-01
	-7.627293e-02, -9.082585e-02
	 5.000000e-01,  5.000000e-01
	 4.674743e-01,  5.000000e-01
	-1.394950e-01,  1.206311e-01
	-9.731730e-02,  1.513708e-01
	 1.606719e-01, -4.419788e-02
	 1.143486e-02,  1.714131e-01
	 3.709311e-02,  1.701244e-01
	 3.264151e-01,  5.000000e-01
	-5.000000e-01, -5.000000e-01
	 1.963283e-02,  4.526719e-02
	 8.661286e-02,  4.723545e-02
	-7.558867e-02,  3.531253e-01
	 1.367334e-01, -7.459075e-02
	 2.889214e-01,  1.978504e-01
	-2.825785e-02, -2.562856e-01
	 3.838613e-01,  5.000000e-01
	 4.274635e-01,  5.000000e-01
	 8.170161e-02, -5.000000e-01
	 3.571510e-01, -4.162146e-01
	 2.591439e-01,  1.865984e-01
	 5.000000e-01, -5.000000e-01
	 5.000000e-01, -4.711768e-01
Mesh Facets: 1255
	14, 12
	1, 5
	25, 24
	28, 29
	40, 36
	48, 50
	29, 30
	29, 100
	113, 116
	11, 10
	50, 49
	91, 50
	192, 191
	197, 195
	213, 211
	30, 99
	27, 30
	223, 221
	196, 194
	83, 82
	178, 180
	61, 60
	104, 105
	287, 286
	305, 306
	316, 313
	157, 156
	2, 0
	340, 338
	133, 134
	100, 98
	100, 14
	14, 15
	353, 25
	23, 25
	246, 247
	21, 24
	24, 358
	246, 354
	244, 246
	119, 117
	277, 279
	374, 376
	279, 282
	279, 373
	91, 168
	88, 91
	249, 252
	135, 136
	282, 281
	153, 154
	282, 379
	385, 387
	148, 147
	349, 351
	333, 332
	323, 325
	51, 52
	273, 275
	328, 331
	253, 250
	419, 417
	141, 140
	76, 77
	144, 143
	387, 388
	387, 427
	249, 248
	249, 168
	168, 170
	287, 285
	450, 287
	340, 341
	451, 340
	403, 52
	52, 56
	309, 310
	11, 158
	11, 6
	414, 415
	192, 193
	466, 192
	428, 427
	225, 196
	197, 196
	427, 197
	344, 345
	171, 174
	472, 374
	373, 378
	373, 374
	358, 359
	358, 473
	290, 288
	478, 477
	47, 48
	48, 90
	443, 447
	299, 298
	242, 239
	5, 4
	5, 19
	487, 490
	6, 7
	6, 457
	103, 104
	104, 263
	42, 41
	71, 72
	200, 198
	86, 81
	277, 375
	278, 277
	154, 281
	156, 154
	317, 156
	482, 481
	280, 281
	18, 1
	0, 329
	0, 1
	463, 465
	94, 92
	326, 322
	432, 431
	392, 391
	503, 504
	182, 181
	273, 407
	273, 271
	360, 361
	492, 491
	548, 549
	63, 65
	499, 498
	476, 475
	236, 235
	43, 46
	120, 122
	223, 224
	563, 223
	494, 497
	315, 314
	575, 577
	583, 582
	258, 259
	595, 593
	599, 385
	385, 386
	322, 321
	525, 322
	592, 259
	261, 259
	345, 342
	345, 171
	172, 171
	106, 107
	74, 76
	421, 76
	616, 617
	440, 438
	301, 302
	379, 384
	379, 377
	367, 366
	534, 532
	31, 33
	519, 520
	294, 291
	232, 233
	298, 300
	443, 298
	441, 443
	213, 215
	628, 213
	129, 128
	221, 629
	222, 221
	421, 420
	613, 421
	314, 312
	568, 314
	484, 485
	106, 108
	608, 106
	190, 191
	450, 449
	191, 450
	368, 370
	365, 364
	344, 469
	344, 343
	186, 187
	437, 435
	492, 547
	492, 19
	20, 19
	477, 649
	292, 290
	477, 290
	139, 141
	141, 418
	566, 567
	521, 520
	520, 33
	449, 448
	449, 190
	35, 33
	188, 190
	200, 72
	200, 201
	72, 73
	590, 589
	633, 613
	255, 256
	614, 613
	264, 262
	539, 538
	506, 507
	122, 121
	122, 561
	271, 542
	272, 271
	162, 166
	398, 399
	665, 305
	305, 304
	416, 415
	622, 623
	245, 243
	415, 460
	391, 390
	530, 391
	536, 504
	198, 199
	504, 198
	355, 356
	146, 148
	148, 349
	349, 347
	216, 214
	603, 604
	348, 350
	127, 126
	204, 203
	408, 275
	274, 275
	242, 488
	242, 241
	456, 455
	126, 670
	124, 126
	596, 597
	142, 143
	424, 143
	470, 174
	174, 177
	94, 522
	97, 94
	368, 641
	368, 366
	621, 366
	380, 381
	397, 396
	430, 434
	647, 547
	547, 549
	616, 615
	549, 616
	132, 134
	134, 343
	343, 187
	187, 184
	211, 685
	212, 211
	112, 111
	588, 587
	601, 321
	321, 320
	45, 44
	355, 669
	357, 355
	4, 3
	4, 491
	692, 548
	548, 491
	183, 185
	594, 593
	593, 694
	381, 682
	381, 382
	418, 417
	417, 698
	566, 418
	566, 565
	701, 700
	226, 228
	484, 636
	483, 484
	331, 330
	331, 412
	694, 708
	183, 694
	684, 184
	184, 183
	696, 695
	173, 172
	172, 602
	319, 157
	395, 392
	157, 155
	392, 529
	512, 513
	68, 64
	404, 406
	218, 217
	173, 709
	175, 173
	715, 711
	453, 452
	131, 130
	632, 631
	535, 533
	227, 226
	226, 700
	466, 467
	700, 466
	607, 606
	487, 493
	486, 487
	516, 514
	49, 47
	167, 49
	479, 47
	438, 437
	437, 646
	615, 647
	615, 438
	648, 647
	409, 410
	482, 280
	280, 278
	479, 482
	514, 479
	278, 514
	79, 78
	227, 722
	227, 229
	175, 715
	176, 175
	580, 585
	713, 715
	220, 219
	573, 572
	61, 254
	61, 62
	598, 600
	579, 578
	710, 529
	529, 527
	346, 15
	15, 13
	718, 719
	551, 552
	629, 748
	630, 629
	736, 737
	205, 203
	203, 672
	306, 302
	306, 472
	377, 302
	378, 472
	378, 377
	521, 448
	521, 463
	285, 283
	285, 448
	463, 461
	753, 752
	125, 123
	138, 137
	727, 726
	74, 75
	74, 612
	690, 689
	495, 496
	531, 528
	496, 767
	564, 497
	497, 496
	538, 537
	538, 507
	508, 507
	489, 490
	8, 7
	7, 490
	97, 641
	641, 364
	363, 364
	95, 97
	326, 325
	326, 431
	396, 430
	396, 325
	431, 430
	256, 257
	614, 256
	759, 612
	612, 614
	574, 573
	573, 730
	669, 689
	669, 199
	199, 202
	554, 553
	689, 764
	473, 777
	474, 473
	732, 62
	62, 59
	774, 776
	673, 241
	241, 240
	412, 410
	410, 729
	634, 635
	412, 707
	444, 446
	517, 18
	18, 17
	658, 659
	780, 446
	446, 442
	370, 369
	370, 642
	265, 266
	546, 545
	710, 738
	710, 155
	153, 155
	153, 383
	413, 250
	248, 429
	250, 248
	556, 555
	352, 23
	23, 22
	167, 724
	167, 169
	768, 770
	136, 131
	131, 721
	380, 136
	680, 380
	399, 397
	397, 683
	784, 783
	661, 399
	541, 540
	300, 297
	627, 300
	315, 565
	565, 699
	786, 316
	316, 315
	77, 80
	77, 422
	34, 32
	595, 596
	685, 595
	145, 142
	685, 686
	596, 142
	339, 341
	768, 721
	721, 453
	453, 341
	769, 768
	663, 162
	289, 291
	163, 162
	626, 291
	761, 763
	750, 672
	671, 672
	779, 778
	56, 55
	454, 56
	563, 564
	338, 563
	564, 769
	338, 339
	769, 339
	786, 699
	789, 786
	698, 789
	698, 699
	501, 41
	43, 557
	43, 41
	209, 208
	103, 494
	101, 103
	222, 630
	224, 222
	630, 749
	494, 224
	189, 188
	35, 34
	34, 787
	188, 35
	791, 790
	663, 662
	663, 788
	164, 163
	163, 626
	640, 639
	626, 625
	53, 51
	402, 51
	181, 180
	180, 237
	610, 611
	537, 181
	537, 771
	451, 452
	708, 451
	684, 708
	132, 684
	452, 130
	130, 132
	13, 741
	13, 12
	12, 795
	160, 159
	231, 83
	756, 726
	726, 728
	83, 84
	38, 37
	800, 799
	582, 581
	586, 582
	635, 312
	635, 707
	312, 313
	313, 806
	706, 707
	239, 486
	239, 238
	486, 723
	632, 533
	633, 632
	623, 460
	623, 532
	532, 533
	633, 652
	460, 459
	475, 474
	474, 59
	782, 555
	555, 475
	59, 57
	794, 793
	299, 483
	483, 703
	296, 299
	643, 469
	469, 471
	424, 675
	425, 424
	236, 558
	107, 611
	107, 110
	237, 236
	611, 237
	108, 109
	108, 639
	165, 164
	164, 639
	151, 149
	336, 337
	801, 800
	160, 800
	161, 160
	755, 754
	634, 568
	634, 729
	139, 567
	137, 139
	727, 137
	568, 567
	729, 727
	16, 17
	17, 444
	445, 444
	429, 170
	429, 556
	170, 169
	359, 476
	21, 359
	22, 169
	22, 21
	476, 556
	764, 763
	764, 553
	751, 750
	750, 763
	553, 498
	498, 500
	274, 671
	274, 276
	762, 761
	761, 671
	773, 257
	257, 254
	254, 600
	386, 389
	600, 386
	40, 39
	816, 40
	817, 816
	780, 659
	659, 506
	327, 329
	517, 780
	505, 506
	329, 517
	182, 541
	541, 785
	179, 182
	693, 692
	806, 807
	806, 692
	307, 309
	240, 778
	240, 238
	454, 778
	454, 309
	808, 238
	580, 581
	580, 713
	803, 581
	713, 712
	624, 519
	73, 70
	519, 518
	73, 651
	478, 288
	790, 478
	289, 788
	289, 288
	790, 788
	303, 301
	618, 301
	654, 653
	189, 193
	189, 787
	80, 79
	80, 787
	722, 467
	722, 79
	193, 467
	552, 747
	552, 65
	65, 67
	269, 270
	691, 690
	690, 762
	762, 815
	124, 123
	124, 456
	158, 161
	158, 456
	754, 161
	754, 123
	513, 511
	513, 714
	92, 523
	92, 93
	319, 395
	319, 318
	621, 678
	619, 621
	394, 395
	796, 795
	795, 823
	9, 10
	159, 10
	159, 797
	217, 99
	217, 719
	99, 98
	98, 346
	719, 346
	425, 471
	426, 425
	813, 812
	470, 676
	470, 471
	125, 128
	125, 752
	752, 628
	628, 128
	245, 622
	247, 245
	536, 356
	356, 247
	622, 534
	536, 534
	736, 749
	736, 734
	101, 749
	102, 101
	676, 677
	149, 813
	149, 150
	813, 676
	766, 531
	530, 668
	530, 531
	679, 681
	195, 194
	195, 824
	701, 228
	824, 701
	194, 228
	562, 560
	745, 551
	550, 551
	210, 209
	235, 234
	209, 557
	557, 235
	207, 210
	234, 178
	234, 210
	178, 179
	179, 818
	644, 646
	725, 646
	637, 638
	704, 705
	435, 436
	645, 435
	572, 731
	572, 571
	714, 93
	93, 96
	820, 712
	712, 714
	605, 607
	809, 723
	334, 335
	723, 607
	554, 202
	554, 499
	591, 589
	502, 499
	201, 589
	202, 201
	747, 746
	747, 822
	792, 402
	402, 400
	505, 86
	505, 327
	411, 328
	328, 327
	86, 85
	756, 231
	756, 757
	294, 293
	294, 233
	231, 233
	753, 755
	755, 801
	801, 37
	37, 36
	36, 753
	687, 688
	746, 400
	746, 744
	400, 401
	369, 371
	369, 546
	544, 546
	770, 680
	770, 767
	766, 679
	767, 766
	679, 680
	798, 797
	797, 823
	823, 831
	799, 802
	799, 798
	831, 798
	831, 832
	461, 462
	461, 283
	526, 432
	284, 283
	433, 432
	502, 591
	42, 502
	44, 42
	592, 601
	591, 592
	44, 601
	376, 375
	376, 833
	375, 515
	812, 337
	812, 426
	337, 333
	333, 147
	426, 144
	147, 144
	324, 323
	323, 398
	165, 811
	398, 166
	166, 165
	771, 610
	771, 508
	81, 508
	81, 82
	610, 609
	230, 82
	176, 585
	177, 176
	152, 150
	150, 677
	177, 677
	584, 585
	810, 793
	793, 792
	822, 792
	822, 821
	332, 351
	332, 334
	334, 605
	350, 603
	350, 351
	603, 605
	112, 688
	112, 114
	311, 310
	688, 401
	401, 403
	310, 403
	216, 212
	212, 686
	216, 146
	145, 686
	145, 146
	597, 594
	594, 185
	643, 675
	186, 643
	675, 597
	185, 186
	735, 733
	664, 666
	561, 542
	561, 562
	407, 405
	542, 407
	825, 562
	464, 462
	525, 261
	261, 260
	526, 525
	526, 462
	570, 571
	704, 571
	704, 702
	406, 408
	717, 406
	204, 206
	204, 408
	775, 730
	219, 218
	730, 219
	720, 218
	631, 535
	631, 420
	69, 71
	71, 503
	420, 423
	535, 503
	66, 68
	819, 785
	297, 295
	785, 297
	716, 68
	709, 695
	695, 697
	711, 709
	711, 512
	510, 512
	363, 95
	363, 117
	96, 95
	828, 96
	117, 118
	26, 27
	439, 436
	436, 731
	731, 220
	27, 220
	58, 60
	255, 652
	255, 60
	652, 459
	459, 458
	518, 465
	651, 518
	464, 260
	464, 465
	260, 258
	258, 590
	590, 651
	26, 439
	26, 28
	617, 440
	617, 28
	439, 440
	445, 447
	445, 814
	638, 827
	638, 485
	485, 447
	265, 268
	642, 265
	119, 365
	121, 119
	660, 121
	642, 365
	135, 382
	382, 696
	342, 133
	342, 602
	133, 135
	696, 602
	760, 759
	388, 428
	389, 388
	468, 428
	773, 759
	773, 389
	362, 354
	691, 270
	691, 357
	270, 267
	354, 357
	560, 826
	559, 560
	805, 804
	833, 515
	833, 353
	724, 516
	724, 352
	353, 352
	516, 515
	673, 776
	674, 673
	775, 720
	776, 775
	718, 743
	718, 720
	404, 405
	404, 64
	64, 63
	63, 550
	825, 405
	550, 825
	317, 481
	481, 480
	619, 318
	620, 619
	318, 317
	138, 758
	419, 140
	649, 419
	140, 138
	650, 649
	627, 540
	441, 627
	442, 441
	442, 658
	540, 539
	658, 539
	834, 666
	666, 304
	303, 653
	303, 304
	653, 655
	489, 488
	488, 674
	743, 742
	743, 674
	772, 489
	434, 683
	434, 433
	784, 683
	286, 784
	284, 286
	433, 284
	604, 670
	604, 606
	493, 606
	493, 457
	455, 670
	457, 455
	751, 500
	205, 751
	208, 501
	208, 205
	500, 501
	654, 618
	654, 657
	383, 781
	384, 383
	384, 618
	371, 372
	830, 371
	89, 87
	829, 809
	307, 808
	308, 307
	808, 809
	58, 458
	458, 414
	413, 782
	782, 57
	414, 413
	58, 57
	667, 390
	511, 523
	511, 509
	523, 524
	390, 393
	102, 734
	734, 735
	105, 102
	655, 834
	655, 262
	735, 834
	105, 262
	777, 732
	777, 599
	732, 598
	599, 598
	805, 586
	805, 826
	826, 745
	687, 587
	744, 687
	745, 744
	586, 587
	796, 9
	9, 8
	742, 741
	772, 742
	741, 796
	772, 8
	225, 229
	229, 78
	468, 225
	760, 468
	78, 75
	760, 75
	545, 361
	361, 362
	362, 267
	267, 266
	266, 545
	411, 85
	85, 84
	728, 409
	84, 728
	409, 411
	837, 836
	836, 575
	575, 576
	347, 214
	347, 348
	348, 127
	127, 129
	215, 129
	215, 214
	69, 423
	69, 70
	31, 624
	31, 32
	624, 70
	422, 32
	423, 422
	252, 251
	252, 88
	87, 88
	830, 87
	543, 544
	830, 544
	115, 114
	308, 835
	311, 308
	114, 311
	810, 821
	821, 67
	295, 296
	295, 66
	67, 66
	296, 810
	705, 636
	705, 645
	637, 644
	636, 637
	645, 644
	16, 20
	20, 648
	648, 725
	827, 814
	814, 16
	725, 827
	38, 802
	39, 38
	832, 802
	832, 817
	817, 39
	268, 269
	660, 268
	815, 276
	269, 815
	276, 272
	272, 660
	372, 367
	89, 372
	620, 480
	367, 620
	89, 90
	90, 480
	681, 668
	682, 681
	697, 682
	510, 697
	667, 509
	668, 667
	509, 510
	791, 662
	783, 791
	661, 783
	661, 662
	577, 579
	577, 665
	733, 579
	733, 664
	665, 664
	837, 576
	748, 837
	737, 748
	578, 737
	576, 578
	54, 53
	702, 570
	703, 702
	570, 569
	53, 794
	794, 703
	528, 765
	528, 527
	739, 527
	657, 656
	657, 781
	738, 740
	781, 738
	2, 330
	3, 2
	706, 330
	706, 807
	807, 693
	693, 3
	495, 263
	263, 264
	765, 495
	740, 656
	740, 739
	739, 765
	264, 656
	336, 151
	335, 336
	829, 835
	829, 335
	115, 835
	115, 116
	116, 151
	779, 55
	774, 779
	774, 574
	569, 574
	54, 569
	54, 55
	251, 253
	543, 251
	360, 244
	360, 543
	416, 243
	243, 244
	416, 253
	45, 320
	320, 324
	109, 110
	811, 109
	324, 811
	46, 45
	46, 558
	558, 110
	292, 293
	292, 650
	650, 758
	758, 757
	757, 293
	152, 584
	584, 583
	583, 588
	111, 113
	588, 111
	113, 152
	394, 678
	393, 394
	678, 522
	393, 524
	522, 524
	206, 207
	206, 717
	818, 819
	207, 818
	819, 716
	716, 717
	820, 828
	803, 820
	120, 559
	118, 120
	828, 118
	804, 803
	559, 804
	608, 640
	608, 609
	232, 230
	625, 232
	640, 625
	230, 609
Facet Neighbors: 1255
	-4, 2
	0, 3
	-3, 4
	-4, 5
	-2, 7
	9, 16
	5, 18
	-4, 18
	21, 27
	1, 29
	9, 31
	16, 31
	-1, 35
	-3, 36
	-2, 39
	18, 40
	5, 40
	-2, 41
	36, 42
	15, 43
	33, 44
	11, 48
	19, 50
	-1, 54
	-3, 57
	-4, 59
	28, 60
	0, 62
	-2, 64
	24, 65
	18, 66
	-4, 66
	2, 66
	-3, 68
	4, 68
	46, 69
	4, 70
	-3, 70
	69, 71
	46, 71
	22, 72
	53, 74
	-3, 74
	53, 75
	74, 75
	31, 76
	16, 76
	47, 76
	24, 77
	53, 78
	28, 78
	75, 78
	-3, 79
	26, 81
	67, 81
	63, 81
	61, 82
	10, 83
	52, 84
	62, 85
	47, 86
	-1, 87
	25, 87
	14, 88
	26, 89
	79, 90
	-3, 90
	47, 91
	76, 91
	31, 91
	54, 95
	-1, 95
	64, 96
	-2, 96
	83, 97
	10, 97
	58, 97
	29, 98
	1, 98
	86, 99
	35, 101
	-1, 101
	90, 102
	42, 102
	36, 102
	-3, 102
	65, 103
	32, 103
	-3, 104
	75, 104
	74, 104
	70, 105
	-3, 105
	55, 106
	-1, 106
	9, 107
	16, 107
	94, 108
	56, 108
	45, 109
	0, 110
	3, 110
	109, 111
	1, 111
	98, 111
	19, 112
	50, 112
	8, 113
	13, 114
	37, 114
	15, 115
	74, 117
	53, 117
	78, 118
	28, 118
	60, 118
	107, 118
	53, 118
	3, 119
	62, 119
	0, 119
	100, 120
	17, 121
	61, 122
	92, 122
	80, 123
	114, 124
	33, 125
	84, 126
	52, 126
	71, 127
	110, 128
	-4, 128
	12, 129
	113, 130
	105, 131
	44, 132
	8, 132
	22, 133
	41, 134
	-2, 134
	112, 134
	59, 135
	-3, 137
	138, 139
	49, 140
	-2, 141
	-3, 142
	79, 142
	61, 143
	122, 143
	140, 143
	49, 143
	65, 144
	103, 144
	32, 144
	20, 146
	14, 147
	88, 147
	-4, 148
	93, 148
	57, 149
	78, 149
	75, 149
	73, 150
	124, 151
	6, 152
	120, 152
	55, 153
	43, 153
	56, 154
	108, 154
	94, 154
	39, 155
	-2, 155
	23, 155
	-2, 156
	41, 156
	88, 157
	147, 157
	59, 158
	135, 158
	108, 159
	20, 160
	146, 160
	35, 161
	95, 161
	-1, 161
	73, 162
	72, 162
	103, 163
	65, 163
	34, 163
	93, 164
	128, 165
	110, 165
	3, 165
	-1, 166
	55, 166
	106, 166
	25, 167
	87, 167
	135, 167
	120, 168
	152, 168
	95, 168
	161, 168
	6, 168
	35, 168
	114, 169
	37, 169
	13, 169
	140, 169
	157, 170
	48, 170
	147, 170
	50, 171
	125, 172
	115, 172
	22, 173
	133, 173
	126, 173
	52, 173
	30, 174
	82, 174
	-3, 175
	57, 175
	86, 176
	151, 176
	46, 176
	99, 176
	80, 177
	123, 177
	124, 178
	37, 178
	114, 178
	69, 178
	26, 179
	81, 179
	67, 179
	39, 179
	145, 180
	67, 180
	23, 180
	38, 181
	84, 181
	52, 181
	109, 182
	45, 182
	98, 183
	180, 183
	23, 183
	141, 184
	26, 184
	89, 184
	103, 185
	32, 185
	121, 186
	17, 186
	162, 186
	73, 186
	150, 186
	77, 187
	82, 188
	92, 188
	165, 189
	128, 189
	148, 189
	-4, 189
	24, 190
	65, 190
	163, 190
	34, 190
	-2, 191
	39, 191
	21, 192
	139, 192
	143, 193
	61, 193
	8, 193
	178, 194
	69, 194
	0, 195
	110, 195
	-4, 195
	128, 195
	34, 196
	141, 196
	-2, 196
	187, 197
	77, 197
	87, 198
	-1, 198
	167, 198
	135, 198
	-1, 199
	42, 199
	159, 200
	108, 200
	62, 201
	85, 201
	-2, 202
	196, 202
	190, 202
	34, 202
	197, 203
	32, 203
	144, 203
	60, 204
	80, 204
	28, 204
	123, 204
	116, 205
	12, 206
	84, 206
	40, 207
	203, 208
	32, 208
	205, 208
	96, 209
	24, 209
	157, 210
	124, 210
	42, 211
	199, 211
	101, 211
	-1, 211
	145, 212
	111, 212
	109, 212
	117, 213
	9, 213
	31, 213
	107, 213
	93, 214
	164, 214
	189, 214
	148, 214
	165, 214
	85, 215
	118, 216
	53, 216
	107, 216
	213, 216
	117, 216
	14, 217
	211, 217
	42, 217
	208, 218
	32, 218
	138, 218
	205, 218
	40, 219
	136, 219
	48, 220
	11, 220
	142, 220
	137, 221
	204, 222
	123, 222
	66, 223
	2, 223
	207, 223
	129, 224
	-2, 225
	156, 225
	221, 225
	38, 226
	181, 226
	57, 227
	-3, 227
	149, 227
	104, 227
	75, 227
	168, 228
	120, 228
	54, 228
	95, 228
	100, 228
	-2, 229
	23, 229
	25, 230
	215, 230
	14, 231
	147, 231
	194, 232
	112, 233
	123, 233
	233, 234
	134, 234
	112, 234
	125, 235
	172, 235
	115, 235
	109, 236
	1, 236
	111, 236
	186, 237
	162, 237
	72, 237
	17, 237
	61, 238
	122, 238
	188, 238
	82, 238
	92, 238
	48, 239
	170, 239
	231, 239
	147, 239
	136, 240
	219, 240
	194, 241
	178, 241
	37, 241
	130, 241
	232, 241
	-3, 242
	105, 242
	220, 242
	11, 242
	240, 243
	182, 243
	45, 243
	85, 244
	215, 244
	158, 244
	201, 244
	94, 245
	119, 245
	3, 245
	172, 246
	245, 246
	94, 246
	73, 247
	162, 247
	51, 247
	127, 247
	222, 248
	204, 248
	28, 248
	78, 248
	86, 249
	91, 249
	47, 249
	131, 249
	68, 250
	4, 250
	213, 250
	31, 250
	234, 251
	24, 251
	209, 251
	77, 251
	187, 251
	82, 252
	188, 252
	-1, 252
	174, 252
	125, 253
	56, 253
	154, 253
	135, 254
	198, 254
	-4, 254
	59, 254
	14, 255
	88, 255
	6, 255
	141, 256
	-2, 256
	26, 256
	191, 256
	184, 256
	64, 257
	251, 257
	209, 257
	96, 257
	234, 257
	174, 258
	55, 258
	30, 258
	153, 258
	232, 259
	226, 259
	181, 259
	243, 260
	10, 260
	97, 260
	134, 261
	-2, 261
	234, 261
	64, 261
	257, 261
	254, 262
	-4, 262
	-1, 262
	198, 262
	113, 263
	132, 263
	8, 263
	38, 263
	112, 264
	19, 264
	156, 264
	41, 264
	225, 264
	134, 264
	35, 265
	6, 265
	255, 265
	168, 265
	-1, 266
	174, 266
	258, 266
	30, 267
	258, 267
	160, 267
	153, 267
	10, 268
	83, 268
	33, 269
	44, 269
	146, 269
	125, 269
	235, 269
	96, 270
	-2, 270
	202, 270
	190, 270
	209, 270
	24, 270
	223, 271
	2, 271
	-4, 271
	29, 272
	43, 273
	230, 273
	215, 273
	15, 273
	7, 274
	272, 274
	138, 275
	139, 275
	158, 276
	244, 276
	59, 276
	-4, 276
	201, 276
	109, 277
	45, 277
	212, 277
	210, 278
	157, 278
	176, 278
	151, 278
	124, 278
	170, 278
	99, 278
	105, 279
	242, 279
	249, 279
	131, 279
	11, 279
	268, 280
	108, 280
	200, 280
	56, 280
	163, 281
	103, 281
	184, 281
	89, 281
	132, 282
	146, 282
	20, 282
	44, 282
	269, 282
	20, 283
	160, 283
	30, 283
	267, 283
	27, 284
	63, 284
	274, 285
	272, 285
	29, 285
	229, 285
	158, 286
	244, 286
	167, 286
	25, 286
	230, 286
	135, 286
	215, 286
	3, 287
	245, 287
	94, 287
	91, 288
	249, 288
	31, 288
	105, 288
	70, 288
	250, 288
	4, 288
	131, 288
	232, 289
	241, 289
	226, 289
	259, 289
	130, 289
	113, 289
	181, 290
	52, 290
	232, 290
	259, 290
	239, 291
	48, 291
	220, 291
	79, 291
	142, 291
	7, 292
	-2, 292
	-4, 292
	246, 293
	172, 293
	62, 293
	245, 293
	115, 293
	119, 293
	125, 294
	253, 294
	33, 294
	195, 295
	276, 295
	-4, 295
	58, 296
	243, 296
	45, 296
	260, 296
	97, 296
	277, 296
	138, 297
	218, 297
	275, 297
	205, 297
	152, 298
	13, 298
	120, 298
	169, 298
	106, 299
	-1, 299
	258, 299
	55, 299
	266, 299
	57, 300
	149, 300
	171, 300
	35, 301
	265, 301
	14, 301
	255, 301
	211, 301
	217, 301
	101, 301
	224, 302
	129, 302
	12, 302
	51, 303
	194, 303
	232, 303
	290, 303
	23, 304
	183, 304
	29, 304
	98, 304
	285, 304
	229, 304
	116, 305
	205, 305
	121, 305
	17, 305
	204, 306
	60, 306
	186, 306
	150, 306
	80, 306
	271, 307
	-4, 307
	1, 307
	29, 307
	272, 307
	40, 308
	207, 308
	18, 308
	66, 308
	223, 308
	281, 309
	89, 309
	284, 309
	185, 309
	103, 309
	23, 310
	229, 310
	-2, 310
	155, 310
	176, 311
	46, 311
	178, 311
	69, 311
	151, 311
	124, 311
	225, 312
	221, 312
	264, 312
	19, 312
	185, 313
	284, 313
	27, 313
	309, 313
	233, 314
	177, 314
	123, 314
	187, 314
	36, 315
	-3, 315
	199, 315
	-1, 315
	42, 315
	133, 316
	224, 316
	129, 316
	38, 317
	44, 317
	263, 317
	132, 317
	38, 318
	44, 318
	317, 318
	33, 318
	294, 318
	164, 319
	214, 319
	159, 319
	200, 320
	93, 320
	164, 320
	219, 320
	136, 320
	305, 321
	17, 321
	297, 321
	205, 321
	145, 322
	277, 322
	63, 322
	212, 322
	241, 323
	130, 323
	140, 323
	113, 323
	169, 323
	37, 323
	224, 324
	302, 324
	268, 324
	83, 324
	115, 325
	293, 325
	85, 325
	62, 325
	15, 325
	273, 326
	230, 326
	55, 326
	153, 326
	43, 326
	229, 327
	285, 327
	274, 327
	7, 327
	-2, 327
	192, 328
	324, 328
	224, 328
	83, 328
	73, 329
	247, 329
	127, 329
	251, 330
	234, 330
	314, 330
	233, 330
	187, 330
	272, 331
	307, 331
	-4, 331
	274, 332
	272, 332
	331, 332
	-4, 332
	100, 333
	228, 333
	122, 333
	54, 333
	92, 333
	323, 334
	113, 334
	8, 334
	143, 334
	140, 334
	193, 334
	74, 335
	-3, 335
	117, 335
	284, 336
	309, 336
	63, 336
	81, 336
	89, 336
	26, 336
	61, 337
	82, 337
	283, 337
	174, 337
	30, 337
	269, 338
	235, 338
	115, 338
	15, 338
	146, 338
	43, 338
	218, 339
	32, 339
	27, 339
	313, 339
	185, 339
	138, 339
	280, 340
	268, 340
	324, 340
	302, 340
	81, 341
	63, 341
	322, 341
	180, 341
	67, 341
	145, 341
	192, 342
	21, 342
	58, 342
	328, 342
	83, 342
	97, 342
	39, 343
	191, 343
	179, 343
	256, 343
	26, 343
	141, 344
	196, 344
	281, 344
	163, 344
	184, 344
	34, 344
	221, 345
	175, 345
	173, 346
	133, 346
	84, 346
	126, 346
	316, 346
	100, 347
	143, 347
	49, 347
	122, 347
	333, 347
	136, 348
	320, 348
	200, 348
	84, 349
	206, 349
	38, 349
	181, 349
	240, 350
	40, 350
	219, 350
	207, 350
	210, 351
	157, 351
	13, 351
	114, 351
	88, 351
	124, 351
	12, 352
	294, 352
	56, 352
	253, 352
	206, 352
	203, 353
	197, 353
	208, 353
	205, 353
	116, 353
	237, 354
	72, 354
	17, 354
	321, 354
	22, 354
	5, 355
	93, 355
	320, 355
	219, 355
	40, 355
	11, 356
	170, 356
	48, 356
	278, 356
	99, 356
	120, 357
	298, 357
	347, 357
	100, 357
	49, 357
	140, 357
	169, 357
	355, 358
	5, 358
	148, 358
	-4, 358
	93, 358
	94, 359
	287, 359
	319, 359
	159, 359
	108, 359
	51, 360
	247, 360
	72, 360
	22, 360
	173, 360
	162, 360
	77, 361
	197, 361
	65, 361
	144, 361
	24, 361
	203, 361
	231, 362
	90, 362
	79, 362
	102, 362
	239, 362
	291, 362
	71, 363
	303, 363
	194, 363
	51, 363
	69, 363
	316, 364
	133, 364
	275, 364
	335, 365
	-3, 365
	213, 365
	250, 365
	68, 365
	117, 365
	243, 366
	182, 366
	350, 366
	240, 366
	223, 366
	207, 366
	84, 367
	206, 367
	12, 367
	129, 367
	346, 367
	316, 367
	118, 368
	107, 368
	306, 368
	150, 368
	60, 368
	230, 369
	87, 369
	-1, 369
	25, 369
	166, 369
	253, 370
	154, 370
	94, 370
	246, 370
	125, 370
	172, 370
	345, 371
	175, 371
	300, 371
	57, 371
	171, 371
	109, 372
	182, 372
	223, 372
	366, 372
	236, 372
	188, 373
	92, 373
	252, 373
	-1, 373
	54, 373
	333, 373
	180, 374
	145, 374
	212, 374
	111, 374
	183, 374
	98, 374
	289, 375
	226, 375
	263, 375
	38, 375
	113, 375
	300, 376
	171, 376
	248, 376
	78, 376
	149, 376
	73, 377
	329, 377
	16, 377
	322, 378
	296, 378
	58, 378
	277, 378
	356, 379
	99, 379
	249, 379
	279, 379
	86, 379
	11, 379
	177, 380
	305, 380
	116, 380
	121, 380
	80, 380
	312, 381
	221, 381
	19, 381
	371, 381
	171, 381
	345, 381
	50, 381
	242, 382
	-3, 382
	220, 382
	142, 382
	275, 383
	364, 383
	316, 383
	192, 383
	328, 383
	224, 383
	139, 383
	307, 384
	1, 384
	223, 384
	372, 384
	271, 384
	236, 384
	42, 385
	217, 385
	102, 385
	362, 385
	14, 385
	231, 385
	127, 386
	71, 386
	363, 386
	51, 386
	247, 386
	325, 387
	15, 387
	215, 387
	273, 387
	85, 387
	-2, 388
	-3, 388
	137, 388
	179, 389
	67, 389
	180, 389
	23, 389
	155, 389
	39, 389
	351, 390
	13, 390
	152, 390
	6, 390
	298, 390
	255, 390
	88, 390
	47, 391
	76, 391
	16, 391
	377, 391
	127, 391
	329, 391
	21, 392
	378, 392
	58, 392
	342, 392
	340, 393
	302, 393
	56, 393
	352, 393
	12, 393
	280, 393
	200, 394
	320, 394
	319, 394
	159, 394
	164, 394
	3, 395
	165, 395
	214, 395
	359, 395
	287, 395
	319, 395
	274, 396
	7, 396
	332, 396
	-4, 396
	292, 396
	51, 397
	360, 397
	290, 397
	303, 397
	52, 397
	173, 397
	73, 398
	377, 398
	368, 398
	150, 398
	16, 398
	107, 398
	314, 399
	187, 399
	197, 399
	353, 399
	380, 399
	177, 399
	116, 399
	266, 400
	-1, 400
	252, 400
	174, 400
	137, 401
	-3, 401
	221, 401
	345, 401
	175, 401
	388, 402
	-2, 402
	225, 402
	221, 402
	137, 402
	10, 403
	348, 403
	200, 403
	136, 403
	268, 403
	280, 403
	233, 404
	123, 404
	222, 404
	171, 405
	376, 405
	222, 405
	248, 405
	62, 406
	0, 406
	201, 406
	276, 406
	295, 406
	195, 406
	112, 407
	50, 407
	233, 407
	405, 407
	222, 407
	404, 407
	171, 407
	284, 408
	63, 408
	378, 408
	322, 408
	392, 408
	21, 408
	27, 408
	260, 409
	243, 409
	240, 409
	136, 409
	403, 409
	10, 409
	47, 410
	391, 410
	71, 410
	127, 410
	176, 410
	46, 410
	86, 410
	193, 411
	61, 411
	20, 411
	283, 411
	337, 411
	8, 411
	132, 411
	282, 411
	55, 412
	166, 412
	369, 412
	230, 412
	326, 412
	339, 413
	138, 413
	139, 413
	21, 413
	192, 413
	27, 413
	306, 414
	80, 414
	186, 414
	380, 414
	121, 414
	38, 415
	349, 415
	294, 415
	318, 415
	352, 415
	206, 415
	321, 416
	297, 416
	133, 416
	22, 416
	354, 416
	275, 416
	364, 416
	160, 417
	146, 417
	43, 417
	153, 417
	267, 417
	338, 417
Mesh Regions: 418
	1, 27, 100, 120, 282, 1180
	9, 78, 103, 395, 688, 1064
	0, 32, 361, 533
	1, 101, 118, 196, 430, 594, 1122
	2, 34, 36, 447, 603
	3, 6, 16, 908, 926
	166, 207, 468, 509, 1097
	4, 540, 620, 779, 1129
	107, 137, 279, 500, 807, 1217
	5, 10, 95, 331
	57, 75, 487, 519, 1166, 1204
	21, 355, 420, 563, 913, 1039
	133, 313, 666, 893, 975, 1115
	108, 211, 646, 889, 1095
	63, 157, 345, 383, 466, 659, 1073
	19, 110, 539, 770, 828, 1081
	5, 11, 46, 96, 1029, 1103, 1143
	122, 258, 400, 680, 749, 905
	6, 7, 15, 30, 693
	22, 105, 503, 714, 1047
	156, 183, 574, 577, 1214
	8, 275, 848, 1107, 1197, 1228
	40, 138, 219, 907, 938, 1245
	175, 243, 251, 380, 671, 701, 1091
	29, 48, 269, 320, 451, 531, 945
	62, 200, 381, 590, 987
	53, 64, 237, 253, 471, 819, 857
	8, 581, 717, 833, 1198, 1230
	26, 50, 114, 310, 440
	9, 77, 535, 585, 673, 689
	223, 481, 515, 579, 824
	10, 11, 45, 69, 332, 449, 599
	87, 155, 256, 306, 317, 349, 832
	20, 127, 521, 631, 738
	192, 272, 286, 304, 863
	12, 80, 185, 208, 508, 657
	13, 18, 84, 723
	109, 210, 234, 414, 761
	244, 367, 501, 731, 735, 881, 1020, 1236
	14, 173, 240, 274, 853, 1093
	15, 16, 315, 352, 691, 884, 912
	17, 139, 177, 505
	18, 83, 296, 323, 347, 727, 1069
	19, 169, 536, 775, 830, 1251
	20, 136, 522, 575, 732, 736
	99, 248, 423, 550, 637
	35, 39, 229, 706, 1210
	47, 60, 67, 444, 1101, 1205
	21, 214, 354, 406, 616, 915
	145, 152, 873, 922
	22, 106, 216, 1051, 1186
	436, 667, 935, 956, 1078, 1133
	58, 129, 222, 246, 612, 1137
	41, 43, 49, 112, 117, 341
	23, 70, 376, 803, 1009
	93, 168, 198, 480, 652, 773, 1220
	98, 170, 460, 567, 895, 1113
	24, 161, 226, 369, 654, 998
	76, 635, 849, 1032, 1109
	25, 142, 180, 465, 546
	26, 115, 308, 682, 983
	56, 123, 149, 278, 401, 820, 1213
	27, 59, 119, 299, 625, 769, 1179
	55, 582, 754, 816, 842, 1193
	28, 72, 474, 492
	29, 86, 153, 191, 270, 943
	30, 31, 32, 360, 694
	54, 239, 242, 845, 1089
	33, 34, 446, 965
	35, 38, 236, 281, 708, 957
	36, 37, 91, 601
	38, 39, 130, 953, 1076, 1207
	40, 189, 399, 904, 937
	164, 188, 260, 434, 785, 1027, 1139
	41, 42, 44, 90, 111, 811
	43, 44, 51, 89, 163, 373
	45, 46, 47, 68, 1102
	48, 262, 290, 453, 941
	49, 50, 51, 113, 162, 441, 1025
	52, 65, 148, 618, 949
	125, 231, 309, 685, 1044, 1232
	53, 54, 55, 238, 817, 841
	56, 224, 263, 404, 455, 821
	57, 74, 520, 765, 784, 851
	58, 128, 245, 314, 868, 879, 973
	59, 300, 339, 424, 768, 1084
	60, 79, 227, 442, 1038, 1211
	61, 62, 201, 291, 985
	63, 158, 178, 467, 891, 1100
	64, 254, 571, 697, 818
	65, 66, 82, 948
	67, 68, 69, 443, 597
	124, 264, 405, 804, 1006
	160, 193, 334, 744, 909, 929
	97, 172, 428, 433, 596, 930, 991
	70, 71, 186, 205, 377
	72, 73, 319, 477, 526
	74, 75, 76, 488, 639, 852
	77, 78, 104, 249, 674, 1016
	79, 230, 558, 917, 1035
	121, 378, 800, 871, 921
	80, 81, 325, 663
	82, 83, 84, 85, 950, 1071
	86, 87, 154, 190, 255, 569, 700
	88, 89, 90, 372
	91, 92, 135, 418, 559, 600
	93, 94, 199, 649
	95, 96, 116, 333, 342, 980, 1144
	97, 98, 171, 182, 298, 565, 934
	99, 102, 247, 329, 394, 549, 1000
	100, 101, 131, 195, 283
	102, 103, 104, 328, 396, 1014
	105, 106, 141, 386, 390, 502, 1185
	107, 134, 498, 610, 759, 806, 1021
	108, 109, 126, 209, 235, 890
	110, 218, 393, 627, 766, 827
	312, 677, 902, 1042, 1151
	111, 112, 330, 344, 813, 966
	113, 114, 115, 116, 117, 340, 979
	118, 119, 120, 429, 628
	121, 167, 203, 375, 647, 918
	122, 257, 679, 1043, 1235
	123, 124, 150, 402, 802, 874
	125, 232, 311, 359, 387, 721, 1173
	126, 165, 233, 322, 556, 710, 892
	127, 217, 391, 459, 524, 629, 993
	128, 129, 221, 869
	130, 437, 787, 1075, 1105, 1208
	131, 132, 194, 266, 285
	133, 363, 665, 730, 976
	134, 415, 609, 757
	135, 445, 562, 604
	136, 137, 499, 572, 734, 1218
	138, 220, 728, 867, 959, 1244
	139, 140, 141, 389, 489, 507
	142, 181, 202, 294, 462, 592
	353, 410, 747, 876, 1169, 1202
	143, 357, 1087, 1156, 1165
	144, 350, 542, 641, 836, 1226
	144, 276, 543, 1062, 1227
	145, 151, 212, 758, 809, 923
	146, 252, 287, 469, 858
	147, 148, 356, 619, 1055
	149, 150, 151, 152, 277, 808, 872
	153, 154, 155, 307, 944
	241, 327, 752, 846, 1012
	156, 184, 523, 573, 829, 1250
	157, 158, 179, 215, 384, 409
	159, 160, 267, 337, 927
	161, 162, 163, 371, 655, 1026
	164, 261, 684, 982, 1142
	165, 228, 555, 709
	166, 167, 204, 645, 1096
	168, 169, 482, 518, 774, 1252
	170, 171, 172, 461, 990
	173, 174, 175, 704, 1092
	176, 177, 365, 504
	178, 179, 213, 321, 553, 888
	180, 181, 426, 544, 587
	182, 297, 742, 933, 1120
	183, 184, 517, 578, 1249
	185, 186, 187, 206
	188, 189, 259, 398, 435, 940
	190, 191, 192, 271, 568, 861
	193, 335, 740, 745, 1121
	194, 195, 196, 265, 338, 1123
	197, 198, 199, 988, 1221
	200, 201, 202, 293, 589
	203, 204, 205, 206, 207, 208, 374, 511
	209, 210, 211, 212, 648, 760, 924
	213, 214, 215, 407, 557, 914
	216, 656, 999, 1023, 1049, 1175, 1191
	217, 218, 392, 431, 624, 994
	219, 220, 221, 222, 866, 939, 1138
	223, 224, 458, 479, 513, 823, 1155
	225, 226, 865, 996, 1160
	227, 228, 229, 230, 554, 705, 1209
	231, 232, 720, 1040, 1150
	233, 234, 235, 236, 280, 413, 707
	237, 238, 239, 240, 855, 1088
	241, 242, 243, 250, 844, 1011, 1090
	244, 245, 246, 368, 485, 611, 882
	247, 248, 422, 968, 1001
	249, 250, 251, 672, 1015
	252, 253, 254, 473, 570, 862
	255, 256, 699, 715, 835
	257, 258, 259, 260, 261, 397, 683, 1233
	262, 289, 454, 722, 792, 1146
	263, 264, 403, 456, 1005
	265, 266, 267, 268, 336
	269, 270, 271, 272, 303, 529
	273, 274, 472, 854
	275, 276, 781, 847, 1059, 1229
	277, 278, 279, 810, 1212
	280, 281, 385, 412, 668, 955
	282, 283, 284, 285, 632, 1184
	286, 287, 288, 302, 859
	289, 290, 305, 899, 942, 1147
	291, 292, 293, 294, 463, 497
	295, 296, 324, 725
	297, 298, 566, 743, 878, 1117, 1168
	299, 300, 427, 548, 1181
	301, 302, 303, 304, 528
	305, 306, 307, 316, 898, 946
	308, 309, 310, 311, 358, 439, 681
	312, 318, 351, 644, 678, 751, 901
	313, 314, 880, 897, 974, 1241
	315, 362, 692, 886, 972
	316, 317, 318, 348, 900
	319, 320, 452, 476, 530
	321, 322, 552, 887
	323, 324, 325, 326, 346, 661
	327, 328, 329, 551, 755, 1013
	330, 331, 332, 333, 343, 448, 963
	334, 335, 336, 337, 338, 741, 1124
	339, 382, 425, 538, 593, 1082
	340, 341, 342, 343, 344
	345, 346, 347, 662, 1070
	348, 349, 350, 351, 642, 831
	352, 353, 411, 746, 885, 911
	354, 355, 356, 419, 617, 1054
	357, 366, 712, 864, 1046, 1158, 1164
	358, 359, 438, 1174, 1177, 1189
	360, 361, 362, 532, 695, 971, 1002, 1065
	363, 664, 729, 762, 783, 1061
	364, 365, 366, 506, 711, 1163
	367, 368, 484, 607, 1018
	369, 370, 371, 372, 373
	374, 375, 376, 377, 378, 801
	379, 380, 586, 676, 702, 776
	381, 382, 537, 591, 772, 984, 1223
	383, 384, 408, 947, 1074
	385, 416, 483, 605, 613, 669
	386, 387, 388, 719, 791, 1172, 1187
	388, 389, 390, 450, 478, 491, 789
	391, 392, 393, 525, 826
	394, 395, 396, 1004, 1068
	397, 398, 399, 400, 903
	401, 402, 403, 404, 405
	406, 407, 408, 409, 615, 951
	410, 411, 421, 883, 970, 1201
	412, 413, 414, 415, 416, 606, 756
	417, 418, 419, 420, 560, 1052
	421, 422, 423, 486, 636, 967, 1200
	424, 425, 426, 427, 545, 588
	428, 429, 430, 432, 595, 626
	431, 432, 433, 623, 992
	434, 435, 436, 437, 786, 936, 1079
	438, 439, 440, 441, 1024, 1178
	442, 443, 444, 445, 561, 598, 1036
	446, 447, 448, 449, 602, 964
	450, 451, 452, 453, 454, 475, 788
	455, 456, 457, 458, 1007, 1154
	459, 460, 461, 630, 896, 989
	462, 463, 464, 465, 494
	466, 467, 468, 510, 660, 1099
	469, 470, 471, 472, 473, 856
	474, 475, 476, 477, 478, 493
	479, 480, 481, 482, 514, 516, 651
	483, 484, 485, 608, 614
	486, 487, 488, 638, 1199
	489, 490, 491, 492, 493
	494, 495, 496, 497
	498, 499, 500, 501, 733, 1019
	502, 503, 504, 505, 506, 507, 713
	508, 509, 510, 511, 658
	512, 513, 514, 653, 1152
	515, 516, 517, 518, 580, 1253
	519, 520, 564, 764, 838, 1170
	521, 522, 523, 524, 525, 576, 825
	526, 527, 528, 529, 530, 531
	532, 533, 534, 686, 1067
	535, 541, 584, 690, 793, 797
	536, 537, 538, 539, 771, 1083
	540, 541, 583, 778, 796, 1128
	542, 543, 643, 960, 1056, 1247
	544, 545, 546, 547, 548, 633, 1182
	549, 550, 551, 640, 753, 1033
	552, 553, 554, 555, 556, 557, 558, 916
	559, 560, 561, 562, 563, 1037
	564, 565, 566, 567, 837, 1116, 1171
	568, 569, 570, 571, 696, 860
	572, 573, 574, 575, 576, 1219
	577, 578, 579, 580, 822, 1215
	581, 582, 698, 716, 814, 1192
	583, 584, 585, 586, 675, 777
	587, 588, 589, 590, 591, 592, 593
	594, 595, 596, 931, 1126
	597, 598, 599, 600, 601, 602, 603, 604
	605, 606, 607, 608, 609, 610, 1017
	611, 612, 613, 614, 670, 1135
	615, 616, 617, 618, 619, 952
	620, 621, 622, 1132
	623, 624, 625, 626, 627, 628, 767
	629, 630, 631, 739, 894, 1238
	632, 633, 634, 1183
	635, 636, 637, 638, 639, 640, 1031
	641, 642, 643, 644, 750, 1243
	645, 646, 647, 648, 919, 1098
	649, 650, 651, 652, 653
	654, 655, 656, 997, 1022
	657, 658, 659, 660, 661, 662, 663
	664, 665, 666, 763, 840, 1112
	667, 668, 669, 670, 954, 1136
	671, 672, 673, 674, 675, 676
	677, 678, 679, 680, 748, 1041
	681, 682, 683, 684, 685, 981, 1231
	686, 687, 688, 689, 690, 794, 1063
	691, 692, 693, 694, 695
	696, 697, 698, 699, 700, 718, 815
	701, 702, 703, 704
	705, 706, 707, 708, 709, 710
	711, 712, 713, 714, 1045
	715, 716, 717, 718, 834
	719, 720, 721, 722, 790, 1145
	723, 724, 725, 726, 727
	728, 729, 730, 870, 958, 978, 1058
	731, 732, 733, 734, 737
	735, 736, 737, 738, 739, 1239
	740, 741, 742, 932, 1119, 1127
	743, 744, 745, 746, 747, 877, 910, 1118
	748, 749, 750, 751, 906, 1242
	752, 753, 754, 755, 843, 1030, 1195
	756, 757, 758, 759, 760, 761, 805
	762, 763, 764, 765, 782, 839
	766, 767, 768, 769, 770, 1080
	771, 772, 773, 774, 775, 1224
	776, 777, 778, 779, 780
	781, 782, 783, 784, 850, 1060
	785, 786, 787, 1028, 1106
	788, 789, 790, 791, 792
	793, 794, 795, 798
	796, 797, 798, 799, 1130
	800, 801, 802, 803, 804, 875, 1010
	805, 806, 807, 808, 809, 810
	811, 812, 813, 961
	814, 815, 816, 817, 818, 819
	820, 821, 822, 823, 824, 1216
	825, 826, 827, 828, 829, 830, 1254
	831, 832, 833, 834, 835, 836, 1225
	837, 838, 839, 840, 1111
	841, 842, 843, 844, 845, 846
	847, 848, 849, 850, 851, 852, 1110
	853, 854, 855, 856, 857
	858, 859, 860, 861, 862, 863
	864, 865, 995, 1050, 1159
	866, 867, 868, 869, 870, 977
	871, 872, 873, 874, 875, 920
	876, 877, 878, 1167
	879, 880, 881, 882, 1237
	883, 884, 885, 886, 969
	887, 888, 889, 890, 891, 892, 1094
	893, 894, 895, 896, 897, 1114, 1240
	898, 899, 900, 901, 902, 1148
	903, 904, 905, 906, 907, 1246
	908, 909, 910, 911, 912, 925
	913, 914, 915, 916, 917, 1034
	918, 919, 920, 921, 922, 923, 924
	925, 926, 927, 928, 929
	930, 931, 932, 933, 934, 1125
	935, 936, 937, 938, 939, 940, 1134
	941, 942, 943, 944, 945, 946
	947, 948, 949, 950, 951, 952, 1072
	953, 954, 955, 956, 957, 1077
	958, 959, 960, 1057, 1248
	961, 962, 963, 964, 965, 966
	967, 968, 969, 970, 971, 972, 1003
	973, 974, 975, 976, 977, 978
	979, 980, 981, 982, 983, 1141
	984, 985, 986, 987, 988, 1222
	989, 990, 991, 992, 993, 994
	995, 996, 997, 998, 999, 1048
	1000, 1001, 1002, 1003, 1004, 1066
	1005, 1006, 1007, 1008, 1009, 1010
	1011, 1012, 1013, 1014, 1015, 1016
	1017, 1018, 1019, 1020, 1021
	1022, 1023, 1024, 1025, 1026, 1176
	1027, 1028, 1029, 1104, 1140
	1030, 1031, 1032, 1033, 1108, 1194
	1034, 1035, 1036, 1037, 1038, 1039
	1040, 1041, 1042, 1043, 1044, 1149, 1234
	1045, 1046, 1047, 1048, 1049, 1050, 1051
	1052, 1053, 1054, 1055
	1056, 1057, 1058, 1059, 1060, 1061, 1062
	1063, 1064, 1065, 1066, 1067, 1068
	1069, 1070, 1071, 1072, 1073, 1074
	1075, 1076, 1077, 1078, 1079
	1080, 1081, 1082, 1083, 1084
	1085, 1086, 1087, 1161
	1088, 1089, 1090, 1091, 1092, 1093
	1094, 1095, 1096, 1097, 1098, 1099, 1100
	1101, 1102, 1103, 1104, 1105, 1106, 1206
	1107, 1108, 1109, 1110, 1196
	1111, 1112, 1113, 1114, 1115, 1116
	1117, 1118, 1119, 1120, 1121
	1122, 1123, 1124, 1125, 1126, 1127
	1128, 1129, 1130, 1131, 1132
	1133, 1134, 1135, 1136, 1137, 1138
	1139, 1140, 1141, 1142, 1143, 1144
	1145, 1146, 1147, 1148, 1149, 1150, 1151
	1152, 1153, 1154, 1155
	1156, 1157, 1158, 1159, 1160
	1161, 1162, 1163, 1164, 1165
	1166, 1167, 1168, 1169, 1170, 1171, 1203
	1172, 1173, 1174, 1190
	1175, 1176, 1177, 1178, 1188
	1179, 1180, 1181, 1182, 1183, 1184
	1185, 1186, 1187, 1188, 1189, 1190, 1191
	1192, 1193, 1194, 1195, 1196, 1197, 1198
	1199, 1200, 1201, 1202, 1203, 1204
	1205, 1206, 1207, 1208, 1209, 1210, 1211
	1212, 1213, 1214, 1215, 1216, 1217, 1218, 1219
	1220, 1221, 1222, 1223, 1224
	1225, 1226, 1227, 1228, 1229, 1230
	1231, 1232, 1233, 1234, 1235
	1236, 1237, 1238, 1239, 1240, 1241
	1242, 1243, 1244, 1245, 1246, 1247, 1248
	1249, 1250, 1251, 1252, 1253, 1254
Seed Numbers: 418
	0
	1
	2
	3
	4
	5
	6
	7
	8
	9
	10
	11
	12
	13
	14
	15
	16
	17
	18
	19
	20
	21
	22
	23
	24
	25
	26
	27
	28
	29
	30
	31
	32
	33
	34
	35
	36
	37
	38
	39
	40
	41
	42
	43
	44
	45
	46
	47
	48
	49
	50
	51
	52
	53
	54
	55
	56
	57
	58
	59
	60
	61
	62
	63
	64
	65
	66
	67
	68
	69
	70
	71
	72
	73
	74
	75
	76
	77
	78
	79
	80
	81
	82
	83
	84
	85
	86
	87
	88
	89
	90
	91
	92
	93
	94
	95
	96
	97
	98
	99
	100
	101
	102
	103
	104
	105
	106
	107
	108
	109
	110
	111
	112
	113
	114
	115
	116
	117
	118
	119
	120
	121
	122
	123
	124
	125
	126
	127
	128
	129
	130
	131
	132
	133
	134
	135
	136
	137
	138
	139
	140
	141
	142
	143
	144
	145
	146
	147
	148
	149
	150
	151
	152
	153
	154
	155
	156
	157
	158
	159
	160
	161
	162
	163
	164
	165
	166
	167
	168
	169
	170
	171
	172
	173
	174
	175
	176
	177
	178
	179
	180
	181
	182
	183
	184
	185
	186
	187
	188
	189
	190
	191
	192
	193
	194
	195
	196
	197
	198
	199
	200
	201
	202
	203
	204
	205
	206
	207
	208
	209
	210
	211
	212
	213
	214
	215
	216
	217
	218
	219
	220
	221
	222
	223
	224
	225
	226
	227
	228
	229
	230
	231
	232
	233
	234
	235
	236
	237
	238
	239
	240
	241
	242
	243
	244
	245
	246
	247
	248
	249
	250
	251
	252
	253
	254
	255
	256
	257
	258
	259
	260
	261
	262
	263
	264
	265
	266
	267
	268
	269
	270
	271
	272
	273
	274
	275
	276
	277
	278
	279
	280
	281
	282
	283
	284
	285
	286
	287
	288
	289
	290
	291
	292
	293
	294
	295
	296
	297
	298
	299
	300
	301
	302
	303
	304
	305
	306
	307
	308
	309
	310
	311
	312
	313
	314
	315
	316
	317
	318
	319
	320
	321
	322
	323
	324
	325
	326
	327
	328
	329
	330
	331
	332
	333
	334
	335
	336
	337
	338
	339
	340
	341
	342
	343
	344
	345
	346
	347
	348
	349
	350
	351
	352
	353
	354
	355
	356
	357
	358
	359
	360
	361
	362
	363
	364
	365
	366
	367
	368
	369
	370
	371
	372
	373
	374
	375
	376
	377
	378
	379
	380
	381
	382
	383
	384
	385
	386
	387
	388
	389
	390
	391
	392
	393
	394
	395
	396
	397
	398
	399
	400
	401
	402
	403
	404
	405
	406
	407
	408
	409
	410
	411
	412
	413
	414
	415
	416
	417
Phase Numbers: 418
	2
	2
	1
	3
	2
	3
	2
	2
	0
	2
	2
	1
	3
	2
	0
	2
	0
	0
	2
	3
	3
	3
	2
	2
	2
	3
	1
	2
	3
	3
	3
	3
	3
	3
	2
	3
	2
	3
	0
	2
	2
	2
	2
	2
	3
	3
	1
	2
	0
	2
	0
	2
	0
	2
	2
	3
	1
	3
	2
	3
	2
	1
	2
	3
	2
	2
	3
	3
	2
	2
	3
	2
	3
	3
	3
	2
	3
	2
	3
	2
	1
	2
	0
	0
	2
	3
	2
	3
	2
	2
	2
	2
	3
	2
	2
	2
	0
	0
	1
	3
	0
	0
	3
	3
	0
	2
	2
	3
	2
	3
	1
	2
	1
	3
	2
	2
	2
	3
	2
	3
	3
	3
	2
	3
	3
	3
	1
	3
	2
	2
	2
	3
	2
	1
	3
	2
	2
	0
	2
	2
	0
	2
	3
	2
	2
	2
	2
	2
	3
	3
	2
	3
	0
	3
	3
	0
	2
	3
	2
	0
	2
	3
	2
	3
	2
	2
	3
	3
	3
	0
	3
	2
	3
	3
	3
	3
	3
	2
	3
	3
	3
	0
	3
	2
	0
	1
	2
	1
	2
	2
	3
	2
	0
	2
	1
	2
	0
	3
	3
	3
	3
	1
	2
	3
	3
	2
	2
	0
	3
	3
	3
	2
	3
	3
	2
	1
	3
	3
	3
	3
	3
	2
	2
	2
	3
	3
	2
	0
	2
	3
	2
	0
	3
	3
	3
	1
	1
	2
	3
	0
	3
	2
	1
	1
	3
	0
	2
	1
	3
	1
	3
	2
	3
	3
	1
	2
	3
	2
	3
	3
	3
	0
	3
	1
	2
	3
	2
	2
	3
	2
	3
	0
	3
	3
	2
	1
	2
	3
	1
	3
	3
	2
	3
	3
	2
	3
	1
	2
	1
	3
	2
	2
	3
	2
	3
	1
	0
	2
	2
	3
	2
	3
	2
	3
	3
	3
	1
	2
	3
	2
	3
	2
	3
	3
	3
	2
	3
	2
	2
	3
	2
	3
	3
	2
	3
	2
	3
	2
	2
	3
	2
	0
	3
	3
	3
	2
	2
	3
	0
	3
	1
	3
	3
	2
	2
	2
	2
	1
	2
	2
	3
	2
	2
	3
	0
	3
	1
	3
	3
	3
	2
	1
	3
	0
	3
	3
	3
	1
	3
	2
	2
	2
	2
	2
	2
	3
	3
	3
	3
	0
	2
	2
	2
	3
	3
	0
	2
	2
	1
	2
	1
	2
	3
	3
	2
	2
	1
	2
	2
	3
	3
	3
	0
	3
	3
	3
	3
	2
	2
	2
	3
	3
	2
	3
	0
	2
	1
	2
Volumes: 418
	0.002570283243846911
	0.0023630887561690963
	0.001686000611194434
	0.0020397469131637875
	0.001895172414473681
	0.001624825111649018
	0.0015998192925595234
	0.0013763756345761713
	0.00300623855995246
	0.001766551126907411
	0.002941067939826469
	0.0030817355202174797
	0.001784742295152466
	0.002554315806670739
	0.0031254265076044144
	0.0027447164233721307
	0.002869058902734029
	0.002634662797444503
	0.0020219146185723232
	0.0016917536341514807
	0.0027356681454982594
	0.0023220480938827706
	0.0025185641110222045
	0.0028020280852406113
	0.002921718164317441
	0.001984679595704513
	0.002222278505225335
	0.0024917956959754775
	0.0018188463887401113
	0.0025337402872730877
	0.002443850327452049
	0.0028243778244013457
	0.0030081102961384263
	0.002406916412529416
	0.001596805458840961
	0.0027816158755954706
	0.0018960202752304933
	0.0027002772721186757
	0.0029923671869300254
	0.002628624960231851
	0.002708429162368002
	0.0008673549078730253
	0.002530436568448467
	0.002468285998254631
	0.0021498819745294287
	0.0018613937425601137
	0.002166050796683134
	0.0028150233656218074
	0.002687553784784238
	0.0014862089685354746
	0.0019752229466248657
	0.003279510973185988
	0.002291339797967066
	0.002077993116443818
	0.0015414963982011353
	0.002522365784334309
	0.0034521382253260317
	0.0020502925876047504
	0.001813592879063285
	0.001589960508330069
	0.0030290849080606428
	0.0031650910892210057
	0.002813433957575354
	0.0023249565640733275
	0.0014278280079997104
	0.0026334290072852944
	0.00162467078521443
	0.0016827243647523312
	0.0010010238745035874
	0.002130742222471452
	0.0016890703903600975
	0.002600003758833739
	0.0020811355695150567
	0.0027777936477369394
	0.001725560074121153
	0.002153847665734087
	0.0016517237053338676
	0.0019975855629207426
	0.0027820574349789497
	0.0019553500788910645
	0.002567028934855788
	0.0019975756551777217
	0.002643759369368277
	0.0031855705380719824
	0.003441024964420271
	0.0022802539252381126
	0.0025875849136502488
	0.0018661770793304115
	0.002444561116236539
	0.0023034897102207296
	0.0011516053204376913
	0.0022170840794613423
	0.00179593545608584
	0.0021726183361693544
	0.002319191247148758
	0.0014065936303594376
	0.001302292468011954
	0.0020475705975752777
	0.0024479346322148336
	0.0017258636422745307
	0.0016744771861543985
	0.001743600275832709
	0.0025369475594250643
	0.002889132655474535
	0.000991194330192492
	0.002447813130672357
	0.0015268968165380499
	0.0027971683719241565
	0.003184207384034423
	0.0022079366098740486
	0.0017651852146312764
	0.0018775778500093713
	0.0034923485095067104
	0.002815614283199184
	0.0028420356767153297
	0.0022912096259299053
	0.0024090729604571083
	0.002773229765439676
	0.002847067198194782
	0.0028305860073773105
	0.0020579297683681803
	0.002474212800732993
	0.0027176359010361445
	0.0024946205818653614
	0.002841817958862875
	0.002905170364412813
	0.0019302424780444191
	0.0028225219993307307
	0.0017893933963226756
	0.0018894043003998152
	0.002017908989209689
	0.0025785964120473336
	0.0025040502246643816
	0.0026564323252051313
	0.002993687691490227
	0.0018286864778289255
	0.002590150916330884
	0.0018500615272792698
	0.0025447210542064954
	0.0019081126651120837
	0.00295312269126684
	0.0015508727585687456
	0.0014438665325715732
	0.00223945472908262
	0.0019172928347519886
	0.0014985634784835129
	0.0028706614979982495
	0.002219576108423275
	0.0016488997576776221
	0.0026649918747712626
	0.0030026255159446014
	0.002191946412828819
	0.0020278492695512016
	0.0030463833619591082
	0.002405001440724913
	0.002088638764867397
	0.0008688626963576108
	0.0028483652939373634
	0.0027604504880287505
	0.0017980496573194674
	0.0017633963676075206
	0.0018747935266869142
	0.0033517522230468396
	0.002687992421937186
	0.002203992883518505
	0.002707334203338108
	0.0017955231818810712
	0.002170101095936759
	0.002954963585649769
	0.0030814597064971875
	0.002832638649762999
	0.0033742441728911777
	0.0024826616284834204
	0.002742977523678281
	0.0026836019650045167
	0.001434884878158402
	0.0028602396961700206
	0.0024020210950344715
	0.003088044311554312
	0.002803637326044032
	0.0023870869082219513
	0.00272184004835306
	0.0016484093616840319
	0.0023671306160340283
	0.0025601177285880343
	0.0023761836841092367
	0.0035769518948111367
	0.002202918360249582
	0.0017738905855232815
	0.002474690315865658
	0.003117905992151163
	0.0008279287977344487
	0.002655429077622515
	0.0033976302360593045
	0.0015991110035240002
	0.0018726225172873896
	0.0009769831662039578
	0.0021513257276165603
	0.001558077562387497
	0.0013425110718172817
	0.0026055177184219833
	0.0027463169250714634
	0.0014414169700455704
	0.0017924585820919886
	0.0035748883576439024
	0.003178450613343378
	0.0028065769889126973
	0.002134718773229234
	0.0022429741045765146
	0.0023179922095856688
	0.0017484562619204838
	0.0026309502352513574
	0.0024387165220915294
	0.002802712614795643
	0.0033707402614929017
	0.0025922070455869336
	0.0017897081239308318
	0.0028611319161034477
	0.002982291203454061
	0.0026255488726569303
	0.0029925554504042183
	0.0024579516673075156
	0.0025841895496875626
	0.003794517049693051
	0.002383962384104608
	0.0021127123612068423
	0.0021489589941878972
	0.0021857361984464188
	0.002428022781736005
	0.0026038877899875502
	0.0024354467961515977
	0.0028924164433364744
	0.0023666606197332196
	0.002966677577604686
	0.0034920868861681
	0.0019908702928721485
	0.0020055493895735094
	0.002582361284375491
	0.001953142914792946
	0.002553655229384834
	0.002407401678400363
	0.003010738567458616
	0.0032279198768677274
	0.0021977402321311044
	0.0024739540468585106
	0.002324403950577536
	0.002276132749310624
	0.002930469601342634
	0.0028439520334429987
	0.002324001282105583
	0.003178793630145932
	0.0025749309776954598
	0.002143930652102026
	0.003004316525854126
	0.0014133660425348013
	0.0024308176662333108
	0.0019951475192695562
	0.0023319010678734403
	0.0031396927983784553
	0.002044831580454699
	0.002353863506859626
	0.0025620199525391066
	0.0009648632031216596
	0.0029770174801699097
	0.002352680958393647
	0.00249544035247909
	0.0013172080117134148
	0.003231812567845858
	0.0029538767253177917
	0.0032385809442468942
	0.0024214753470435963
	0.0028080829852437394
	0.0025150589932696503
	0.003351940987828289
	0.002712657365107558
	0.001916772119504212
	0.0038193988810328048
	0.0019422062667885601
	0.0027101339031329746
	0.002102231450608869
	0.002940897981839552
	0.0023585950039553263
	0.0024265772629502042
	0.0031316035322331817
	0.002239980682566576
	0.002906958582367463
	0.0022139717411132236
	0.0019295678617654145
	0.003408656050383604
	0.0023119144594754715
	0.002553658555667173
	0.0027191757628391433
	0.0007768170454117854
	0.002141594440532662
	0.0018711426636181965
	0.0017010813903821152
	0.001874070665387042
	0.003025560296556575
	0.002500245159074454
	0.0012424814807030574
	0.0031537103227445044
	0.0033455024106339754
	0.002111820255284538
	0.0029312998471492887
	0.002228784781041907
	0.002311283869739441
	0.003492478639753324
	0.003208069934213597
	0.002839464439382241
	0.0023796488404511373
	0.001177090544062764
	0.002111900158744192
	0.0013911235998581512
	0.0021458924187209103
	0.002161597971237843
	0.0011997814703049719
	0.0028810619679722716
	0.0020508677029760372
	0.002517794589623202
	0.0017973073051840574
	0.002412107078969057
	0.0027123712273735383
	0.002641932967801146
	0.0025397639551038506
	0.002512345613863833
	0.00252463509923699
	0.0033058747289185565
	0.0020748744277959115
	0.0027577336056046537
	0.0018162197120309546
	0.0021177201920566458
	0.001351154803862149
	0.0014837214866492406
	0.002627912431549752
	0.0024514193529481436
	0.0011935516068166344
	0.0021680536636533567
	0.002933391966425036
	0.002712250397313592
	0.003267425377431083
	0.0021022248155889004
	0.002274322911963721
	0.0022428636847469756
	0.0018746896694858998
	0.002592087691380464
	0.0021864899635936916
	0.002558308121892224
	0.0018200943300441755
	0.0017981099196715537
	0.002610313898726754
	0.002081593262269312
	0.0031661758251794354
	0.00312055932313184
	0.0028217275333734114
	0.0018136183962270945
	0.002940750232057388
	0.0028701458516350014
	0.002621163666917934
	0.0025065543899645618
	0.00222195305412093
	0.00374804873842281
	0.0025550763266001136
	0.003056108100649609
	0.0018455424143954255
	0.00331923224101066
	0.002518978663615809
	0.0028619636224490024
	0.0027683397143888
	0.00298497508351573
	0.003148355691642601
	0.002139927306672597
	0.0020981852009671433
	0.002663077590977213
	0.001838512011884584
	0.0016030077490521446
	0.0018341075573568527
	0.003258139442376795
	0.0024673642694909943
	0.002969717965402389
	0.0024585719070476324
	0.0024025953208603274
	0.0026797557420032356
	0.0013079561054555888
	0.002841776651412786
	0.0024909750342132506
	0.0032035290153652743
	0.001774860138075996
	0.0025107167517462708
	0.0008015022701064356
	0.0030414927144210265
	0.002862525885753873
	0.0032602098844047057
	0.002586790860503304
	0.00237300437526805
	0.002304776577186299
	0.002587115112903896
	0.0011393963247893898
	0.0030304279638250953
	0.0024418484749688333
	0.0023166648682330635
	0.0012947489255721698
	0.001529582181104723
	0.002591931938528848
	0.002844266857677306
	0.0018280627117440982
	0.0025031710384473102
	0.0021305443837978328
	0.0028876836105914635
	0.002839464816499049
	0.002573053615192434
	0.003643916159598868
	0.003483593892247039
	0.0032433275999055066
	0.0026039821813299024
	0.0021940509594385454
	0.0028257865576981505
	0.0029850350757534023
	0.002964178104543332
