Mesh Points: 838
	 3.479118e-01,  2.811857e-01
	 3.937108e-01,  2.854121e-01
	 3.554492e-01,  2.455533e-01
	 3.871336e-01,  2.288185e-01
	 4.124369e-01,  2.657434e-01
	 4.124012e-01,  2.660827e-01
	-2.448367e-01,  1.810277e-01
	-2.782320e-01,  1.659497e-01
	-2.421926e-01,  2.212689e-01
	-2.990373e-01,  2.158344e-01
	-2.915342e-01,  2.213022e-01
	 1.251459e-01,  1.562705e-01
	 9.728661e-02,  1.837304e-01
	 1.690316e-01,  1.762641e-01
	 1.224669e-01,  2.250055e-01
	 1.558209e-01,  2.141614e-01
	-4.725241e-01,  4.113007e-01
	-5.000000e-01,  4.234631e-01
	-4.835430e-01,  3.826576e-01
	-5.000000e-01,  3.794442e-01
	 2.033855e-01,  2.272676e-02
	 1.731369e-01,  3.826180e-02
	 2.193721e-01,  7.611030e-02
	 1.680876e-01,  6.290350e-02
	 1.821519e-01,  8.219108e-02
	-2.006965e-01,  2.176722e-01
	-2.013989e-01,  1.634356e-01
	-2.114518e-01,  2.255468e-01
	-2.412878e-01,  2.220781e-01
	-2.094782e-01,  1.598760e-01
	 2.166933e-01, -1.863208e-01
	 2.211892e-01, -2.163836e-01
	 1.819378e-01, -2.403780e-01
	 1.752508e-01, -1.900122e-01
	 3.746466e-01,  5.000000e-01
	 3.797902e-01,  4.707284e-01
	 3.304199e-01,  5.000000e-01
	 3.243061e-01,  4.546371e-01
	 3.314135e-01,  4.492370e-01
	 3.392925e-01,  9.357744e-03
	 3.306854e-01,  2.165368e-03
	 2.746640e-01,  3.730056e-02
	 2.767055e-01,  5.323848e-02
	 2.776536e-01,  5.438568e-02
	 3.356496e-01,  6.130292e-02
	 3.500030e-01,  4.951861e-02
	-2.476414e-01,  2.034700e-02
	-2.333611e-01,  6.033329e-02
	-2.789023e-01,  3.262613e-02
	-2.811202e-01,  5.087602e-02
	-2.541886e-01,  7.544298e-02
	-2.465198e-01,  7.441283e-02
	 5.000000e-01,  4.815662e-01
	 4.693391e-01,  4.557878e-01
	 5.000000e-01,  5.000000e-01
	 4.384795e-01,  5.000000e-01
	 4.346064e-01,  4.684761e-01
	 4.394949e-01,  4.627869e-01
	-4.367181e-01, -4.423980e-01
	-4.527229e-01, -4.611657e-01
	-4.385028e-01, -4.043764e-01
	-5.000000e-01, -4.511078e-01
	-5.000000e-01, -4.057484e-01
	-4.522030e-01, -3.925110e-01
	 3.254791e-01, -3.632911e-01
	 2.809205e-01, -3.493993e-01
	 3.310484e-01, -3.288609e-01
	 3.136405e-01, -3.147486e-01
	 2.781451e-01, -3.301068e-01
	 2.115937e-01,  2.768238e-01
	 2.243369e-01,  3.142105e-01
	 1.740808e-01,  2.801296e-01
	 1.658048e-01,  3.194575e-01
	 1.719222e-01,  3.312273e-01
	 1.879257e-01,  3.348043e-01
	-1.021216e-01,  5.000000e-01
	-9.401178e-02,  4.678508e-01
	-1.508518e-01,  5.000000e-01
	-1.510409e-01,  4.685985e-01
	-1.073572e-01,  4.539129e-01
	-1.057698e-01,  5.044229e-02
	-1.504674e-01,  3.620574e-02
	-1.084485e-01,  7.653313e-02
	-1.620649e-01,  9.610798e-02
	-1.603122e-01,  4.296307e-02
	 1.134680e-01,  3.087197e-01
	 1.028777e-01,  3.461390e-01
	 1.130089e-01,  3.629123e-01
	 1.553023e-01,  3.569739e-01
	 8.351113e-02, -2.746723e-01
	 4.575696e-02, -2.889296e-01
	 1.125067e-01, -3.095438e-01
	 9.644559e-02, -3.318221e-01
	 4.146797e-02, -2.987339e-01
	 6.673642e-02, -3.385518e-01
	 5.791871e-02, -3.346578e-01
	 3.557391e-01,  1.812347e-01
	 3.827344e-01,  1.592665e-01
	 3.543656e-01,  1.878676e-01
	 3.871493e-01,  2.287241e-01
	 4.229866e-01,  1.945291e-01
	 4.205086e-01,  1.858319e-01
	 2.124886e-01,  2.335156e-01
	 1.754859e-01,  2.381228e-01
	 2.221075e-01,  2.638625e-01
	 1.679653e-01,  2.707455e-01
	-4.689759e-02, -3.016113e-01
	-6.835052e-02, -3.095604e-01
	-3.692338e-02, -2.638074e-01
	-6.734088e-02, -2.322891e-01
	-1.031077e-01, -2.826687e-01
	-4.817387e-02, -2.415919e-01
	-9.505261e-02, -2.970002e-01
	 3.193975e-01,  2.165171e-01
	-3.295651e-01, -2.710805e-01
	-3.144538e-01, -2.511044e-01
	-2.766242e-01, -2.531142e-01
	-3.005309e-01, -3.022412e-01
	-3.190917e-01, -2.989489e-01
	-2.653490e-01, -2.674178e-01
	-4.126176e-01,  7.983219e-02
	-4.389536e-01,  5.832997e-02
	-4.539182e-01,  6.387858e-02
	-4.643741e-01,  1.094467e-01
	-4.288669e-01,  1.289890e-01
	 1.180360e-02, -4.546465e-01
	 2.158287e-02, -4.526386e-01
	-1.193899e-03, -5.000000e-01
	 6.472466e-02, -4.840444e-01
	 6.374085e-02, -5.000000e-01
	 6.446254e-02,  1.292128e-01
	 4.686550e-02,  1.147074e-01
	 6.161417e-02,  1.564218e-01
	 3.583153e-02,  1.677074e-01
	 1.016410e-02,  1.333838e-01
	 1.793246e-01, -6.212279e-02
	 1.442258e-01, -3.836857e-02
	 2.099769e-01, -4.035766e-02
	 1.459417e-01, -2.829440e-02
	 1.918851e-01, -1.080526e-02
	 4.553008e-01,  2.137112e-01
	 4.626604e-01,  2.333270e-01
	-1.311462e-01, -4.643944e-02
	-1.082650e-01, -4.233288e-02
	-1.569107e-01, -1.485060e-02
	-1.441851e-01,  2.238800e-03
	-1.091037e-01, -1.589355e-03
	-9.800497e-02, -2.970911e-02
	 4.421920e-01,  2.944499e-01
	 3.942023e-01,  3.166790e-01
	 4.389198e-01,  3.158838e-01
	 4.062203e-01,  3.272411e-01
	 3.485819e-01, -2.680996e-01
	 3.582401e-01, -3.181558e-01
	 3.199166e-01, -2.690711e-01
	 3.157323e-01, -2.730725e-01
	 4.316228e-01,  4.097749e-01
	 4.243664e-01,  4.051280e-01
	 3.943757e-01,  4.619902e-01
	 3.853655e-01,  4.109743e-01
	-3.943788e-01, -1.084043e-01
	-4.264408e-01, -1.098164e-01
	-3.764694e-01, -7.472711e-02
	-4.373457e-01, -5.637918e-02
	-4.059499e-01, -4.341011e-02
	-5.000000e-01, -1.504480e-01
	-4.734002e-01, -1.513721e-01
	-5.000000e-01, -2.066843e-01
	-4.529305e-01, -1.781025e-01
	-4.755886e-01, -2.121555e-01
	 6.684197e-02,  2.446593e-01
	 5.557158e-02,  2.219200e-01
	 1.629131e-02,  2.311157e-01
	 3.228506e-02,  2.719540e-01
	 1.222802e-02,  2.393396e-01
	-2.483607e-01,  4.199540e-01
	-2.686277e-01,  4.338235e-01
	-2.258841e-01,  4.245071e-01
	-2.755436e-01,  4.655610e-01
	-2.350454e-01,  4.820823e-01
	-2.020469e-01,  4.639767e-01
	-2.005959e-01,  4.613337e-01
	 1.966583e-01,  1.465213e-01
	 1.709352e-01,  1.093448e-01
	 1.808006e-01,  1.715385e-01
	 1.458676e-01,  1.104382e-01
	 1.236172e-01,  1.461730e-01
	-3.292127e-01,  2.798766e-01
	-3.340815e-01,  2.385418e-01
	-3.759526e-01,  2.385885e-01
	-3.714038e-01,  2.789920e-01
	-3.316635e-01,  2.831840e-01
	 2.057892e-01, -2.815490e-01
	 1.807695e-01, -2.428496e-01
	 2.513240e-01, -2.523152e-01
	 2.528533e-01, -2.356478e-01
	 5.104857e-02,  3.811834e-01
	 8.319422e-02,  4.012814e-01
	 2.665502e-02,  4.029683e-01
	 3.007647e-02,  4.359526e-01
	 4.862138e-02,  4.454371e-01
	 8.322434e-02,  4.228722e-01
	 4.634511e-01,  4.650753e-02
	 4.494710e-01,  9.033806e-02
	 5.000000e-01,  4.031690e-02
	 5.000000e-01,  1.066242e-01
	 4.672737e-01,  2.817352e-01
	 4.654073e-01,  2.352802e-01
	 1.900496e-01,  4.726081e-01
	 1.885928e-01,  5.000000e-01
	 1.413646e-01,  4.732592e-01
	 1.366368e-01,  5.000000e-01
	 3.309674e-01,  1.041425e-01
	 2.863554e-01,  1.086045e-01
	 3.403091e-01,  1.150838e-01
	 2.890001e-01,  1.417039e-01
	 3.062592e-01,  1.543777e-01
	 3.176250e-01,  1.524090e-01
	-4.461232e-01,  4.217049e-01
	-4.413662e-01,  4.204866e-01
	-4.640684e-01,  4.686004e-01
	-4.425633e-01,  4.938203e-01
	-4.115029e-01,  4.696863e-01
	-4.253023e-01,  4.296058e-01
	 3.921158e-01, -8.029072e-02
	 3.945479e-01, -1.042520e-01
	 4.206508e-01, -5.134409e-02
	 4.401110e-01, -1.169414e-01
	 4.195182e-01, -1.196800e-01
	 4.465428e-01, -8.342105e-02
	 2.243205e-01, -1.586273e-01
	 2.419305e-01, -1.342019e-01
	 1.866834e-01, -1.340827e-01
	 2.227387e-01, -9.634153e-02
	 1.859445e-01, -1.024829e-01
	 1.834735e-01, -1.054576e-01
	 3.265988e-01,  3.956685e-01
	 3.404162e-01,  4.167140e-01
	 3.544532e-01,  3.540628e-01
	 3.843924e-01,  4.103814e-01
	 3.854971e-01,  3.681007e-01
	-3.873567e-01, -4.818522e-01
	-3.518021e-01, -4.609511e-01
	-4.037533e-01, -4.456135e-01
	-3.477534e-01, -4.249379e-01
	-3.567042e-01, -4.184166e-01
	-3.918295e-01, -4.252399e-01
	-2.004020e-01, -1.626282e-01
	-1.918602e-01, -1.880507e-01
	-2.501422e-01, -1.525446e-01
	-2.504922e-01, -1.529557e-01
	-2.293467e-01, -1.988510e-01
	-3.175621e-01,  3.241062e-01
	-3.258653e-01,  3.168857e-01
	-3.161067e-01,  3.601164e-01
	-3.554412e-01,  3.662477e-01
	-3.713559e-01,  3.350732e-01
	-1.692220e-01, -3.456262e-01
	-1.568118e-01, -3.966716e-01
	-1.806719e-01, -4.116978e-01
	-2.144063e-01, -3.596401e-01
	-2.045381e-01, -3.984681e-01
	-6.385277e-02,  1.864168e-01
	-1.056735e-01,  1.971416e-01
	-5.583875e-02,  2.073024e-01
	-1.119334e-01,  2.258610e-01
	-7.490572e-02,  2.378827e-01
	-1.141406e-01,  2.173085e-01
	 1.233745e-02,  3.466915e-01
	-2.979407e-03,  3.551653e-01
	 4.899880e-02,  3.707232e-01
	-7.713290e-03,  3.950433e-01
	-2.883243e-01, -4.718154e-01
	-2.894558e-01, -4.745928e-01
	-3.320428e-01, -4.797606e-01
	-3.249646e-01, -4.209518e-01
	-2.980549e-01, -4.373124e-01
	 3.505106e-01,  3.428270e-01
	 3.036684e-01,  3.354550e-01
	 3.055844e-01,  3.873135e-01
	 2.684831e-01, -5.000000e-01
	 2.836474e-01, -4.645853e-01
	 3.430477e-01, -5.000000e-01
	 3.405833e-01, -4.827288e-01
	 3.224785e-01, -4.670186e-01
	 3.146402e-01,  2.169310e-01
	 2.977608e-01,  1.958387e-01
	 4.512830e-01,  3.614842e-01
	 4.243796e-01,  3.689432e-01
	 4.685755e-01,  3.865268e-01
	 4.655183e-01,  3.974279e-01
	-1.964635e-01, -2.519762e-01
	-1.772385e-01, -2.376676e-01
	-1.945455e-01, -2.939977e-01
	-1.302502e-01, -2.713964e-01
	-1.676975e-01, -3.086679e-01
	 1.652158e-01, -3.508052e-01
	 1.566946e-01, -3.166861e-01
	 1.438936e-01, -3.764212e-01
	 1.352265e-01, -3.047493e-01
	 1.112506e-01, -3.686316e-01
	-1.497609e-01, -1.394863e-01
	-1.150636e-01, -1.053941e-01
	-1.395122e-01, -1.645099e-01
	-7.976668e-02, -1.395721e-01
	-7.993865e-02, -1.463995e-01
	-1.099979e-01, -1.743507e-01
	-1.225509e-01, -1.756706e-01
	-4.587031e-01,  3.015917e-01
	-4.294266e-01,  3.080524e-01
	-4.705139e-01,  3.434699e-01
	-4.242590e-01,  3.639287e-01
	-4.644730e-01,  3.534062e-01
	-4.165696e-01,  3.501787e-01
	 3.679031e-01, -1.148984e-01
	 3.607118e-01, -5.953264e-02
	 3.445477e-01, -9.480324e-02
	 3.596795e-01, -5.540257e-02
	 3.987710e-01, -2.375104e-02
	 4.209049e-01, -4.340997e-02
	-3.768868e-01, -1.293740e-01
	-3.487441e-01, -1.280000e-01
	-3.845735e-01, -1.629019e-01
	-3.315090e-01, -1.664820e-01
	-3.347895e-01, -1.723461e-01
	-3.709257e-01, -1.792981e-01
	-2.810767e-01,  1.599460e-01
	-3.149021e-01,  2.153675e-01
	-3.140068e-01,  1.479311e-01
	-3.378957e-01,  1.861257e-01
	 8.841414e-02, -3.888922e-01
	 6.711766e-02, -3.780989e-01
	-2.404664e-01, -1.524918e-02
	-2.764764e-01, -3.540276e-02
	-2.114453e-01, -5.915971e-02
	-2.512399e-01, -8.370907e-02
	 1.325833e-01,  2.646277e-01
	 1.210447e-01,  2.284214e-01
	 5.000000e-01, -3.852085e-01
	 4.675281e-01, -3.890942e-01
	 5.000000e-01, -3.404241e-01
	 4.427561e-01, -3.409799e-01
	 4.696974e-01, -3.267965e-01
	 4.451751e-01, -3.683092e-01
	-9.025900e-02,  3.651308e-02
	 1.259351e-01,  7.739764e-02
	 1.264459e-01,  7.606303e-02
	 3.406793e-01, -1.925190e-01
	 2.959900e-01, -2.129804e-01
	 3.412291e-01, -1.556079e-01
	 2.898975e-01, -1.437251e-01
	 3.165097e-01, -1.396035e-01
	 2.753111e-01, -1.885332e-01
	 2.847434e-01, -2.096740e-01
	 9.793423e-02,  2.913827e-01
	 6.093733e-02,  3.092556e-01
	 1.044396e-01,  2.936625e-01
	 7.102342e-02,  3.440181e-01
	-5.856261e-02,  4.030859e-01
	-1.068897e-01,  4.270982e-01
	-7.111704e-02,  3.616917e-01
	-1.260518e-01,  4.082418e-01
	-1.197130e-01,  3.646770e-01
	-9.844252e-02,  3.526731e-01
	-2.799183e-01,  2.716240e-01
	-2.576138e-01,  2.720734e-01
	-2.745277e-01,  2.751031e-01
	 4.057128e-01,  3.569531e-01
	-1.298842e-01, -2.173372e-01
	-1.745056e-01, -2.299256e-01
	-1.864362e-01, -1.913103e-01
	 1.964756e-02,  3.041372e-01
	 2.787841e-02,  2.987506e-01
	-3.666146e-01,  1.850506e-01
	-3.774176e-01,  2.372431e-01
	-1.977685e-01,  3.266359e-01
	-1.594912e-01,  3.056968e-01
	-1.984839e-01,  3.443749e-01
	-1.699773e-01,  3.656962e-01
	-1.476959e-01,  3.554118e-01
	-3.231489e-01,  8.269874e-02
	-3.787715e-01,  7.938400e-02
	-3.151175e-01,  1.014755e-01
	-3.772541e-01,  1.303496e-01
	-3.228164e-01,  1.271485e-01
	 4.349184e-01,  1.241697e-01
	 4.482700e-01,  1.451332e-01
	 3.836605e-01,  1.287860e-01
	-3.669294e-01, -3.767639e-01
	-3.236738e-01, -3.580804e-01
	-3.070680e-01, -3.816114e-01
	-2.501836e-01,  3.692090e-01
	-2.225844e-01,  3.683262e-01
	-2.006032e-01,  3.953886e-01
	-4.273812e-01,  1.670121e-02
	-4.197069e-01,  1.340777e-02
	-3.978455e-01, -2.130728e-02
	-4.585609e-01, -1.440197e-03
	-4.663401e-01, -3.685333e-02
	-4.558369e-01, -5.059217e-02
	-3.367294e-01,  4.240081e-01
	-3.090636e-01,  4.072101e-01
	-3.423510e-01,  4.368065e-01
	-3.235495e-01,  4.714513e-01
	-2.759811e-01,  4.659383e-01
	-5.000000e-01,  2.120407e-01
	-4.718203e-01,  1.971299e-01
	-5.000000e-01,  1.456961e-01
	-4.681903e-01,  1.667846e-01
	 3.240948e-01, -3.171629e-02
	 2.910093e-01, -7.674582e-02
	 3.222775e-01, -1.012005e-01
	 2.509879e-01,  2.677432e-01
	 2.600871e-01,  2.826750e-01
	 2.469808e-01,  3.195045e-01
	 5.000000e-01,  2.374338e-01
	 5.000000e-01,  2.998419e-01
	 4.609482e-01, -2.097060e-01
	 4.232048e-01, -2.296274e-01
	 4.671159e-01, -1.894307e-01
	 3.976293e-01, -2.020038e-01
	 4.053839e-01, -1.813458e-01
	 4.532257e-01, -1.753208e-01
	 4.124633e-01, -2.253348e-01
	-3.639303e-01,  3.858582e-01
	-3.898009e-01,  4.185236e-01
	-3.644933e-01,  4.391902e-01
	-3.859989e-01,  3.939551e-01
	 1.888962e-01,  4.261794e-01
	 1.963104e-01,  4.672816e-01
	 1.465591e-01,  4.276575e-01
	 1.304699e-01,  4.545089e-01
	-1.226959e-02,  2.861079e-02
	-5.134609e-02,  1.729606e-02
	-1.060355e-02,  7.041774e-02
	-5.432913e-02,  7.269883e-02
	-7.513774e-02,  3.690623e-02
	 7.310003e-02,  4.949884e-02
	 4.360202e-02,  4.676725e-02
	 7.954812e-02,  8.367128e-02
	 4.947915e-02,  9.679547e-02
	 2.861671e-02,  6.981719e-02
	-2.278618e-02, -4.069858e-01
	-2.173251e-02, -4.311706e-01
	-4.372813e-02, -4.461823e-01
	-4.594736e-02, -3.849607e-01
	-9.560720e-02, -4.209716e-01
	-8.781424e-02, -4.343009e-01
	-5.000000e-01,  4.699082e-01
	 2.038625e-01,  4.029404e-01
	 1.618662e-01,  3.849059e-01
	 1.422181e-01,  4.060005e-01
	 1.329915e-01,  4.052944e-04
	 8.616868e-02,  2.974915e-03
	 1.372812e-01,  1.819713e-02
	 1.160851e-01,  4.480799e-02
	 8.794266e-02,  3.701146e-02
	-4.110535e-02,  3.104778e-01
	-7.543243e-02,  2.864747e-01
	-4.338348e-02,  3.401939e-01
	-1.067607e-01,  2.996078e-01
	-1.055486e-01,  2.980325e-01
	-2.807324e-01,  3.148588e-01
	-1.725169e-01,  4.532860e-01
	-1.954417e-01,  5.000000e-01
	-5.000000e-01,  3.429518e-01
	-3.676617e-01,  3.574455e-02
	-3.570824e-01, -5.798347e-03
	-3.705276e-01,  3.762385e-02
	-3.631791e-01, -1.435893e-02
	 5.000000e-01, -4.486392e-01
	 4.539296e-01, -4.473607e-01
	 4.487578e-01, -4.272951e-01
	-3.797845e-01,  7.831752e-02
	-6.551220e-02, -8.494868e-02
	-4.128706e-02, -5.120682e-02
	-9.677019e-02, -8.199812e-02
	-5.328733e-02, -2.965138e-02
	-4.390278e-02, -3.822073e-02
	-3.098610e-01, -1.018425e-01
	-2.973772e-01, -1.512212e-01
	-3.259509e-01, -1.004672e-01
	-3.136403e-01, -9.949478e-02
	 2.683788e-02, -1.223832e-01
	-1.921971e-02, -1.176668e-01
	 3.242129e-02, -1.027788e-01
	 7.286499e-03, -7.099787e-02
	-1.153494e-02, -7.460070e-02
	-2.121758e-02, -1.150931e-01
	-2.835373e-01, -5.000000e-01
	-3.394535e-01, -5.000000e-01
	-1.738774e-01, -1.282640e-01
	-1.852547e-01, -1.067811e-01
	-2.445973e-01, -1.171538e-01
	-2.272240e-01,  3.049073e-01
	-2.604653e-01,  3.324977e-01
	-2.584174e-01,  3.626942e-01
	-5.459225e-02, -1.103061e-01
	-1.146247e-01, -9.951962e-02
	 9.351981e-02,  9.144479e-02
	-3.224076e-01, -2.074906e-01
	-3.288005e-01, -2.197954e-01
	-3.796223e-01, -2.140140e-01
	-3.673474e-01, -2.261828e-01
	-3.738738e-01, -3.198831e-01
	-3.887128e-01, -2.995462e-01
	-3.399530e-01, -3.226240e-01
	-3.847942e-01, -2.794454e-01
	-3.688778e-01, -2.654217e-01
	 1.083139e-01,  4.509802e-01
	 7.775403e-02,  4.815364e-01
	 8.048672e-02,  5.000000e-01
	-3.685604e-02, -1.737026e-01
	-7.109593e-02, -2.191292e-01
	 5.000000e-01, -2.879803e-01
	 4.750843e-01, -2.893149e-01
	-4.378145e-01,  1.536333e-01
	-4.165362e-01,  1.873902e-01
	-4.392647e-01,  2.117604e-01
	-4.253099e-01,  2.059891e-01
	-2.125782e-02,  2.457825e-01
	-1.821387e-02,  2.947168e-01
	-2.921264e-02,  2.564135e-01
	-2.933504e-01, -3.306634e-02
	-3.044890e-01, -4.447158e-02
	-3.471895e-01, -4.990381e-02
	-3.105079e-01,  5.584254e-04
	 9.112910e-02,  1.198018e-01
	 5.930089e-02,  2.068219e-01
	 9.193079e-02,  1.838291e-01
	 8.014305e-02,  2.502848e-01
	-3.821140e-01, -3.678458e-01
	-4.103723e-01, -4.022333e-01
	-6.199288e-02,  8.656292e-02
	-4.733398e-02,  1.185946e-01
	-9.644792e-02,  9.075096e-02
	-1.020843e-01,  1.354650e-01
	-7.143602e-02,  1.433404e-01
	-4.429436e-01,  5.000000e-01
	-5.000000e-01,  5.000000e-01
	-1.298957e-01, -2.713275e-01
	-1.211244e-01, -2.280868e-01
	 2.799990e-02, -3.880942e-02
	 2.588710e-02, -3.135505e-02
	 7.562993e-02, -5.886889e-02
	 4.665449e-02, -2.872283e-03
	 7.818772e-02, -5.068694e-03
	 8.272136e-02, -5.331647e-02
	-2.251141e-01,  1.267700e-01
	-2.599485e-01,  1.286288e-01
	-2.549292e-01, -9.760096e-02
	-2.702709e-01, -1.605358e-01
	-4.618906e-01, -2.307627e-01
	-4.310614e-01, -2.393404e-01
	-4.324556e-01, -1.758507e-01
	-4.157441e-01, -2.206314e-01
	 1.981377e-02, -3.810946e-01
	 4.503813e-02, -4.225361e-01
	 3.750628e-02, -3.915864e-01
	-5.192538e-02, -4.745589e-01
	-9.628745e-02, -4.834640e-01
	-5.000000e-01,  1.204247e-01
	-5.000000e-01,  4.768797e-02
	 2.309016e-01,  4.711100e-01
	 2.106077e-01,  3.996371e-01
	 2.545934e-01,  4.419826e-01
	-5.000000e-01,  2.920517e-01
	-4.683464e-01,  2.878632e-01
	-3.083257e-01,  9.571357e-03
	-3.190294e-01,  6.773234e-02
	-3.281069e-01,  4.558062e-02
	-3.471841e-02, -5.000000e-01
	 2.241552e-01,  1.389087e-01
	 2.241750e-01,  2.110300e-01
	 2.480417e-01,  1.588393e-01
	 2.445917e-01,  2.045292e-01
	 2.510723e-01,  1.952960e-01
	-1.604406e-01,  1.103844e-01
	-1.861701e-01,  1.595238e-01
	-1.179815e-01,  1.431861e-01
	-1.561032e-01,  1.735071e-01
	-1.230179e-01,  1.572408e-01
	-1.004296e-01, -4.880055e-01
	-1.132413e-01, -4.128428e-01
	-1.420148e-01, -4.589526e-01
	-6.367279e-02,  2.582806e-01
	 5.000000e-01,  1.204653e-01
	 4.708782e-01,  1.488804e-01
	 5.000000e-01,  1.769717e-01
	 4.858299e-01,  1.759990e-01
	-8.199941e-03,  7.307603e-02
	-1.239067e-02,  1.192964e-01
	-2.775802e-03,  1.314950e-01
	 2.745747e-01, -2.800342e-01
	 2.625651e-01, -3.142864e-01
	-4.386081e-01, -1.203311e-01
	-4.423169e-01, -1.205772e-01
	-4.808430e-01, -9.284020e-02
	-1.797484e-01,  3.951639e-01
	-1.623779e-01,  4.150223e-01
	 2.949569e-01,  4.565407e-01
	 2.824350e-01,  5.000000e-01
	-3.028935e-01,  3.732977e-01
	-2.355115e-01, -2.115112e-01
	-2.722096e-01, -2.170595e-01
	-2.798956e-01, -2.063916e-01
	-1.535518e-02, -2.235801e-01
	-1.308564e-02, -1.803496e-01
	-7.111105e-02, -2.256120e-01
	-2.751216e-02, -1.721647e-01
	 5.000000e-01, -1.805613e-01
	 5.000000e-01, -1.252627e-01
	 4.540271e-01, -1.274302e-01
	-5.000000e-01, -2.650227e-01
	-4.860715e-01, -2.662342e-01
	-5.000000e-01, -3.313826e-01
	-4.646238e-01, -2.977789e-01
	-4.850287e-01, -3.279197e-01
	 3.329971e-02,  1.778186e-01
	-1.869895e-03,  1.933908e-01
	 2.404425e-01, -4.136123e-01
	 2.631586e-01, -3.823008e-01
	 2.071313e-01, -3.949175e-01
	 2.134861e-01, -3.584587e-01
	 2.625304e-01, -3.778441e-01
	 2.075781e-01, -3.626185e-01
	 2.304380e-01, -8.773512e-02
	 2.218590e-01, -4.315469e-02
	 4.335946e-01,  2.743981e-02
	 4.170227e-01,  2.874253e-02
	 4.184221e-01,  7.937741e-02
	 4.135490e-01,  3.359560e-02
	 4.437323e-01,  9.314120e-02
	-4.287765e-01,  1.291724e-01
	-3.928589e-01, -5.000000e-01
	-4.397332e-01, -5.000000e-01
	-4.250156e-01, -1.660120e-01
	-1.219244e-01, -3.428652e-01
	-1.605986e-01, -3.335141e-01
	-3.582879e-01, -7.137097e-02
	-1.016898e-01, -5.000000e-01
	 1.733688e-02, -3.560579e-01
	-6.497895e-03, -3.344054e-01
	-4.861046e-02, -3.731458e-01
	-2.539534e-03,  4.531921e-01
	-3.286313e-02,  4.146669e-01
	-1.880239e-04,  4.536955e-01
	 3.474419e-01,  2.816073e-01
	 3.117299e-01,  2.849934e-01
	 3.017027e-01,  2.351844e-01
	 3.964052e-01, -9.986641e-03
	 3.221298e-01, -2.423141e-02
	 3.989494e-01, -1.637622e-01
	-1.578859e-01,  3.028257e-01
	-1.726918e-02,  1.686821e-01
	-2.856587e-03,  1.930622e-01
	-2.221111e-01, -5.000000e-01
	-2.185156e-01, -4.666723e-01
	-2.410984e-01, -4.507078e-01
	-1.659196e-01, -4.620833e-01
	-1.217966e-01, -3.999703e-01
	-1.797448e-01, -4.526512e-01
	-2.171172e-01, -3.580828e-01
	-2.666028e-01, -3.853861e-01
	-2.338720e-01, -3.146942e-01
	-2.374475e-01, -3.133774e-01
	-2.814256e-01, -3.337364e-01
	-2.688830e-01, -3.837123e-01
	 3.036636e-01, -4.071234e-01
	 3.332699e-01, -4.285622e-01
	 3.290995e-01, -3.694184e-01
	 3.534928e-01, -3.771382e-01
	 3.549138e-01, -4.197764e-01
	 2.047538e-01, -2.928380e-01
	 2.258780e-01, -3.169168e-01
	-1.639883e-01,  9.873746e-02
	-3.233041e-01, -3.564084e-01
	-2.820322e-01, -3.335379e-01
	 3.539493e-01, -2.644857e-01
	 3.580414e-01, -2.050072e-01
	-5.000000e-01, -5.000000e-01
	-2.457500e-01, -4.178919e-01
	-2.603794e-01, -4.066583e-01
	-2.821194e-02,  2.161521e-01
	-5.824939e-02,  1.730063e-01
	 2.805934e-01,  1.027547e-01
	 2.357819e-01,  1.102603e-01
	 2.237275e-01,  7.850722e-02
	-1.093522e-01, -3.602347e-01
	-8.467530e-03, -3.192079e-01
	-3.138994e-03, -2.700168e-01
	 1.487714e-03, -3.072600e-01
	 3.956036e-02, -1.449655e-01
	 2.600393e-02, -1.774609e-01
	 4.609240e-01, -2.746981e-01
	 4.417209e-01, -2.720511e-01
	 4.133017e-01, -2.985172e-01
	 4.103406e-01, -3.217344e-01
	-5.000000e-01,  2.504982e-02
	-5.000000e-01, -3.671243e-02
	 4.599089e-01,  3.373466e-01
	-7.377998e-04, -1.596448e-02
	 3.875378e-01, -3.339444e-01
	 3.751003e-01, -2.644557e-01
	 4.061824e-01, -4.009192e-01
	 4.060199e-01, -3.983673e-01
	-4.513616e-02,  4.881566e-01
	-4.295132e-02,  5.000000e-01
	 2.119276e-02,  5.000000e-01
	 2.293099e-02,  4.873274e-01
	 5.124225e-02,  4.665088e-01
	 2.035068e-01,  2.252529e-02
	 1.210724e-01, -1.509542e-01
	 1.479367e-01, -1.750960e-01
	 1.270766e-01, -1.117082e-01
	 1.348197e-01, -1.041342e-01
	 1.556789e-01, -1.749832e-01
	-4.186949e-01,  2.562017e-01
	-4.473858e-01,  2.520742e-01
	-4.036878e-01,  2.916274e-01
	-4.634699e-01,  2.623344e-01
	 8.124982e-02, -4.696693e-01
	 8.202610e-02, -4.279533e-01
	-3.999500e-01,  2.367491e-01
	-2.651584e-01, -2.674879e-01
	-1.728029e-01, -1.809512e-02
	-1.464931e-01, -7.096564e-02
	-1.934265e-01, -6.333690e-02
	-1.810641e-01, -7.878802e-02
	 2.416707e-01,  5.000000e-01
	 2.693862e-01,  4.393052e-01
	 2.242594e-01, -5.000000e-01
	 2.757816e-01, -4.509129e-01
	 2.449688e-01, -4.371623e-01
	 2.094639e-01, -4.613141e-01
	 5.000000e-01,  1.420659e-03
	 4.653224e-01, -2.032064e-02
	 1.072093e-01,  3.855908e-01
	-4.485765e-01, -3.596189e-01
	-4.253462e-01, -3.469777e-01
	-3.849414e-01, -3.613606e-01
	 2.669594e-01,  2.376721e-01
	 5.000000e-01,  3.274567e-01
	-3.790302e-01,  1.751811e-01
	 3.107012e-01,  2.860104e-01
	 3.018259e-01,  3.332836e-01
	 3.620847e-01,  3.227703e-01
	-2.042159e-01,  2.655407e-01
	-2.297962e-01,  2.877660e-01
	-1.715813e-01,  2.215117e-01
	-1.525616e-01,  2.053931e-01
	-1.553631e-01,  2.522118e-01
	-1.233621e-01,  2.444002e-01
	 2.177108e-02, -2.434762e-01
	 2.114209e-02, -2.472756e-01
	-1.855486e-01,  9.430070e-02
	-2.204538e-01,  1.138884e-01
	 8.742926e-02, -2.565580e-01
	 4.139487e-02, -2.229042e-01
	 4.433602e-02, -2.062396e-01
	 1.707832e-01, -5.000000e-01
	 1.750765e-01, -4.615971e-01
	 1.240105e-01, -5.000000e-01
	 1.220413e-01, -4.768549e-01
	 1.411693e-01, -4.523719e-01
	 4.632925e-01, -2.618065e-02
	 4.899042e-01,  4.263359e-01
	 2.460321e-01,  3.704585e-01
	 2.572058e-01,  3.336797e-01
	 2.845730e-01,  3.956689e-01
	-4.304500e-01, -2.413914e-01
	-3.836563e-01,  1.373638e-01
	 4.091411e-01, -4.720280e-01
	 4.093836e-01, -5.000000e-01
	 3.844391e-01, -4.549468e-01
	 4.679382e-01, -5.000000e-01
	 4.516035e-01, -4.512428e-01
	 5.000000e-01, -2.381556e-01
	 4.811017e-01, -2.383084e-01
	 8.645057e-02, -1.935425e-01
	 9.323882e-02, -1.572560e-01
	 7.154218e-02, -1.413130e-01
	-5.000000e-01, -9.644609e-02
	 3.551628e-01, -1.481945e-01
	-2.357176e-01, -3.869695e-03
	-2.542308e-03,  1.965905e-02
	 1.863509e-01, -4.126617e-01
	 1.885611e-01, -4.559923e-01
	-4.197913e-01, -3.097571e-01
	-4.510695e-01, -2.945354e-01
	-1.676776e-01,  2.758485e-01
	 1.260206e-01, -5.445904e-02
	 5.000000e-01,  4.251987e-01
	-4.068315e-02,  4.145231e-01
	 4.823448e-01, -6.144374e-02
	 2.259001e-01, -1.733480e-01
	 2.747454e-01, -1.307167e-01
	-3.885744e-01,  2.940971e-01
	-3.760490e-01,  3.328622e-01
	 2.582217e-01, -1.826261e-02
	 2.529582e-01,  9.743267e-03
	 1.167019e-01, -2.153232e-01
	 1.191173e-01, -2.342290e-01
	 1.422107e-01, -2.507607e-01
	-6.031126e-02,  4.720722e-01
	-2.748795e-01,  5.000000e-01
	-3.348264e-01,  5.000000e-01
	 1.494335e-01, -4.034332e-01
	 1.334121e-01, -4.308005e-01
	 5.000000e-01, -5.000000e-01
	 8.324306e-02, -1.059130e-01
	 7.038051e-02, -8.473283e-02
	 2.185589e-01,  3.839269e-01
	 3.671174e-01,  5.444558e-02
	 2.840631e-01, -7.766120e-02
	 2.770897e-01, -8.417556e-02
	 2.568896e-01, -2.145707e-02
	 3.232485e-02,  2.365441e-02
	-2.347246e-01,  5.000000e-01
	-1.883429e-01,  3.856297e-02
	-2.018719e-01,  4.894982e-03
	 9.198235e-02, -4.198302e-01
	-2.056786e-01,  5.971388e-02
	 3.866547e-01,  9.326184e-02
	 3.785232e-01,  1.206357e-01
	 3.773705e-01, -3.678977e-01
	 2.990775e-01, -4.081835e-01
	-5.000000e-01,  2.328974e-01
	 3.804430e-01, -4.320464e-01
	-2.744949e-01,  1.014627e-01
	 5.000000e-01, -6.837829e-02
	-2.223598e-01, -2.439770e-01
	-3.933854e-01,  4.739548e-01
	 5.000000e-01,  3.762159e-01
	-3.789062e-01,  5.000000e-01
	-7.256732e-02, -3.540440e-01
	-1.659361e-01, -5.000000e-01
	-4.216863e-01,  3.738282e-01
Mesh Facets: 1255
	19, 17
	8, 6
	36, 34
	54, 52
	55, 54
	61, 62
	77, 75
	72, 73
	71, 69
	99, 98
	2, 3
	129, 127
	100, 99
	3, 99
	3, 4
	5, 1
	67, 66
	56, 57
	167, 165
	11, 13
	32, 31
	205, 204
	5, 148
	5, 4
	4, 141
	211, 209
	198, 196
	242, 244
	238, 236
	282, 280
	96, 98
	113, 98
	216, 217
	157, 156
	92, 91
	225, 224
	224, 315
	224, 226
	9, 7
	300, 92
	94, 92
	105, 103
	15, 14
	340, 338
	145, 146
	81, 80
	24, 23
	185, 183
	85, 86
	10, 8
	8, 28
	159, 157
	157, 288
	240, 239
	303, 307
	268, 270
	357, 355
	329, 327
	189, 188
	101, 97
	245, 244
	275, 244
	175, 177
	163, 164
	178, 176
	407, 405
	315, 317
	315, 316
	69, 70
	104, 69
	416, 415
	206, 207
	400, 402
	210, 208
	220, 218
	17, 448
	16, 17
	430, 428
	363, 360
	366, 364
	191, 187
	253, 252
	77, 78
	180, 181
	464, 77
	312, 310
	19, 18
	465, 19
	396, 395
	338, 470
	339, 338
	468, 395
	121, 120
	395, 394
	143, 147
	321, 323
	489, 490
	273, 274
	247, 249
	392, 391
	377, 375
	304, 302
	476, 474
	455, 456
	345, 346
	437, 439
	324, 325
	114, 118
	210, 431
	511, 211
	211, 210
	305, 306
	340, 342
	514, 340
	408, 406
	174, 173
	371, 372
	469, 467
	345, 185
	345, 499
	186, 185
	171, 170
	337, 14
	14, 12
	388, 245
	245, 246
	539, 538
	448, 539
	220, 448
	221, 220
	292, 294
	369, 368
	29, 6
	326, 7
	7, 6
	480, 479
	493, 249
	250, 249
	169, 168
	443, 442
	126, 125
	447, 444
	562, 561
	122, 123
	428, 429
	428, 449
	465, 310
	566, 465
	310, 308
	48, 49
	127, 125
	127, 571
	125, 443
	444, 443
	559, 444
	182, 184
	560, 447
	446, 447
	522, 521
	458, 457
	588, 586
	441, 440
	134, 131
	155, 67
	67, 68
	399, 163
	163, 161
	379, 378
	362, 361
	524, 523
	333, 335
	550, 479
	479, 482
	601, 36
	36, 37
	80, 82
	535, 533
	435, 436
	344, 80
	462, 252
	254, 252
	496, 495
	551, 250
	251, 250
	111, 109
	512, 513
	611, 610
	419, 422
	615, 613
	172, 171
	528, 171
	137, 135
	233, 234
	203, 202
	589, 587
	100, 140
	101, 100
	386, 101
	123, 561
	561, 407
	408, 516
	407, 408
	124, 123
	255, 254
	400, 401
	602, 254
	424, 400
	463, 78
	78, 79
	361, 359
	361, 599
	570, 569
	381, 380
	473, 468
	468, 466
	243, 241
	59, 58
	634, 635
	322, 320
	161, 160
	595, 161
	110, 112
	294, 540
	295, 294
	337, 336
	337, 530
	354, 356
	605, 604
	501, 500
	116, 115
	160, 162
	320, 160
	320, 321
	321, 481
	559, 560
	559, 571
	571, 640
	582, 560
	442, 556
	442, 445
	198, 271
	198, 199
	11, 186
	186, 527
	132, 130
	529, 12
	11, 12
	173, 170
	173, 372
	355, 372
	355, 354
	354, 530
	530, 170
	113, 285
	113, 2
	2, 0
	318, 317
	409, 317
	39, 40
	422, 421
	422, 612
	228, 227
	460, 363
	379, 362
	379, 376
	362, 363
	618, 619
	134, 592
	133, 134
	656, 489
	489, 273
	273, 272
	393, 177
	177, 181
	463, 599
	599, 598
	181, 463
	583, 584
	259, 258
	625, 623
	296, 297
	72, 71
	85, 72
	85, 356
	71, 105
	336, 105
	336, 356
	535, 82
	535, 536
	579, 577
	82, 83
	390, 389
	666, 667
	152, 154
	348, 347
	61, 59
	680, 61
	635, 59
	635, 680
	662, 663
	260, 261
	264, 262
	655, 654
	43, 42
	660, 258
	258, 257
	637, 638
	106, 108
	554, 168
	168, 166
	595, 596
	595, 636
	588, 589
	415, 588
	140, 141
	140, 589
	207, 415
	141, 207
	484, 483
	609, 607
	515, 342
	341, 342
	699, 698
	397, 398
	150, 151
	367, 288
	288, 287
	486, 487
	475, 478
	542, 543
	696, 697
	153, 152
	152, 678
	303, 301
	303, 370
	248, 247
	247, 491
	472, 339
	343, 339
	646, 644
	707, 708
	199, 646
	199, 200
	646, 709
	452, 454
	139, 138
	21, 20
	235, 232
	567, 308
	308, 309
	128, 126
	126, 557
	391, 496
	391, 175
	176, 175
	176, 401
	401, 602
	496, 602
	717, 718
	519, 518
	666, 677
	666, 665
	119, 117
	144, 142
	601, 600
	729, 601
	563, 565
	678, 703
	678, 679
	420, 423
	280, 281
	280, 731
	685, 686
	574, 572
	215, 213
	302, 301
	498, 302
	728, 726
	491, 492
	301, 491
	204, 735
	202, 628
	202, 204
	677, 117
	677, 676
	118, 117
	506, 118
	87, 86
	197, 196
	357, 270
	86, 357
	270, 196
	497, 474
	474, 475
	475, 487
	487, 488
	624, 623
	674, 623
	68, 65
	594, 68
	532, 531
	63, 60
	649, 285
	285, 286
	576, 575
	206, 416
	206, 148
	150, 700
	742, 416
	148, 150
	723, 519
	517, 519
	374, 373
	648, 647
	278, 277
	27, 28
	28, 365
	265, 267
	108, 111
	108, 690
	111, 606
	35, 34
	34, 55
	55, 56
	56, 158
	10, 364
	10, 9
	187, 188
	187, 364
	188, 327
	9, 327
	541, 540
	110, 540
	608, 109
	110, 109
	548, 29
	577, 675
	578, 577
	29, 26
	695, 696
	696, 703
	703, 423
	423, 418
	89, 90
	754, 753
	753, 758
	753, 606
	607, 693
	607, 606
	760, 762
	319, 318
	650, 318
	629, 628
	628, 736
	290, 156
	156, 57
	57, 53
	201, 200
	200, 710
	510, 509
	745, 278
	279, 278
	507, 508
	553, 555
	502, 503
	384, 383
	373, 743
	373, 329
	328, 329
	773, 282
	282, 283
	775, 773
	773, 772
	609, 512
	512, 305
	304, 497
	304, 305
	488, 484
	488, 497
	484, 609
	514, 515
	777, 514
	515, 694
	396, 469
	164, 396
	164, 162
	469, 525
	162, 639
	692, 693
	693, 759
	371, 521
	521, 457
	269, 268
	457, 459
	268, 371
	344, 436
	436, 433
	477, 147
	146, 147
	146, 344
	435, 434
	435, 533
	534, 533
	591, 590
	165, 782
	596, 166
	597, 596
	166, 165
	276, 275
	663, 682
	663, 667
	275, 390
	390, 667
	21, 23
	21, 454
	455, 346
	454, 455
	23, 346
	652, 228
	228, 225
	314, 225
	265, 752
	265, 266
	458, 585
	461, 458
	523, 526
	568, 48
	523, 333
	48, 46
	332, 333
	477, 433
	433, 432
	701, 478
	478, 477
	733, 734
	622, 620
	738, 739
	617, 616
	747, 27
	751, 749
	27, 25
	769, 279
	600, 730
	600, 37
	237, 236
	38, 37
	236, 279
	547, 546
	452, 138
	452, 453
	138, 136
	53, 766
	53, 52
	52, 792
	22, 24
	183, 182
	24, 183
	572, 686
	686, 687
	182, 572
	645, 271
	271, 269
	360, 358
	459, 360
	269, 459
	319, 765
	319, 226
	229, 226
	747, 790
	747, 748
	494, 375
	375, 376
	376, 653
	482, 481
	481, 639
	524, 482
	639, 525
	525, 524
	350, 352
	230, 231
	719, 309
	313, 309
	651, 40
	41, 40
	505, 507
	770, 507
	789, 788
	731, 734
	731, 760
	734, 787
	760, 761
	32, 193
	32, 33
	716, 713
	359, 79
	359, 358
	793, 358
	76, 79
	44, 43
	212, 213
	43, 685
	213, 685
	404, 403
	806, 805
	94, 331
	95, 94
	641, 556
	558, 556
	325, 502
	325, 322
	554, 636
	555, 554
	502, 555
	636, 322
	575, 573
	575, 741
	102, 104
	104, 412
	42, 41
	42, 687
	22, 687
	22, 20
	41, 800
	711, 20
	352, 353
	31, 30
	352, 795
	195, 31
	349, 351
	411, 316
	316, 314
	314, 783
	787, 761
	761, 764
	786, 787
	476, 143
	476, 498
	142, 143
	498, 726
	726, 142
	470, 809
	809, 775
	775, 776
	470, 471
	485, 483
	692, 483
	692, 781
	811, 485
	486, 542
	485, 486
	544, 542
	508, 503
	114, 508
	503, 501
	501, 115
	115, 114
	128, 721
	128, 129
	763, 762
	762, 129
	622, 786
	625, 622
	296, 625
	807, 786
	298, 296
	605, 500
	605, 551
	480, 551
	323, 480
	500, 324
	323, 324
	777, 778
	610, 777
	419, 417
	419, 610
	74, 70
	767, 768
	414, 70
	707, 706
	75, 707
	75, 76
	76, 804
	124, 633
	120, 124
	771, 383
	381, 473
	383, 381
	473, 120
	579, 581
	262, 684
	262, 263
	579, 536
	537, 536
	650, 629
	650, 39
	629, 631
	39, 45
	627, 626
	590, 434
	590, 441
	438, 441
	785, 432
	432, 434
	520, 174
	683, 655
	619, 655
	172, 619
	172, 174
	781, 810
	780, 781
	714, 712
	464, 180
	180, 179
	818, 464
	145, 81
	145, 144
	84, 81
	144, 725
	558, 331
	558, 557
	331, 330
	557, 722
	351, 350
	411, 351
	410, 411
	796, 350
	814, 815
	568, 526
	570, 568
	466, 467
	466, 570
	526, 467
	84, 819
	83, 84
	755, 675
	83, 675
	641, 642
	93, 95
	95, 641
	689, 691
	645, 793
	644, 645
	706, 804
	706, 644
	793, 804
	739, 740
	739, 788
	788, 505
	505, 504
	33, 30
	33, 716
	232, 716
	232, 230
	795, 230
	795, 30
	385, 387
	632, 630
	66, 153
	64, 66
	153, 702
	671, 670
	771, 633
	743, 771
	517, 743
	517, 516
	633, 516
	215, 216
	215, 574
	286, 216
	576, 286
	574, 576
	74, 73
	73, 88
	449, 564
	450, 449
	812, 74
	621, 620
	732, 733
	733, 620
	518, 406
	518, 718
	405, 827
	720, 718
	406, 405
	283, 284
	283, 774
	669, 672
	713, 801
	780, 712
	780, 779
	712, 713
	720, 567
	720, 827
	566, 567
	827, 566
	167, 169
	613, 167
	169, 552
	614, 613
	800, 799
	711, 800
	139, 711
	139, 137
	816, 627
	627, 137
	91, 299
	91, 89
	757, 89
	802, 803
	756, 548
	50, 51
	549, 548
	794, 765
	765, 736
	736, 735
	735, 830
	664, 665
	291, 293
	724, 665
	223, 222
	425, 426
	615, 617
	62, 615
	738, 63
	738, 617
	63, 62
	154, 155
	155, 593
	194, 195
	353, 348
	195, 353
	348, 154
	580, 578
	26, 25
	25, 749
	750, 749
	26, 578
	723, 717
	717, 719
	190, 189
	374, 189
	374, 723
	719, 797
	658, 272
	682, 681
	276, 682
	276, 272
	742, 700
	833, 742
	700, 287
	287, 289
	824, 823
	44, 212
	212, 214
	813, 45
	45, 44
	694, 778
	694, 695
	418, 417
	417, 778
	695, 418
	652, 783
	652, 421
	349, 347
	349, 783
	679, 420
	679, 347
	421, 420
	832, 222
	221, 538
	221, 222
	538, 834
	87, 737
	451, 450
	88, 450
	88, 87
	550, 335
	493, 550
	335, 334
	727, 728
	728, 492
	492, 493
	729, 563
	209, 729
	209, 208
	429, 208
	563, 429
	259, 661
	261, 259
	261, 681
	658, 681
	657, 658
	456, 437
	456, 453
	545, 546
	817, 438
	437, 438
	546, 453
	616, 789
	616, 614
	552, 614
	552, 553
	789, 770
	553, 770
	688, 660
	643, 445
	446, 583
	445, 446
	583, 660
	752, 751
	752, 461
	790, 653
	790, 751
	461, 460
	460, 653
	727, 334
	334, 332
	820, 725
	725, 727
	784, 332
	808, 764
	821, 722
	721, 722
	763, 721
	764, 763
	365, 366
	748, 365
	462, 495
	462, 366
	494, 748
	494, 495
	741, 412
	412, 413
	649, 741
	744, 648
	648, 649
	299, 803
	299, 297
	193, 192
	803, 193
	297, 673
	710, 510
	710, 709
	708, 709
	708, 511
	511, 510
	545, 543
	545, 817
	785, 701
	785, 817
	543, 701
	836, 656
	657, 661
	661, 659
	656, 657
	637, 112
	637, 688
	835, 688
	112, 107
	534, 537
	534, 591
	591, 592
	537, 684
	654, 592
	684, 654
	796, 231
	796, 815
	626, 815
	233, 626
	231, 233
	745, 744
	768, 745
	768, 414
	744, 413
	413, 414
	705, 343
	697, 341
	697, 702
	341, 343
	825, 702
	394, 397
	394, 121
	122, 121
	397, 698
	698, 562
	562, 122
	409, 410
	409, 651
	816, 799
	814, 816
	799, 651
	814, 410
	387, 824
	97, 387
	217, 96
	214, 217
	96, 97
	824, 214
	451, 737
	451, 430
	509, 201
	509, 431
	431, 430
	737, 197
	201, 197
	179, 178
	178, 404
	404, 805
	818, 179
	805, 818
	58, 60
	60, 532
	246, 243
	532, 246
	243, 58
	811, 544
	811, 810
	544, 547
	547, 791
	714, 810
	714, 715
	184, 13
	13, 15
	15, 103
	103, 102
	573, 184
	102, 573
	472, 471
	471, 776
	704, 472
	774, 828
	772, 774
	772, 776
	312, 18
	18, 16
	218, 219
	311, 312
	16, 218
	194, 593
	593, 594
	673, 192
	673, 674
	194, 192
	674, 594
	565, 564
	565, 730
	730, 769
	769, 767
	767, 812
	812, 564
	242, 241
	242, 274
	274, 490
	490, 634
	634, 241
	205, 203
	586, 205
	386, 385
	386, 587
	587, 586
	203, 632
	385, 632
	116, 604
	604, 603
	831, 724
	119, 116
	119, 724
	759, 779
	758, 759
	802, 801
	802, 757
	757, 758
	801, 779
	0, 1
	0, 647
	746, 647
	1, 149
	369, 292
	369, 370
	248, 370
	292, 291
	251, 248
	603, 251
	603, 831
	291, 831
	499, 527
	499, 439
	131, 130
	131, 440
	527, 130
	440, 439
	624, 65
	624, 621
	826, 621
	670, 668
	670, 64
	65, 64
	191, 253
	191, 190
	797, 798
	190, 797
	256, 253
	106, 107
	106, 689
	642, 689
	642, 643
	835, 643
	835, 107
	263, 581
	263, 267
	750, 580
	750, 267
	581, 580
	389, 676
	389, 388
	531, 740
	388, 531
	506, 676
	504, 506
	740, 504
	256, 798
	256, 255
	255, 424
	424, 427
	311, 837
	313, 311
	798, 313
	584, 659
	584, 582
	640, 582
	640, 836
	836, 659
	378, 377
	377, 392
	393, 598
	393, 392
	598, 378
	149, 151
	149, 746
	240, 238
	240, 367
	367, 151
	746, 277
	277, 238
	705, 704
	704, 828
	671, 825
	672, 671
	825, 705
	828, 672
	427, 837
	837, 219
	223, 425
	425, 427
	219, 223
	90, 93
	754, 90
	690, 754
	93, 691
	691, 690
	631, 813
	631, 630
	823, 813
	823, 630
	402, 403
	402, 426
	832, 834
	834, 806
	806, 403
	426, 832
	234, 235
	135, 234
	791, 136
	136, 135
	235, 715
	715, 791
	513, 608
	513, 306
	307, 306
	307, 368
	541, 368
	608, 541
	47, 51
	756, 755
	756, 51
	755, 822
	833, 289
	792, 833
	290, 766
	289, 290
	766, 792
	683, 520
	683, 264
	266, 585
	264, 266
	522, 520
	585, 522
	398, 399
	399, 597
	699, 398
	782, 699
	597, 782
	669, 284
	669, 668
	826, 668
	281, 732
	732, 826
	284, 281
	382, 384
	384, 328
	326, 549
	326, 328
	829, 549
	298, 807
	807, 808
	330, 300
	821, 330
	821, 808
	298, 300
	611, 612
	830, 611
	830, 794
	794, 229
	227, 612
	227, 229
	295, 638
	293, 295
	664, 662
	664, 293
	638, 257
	257, 260
	260, 662
	132, 529
	132, 133
	618, 528
	133, 618
	529, 528
	237, 38
	38, 35
	35, 158
	158, 159
	239, 159
	239, 237
	50, 829
	50, 49
	382, 829
	380, 382
	49, 569
	569, 380
	820, 784
	819, 820
	46, 47
	47, 822
	822, 819
	46, 784
Facet Neighbors: 1255
	-1, 3
	1, 5
	-4, 7
	-2, 10
	-4, 10
	-1, 11
	-4, 14
	13, 16
	13, 19
	18, 21
	0, 21
	-3, 24
	18, 27
	21, 27
	0, 27
	0, 29
	12, 30
	10, 31
	-1, 33
	2, 36
	6, 38
	-2, 40
	29, 41
	0, 41
	27, 41
	-4, 42
	39, 53
	48, 54
	47, 55
	-3, 56
	18, 57
	21, 57
	43, 57
	31, 58
	17, 60
	45, 63
	63, 64
	45, 64
	1, 66
	60, 67
	17, 67
	19, 69
	2, 69
	-2, 70
	28, 71
	15, 71
	4, 72
	36, 72
	16, 74
	1, 76
	5, 76
	31, 77
	58, 77
	47, 77
	61, 78
	53, 79
	74, 79
	66, 80
	37, 80
	18, 83
	48, 84
	54, 84
	35, 85
	32, 86
	35, 87
	-1, 88
	64, 89
	63, 89
	13, 90
	19, 90
	-2, 91
	41, 91
	87, 93
	42, 94
	44, 98
	-1, 98
	3, 98
	94, 99
	75, 101
	76, 102
	37, 102
	50, 102
	14, 103
	35, 103
	-4, 103
	62, 104
	3, 104
	-1, 104
	86, 105
	-2, 106
	70, 106
	105, 107
	23, 107
	86, 107
	28, 108
	65, 109
	-3, 111
	54, 111
	49, 112
	85, 113
	81, 113
	61, 114
	108, 114
	100, 115
	72, 115
	96, 115
	65, 116
	22, 117
	94, 118
	-4, 118
	42, 118
	61, 119
	70, 120
	-2, 120
	88, 121
	34, 122
	79, 122
	105, 123
	72, 124
	115, 124
	36, 124
	34, 125
	69, 125
	2, 125
	84, 126
	48, 126
	-4, 128
	-1, 128
	98, 128
	44, 128
	59, 129
	78, 129
	5, 131
	66, 131
	1, 131
	109, 132
	112, 132
	49, 132
	33, 133
	97, 134
	24, 134
	97, 135
	-1, 136
	23, 136
	94, 137
	99, 137
	104, 138
	-1, 138
	62, 138
	9, 139
	24, 140
	-3, 140
	134, 140
	97, 140
	135, 140
	36, 141
	135, 143
	97, 143
	122, 144
	101, 144
	-2, 145
	96, 146
	25, 146
	30, 147
	12, 147
	86, 148
	32, 148
	81, 149
	75, 149
	123, 150
	68, 150
	132, 150
	109, 150
	-4, 151
	7, 151
	15, 152
	127, 152
	95, 152
	71, 152
	102, 153
	50, 153
	113, 153
	132, 154
	49, 154
	20, 155
	119, 155
	-2, 156
	92, 156
	-1, 157
	34, 158
	125, 158
	26, 160
	46, 160
	40, 161
	145, 162
	27, 162
	18, 162
	83, 162
	136, 163
	-1, 163
	121, 163
	88, 163
	23, 163
	50, 164
	87, 164
	153, 164
	93, 164
	103, 165
	14, 165
	75, 165
	149, 165
	139, 166
	82, 166
	107, 166
	105, 166
	48, 167
	11, 167
	-3, 167
	65, 168
	32, 168
	148, 168
	20, 169
	129, 169
	59, 169
	69, 170
	125, 170
	74, 170
	154, 171
	116, 171
	22, 171
	32, 172
	168, 172
	65, 172
	109, 172
	135, 173
	140, 173
	-3, 173
	143, 173
	134, 174
	97, 174
	53, 175
	39, 175
	36, 176
	124, 176
	25, 176
	125, 176
	2, 176
	34, 177
	122, 177
	79, 177
	74, 177
	170, 177
	125, 177
	57, 178
	21, 178
	0, 178
	64, 179
	89, 179
	8, 179
	92, 180
	156, 180
	45, 180
	101, 181
	149, 181
	81, 181
	75, 181
	158, 182
	146, 182
	25, 182
	-3, 183
	111, 183
	54, 183
	85, 184
	35, 184
	165, 184
	149, 184
	103, 184
	143, 185
	51, 185
	159, 188
	60, 188
	13, 189
	16, 189
	74, 189
	19, 189
	69, 189
	170, 189
	152, 190
	127, 190
	142, 190
	15, 190
	84, 191
	186, 191
	30, 192
	73, 192
	11, 193
	-1, 193
	167, 193
	-3, 193
	186, 194
	51, 194
	52, 195
	182, 195
	8, 196
	185, 197
	51, 197
	169, 197
	20, 198
	133, 199
	33, 199
	148, 199
	168, 199
	145, 200
	-2, 200
	27, 200
	162, 200
	91, 200
	41, 200
	110, 201
	155, 201
	120, 202
	70, 202
	-1, 203
	86, 203
	29, 204
	77, 204
	58, 204
	110, 205
	108, 205
	130, 205
	202, 206
	30, 206
	192, 206
	61, 207
	78, 207
	49, 207
	112, 207
	106, 208
	70, 208
	175, 209
	-4, 209
	175, 210
	39, 210
	209, 210
	100, 211
	26, 211
	4, 211
	46, 212
	138, 213
	62, 213
	24, 214
	134, 214
	113, 215
	85, 215
	35, 215
	87, 215
	164, 215
	153, 215
	213, 216
	121, 216
	191, 217
	186, 217
	22, 217
	28, 218
	151, 219
	-4, 219
	137, 219
	206, 220
	192, 220
	92, 220
	56, 221
	-3, 221
	196, 222
	141, 222
	43, 222
	61, 223
	114, 223
	218, 223
	112, 223
	207, 223
	-2, 224
	161, 224
	40, 224
	217, 225
	191, 225
	22, 225
	117, 225
	16, 226
	39, 226
	79, 226
	74, 226
	53, 226
	114, 227
	108, 227
	205, 227
	110, 227
	159, 228
	188, 228
	12, 228
	147, 228
	126, 229
	11, 229
	178, 230
	57, 230
	141, 230
	91, 231
	41, 231
	204, 231
	-2, 231
	29, 231
	216, 232
	121, 232
	80, 232
	178, 233
	55, 233
	5, 234
	76, 234
	52, 235
	20, 236
	198, 236
	155, 236
	7, 237
	-4, 237
	10, 237
	31, 237
	76, 238
	1, 238
	37, 238
	102, 238
	80, 238
	66, 238
	129, 239
	169, 239
	155, 239
	20, 239
	131, 240
	190, 240
	142, 240
	5, 240
	202, 241
	206, 241
	220, 241
	92, 241
	17, 242
	236, 242
	242, 243
	236, 243
	201, 243
	155, 243
	-3, 244
	64, 245
	179, 245
	161, 245
	224, 245
	58, 246
	31, 246
	10, 246
	39, 247
	210, 247
	118, 247
	233, 248
	55, 248
	117, 249
	133, 249
	116, 249
	82, 250
	232, 250
	80, 250
	66, 250
	-3, 251
	56, 251
	-3, 252
	251, 252
	155, 253
	119, 253
	114, 253
	61, 253
	110, 253
	227, 253
	201, 253
	120, 254
	-2, 254
	202, 254
	105, 255
	86, 255
	32, 255
	123, 255
	172, 255
	201, 256
	243, 256
	122, 257
	144, 257
	53, 257
	101, 257
	79, 257
	152, 258
	95, 258
	108, 258
	28, 258
	71, 258
	95, 259
	152, 259
	127, 259
	146, 259
	-1, 260
	199, 260
	148, 260
	33, 260
	54, 261
	194, 261
	186, 261
	84, 261
	191, 261
	4, 262
	211, 262
	115, 262
	100, 262
	72, 262
	180, 263
	45, 263
	63, 263
	235, 264
	52, 264
	144, 264
	101, 264
	123, 265
	139, 265
	150, 265
	9, 265
	68, 265
	258, 266
	95, 266
	205, 266
	108, 266
	221, 267
	159, 267
	229, 268
	157, 268
	234, 269
	235, 269
	5, 269
	248, 270
	219, 270
	151, 270
	47, 270
	7, 270
	55, 270
	130, 271
	211, 271
	100, 271
	26, 271
	246, 272
	10, 272
	-2, 272
	4, 273
	36, 273
	72, 273
	222, 273
	196, 273
	141, 273
	175, 274
	53, 274
	75, 274
	101, 274
	257, 274
	245, 275
	64, 275
	45, 275
	269, 276
	234, 276
	113, 276
	81, 276
	181, 276
	109, 277
	172, 277
	150, 277
	255, 277
	123, 277
	73, 278
	46, 278
	213, 279
	62, 279
	179, 280
	8, 280
	117, 281
	249, 281
	268, 281
	221, 282
	-3, 282
	267, 282
	244, 282
	38, 283
	6, 283
	212, 283
	165, 284
	75, 284
	274, 284
	14, 284
	8, 285
	43, 285
	196, 285
	222, 285
	87, 286
	-4, 286
	67, 287
	17, 287
	174, 287
	134, 287
	116, 288
	65, 288
	199, 288
	133, 288
	249, 288
	168, 288
	141, 289
	230, 289
	19, 289
	90, 289
	8, 290
	196, 290
	273, 290
	4, 290
	280, 290
	211, 290
	73, 291
	6, 291
	278, 291
	38, 291
	73, 292
	89, 292
	63, 292
	263, 292
	282, 293
	244, 293
	267, 293
	108, 294
	114, 294
	28, 294
	223, 294
	218, 294
	-2, 295
	-3, 295
	252, 295
	106, 295
	110, 296
	201, 296
	256, 296
	296, 297
	205, 297
	110, 297
	130, 297
	249, 298
	117, 298
	116, 298
	171, 298
	22, 298
	214, 299
	24, 299
	244, 299
	-3, 299
	267, 300
	159, 300
	188, 300
	293, 300
	60, 300
	171, 301
	154, 301
	132, 301
	109, 301
	116, 301
	65, 301
	254, 302
	-2, 302
	92, 302
	156, 302
	13, 303
	248, 303
	90, 303
	209, 304
	-4, 304
	14, 304
	284, 304
	163, 305
	23, 305
	250, 305
	166, 305
	82, 305
	107, 305
	142, 306
	195, 306
	52, 306
	190, 306
	127, 306
	245, 307
	179, 307
	161, 307
	8, 307
	160, 308
	259, 309
	146, 309
	96, 309
	266, 309
	95, 309
	122, 310
	195, 310
	182, 310
	158, 310
	34, 310
	296, 311
	256, 311
	212, 311
	103, 312
	35, 312
	-4, 312
	71, 313
	28, 313
	15, 313
	218, 313
	287, 314
	134, 314
	67, 314
	214, 314
	73, 315
	292, 315
	89, 315
	278, 315
	308, 315
	265, 316
	139, 316
	105, 316
	166, 316
	123, 316
	313, 317
	15, 317
	240, 317
	190, 317
	174, 318
	17, 318
	287, 318
	198, 318
	274, 319
	175, 319
	304, 319
	209, 319
	284, 319
	229, 320
	268, 320
	281, 320
	117, 320
	6, 321
	283, 321
	212, 321
	46, 321
	278, 321
	291, 321
	83, 322
	161, 322
	30, 323
	12, 323
	206, 323
	187, 323
	305, 324
	250, 324
	232, 324
	121, 324
	163, 324
	43, 325
	222, 325
	57, 325
	230, 325
	141, 325
	13, 326
	16, 326
	137, 326
	99, 326
	303, 326
	159, 327
	221, 327
	267, 327
	121, 328
	216, 328
	-1, 328
	213, 328
	88, 328
	56, 329
	251, 329
	187, 329
	283, 330
	311, 330
	256, 330
	212, 330
	213, 331
	328, 331
	138, 331
	-1, 331
	33, 332
	-1, 332
	133, 332
	157, 332
	280, 333
	290, 333
	211, 333
	26, 333
	308, 333
	160, 333
	60, 334
	17, 334
	242, 334
	283, 334
	240, 335
	9, 335
	131, 335
	275, 336
	245, 336
	224, 336
	-2, 336
	186, 337
	59, 337
	217, 337
	44, 338
	93, 338
	157, 339
	-1, 339
	229, 339
	268, 339
	11, 339
	30, 340
	147, 340
	38, 340
	73, 340
	291, 340
	192, 340
	142, 341
	5, 341
	269, 341
	235, 341
	240, 341
	216, 342
	213, 342
	37, 342
	80, 342
	232, 342
	279, 342
	183, 343
	194, 343
	261, 343
	54, 343
	231, 344
	-2, 344
	204, 344
	58, 344
	322, 345
	285, 345
	43, 345
	307, 345
	8, 345
	254, 346
	202, 346
	92, 346
	302, 346
	241, 346
	263, 347
	180, 347
	73, 347
	292, 347
	220, 347
	192, 347
	92, 347
	338, 348
	128, 348
	44, 348
	-4, 348
	226, 349
	99, 349
	326, 349
	16, 349
	150, 350
	132, 350
	68, 350
	218, 350
	223, 350
	112, 350
	219, 351
	-4, 351
	42, 351
	94, 351
	137, 351
	185, 352
	51, 352
	194, 352
	343, 352
	183, 352
	115, 353
	100, 353
	130, 353
	309, 353
	96, 353
	271, 353
	268, 354
	157, 354
	332, 354
	133, 354
	281, 354
	249, 354
	197, 355
	174, 355
	143, 355
	97, 355
	185, 355
	235, 356
	264, 356
	276, 356
	269, 356
	101, 356
	181, 356
	350, 357
	68, 357
	313, 357
	218, 357
	265, 357
	293, 358
	314, 358
	214, 358
	299, 358
	244, 358
	76, 359
	234, 359
	153, 359
	102, 359
	276, 359
	113, 359
	289, 360
	90, 360
	230, 360
	233, 360
	178, 360
	334, 361
	60, 361
	38, 361
	283, 361
	188, 361
	247, 362
	210, 362
	209, 362
	-4, 362
	118, 362
	130, 363
	353, 363
	266, 363
	309, 363
	205, 363
	-3, 364
	352, 364
	185, 364
	183, 364
	169, 365
	197, 365
	355, 365
	20, 365
	127, 366
	259, 366
	146, 366
	306, 366
	182, 366
	195, 366
	278, 367
	315, 367
	308, 367
	160, 367
	46, 367
	233, 368
	248, 368
	303, 368
	360, 368
	90, 368
	208, 369
	202, 369
	206, 369
	70, 369
	323, 369
	86, 370
	107, 370
	23, 370
	203, 370
	-1, 370
	136, 370
	89, 371
	179, 371
	333, 371
	308, 371
	280, 371
	315, 371
	322, 372
	83, 372
	57, 372
	43, 372
	18, 372
	345, 372
	349, 373
	99, 373
	247, 373
	118, 373
	94, 373
	226, 373
	39, 373
	35, 374
	87, 374
	286, 374
	312, 374
	-4, 374
	11, 375
	229, 375
	48, 375
	126, 375
	167, 375
	297, 376
	296, 376
	130, 376
	271, 376
	311, 376
	212, 376
	36, 377
	2, 377
	69, 377
	19, 377
	141, 377
	289, 377
	106, 378
	295, 378
	208, 378
	329, 378
	251, 378
	252, 378
	104, 379
	3, 379
	44, 379
	62, 379
	98, 379
	340, 380
	147, 380
	361, 380
	188, 380
	38, 380
	228, 380
	137, 381
	219, 381
	270, 381
	248, 381
	303, 381
	326, 381
	48, 382
	54, 382
	111, 382
	-3, 382
	167, 382
	40, 383
	-2, 383
	83, 383
	162, 383
	145, 383
	161, 383
	322, 383
	171, 384
	154, 384
	337, 384
	22, 384
	217, 384
	256, 385
	243, 385
	283, 385
	334, 385
	242, 385
	330, 385
	0, 386
	178, 386
	233, 386
	29, 386
	129, 387
	78, 387
	207, 387
	59, 387
	49, 387
	154, 387
	384, 387
	337, 387
	124, 388
	115, 388
	25, 388
	146, 388
	176, 388
	96, 388
	228, 389
	159, 389
	327, 389
	187, 389
	323, 389
	12, 389
	102, 390
	37, 390
	279, 390
	342, 390
	50, 390
	20, 391
	198, 391
	318, 391
	174, 391
	355, 391
	365, 391
	306, 392
	52, 392
	341, 392
	235, 392
	142, 392
	191, 393
	84, 393
	229, 393
	126, 393
	225, 393
	117, 393
	320, 393
	390, 394
	50, 394
	164, 394
	93, 394
	379, 394
	62, 394
	279, 394
	185, 395
	143, 395
	173, 395
	-3, 395
	364, 395
	81, 396
	113, 396
	184, 396
	85, 396
	149, 396
	29, 397
	386, 397
	47, 397
	77, 397
	204, 397
	233, 397
	55, 397
	208, 398
	378, 398
	323, 398
	187, 398
	369, 398
	329, 398
	394, 399
	379, 399
	338, 399
	93, 399
	44, 399
	17, 400
	242, 400
	236, 400
	318, 400
	198, 400
	307, 401
	161, 401
	345, 401
	322, 401
	87, 402
	93, 402
	348, 402
	-4, 402
	286, 402
	338, 402
	46, 403
	160, 403
	271, 403
	26, 403
	212, 403
	376, 403
	155, 404
	119, 404
	61, 404
	78, 404
	129, 404
	239, 404
	9, 405
	240, 405
	335, 405
	317, 405
	344, 406
	-2, 406
	246, 406
	58, 406
	272, 406
	310, 407
	195, 407
	264, 407
	52, 407
	122, 407
	144, 407
	86, 408
	148, 408
	203, 408
	-1, 408
	260, 408
	329, 409
	187, 409
	389, 409
	221, 409
	327, 409
	56, 409
	82, 410
	250, 410
	131, 410
	66, 410
	335, 410
	300, 411
	293, 411
	67, 411
	314, 411
	358, 411
	60, 411
	156, 412
	-2, 412
	336, 412
	275, 412
	180, 412
	45, 412
	169, 413
	59, 413
	186, 413
	337, 413
	197, 413
	51, 413
	194, 413
	176, 414
	25, 414
	158, 414
	182, 414
	125, 414
	270, 415
	7, 415
	237, 415
	31, 415
	77, 415
	47, 415
	335, 416
	9, 416
	410, 416
	82, 416
	139, 416
	166, 416
	357, 417
	313, 417
	9, 417
	405, 417
	317, 417
	265, 417
Mesh Regions: 418
	10, 14, 15, 23, 255, 1073
	1, 38, 49, 134, 426
	19, 42, 123, 246, 1022
	0, 76, 86, 1034
	46, 346, 513, 554, 621
	1, 50, 132, 415, 438, 540, 833
	20, 592, 625, 749
	2, 174, 421, 545, 1238
	258, 303, 583, 598, 618, 696, 855
	149, 528, 810, 1182, 1244, 1251
	3, 4, 17, 423, 456, 552
	5, 216, 295, 401, 825, 1010
	16, 164, 398, 758, 1096
	7, 8, 68, 281, 675, 771
	6, 82, 208, 597, 680
	45, 175, 290, 716, 733
	7, 48, 282, 387, 772, 875
	34, 40, 443, 605, 737, 806, 1155
	9, 12, 30, 59, 196, 996
	8, 41, 69, 284, 616, 1024
	184, 221, 307, 418, 434, 958, 1102
	9, 10, 13, 31, 254
	107, 229, 362, 385, 655, 1065
	92, 143, 202, 683, 982
	11, 140, 150, 350, 657
	162, 244, 268, 1087, 1233
	191, 345, 550, 802, 1173
	12, 13, 14, 24, 195, 314
	44, 94, 363, 498, 637, 715
	15, 22, 324, 409, 1076, 1137
	16, 163, 293, 331, 757, 826
	17, 33, 51, 424, 455, 1240
	63, 166, 219, 230, 485
	18, 138, 309, 507, 795
	115, 121, 189, 247, 707
	62, 64, 83, 273, 354, 712, 1005
	19, 47, 120, 155, 242, 555, 1021
	58, 80, 427, 839, 1098
	20, 591, 627, 828, 938, 1042
	26, 241, 342, 388, 457, 1004
	21, 193, 382, 1055
	22, 23, 24, 71, 317, 406
	25, 73, 110, 884
	32, 374, 599, 766, 853, 995
	74, 129, 819, 870, 1035, 1154
	35, 37, 261, 519, 567, 1224
	192, 347, 579, 752, 969, 1170
	28, 53, 544, 1139, 1242
	27, 60, 125, 215, 1012, 1050
	98, 137, 183, 335, 1081
	81, 180, 203, 1101, 1121
	278, 300, 305, 888, 1230
	301, 417, 522, 690, 1109, 1194
	26, 55, 240, 391, 492, 561
	27, 61, 97, 271, 508, 846, 1051
	28, 414, 461, 546, 1143
	29, 370, 470, 784, 1207
	30, 31, 32, 253, 403, 768, 994
	33, 52, 326, 454, 850, 1189
	130, 223, 817, 1080, 1226
	34, 39, 280, 664, 805, 937, 1218
	54, 101, 111, 333, 375, 476, 1178
	85, 148, 349, 581, 1036, 1125
	35, 36, 67, 520, 630
	36, 37, 66, 256, 450, 566
	95, 106, 218, 232, 609, 670
	38, 57, 133, 430, 468, 1211
	39, 40, 604, 720, 1215
	170, 529, 878, 916
	41, 42, 122, 224, 285, 1023
	43, 90, 112, 321, 338, 978
	44, 45, 178, 499, 714
	46, 47, 104, 118, 517, 556
	294, 578, 624, 628, 722, 829, 863
	48, 56, 226, 250, 283, 390
	78, 168, 209, 265, 562, 595
	49, 50, 79, 416, 425, 925
	51, 52, 53, 325, 1140, 1241
	54, 131, 334, 1078, 1179
	55, 56, 116, 249, 389, 494
	57, 58, 412, 429, 467, 840
	100, 167, 264, 571, 1132
	212, 465, 686, 1208, 1246
	59, 197, 755, 993, 1057
	60, 61, 124, 291, 511, 1114
	62, 99, 272, 353, 1135
	63, 88, 93, 165, 323, 484, 980, 1197
	64, 72, 204, 355, 602, 1006, 1164
	65, 114, 201, 783
	66, 67, 257, 629, 724, 986
	68, 69, 617, 677, 932, 974
	70, 71, 316, 405
	187, 259, 369, 442, 673, 858, 867
	72, 206, 820, 1123, 1153, 1165
	73, 77, 108, 144, 885, 1002
	177, 496, 500, 531, 702
	105, 161, 700, 896, 1090
	139, 141, 153, 157, 239, 907
	74, 75, 76, 128, 1037
	77, 145, 774, 873, 999
	103, 344, 516, 549, 893
	78, 159, 262, 493, 524, 563, 913
	79, 80, 81, 179, 428, 928, 1097
	82, 83, 84, 207, 276, 711
	85, 86, 87, 146, 1033
	88, 91, 117, 214, 483, 729
	89, 90, 337, 643, 1027
	91, 92, 93, 213, 687, 981
	94, 102, 328, 393, 497, 533, 635
	95, 135, 172, 233, 573, 668
	318, 327, 395, 477, 644, 649
	96, 97, 270, 1052
	98, 136, 336, 378, 881
	99, 100, 181, 352, 570, 930, 1133
	101, 102, 376, 392, 475, 636
	103, 104, 105, 119, 515, 892, 1086
	106, 228, 464, 608, 653, 669
	107, 386, 462, 584, 652, 748, 1118
	108, 109, 110, 459, 945, 1001
	111, 185, 474, 1177
	112, 113, 320, 480
	114, 200, 359, 411, 764, 779
	115, 116, 158, 248, 490, 703, 1195
	117, 169, 486, 525, 577, 731
	118, 119, 120, 243, 1085
	121, 122, 123, 190, 225, 245, 252, 1236
	124, 125, 400, 1013, 1116
	176, 288, 502, 692, 959
	126, 127, 128, 129, 869
	130, 131, 222, 431, 1077, 1180
	329, 547, 650, 894, 946, 1017
	132, 133, 134, 435, 811, 1210
	135, 136, 137, 171, 182, 667, 877
	138, 308, 463, 611, 797, 901
	139, 140, 152, 238, 351, 607, 719
	141, 154, 156, 234
	142, 143, 198, 985
	144, 145, 366, 773, 886, 1044
	146, 147, 148, 348, 793
	149, 211, 526, 728, 1247
	150, 151, 152, 153, 154, 235
	155, 373, 404, 559, 614, 770, 1025
	289, 437, 688, 832, 1112
	156, 157, 237, 277, 906, 1128
	158, 159, 491, 523, 1196
	160, 194, 312, 1059
	161, 162, 267, 503, 699, 961, 1088
	163, 164, 399, 827, 1039
	165, 166, 220, 310, 506, 1198
	167, 168, 210, 263, 275, 1136
	169, 170, 171, 172, 527, 575, 876
	173, 174, 364, 543
	175, 176, 177, 178, 287, 495, 501
	179, 180, 181, 205, 357, 927
	182, 183, 227, 666, 1063, 1082
	184, 185, 319, 420, 433, 448, 473, 1176
	186, 187, 260, 674, 1219
	188, 537, 798, 821, 899
	189, 190, 266, 706, 1234
	279, 396, 535, 661, 776, 1092
	191, 192, 697, 804, 968, 1171
	193, 381, 452, 695, 756, 1060, 1161
	194, 195, 196, 197, 315, 1058
	198, 199, 200, 201, 202, 682, 765
	203, 204, 205, 206, 356, 1122
	207, 208, 209, 210, 274, 594
	211, 212, 213, 214, 685, 730, 1248
	215, 216, 217, 297, 1014, 1054
	218, 219, 220, 231, 311, 613
	221, 222, 223, 306, 432, 955, 1225
	224, 225, 226, 251, 286
	227, 228, 229, 654, 665, 1062
	230, 231, 232, 233, 487, 574
	234, 235, 236, 237, 1129
	238, 239, 606, 736, 905, 1105
	240, 241, 339, 341, 560, 741
	242, 243, 244, 245, 246, 1089, 1232
	247, 248, 249, 250, 251, 252
	253, 254, 255, 402, 413, 935, 1074
	256, 257, 258, 451, 582, 694, 987
	259, 260, 261, 518, 862, 1223
	262, 263, 264, 265, 572, 914
	266, 267, 268, 302, 705, 963, 1235
	269, 270, 271, 843, 891, 954
	272, 273, 274, 275, 276, 1134
	277, 278, 304, 887, 908, 953, 1127
	292, 299, 361, 510, 816, 1227
	760, 786, 1094, 1147, 1203
	279, 280, 397, 662, 940, 1041
	281, 282, 283, 284, 285, 286
	287, 288, 289, 290, 436, 691, 735
	291, 292, 360, 384, 512, 1113
	293, 294, 332, 368, 831, 866
	295, 296, 297, 298
	299, 300, 509, 844, 889, 1231
	301, 302, 689, 704, 964, 1192
	303, 372, 558, 600, 619
	304, 305, 306, 904, 956, 1229
	307, 419, 739, 1103, 1159
	308, 309, 310, 311, 505, 610
	312, 313, 314, 315, 316, 317
	318, 319, 447, 479, 488, 645
	320, 321, 330, 439, 482, 857, 976
	322, 323, 983, 1199
	324, 325, 326, 407, 849, 1141
	327, 328, 329, 394, 532, 648, 950
	330, 331, 332, 367, 440, 759, 977
	333, 334, 335, 336, 379, 1079
	337, 338, 975, 1029, 1144
	339, 340, 343, 678, 743, 943
	341, 342, 343, 458, 942
	344, 345, 346, 514, 548, 623, 801
	347, 593, 710, 751, 790, 1020, 1174
	348, 349, 358, 580, 782, 791, 838
	350, 351, 656, 721, 922
	352, 353, 354, 355, 356, 357
	358, 359, 410, 780, 837
	360, 361, 362, 383, 818, 1066
	363, 377, 639, 717, 879, 918
	364, 365, 366, 542, 882, 1045
	367, 368, 369, 441, 865
	370, 371, 534, 587, 777, 1205
	372, 373, 374, 557, 601, 767
	375, 376, 377, 378, 379, 638, 880
	380, 381, 382, 453, 814
	383, 384, 385, 386, 1117
	387, 388, 389, 390, 391, 872, 1003
	392, 393, 394, 395, 478
	396, 397, 398, 399, 1043, 1091
	400, 401, 536, 745, 823, 1011, 1115
	402, 403, 404, 615, 769, 933
	405, 406, 407, 408, 409, 847
	410, 411, 412, 466, 763, 841
	413, 414, 460, 934, 970, 1075, 1142
	415, 416, 538, 569, 926
	417, 521, 539, 835, 909, 1111
	418, 419, 420, 444, 446, 1157
	421, 422, 423, 424, 1239
	425, 426, 427, 428, 429, 430
	431, 432, 433, 434, 1181
	435, 436, 437, 438, 734, 809, 836, 1183
	439, 440, 441, 442, 860
	443, 444, 445, 807, 1071, 1156
	445, 446, 447, 448, 489, 1068
	449, 590, 633, 658, 924
	450, 451, 452, 453, 565, 693, 813
	454, 455, 456, 551, 1188
	457, 458, 459, 941, 1000
	460, 461, 541, 676, 971, 1047
	462, 463, 464, 585, 612, 651, 903
	465, 466, 467, 468, 684, 762, 1209
	469, 470, 472, 785, 1031
	471, 472, 642, 1032
	473, 474, 475, 476, 477, 478, 479
	480, 481, 482, 671, 856
	483, 484, 485, 486, 487, 576
	488, 489, 646, 709, 789, 1067
	490, 491, 492, 493, 494, 564
	495, 496, 497, 498, 499, 530
	500, 501, 502, 503, 698, 960
	504, 505, 506, 507, 1201
	508, 509, 510, 511, 512, 845
	513, 514, 515, 516, 517
	518, 519, 520, 631, 861
	521, 522, 523, 524, 910, 1193
	525, 526, 527, 528, 529, 727, 919, 1254
	530, 531, 532, 533, 701, 948
	534, 535, 589, 634, 660, 778
	536, 537, 586, 746, 824, 898
	538, 539, 540, 568, 834, 912
	541, 542, 543, 544, 545, 546, 1046, 1237
	547, 548, 549, 550, 897, 1018, 1172
	551, 552, 553, 1190
	554, 555, 556, 557, 558, 559, 620
	560, 561, 562, 563, 564, 596, 740
	565, 566, 567, 812, 1222
	568, 569, 570, 571, 572, 911, 929
	573, 574, 575, 576, 577
	578, 579, 626, 725, 753, 965
	580, 581, 842, 1099, 1126
	582, 583, 622, 799, 990
	584, 585, 586, 747, 902
	587, 588, 589, 590, 632
	591, 592, 593, 750, 787, 808, 939, 1069
	594, 595, 596, 597, 681, 744
	598, 599, 600, 601, 852
	602, 603, 1007, 1168
	604, 605, 606, 607, 718, 738
	608, 609, 610, 611, 612, 613
	614, 615, 616, 617, 931, 1026
	618, 619, 620, 621, 622, 623, 800
	624, 625, 626, 627, 754, 830
	628, 629, 630, 631, 723, 864
	632, 633, 634, 663, 920, 1214
	635, 636, 637, 638, 639
	640, 641, 642, 643, 1028
	644, 645, 646, 647, 708, 1016
	647, 648, 649, 650, 1015
	651, 652, 653, 654, 655
	656, 657, 658, 659, 923
	660, 661, 662, 663, 664, 1213
	665, 666, 667, 668, 669, 670
	671, 672, 673, 674, 859
	675, 676, 677, 775, 972, 1048
	678, 679, 680, 681, 742
	682, 683, 684, 685, 686, 687, 761
	688, 689, 690, 691, 692, 962, 1108
	693, 694, 695, 696, 854, 1160
	697, 726, 803, 967, 989
	698, 699, 700, 701, 702, 895, 949
	703, 704, 705, 706, 707, 1191
	708, 709, 710, 788, 1019
	711, 712, 713, 1008
	714, 715, 716, 717, 732, 917, 1250
	718, 719, 720, 721, 921, 1216
	722, 723, 724, 725, 726, 966, 991
	727, 728, 729, 730, 731
	732, 733, 734, 735, 1185, 1253
	736, 737, 738, 739, 1104, 1158
	740, 741, 742, 743, 744
	745, 746, 747, 748, 1119
	749, 750, 751, 752, 753, 754
	755, 756, 851, 992, 1061, 1163
	757, 758, 759, 760, 979, 1095, 1146
	761, 762, 763, 764, 765
	766, 767, 768, 769, 770
	771, 772, 773, 774, 775, 874, 1049
	776, 777, 778, 1093, 1206
	779, 780, 781, 782, 783, 792
	784, 785, 786, 1030, 1149, 1202
	787, 788, 789, 790, 1072
	791, 792, 793, 794
	795, 796, 797, 798, 900
	799, 800, 801, 802, 803, 804, 988
	805, 806, 807, 808, 936, 1070
	809, 810, 811, 1184, 1212, 1243
	812, 813, 814, 815, 1221
	816, 817, 818, 1064, 1084, 1228
	819, 820, 868, 1152, 1169
	821, 822, 823, 824, 825
	826, 827, 828, 829, 830, 831, 1038
	832, 833, 834, 835, 836, 1110
	837, 838, 839, 840, 841, 842, 1100
	843, 844, 845, 846, 890
	847, 848, 849, 850, 1186
	851, 852, 853, 854, 855, 997, 1162
	856, 857, 858, 859, 860
	861, 862, 863, 864, 865, 866, 867
	868, 869, 870, 871, 1166
	872, 873, 874, 875, 998
	876, 877, 878, 879, 880, 881, 915
	882, 883, 884, 885, 886
	887, 888, 889, 890, 891, 952
	892, 893, 894, 895, 896, 897, 947
	898, 899, 900, 901, 902, 903
	904, 905, 906, 907, 908, 957, 1106
	909, 910, 911, 912, 913, 914
	915, 916, 917, 918, 919, 1249
	920, 921, 922, 923, 924, 1217
	925, 926, 927, 928, 929, 930
	931, 932, 933, 934, 935, 973
	936, 937, 938, 939, 940, 1040
	941, 942, 943, 944, 945
	946, 947, 948, 949, 950
	951, 952, 953, 954, 1131
	955, 956, 957, 958, 1107
	959, 960, 961, 962, 963, 964
	965, 966, 967, 968, 969
	970, 971, 972, 973, 974
	975, 976, 977, 978, 979, 1148
	980, 981, 982, 983, 984, 985
	986, 987, 988, 989, 990, 991
	992, 993, 994, 995, 996, 997
	998, 999, 1000, 1001, 1002, 1003, 1004
	1005, 1006, 1007, 1008, 1009
	1010, 1011, 1012, 1013, 1014
	1015, 1016, 1017, 1018, 1019, 1020, 1175
	1021, 1022, 1023, 1024, 1025, 1026
	1027, 1028, 1029, 1030, 1031, 1032, 1145
	1033, 1034, 1035, 1036, 1037, 1124, 1151
	1038, 1039, 1040, 1041, 1042, 1043
	1044, 1045, 1046, 1047, 1048, 1049
	1050, 1051, 1052, 1053, 1054
	1055, 1056, 1057, 1058, 1059, 1060, 1061
	1062, 1063, 1064, 1065, 1066, 1083
	1067, 1068, 1069, 1070, 1071, 1072
	1073, 1074, 1075, 1076, 1138
	1077, 1078, 1079, 1080, 1081, 1082, 1083, 1084
	1085, 1086, 1087, 1088, 1089, 1090
	1091, 1092, 1093, 1094, 1095, 1096, 1204
	1097, 1098, 1099, 1100, 1101, 1120
	1102, 1103, 1104, 1105, 1106, 1107
	1108, 1109, 1110, 1111, 1112
	1113, 1114, 1115, 1116, 1117, 1118, 1119
	1120, 1121, 1122, 1123, 1124, 1125, 1126, 1150
	1127, 1128, 1129, 1130, 1131
	1132, 1133, 1134, 1135, 1136
	1137, 1138, 1139, 1140, 1141, 1142, 1143
	1144, 1145, 1146, 1147, 1148, 1149
	1150, 1151, 1152, 1153, 1154
	1155, 1156, 1157, 1158, 1159
	1160, 1161, 1162, 1163
	1164, 1165, 1166, 1167, 1168, 1169
	1170, 1171, 1172, 1173, 1174, 1175
	1176, 1177, 1178, 1179, 1180, 1181
	1182, 1183, 1184, 1185, 1252
	1186, 1187, 1188, 1189, 1190
	1191, 1192, 1193, 1194, 1195, 1196
	1197, 1198, 1199, 1200, 1201
	1202, 1203, 1204, 1205, 1206, 1207
	1208, 1209, 1210, 1211, 1212, 1245
	1213, 1214, 1215, 1216, 1217, 1218
	1219, 1220, 1221, 1222, 1223, 1224
	1225, 1226, 1227, 1228, 1229, 1230, 1231
	1232, 1233, 1234, 1235, 1236
	1237, 1238, 1239, 1240, 1241, 1242
	1243, 1244, 1245, 1246, 1247, 1248
	1249, 1250, 1251, 1252, 1253, 1254
Seed Numbers: 418
	0
	1
	2
	3
	4
	5
	6
	7
	8
	9
	10
	11
	12
	13
	14
	15
	16
	17
	18
	19
	20
	21
	22
	23
	24
	25
	26
	27
	28
	29
	30
	31
	32
	33
	34
	35
	36
	37
	38
	39
	40
	41
	42
	43
	44
	45
	46
	47
	48
	49
	50
	51
	52
	53
	54
	55
	56
	57
	58
	59
	60
	61
	62
	63
	64
	65
	66
	67
	68
	69
	70
	71
	72
	73
	74
	75
	76
	77
	78
	79
	80
	81
	82
	83
	84
	85
	86
	87
	88
	89
	90
	91
	92
	93
	94
	95
	96
	97
	98
	99
	100
	101
	102
	103
	104
	105
	106
	107
	108
	109
	110
	111
	112
	113
	114
	115
	116
	117
	118
	119
	120
	121
	122
	123
	124
	125
	126
	127
	128
	129
	130
	131
	132
	133
	134
	135
	136
	137
	138
	139
	140
	141
	142
	143
	144
	145
	146
	147
	148
	149
	150
	151
	152
	153
	154
	155
	156
	157
	158
	159
	160
	161
	162
	163
	164
	165
	166
	167
	168
	169
	170
	171
	172
	173
	174
	175
	176
	177
	178
	179
	180
	181
	182
	183
	184
	185
	186
	187
	188
	189
	190
	191
	192
	193
	194
	195
	196
	197
	198
	199
	200
	201
	202
	203
	204
	205
	206
	207
	208
	209
	210
	211
	212
	213
	214
	215
	216
	217
	218
	219
	220
	221
	222
	223
	224
	225
	226
	227
	228
	229
	230
	231
	232
	233
	234
	235
	236
	237
	238
	239
	240
	241
	242
	243
	244
	245
	246
	247
	248
	249
	250
	251
	252
	253
	254
	255
	256
	257
	258
	259
	260
	261
	262
	263
	264
	265
	266
	267
	268
	269
	270
	271
	272
	273
	274
	275
	276
	277
	278
	279
	280
	281
	282
	283
	284
	285
	286
	287
	288
	289
	290
	291
	292
	293
	294
	295
	296
	297
	298
	299
	300
	301
	302
	303
	304
	305
	306
	307
	308
	309
	310
	311
	312
	313
	314
	315
	316
	317
	318
	319
	320
	321
	322
	323
	324
	325
	326
	327
	328
	329
	330
	331
	332
	333
	334
	335
	336
	337
	338
	339
	340
	341
	342
	343
	344
	345
	346
	347
	348
	349
	350
	351
	352
	353
	354
	355
	356
	357
	358
	359
	360
	361
	362
	363
	364
	365
	366
	367
	368
	369
	370
	371
	372
	373
	374
	375
	376
	377
	378
	379
	380
	381
	382
	383
	384
	385
	386
	387
	388
	389
	390
	391
	392
	393
	394
	395
	396
	397
	398
	399
	400
	401
	402
	403
	404
	405
	406
	407
	408
	409
	410
	411
	412
	413
	414
	415
	416
	417
Phase Numbers: 418
	2
	2
	1
	3
	2
	3
	2
	2
	0
	2
	2
	1
	3
	2
	0
	2
	0
	0
	2
	3
	3
	3
	2
	2
	2
	3
	1
	2
	3
	3
	3
	3
	3
	3
	2
	3
	2
	3
	0
	2
	2
	2
	2
	2
	3
	3
	1
	2
	0
	2
	0
	2
	0
	2
	2
	3
	1
	3
	2
	3
	2
	1
	2
	3
	2
	2
	3
	3
	2
	2
	3
	2
	3
	3
	3
	2
	3
	2
	3
	2
	1
	2
	0
	0
	2
	3
	2
	3
	2
	2
	2
	2
	3
	2
	2
	2
	0
	0
	1
	3
	0
	0
	3
	3
	0
	2
	2
	3
	2
	3
	1
	2
	1
	3
	2
	2
	2
	3
	2
	3
	3
	3
	2
	3
	3
	3
	1
	3
	2
	2
	2
	3
	2
	1
	3
	2
	2
	0
	2
	2
	0
	2
	3
	2
	2
	2
	2
	2
	3
	3
	2
	3
	0
	3
	3
	0
	2
	3
	2
	0
	2
	3
	2
	3
	2
	2
	3
	3
	3
	0
	3
	2
	3
	3
	3
	3
	3
	2
	3
	3
	3
	0
	3
	2
	0
	1
	2
	1
	2
	2
	3
	2
	0
	2
	1
	2
	0
	3
	3
	3
	3
	1
	2
	3
	3
	2
	2
	0
	3
	3
	3
	2
	3
	3
	2
	1
	3
	3
	3
	3
	3
	2
	2
	2
	3
	3
	2
	0
	2
	3
	2
	0
	3
	3
	3
	1
	1
	2
	3
	0
	3
	2
	1
	1
	3
	0
	2
	1
	3
	1
	3
	2
	3
	3
	1
	2
	3
	2
	3
	3
	3
	0
	3
	1
	2
	3
	2
	2
	3
	2
	3
	0
	3
	3
	2
	1
	2
	3
	1
	3
	3
	2
	3
	3
	2
	3
	1
	2
	1
	3
	2
	2
	3
	2
	3
	1
	0
	2
	2
	3
	2
	3
	2
	3
	3
	3
	1
	2
	3
	2
	3
	2
	3
	3
	3
	2
	3
	2
	2
	3
	2
	3
	3
	2
	3
	2
	3
	2
	2
	3
	2
	0
	3
	3
	3
	2
	2
	3
	0
	3
	1
	3
	3
	2
	2
	2
	2
	1
	2
	2
	3
	2
	2
	3
	0
	3
	1
	3
	3
	3
	2
	1
	3
	0
	3
	3
	3
	1
	3
	2
	2
	2
	2
	2
	2
	3
	3
	3
	3
	0
	2
	2
	2
	3
	3
	0
	2
	2
	1
	2
	1
	2
	3
	3
	2
	2
	1
	2
	2
	3
	3
	3
	0
	3
	3
	3
	3
	2
	2
	2
	3
	3
	2
	3
	0
	2
	1
	2
Volumes: 418
	0.0023808886898006787
	0.002261391521343621
	0.0030160768363967916
	0.0008227156221974055
	0.0019984824721636743
	0.0023267376865732303
	0.001699925067088032
	0.0020635570459306934
	0.002823151233372599
	0.0016654712395614845
	0.002282390503619473
	0.0035039216131129915
	0.0017019490805350182
	0.0024419757733398955
	0.0020812132195785525
	0.002350204395101318
	0.002637688374679206
	0.0029173738691721787
	0.002574215637817088
	0.0019416824152817026
	0.003214740230995328
	0.001948906387812334
	0.0021680076682052286
	0.0022898348131003016
	0.002106038923984326
	0.0017505861943039093
	0.0019160010736125471
	0.0029608487432923676
	0.0019321985998505518
	0.0020275922894573864
	0.0021194712505149733
	0.0026202503008346473
	0.0027365018975204778
	0.002147185654709247
	0.0015710520166261105
	0.003016751017698021
	0.0031960208367573925
	0.0017866603953574692
	0.002684837263304398
	0.0024778910143451534
	0.0024329256557437205
	0.001907094654727493
	0.0013609879545246808
	0.0018938931115723779
	0.0022876750219706058
	0.0024781617262588772
	0.002344211412630439
	0.002577714180800483
	0.0023743596016780433
	0.001581804603868911
	0.001878187398863682
	0.0025127457933957226
	0.001966342600832092
	0.0022051445539770327
	0.002748103145043887
	0.0021011287120714633
	0.002072655857083714
	0.002248596333650721
	0.00153716556359298
	0.0028079641085466613
	0.003455260524884742
	0.002913368126274054
	0.002308949590721118
	0.0017011747691628107
	0.0018545837167959042
	0.001961810027389985
	0.0024850464252498617
	0.0018100554762738373
	0.0023539852182937774
	0.0021358319459285125
	0.002789902517942211
	0.002149638375044164
	0.0017480118094070388
	0.0035692113765792045
	0.0020211723721468176
	0.003423889740445618
	0.001878532400492821
	0.0017852890154039759
	0.0026993588850918555
	0.0028171899008663935
	0.0024635901406687127
	0.001913500649693344
	0.002800682251106304
	0.0026977482988752976
	0.0026251152982804
	0.002002066244787709
	0.0033951309587347497
	0.003225446688386332
	0.0014556997859721788
	0.00280826605591614
	0.001863886518745658
	0.00182268510928734
	0.0025835238311200494
	0.0018074458048227462
	0.0025375677512344498
	0.0026450788960183077
	0.0017284956268669486
	0.0027660381850483544
	0.0023854203841060834
	0.0017751527207714606
	0.0017354635539496024
	0.0035375486139368837
	0.0022410048152272295
	0.0019756851692787772
	0.001064495655011647
	0.0022843914745701243
	0.0026678336953927986
	0.0031476955357196764
	0.0028407434415244712
	0.002164975909625066
	0.0019166838399489092
	0.0011221583347192365
	0.0029670237034328624
	0.0028356583165776235
	0.0021278271864591867
	0.0020089335742779274
	0.0022476903655681106
	0.002975115276984308
	0.002383167399161639
	0.002662657527392997
	0.0012579370277694647
	0.0021411581358823034
	0.0028588804449836643
	0.00249819025455521
	0.002314288671955932
	0.002730035849405593
	0.0018893760116004826
	0.002233148147650823
	0.0015076395017566534
	0.0016778817329838188
	0.00218515258931928
	0.0025463181074316396
	0.0031189959982330095
	0.002445024927606583
	0.0033076671066939634
	0.0017269663901303
	0.0024302294556533075
	0.0029377847810414326
	0.0019089533189782638
	0.001688789087967566
	0.0030747044983834727
	0.003295799400174195
	0.0023790948108975063
	0.0023632771897765803
	0.0020705623850376838
	0.0010076493862839512
	0.0029769711404359
	0.0021282802644933393
	0.0022694161511301754
	0.0026133909648929266
	0.0030215749863408714
	0.001714197419198394
	0.002128804860495691
	0.0026720047736783527
	0.0021705143631343465
	0.0026088903105943714
	0.002686837707694293
	0.0015707690620705684
	0.0020237163347990167
	0.0019127858297184092
	0.00228302559511757
	0.002263829377490245
	0.0026696623191888305
	0.002774982450825602
	0.0025973029757175533
	0.0028961735129364565
	0.002132995693119159
	0.0029100681962947695
	0.0027423233555409956
	0.003243786821980975
	0.0019431133965001973
	0.002162337119973274
	0.002558563455724466
	0.001216624138441245
	0.0029269170843263933
	0.002356593048974404
	0.0025993537233250314
	0.00286706854863345
	0.002557682680995734
	0.0030494647428637566
	0.0027116652909855085
	0.003002170293310671
	0.00200937877081266
	0.002657571115215196
	0.002799426597439214
	0.0032066495762731644
	0.0027833144412507463
	0.002003739383024158
	0.0031827889548815833
	0.0026268547176547304
	0.0027872121421331506
	0.001682040041548455
	0.0033442242933686235
	0.0023259479331602345
	0.002208890681415548
	0.001999812246952963
	0.002138687298380391
	0.0028562501776660983
	0.0018746706649086
	0.0016480905648722276
	0.0020152802413334406
	0.003291143254456109
	0.003127158931000175
	0.001876233795702489
	0.002070688021315005
	0.002622395361394383
	0.003001276402526565
	0.0022305122367261496
	0.0018828499980440268
	0.0020164464538357453
	0.0015498488025927734
	0.0029879060716957225
	0.003418611449225337
	0.0026032638634267413
	0.0024409655940760434
	0.003148343664316374
	0.0014994751527286762
	0.00219237702583434
	0.0024769175789000715
	0.0028115281936554833
	0.002557309222382487
	0.0033042814795651238
	0.002549777291082256
	0.0031650633724394435
	0.002905338188843888
	0.001947029187571508
	0.002510994401253311
	0.0022250541140109176
	0.0030168931126369446
	0.002772452743101143
	0.0021744776552411462
	0.0024408549074075424
	0.0024737670998221436
	0.0027700117370092524
	0.0023754159894324983
	0.0018055584461824886
	0.0019918094875845645
	0.002025687863862885
	0.0025788296806771535
	0.002230484530456396
	0.0028323499031919466
	0.0026226522417106463
	0.002512895417462345
	0.0029084800830387085
	0.0020301825711516322
	0.003077071811881773
	0.0024876115328614323
	0.002025697012081753
	0.0028670099986733907
	0.00267437435884544
	0.0032017407562529524
	0.00225068799423069
	0.002023876549252967
	0.002549309571074166
	0.0015073302323987507
	0.0023482666628110017
	0.003123688625646972
	0.002796816132657081
	0.003041849965239724
	0.002151482892742268
	0.002316568225162471
	0.0023113539717623498
	0.0020950487156549064
	0.0023534205488544508
	0.0027763396615480196
	0.003372015264381579
	0.0026109738750625918
	0.0027143531003330297
	0.0027139693320756973
	0.0023004344269654184
	0.00352939618181055
	0.003258009523015294
	0.0010011141672349698
	0.0031689071489618102
	0.0035291943172541433
	0.0020162431579390577
	0.002853175134439038
	0.001980015036667458
	0.0026216943540956048
	0.0019999306682284123
	0.0030907026894930233
	0.0026382432149706448
	0.0017885265749752529
	0.0034783835164089102
	0.0031143752525302046
	0.0026180251091296423
	0.0016688682996582414
	0.0020240331384857356
	0.002615377629542091
	0.0023194758053462694
	0.003212968865396576
	0.002688360550409455
	0.002115403132821003
	0.0024004060743546803
	0.0017059105930525655
	0.0021153776887680724
	0.0023113258439533425
	0.0026562778360026324
	0.002141475362808248
	0.0015037590020980976
	0.0029201835006982123
	0.002711869563292814
	0.001702404013891076
	0.0029751244162719266
	0.001457379378644712
	0.002349856585172661
	0.0027709666261595033
	0.003181767959445739
	0.002657303517827082
	0.00237194153952371
	0.0014510155055402697
	0.0021008741710164965
	0.0010060836140688735
	0.0024809423004793323
	0.002009563090328012
	0.0024091727083754727
	0.0021064516049772806
	0.0019459317341607172
	0.002445368255041986
	0.0022333843467653622
	0.002191980836964623
	0.0024638300111079997
	0.0022863010737951186
	0.0026179685947916
	0.002413486740704326
	0.002445568587058961
	0.002743179420868786
	0.002377500389264324
	0.0026447684806908817
	0.0025003534523512783
	0.002422193981272879
	0.0014742808074145776
	0.00156294166191882
	0.002960659399133662
	0.002971259067717162
	0.0018577166442532958
	0.0016058414511510221
	0.003249590562499678
	0.002036164570070791
	0.0029745491496833702
	0.003087828977726201
	0.0024504103326802923
	0.0019709690254191077
	0.00225663671928995
	0.002111526460587451
	0.0028823323075646
	0.002264351262380362
	0.0028413536133744467
	0.0012670224661658802
	0.0017976984248807997
	0.0029833953671783804
	0.0014292341971938272
	0.0033098158753597333
	0.0024081174812310585
	0.002185537976937642
	0.003252419497009619
	0.0025663174127621815
	0.002803142898423253
	0.0025772292403064287
	0.0021474595245572475
	0.002331246037510857
	0.0035979467410261748
	0.0013784250987196912
	0.0018860202749767642
	0.0022129542545676977
	0.0022608475654674423
	0.002743695290001142
	0.002092204254480723
	0.0026296779785114775
	0.0033436322356708973
	0.003192041393995256
	0.00223794745700133
	0.0029091114459650507
	0.0029881977722357946
	0.0010592739851260202
	0.0015671181505997355
	0.0030255659481193582
	0.002848217435927886
	0.003256022836766295
	0.002798656852025444
	0.0029467645137075385
	0.0031268184563118754
	0.0015774821087168444
	0.0025829909079520307
	0.002033619199792856
	0.0030352120640434665
	0.0014386798066384505
	0.002704219882880319
	0.0015058764952138994
	0.002289351903955178
	0.002492476347140658
	0.003081385949053713
	0.002001139524011263
	0.0023897015293370314
	0.002714010824962045
	0.002039444099726469
	0.0016452270297427248
	0.0020955635490765455
	0.0022230717399503008
	0.0019112002662158567
	0.0018300593948968776
	0.0018658421868839204
	0.0031404889184652634
	0.002899995094104314
	0.0020082733364609603
	0.001989267874718108
	0.001159814112067991
	0.0019526518981523339
	0.0019090830815388176
	0.0022734183856860835
	0.002653898573752739
	0.00277623481057897
	0.0031252736560069584
	0.0031322518447938004
	0.001600517300597046
	0.002637900371635126
	0.002398668828249538
	0.002679962373227084
