Mesh Points: 838
	 6.747858e-02,  2.466899e-01
	 9.863315e-02,  2.575774e-01
	 5.181641e-02,  2.903528e-01
	 8.078978e-02,  3.103434e-01
	 1.165330e-01,  2.895451e-01
	 1.148585e-01,  2.958569e-01
	-4.589526e-01,  2.983903e-01
	-4.676956e-01,  3.396346e-01
	-4.673566e-01,  3.400522e-01
	-4.076151e-01,  3.142509e-01
	-4.275347e-01,  2.848496e-01
	-4.265830e-01,  3.483832e-01
	-4.895475e-01,  1.288347e-02
	-4.676931e-01, -2.475526e-02
	-5.000000e-01,  1.446319e-02
	-5.000000e-01, -5.055130e-02
	-4.698873e-01, -3.347463e-02
	 2.613333e-02,  2.485265e-02
	 3.238614e-02,  3.431563e-02
	 3.849106e-02, -2.668812e-02
	 7.784110e-02,  1.830523e-02
	 8.239652e-02, -7.252900e-03
	 3.365334e-01,  1.784269e-01
	 3.132557e-01,  2.196615e-01
	 3.706870e-01,  2.023016e-01
	 3.253897e-01,  2.377529e-01
	 3.667882e-01,  2.172938e-01
	 3.368871e-01,  4.417174e-01
	 2.926925e-01,  4.237373e-01
	 3.609511e-01,  3.938659e-01
	 2.911746e-01,  4.197983e-01
	 3.211301e-01,  3.825050e-01
	-1.094452e-01, -1.800018e-01
	-1.151038e-01, -1.991361e-01
	-1.332335e-01, -1.549382e-01
	-1.546547e-01, -1.591015e-01
	-1.556763e-01, -1.999753e-01
	-7.326648e-02,  1.326476e-01
	-7.501479e-02,  1.701058e-01
	-1.043771e-01,  1.218747e-01
	-1.256826e-01,  1.656818e-01
	-8.717216e-02,  1.803252e-01
	-1.215665e-01,  1.327342e-01
	 3.491802e-01, -3.661641e-01
	 3.749466e-01, -4.031433e-01
	 3.384500e-01, -3.638312e-01
	 3.295181e-01, -4.313979e-01
	 3.089989e-01, -4.061027e-01
	 3.892888e-01,  2.439145e-01
	 3.782217e-01,  2.778316e-01
	 4.315396e-01,  2.320433e-01
	 4.036316e-01,  2.912616e-01
	 4.210241e-01,  2.825519e-01
	-3.852813e-01,  1.062605e-01
	-3.821158e-01,  1.430762e-01
	-3.434755e-01,  1.549613e-01
	-3.608604e-01,  8.061510e-02
	-3.382354e-01,  1.534541e-01
	-3.289416e-01,  1.314457e-01
	-3.470871e-01,  8.088706e-02
	-2.864743e-01, -1.351835e-02
	-2.866052e-01, -1.380279e-02
	-2.922596e-01,  3.466640e-02
	-3.273548e-01,  4.714488e-02
	-3.519112e-01,  7.833543e-03
	-3.013784e-01, -2.139817e-02
	-3.252696e-01, -1.832361e-02
	-1.468666e-01, -2.767855e-01
	-1.393076e-01, -2.657333e-01
	-1.933884e-01, -2.918450e-01
	-1.793529e-01, -2.207212e-01
	-1.765906e-01, -2.206374e-01
	-2.091781e-01, -2.786859e-01
	-2.450802e-01,  1.010325e-01
	-2.753322e-01,  9.384044e-02
	-2.321900e-01,  1.307222e-01
	-2.868076e-01,  1.182817e-01
	-2.675646e-01,  1.633672e-01
	-2.698388e-01,  1.626857e-01
	 2.022611e-01, -1.198982e-01
	 1.819406e-01, -1.123828e-01
	 2.191409e-01, -1.067811e-01
	 1.737824e-01, -6.649288e-02
	 2.074979e-01, -5.048710e-02
	 2.268415e-01, -5.673677e-02
	 4.570146e-01,  2.993175e-01
	 4.719848e-01,  2.869359e-01
	 4.703367e-01,  2.406009e-01
	 4.327611e-01,  2.306862e-01
	-5.728878e-02, -4.406423e-01
	-7.439581e-02, -4.265533e-01
	-2.462700e-02, -4.348236e-01
	-6.897159e-02, -3.911576e-01
	-5.994690e-02, -3.818938e-01
	-3.709900e-02, -3.822096e-01
	-1.326724e-02, -4.086929e-01
	-3.814911e-01, -2.357545e-01
	-3.913381e-01, -2.751332e-01
	-4.107875e-01, -2.137513e-01
	-4.212124e-01, -2.764503e-01
	-4.482500e-01, -2.299501e-01
	-2.482202e-01, -2.207423e-01
	-2.504071e-01, -2.232834e-01
	-2.433109e-01, -1.727873e-01
	-2.952290e-01, -2.134987e-01
	-2.924890e-01, -1.649767e-01
	-2.494044e-01, -1.642891e-01
	-2.837711e-01, -2.266566e-01
	-5.000000e-01, -4.778456e-01
	-4.710768e-01, -4.830157e-01
	-5.000000e-01, -5.000000e-01
	-4.618660e-01, -5.000000e-01
	 2.733244e-01,  4.640361e-01
	 2.982854e-01,  5.000000e-01
	 3.144635e-01,  5.000000e-01
	 3.453223e-01,  4.564256e-01
	 1.749482e-01,  4.012344e-01
	 1.498841e-01,  3.805535e-01
	 1.664364e-01,  4.293018e-01
	 1.316915e-01,  4.366429e-01
	 1.301480e-01,  4.357253e-01
	 1.318074e-01,  3.917847e-01
	 3.056051e-01,  1.515359e-01
	 3.307328e-01,  1.561071e-01
	 2.741089e-01,  1.730925e-01
	 2.777533e-01,  2.072282e-01
	-1.130248e-01, -3.810462e-01
	-1.096199e-01, -3.350872e-01
	-7.128883e-02, -3.415056e-01
	 1.969264e-01,  4.567823e-01
	 2.154785e-01,  4.540453e-01
	 1.627333e-01,  5.000000e-01
	 2.333474e-01,  5.000000e-01
	 2.351176e-01,  4.722770e-01
	-2.863298e-02,  5.000000e-01
	-5.666983e-02,  4.489984e-01
	-9.156205e-02,  5.000000e-01
	-8.930287e-02,  4.614136e-01
	-2.370692e-02,  1.022150e-02
	-2.900317e-02, -1.764229e-02
	-4.204077e-02,  3.259213e-02
	-7.805717e-02,  1.605714e-02
	-8.017196e-02, -1.406647e-02
	-7.562367e-02, -1.841478e-02
	-4.676885e-01,  3.809756e-01
	-5.000000e-01,  3.894864e-01
	-5.000000e-01,  3.372727e-01
	-2.647776e-03, -4.595923e-01
	 1.332366e-02, -4.607257e-01
	 6.380609e-03, -4.063750e-01
	 2.136854e-02, -4.241327e-01
	 1.369627e-02, -4.604539e-01
	-5.954884e-02, -6.553685e-02
	-2.612640e-02, -4.607133e-02
	-7.728117e-02, -5.720141e-02
	-2.247771e-02, -3.196519e-02
	-5.000000e-01,  2.779502e-01
	-4.978734e-01,  2.775652e-01
	-1.527843e-01, -1.025798e-01
	-1.847249e-01, -1.279772e-01
	-1.584477e-01, -5.656166e-02
	-1.655988e-01, -5.277827e-02
	-2.019911e-01, -1.178457e-01
	-2.016335e-01, -7.513065e-02
	-4.576609e-01, -8.693598e-02
	-4.469189e-01, -6.131678e-02
	-5.000000e-01, -9.000669e-02
	-2.375686e-01, -1.230641e-01
	-2.597913e-01, -8.141949e-02
	-2.427056e-01, -5.482199e-02
	-2.572073e-01, -1.033320e-01
	-2.379883e-01, -5.352212e-02
	 1.439502e-01, -2.529255e-01
	 1.676624e-01, -2.841599e-01
	 1.540391e-01, -3.010584e-01
	 1.212463e-01, -2.683839e-01
	 1.258442e-01, -2.972397e-01
	-2.194440e-01,  4.177065e-01
	-2.485518e-01,  4.126099e-01
	-1.934080e-01,  4.552559e-01
	-2.301726e-01,  4.824556e-01
	-2.646710e-01,  4.595385e-01
	-2.560750e-01,  4.206963e-01
	 2.910884e-01,  6.019125e-02
	 3.144051e-01,  8.726182e-02
	 3.192035e-01,  2.292627e-02
	 3.307561e-01,  2.568878e-02
	 3.475703e-01,  5.381463e-02
	 3.325721e-01,  8.708183e-02
	 3.676160e-01,  4.646049e-01
	 3.843933e-01,  5.000000e-01
	 3.456671e-01,  1.428673e-01
	 3.483347e-01,  1.031428e-01
	 2.924290e-01,  1.145211e-01
	-3.085417e-01, -1.305579e-01
	-3.260517e-01, -1.099088e-01
	-2.988874e-01, -6.890182e-02
	-3.237240e-01, -8.790874e-02
	 2.860078e-01,  2.910507e-01
	 3.439242e-01,  2.979840e-01
	 2.751863e-01,  3.188560e-01
	 2.882075e-01,  3.435388e-01
	 3.127407e-01,  3.514250e-01
	 3.463171e-01,  3.294585e-01
	 1.744904e-01,  3.927090e-02
	 1.616714e-01,  4.161397e-03
	 1.669479e-01,  5.042098e-02
	 1.464971e-01,  5.231417e-02
	 1.269837e-01,  2.808156e-02
	 1.336217e-01,  1.051566e-02
	-1.855626e-01,  3.975835e-01
	-1.614892e-01,  4.050369e-01
	-1.475845e-01,  3.949322e-01
	-2.018189e-01,  3.491999e-01
	-2.030825e-01,  3.523389e-01
	-1.829294e-01,  3.381557e-01
	-1.688449e-01,  3.403526e-01
	-1.442355e-01,  3.788922e-01
	-2.796500e-01,  8.526180e-02
	-2.729361e-01,  5.167191e-02
	-3.335315e-01,  7.093601e-02
	 1.118684e-01,  8.447866e-02
	 9.412465e-02,  1.283742e-01
	 9.714261e-02,  6.971297e-02
	 5.244532e-02,  7.574980e-02
	 8.021753e-02,  1.304351e-01
	 5.019006e-02,  9.081024e-02
	 2.368414e-01, -1.661248e-01
	 2.101261e-01, -1.519658e-01
	 2.744995e-01, -1.258942e-01
	 2.660843e-01, -1.083879e-01
	 2.949080e-01, -1.368903e-01
	 2.948574e-01, -1.858102e-01
	 2.411507e-01, -1.753117e-01
	 2.305440e-01,  1.511225e-01
	 2.349755e-01,  2.233150e-01
	 2.580042e-01,  2.251976e-01
	 2.024969e-01,  1.841023e-01
	 2.229703e-01,  1.537200e-01
	 5.653749e-02, -3.530891e-01
	 4.450612e-02, -3.824382e-01
	 2.953246e-02, -3.286110e-01
	-3.458741e-03, -3.550587e-01
	 1.604323e-02, -3.845701e-01
	 4.050791e-01, -1.348859e-01
	 3.699627e-01, -1.016842e-01
	 4.221911e-01, -1.286508e-01
	 4.167709e-01, -8.159947e-02
	 4.256216e-01, -8.805055e-02
	 2.717852e-01, -8.639067e-02
	 2.430642e-01, -5.085347e-02
	-2.022824e-01, -3.914703e-01
	-2.019526e-01, -4.065479e-01
	-2.299978e-01, -3.655336e-01
	-2.663956e-01, -3.996462e-01
	-2.669613e-01, -4.072265e-01
	-2.619729e-01, -4.134504e-01
	-2.179809e-01, -4.250324e-01
	 2.281894e-01, -4.547942e-01
	 1.947710e-01, -4.692348e-01
	 2.620154e-01, -4.753383e-01
	 2.569611e-01, -5.000000e-01
	 1.910008e-01, -5.000000e-01
	 3.588820e-01, -3.012006e-01
	 3.915827e-01, -3.363311e-01
	 3.272156e-01, -3.453958e-01
	 2.250581e-01,  4.188269e-01
	 2.026060e-01,  3.942647e-01
	-2.186994e-01,  1.347344e-01
	-2.519919e-01,  1.823206e-01
	-2.047133e-01,  1.776860e-01
	-2.025017e-01,  1.738605e-01
	-3.606956e-01,  2.937092e-01
	-3.848020e-01,  3.177813e-01
	-3.188761e-01,  3.102231e-01
	-3.662941e-01,  3.479253e-01
	-3.262024e-01,  3.447112e-01
	-4.486282e-02,  2.345671e-01
	-5.965118e-02,  2.366448e-01
	-8.449896e-02,  2.902471e-01
	-8.027720e-02,  2.977800e-01
	-2.154334e-02,  2.840184e-01
	-7.011323e-02,  3.019897e-01
	-1.940885e-01,  1.123613e-01
	-1.989304e-01,  9.446035e-02
	-2.231595e-01,  8.575290e-02
	 2.505017e-01, -3.609398e-02
	 1.906971e-01, -1.804433e-02
	 2.186483e-01,  4.301304e-03
	 2.433636e-01, -3.423618e-03
	-1.673369e-01, -4.135017e-01
	-1.546417e-01, -4.510807e-01
	-1.864667e-01, -4.690601e-01
	-2.107136e-01, -4.622222e-01
	-7.220323e-03, -3.545307e-01
	-2.929081e-02, -3.183428e-01
	-4.816428e-02, -3.148436e-01
	 3.897263e-01,  1.920080e-01
	 4.290961e-01,  2.124111e-01
	 1.875192e-01, -4.235394e-01
	 2.243938e-01, -4.183492e-01
	 1.708946e-01, -3.955641e-01
	 1.939682e-01, -3.755865e-01
	 2.186573e-01, -3.806117e-01
	 4.718946e-01, -2.023881e-01
	 4.598059e-01, -2.044991e-01
	 4.872202e-01, -1.690748e-01
	 4.504680e-01, -1.527801e-01
	 4.368796e-01, -1.783512e-01
	 8.555061e-02,  3.670748e-01
	 9.042105e-02,  3.757334e-01
	 7.040780e-02,  3.593539e-01
	 6.007372e-02,  4.278704e-01
	 4.594213e-02,  4.231025e-01
	 8.172667e-02,  4.179586e-01
	 3.572237e-02,  3.955798e-01
	-3.571008e-02,  2.269889e-01
	 1.241051e-02,  2.393966e-01
	 3.188740e-03,  2.784935e-01
	-1.665316e-02,  2.860256e-01
	 7.972543e-02, -4.075917e-01
	 7.039157e-02, -4.130910e-01
	 9.109087e-02, -3.624510e-01
	 7.553401e-02, -3.502961e-01
	 6.580588e-02, -4.113643e-01
	 5.000000e-01, -1.108139e-01
	 4.804324e-01, -1.071648e-01
	 4.607505e-01, -8.170857e-02
	 4.712986e-01, -5.339127e-02
	 5.000000e-01, -5.313876e-02
	-3.523343e-01,  7.853956e-03
	-3.945389e-01,  4.426975e-02
	 3.965425e-01,  1.515513e-01
	 3.918259e-01,  1.466480e-01
	 3.985023e-01, -5.000000e-01
	 4.013289e-01, -4.655095e-01
	 3.480192e-01, -5.000000e-01
	 3.839446e-01, -4.538701e-01
	 3.572149e-01, -4.598919e-01
	-1.077909e-01,  3.787411e-02
	-1.094673e-01,  3.772043e-02
	-8.171182e-02,  7.341840e-02
	-1.044569e-01,  9.087675e-02
	-1.420420e-01,  7.048118e-02
	-4.672317e-01, -3.406589e-01
	-4.393925e-01, -3.189145e-01
	-4.634287e-01, -3.729078e-01
	-4.186756e-01, -3.651686e-01
	-4.579699e-01, -3.750801e-01
	-4.121254e-01, -3.382075e-01
	 4.267635e-01,  4.346169e-01
	 4.448701e-01,  4.538493e-01
	 4.513087e-01,  4.538382e-01
	 4.320429e-01,  4.006711e-01
	 4.808161e-01,  4.241123e-01
	 4.705613e-01,  3.836551e-01
	 4.605185e-01,  3.790976e-01
	 2.669577e-01, -4.710172e-01
	 2.703969e-01, -4.154550e-01
	 2.252191e-01, -4.190232e-01
	-3.984385e-01,  1.823393e-01
	-3.835411e-01,  1.978637e-01
	-4.333212e-01,  1.939802e-01
	-4.298967e-01,  2.248946e-01
	-3.932220e-01,  2.218247e-01
	 2.737294e-01, -3.836824e-01
	 2.351401e-01, -3.666602e-01
	 2.851920e-01, -3.450063e-01
	 2.616306e-01, -3.303393e-01
	 2.357254e-01, -3.489892e-01
	-1.708936e-01, -3.486811e-01
	-1.910941e-01, -3.328078e-01
	-1.317059e-01, -3.280072e-01
	-4.297283e-01,  9.344031e-02
	-4.332414e-01,  8.266405e-02
	-4.380631e-01,  1.156113e-01
	-5.000000e-01,  9.341880e-02
	-4.697229e-01,  1.300501e-01
	-5.000000e-01,  8.567101e-02
	-4.646431e-01,  7.127094e-02
	-3.108568e-01, -4.180617e-01
	-3.268255e-01, -4.055819e-01
	-2.905914e-01, -3.616027e-01
	-3.264155e-01, -3.706802e-01
	-2.078690e-01, -1.775056e-01
	-1.901769e-01, -2.143665e-01
	 3.218353e-01, -2.684178e-01
	 3.141887e-01, -2.700905e-01
	 3.468162e-01, -2.284826e-01
	 2.973937e-01, -1.892390e-01
	 3.323826e-01, -1.967115e-01
	 2.715322e-01, -2.416452e-01
	 2.709511e-01, -2.402576e-01
	 2.153304e-01,  3.555205e-01
	 2.118760e-01,  3.456044e-01
	 1.701297e-01,  3.354656e-01
	 1.551168e-01,  3.417918e-01
	 3.995266e-01, -2.192162e-01
	 3.825893e-01, -2.327942e-01
	 4.036886e-01, -1.836961e-01
	 3.924496e-01, -1.694620e-01
	 3.533854e-01, -1.687912e-01
	-1.775873e-01, -5.000000e-01
	-2.233472e-01, -5.000000e-01
	-2.157110e-01, -4.660910e-01
	-4.207996e-02,  6.212833e-02
	-5.848165e-02,  7.546611e-02
	 3.724778e-01,  3.888563e-01
	 3.988686e-01,  4.348328e-01
	-1.702844e-01, -3.605018e-01
	-2.290767e-01, -3.478061e-01
	-3.517248e-01, -2.137671e-01
	-3.076784e-01, -1.518123e-01
	-3.575238e-01, -1.808304e-01
	-3.530574e-01, -1.730897e-01
	 4.051514e-01,  3.306086e-01
	 3.586931e-01,  3.378936e-01
	 3.729309e-01,  3.882179e-01
	 3.901399e-01,  3.818798e-01
	 4.114747e-01,  3.374944e-01
	 5.000000e-01,  3.766378e-01
	 5.000000e-01,  4.283546e-01
	 2.978327e-02, -3.126285e-01
	-3.726114e-03, -2.998960e-01
	-1.068042e-01, -4.725845e-01
	-1.311642e-01, -4.755290e-01
	-9.874411e-02, -4.352320e-01
	-1.526645e-01, -4.514551e-01
	-1.164144e-01, -4.279150e-01
	-1.172261e-01,  2.292992e-01
	-1.237842e-01,  2.434026e-01
	-8.894671e-02,  2.195701e-01
	-1.031724e-01,  2.830978e-01
	 6.889761e-02,  3.562258e-01
	 2.614133e-02,  3.309346e-01
	-4.736007e-03,  3.427842e-01
	-3.345073e-03,  3.849511e-01
	-5.443677e-03,  3.871014e-01
	-5.102181e-03,  4.383021e-01
	 1.113249e-02,  4.513515e-01
	 5.000000e-01, -2.240276e-01
	 5.000000e-01, -1.641365e-01
	 6.733586e-02,  2.464369e-01
	 3.282811e-02,  2.278803e-01
	 3.466278e-02,  2.983523e-01
	 3.078121e-01, -7.099198e-02
	 3.167929e-01, -4.287351e-02
	 3.409432e-01, -1.123098e-01
	 3.546962e-01, -4.162261e-02
	 3.582661e-01, -4.396539e-02
	 3.631911e-01, -1.002982e-01
	 2.266072e-01,  5.313935e-02
	 2.574219e-01,  3.403857e-02
	 2.263373e-01,  7.900953e-02
	 2.455606e-01,  9.356368e-02
	 2.798426e-01,  5.964813e-02
	-5.690411e-02,  3.972579e-01
	-5.318136e-02,  4.437769e-01
	 4.105890e-01, -3.318030e-01
	 4.238799e-01, -2.990456e-01
	 4.694671e-01, -2.989317e-01
	 4.778873e-01, -3.109720e-01
	 4.552616e-01, -3.476856e-01
	 2.350057e-01, -2.857607e-01
	 2.062691e-01, -3.057831e-01
	 1.817894e-01, -2.829551e-01
	 2.075197e-01, -2.483478e-01
	-1.087728e-01,  3.415163e-01
	-1.404408e-01,  3.216166e-01
	-1.393863e-01,  2.968242e-01
	 2.596350e-01,  3.815538e-01
	 2.299609e-01,  3.211775e-01
	-1.664364e-01,  1.619176e-01
	-1.427293e-01,  1.762069e-01
	-1.969110e-01,  2.223273e-01
	-1.839709e-01,  2.282613e-01
	-1.434943e-01,  2.022436e-01
	-4.834033e-02,  3.397076e-01
	-7.193234e-03,  3.409994e-01
	-3.067777e-01,  1.758510e-01
	-2.306620e-01,  2.882450e-01
	-2.384286e-01,  3.105551e-01
	-1.924371e-01,  2.907397e-01
	 2.024333e-01, -3.284692e-01
	 2.416227e-01, -2.863134e-01
	 2.617894e-01, -3.059066e-01
	 2.492878e-01,  1.043594e-01
	 4.112993e-01, -4.969255e-02
	 4.530638e-01, -2.599792e-02
	 1.421411e-01, -5.257361e-02
	 1.471487e-01, -5.153756e-02
	 1.300875e-01, -9.979558e-02
	 1.622738e-01, -1.186825e-01
	 1.278856e-02,  1.148550e-01
	 5.804902e-02,  1.496213e-01
	 2.005461e-02,  1.350988e-01
	-4.524293e-01, -4.462023e-01
	-5.000000e-01, -4.213789e-01
	-4.542488e-01, -4.418282e-01
	-7.477366e-02, -1.643687e-01
	-1.091620e-01, -1.119633e-01
	-9.523415e-02, -1.175419e-01
	-7.419247e-02, -1.624408e-01
	-1.106510e-01, -1.126088e-01
	-2.550848e-02,  1.779996e-01
	-3.705896e-01, -1.222869e-01
	-3.699015e-01, -1.206747e-01
	 5.000000e-01,  2.279338e-01
	 5.000000e-01,  2.941697e-01
	 2.200449e-01,  2.816188e-01
	 1.957868e-01,  2.633744e-01
	 1.762355e-01,  2.709548e-01
	-1.568388e-01,  1.205471e-01
	-1.507550e-01,  7.191553e-02
	-2.666717e-01, -4.642513e-01
	-2.796315e-01, -4.761408e-01
	-3.150478e-01, -4.534398e-01
	-2.089349e-02,  5.000000e-01
	 1.123553e-02,  4.522839e-01
	-1.064474e-01, -6.740104e-02
	-1.159612e-01, -2.040908e-02
	-1.253945e-01, -5.157872e-02
	-1.831328e-02, -2.585182e-01
	-6.337131e-03, -2.661894e-01
	-2.244146e-02, -2.348447e-01
	-2.871628e-03, -2.144537e-01
	 2.887695e-02, -2.233663e-01
	 2.141577e-02, -2.559405e-01
	-4.260057e-01, -5.000000e-01
	-4.172242e-01, -4.637182e-01
	 1.306787e-01, -4.161344e-01
	 1.472363e-01, -3.936794e-01
	 1.305668e-01, -3.556829e-01
	 1.273008e-01, -3.543926e-01
	 1.996241e-02, -1.446734e-01
	-2.278059e-02, -1.099543e-01
	 4.627704e-02, -1.246029e-01
	 3.301911e-02, -7.998207e-02
	-5.853789e-03, -8.692063e-02
	 9.832567e-02,  3.696029e-02
	 1.210553e-01,  8.311594e-02
	-2.814990e-01, -5.000000e-01
	-4.262439e-01,  1.429151e-01
	-4.730526e-01,  1.456993e-01
	-4.513695e-01,  1.693557e-01
	 3.076461e-01, -3.375741e-01
	 2.824208e-01, -4.027082e-01
	-1.562685e-01,  5.000000e-01
	-1.369702e-01,  4.561408e-01
	-1.059332e-01,  4.503055e-01
	-2.321714e-01, -2.766688e-01
	-2.440283e-01, -3.360183e-01
	-2.474625e-01, -2.878015e-01
	 2.990359e-01, -2.944325e-01
	-5.000000e-01, -3.925455e-01
	-4.369869e-01, -4.067049e-01
	-3.550636e-02, -1.433154e-01
	-1.234211e-02, -1.742331e-01
	-1.559365e-02, -1.826017e-01
	-5.540706e-02, -1.958447e-01
	 2.095227e-01,  3.406020e-02
	 1.881660e-01,  9.134916e-02
	 4.328285e-01, -4.073734e-01
	 4.241958e-01, -4.582901e-01
	 4.614809e-01, -4.176135e-01
	 4.703375e-01, -4.544679e-01
	 4.519020e-01, -4.743009e-01
	-2.295442e-02, -5.000000e-01
	-2.855272e-02, -4.827191e-01
	-7.784765e-02, -5.000000e-01
	-5.396127e-02, -4.763034e-01
	 1.404501e-02, -5.000000e-01
	-3.090970e-01,  2.073753e-01
	-3.441207e-01,  2.228162e-01
	-3.641458e-01,  1.956866e-01
	 1.792772e-01, -4.466428e-01
	 1.363783e-01, -4.477051e-01
	-3.925836e-01,  1.501522e-01
	-4.505327e-01,  1.777908e-01
	 4.260369e-01, -3.993436e-01
	 4.166293e-01, -3.968802e-01
	 3.878233e-01, -4.069573e-01
	-4.378736e-01,  2.378433e-01
	-4.251519e-01,  2.774191e-01
	-3.667628e-01,  2.542614e-01
	-3.680394e-01,  2.566890e-01
	 1.622927e-01, -3.325962e-01
	 1.883050e-01, -3.383164e-01
	 3.140100e-02,  4.705375e-02
	-6.243169e-03,  7.591497e-02
	 3.161750e-03,  1.086224e-01
	 3.300375e-01, -4.363132e-01
	 1.113559e-01, -3.135968e-01
	 6.913567e-02, -4.654936e-01
	 7.376409e-02, -4.594747e-01
	-5.052853e-02, -1.010495e-01
	-2.798391e-02, -1.119433e-01
	-2.602995e-01,  3.246709e-01
	-3.080266e-01,  3.003796e-01
	-3.006433e-01,  2.673502e-01
	-2.404670e-01,  2.694232e-01
	-2.985304e-01,  2.656499e-01
	 5.000000e-01,  2.052912e-01
	 4.744697e-01,  1.803735e-01
	 4.425197e-01,  1.863897e-01
	 4.574738e-01,  3.317668e-01
	 5.000000e-01,  3.272035e-01
	 2.075771e-01, -2.292384e-01
	 2.263504e-01, -2.212795e-01
	 2.631718e-01,  4.010024e-01
	-1.112976e-01,  4.107387e-01
	-7.399054e-02,  3.830856e-01
	 4.531155e-01, -2.523083e-02
	 4.009380e-01,  1.352711e-02
	 4.001539e-01,  1.272153e-02
	 4.187128e-01,  1.598493e-02
	 3.907458e-01, -3.690208e-02
	-4.980068e-01,  2.073828e-01
	-5.000000e-01,  2.069329e-01
	-5.000000e-01,  1.532727e-01
	-5.000000e-01, -2.708695e-01
	-4.820385e-01, -2.706930e-01
	-5.000000e-01, -3.236329e-01
	-4.696884e-01, -2.879802e-01
	-4.887596e-01, -3.229353e-01
	 1.835662e-01,  1.922021e-01
	 1.619672e-01,  1.893460e-01
	 1.773618e-01,  1.113973e-01
	 1.635379e-01,  1.159123e-01
	 1.501070e-01,  1.335712e-01
	-8.124704e-02, -5.000000e-01
	-3.252369e-01,  5.000000e-01
	-3.439194e-01,  4.645115e-01
	-3.908293e-01,  5.000000e-01
	-3.758352e-01,  4.652833e-01
	-3.502705e-01,  2.458611e-01
	-7.577204e-02,  3.751326e-01
	-1.070956e-01,  3.509507e-01
	-1.735610e-01,  4.515590e-02
	-1.642351e-01,  6.423270e-02
	-1.361495e-01,  6.592668e-03
	-1.492062e-01,  7.189212e-03
	 5.695741e-02,  1.740318e-01
	 3.133162e-02,  1.977356e-01
	-8.702705e-03,  1.728198e-01
	-2.938102e-01,  2.246661e-01
	-2.541191e-01,  2.101398e-01
	 3.030259e-01, -2.668714e-02
	 3.016761e-01,  1.133715e-03
	 3.602842e-01,  2.418146e-03
	-3.562345e-01, -5.901285e-02
	-2.519506e-01,  3.786909e-01
	-2.682617e-01,  3.618762e-01
	 1.282163e-01, -1.591339e-01
	 9.154901e-02, -1.869547e-01
	 9.931876e-02, -1.152544e-01
	 6.722321e-02, -1.310833e-01
	 7.085932e-02, -1.755044e-01
	 5.258176e-02,  4.937899e-01
	 7.546445e-02,  4.706976e-01
	 1.975546e-01,  2.578884e-01
	-3.908495e-01, -3.282293e-01
	-3.963895e-01, -3.913863e-01
	-3.803426e-01, -3.888618e-01
	-3.532663e-01, -3.513917e-01
	 7.085736e-02, -5.000000e-01
	-1.781799e-01, -2.460597e-02
	-1.952680e-01,  3.695533e-02
	-2.125754e-01, -1.086080e-03
	-2.069280e-01, -1.482874e-02
	-3.882747e-02,  1.305222e-01
	-5.538314e-02,  1.230222e-01
	 4.124506e-01, -2.754517e-01
	 4.416558e-01, -2.480342e-01
	 4.700552e-01, -2.668797e-01
	 3.257944e-01, -5.000000e-01
	 3.055567e-01, -4.680202e-01
	-3.885576e-01, -8.288360e-02
	-3.687139e-01, -5.996889e-02
	-1.611044e-01,  1.232733e-01
	 2.596439e-01,  1.395073e-02
	-3.505079e-01, -3.507825e-01
	-3.336084e-01, -3.211557e-01
	-3.883083e-01, -2.783547e-01
	-3.483491e-01, -2.860258e-01
	 8.693471e-02,  4.699561e-01
	 1.122434e-01,  4.383619e-01
	-2.831009e-01, -3.394778e-01
	-2.945703e-01, -3.180500e-01
	-2.810818e-01, -2.883634e-01
	 1.720148e-01, -1.525036e-02
	 1.354982e-01,  3.334964e-01
	-1.804796e-01, -1.407661e-01
	 4.541749e-01, -5.000000e-01
	-6.238484e-02, -2.204393e-01
	-7.558614e-02, -2.305004e-01
	-9.676701e-02, -2.289419e-01
	-1.633798e-01,  4.325435e-01
	-1.932884e-01,  4.552697e-01
	-1.656008e-01,  5.000000e-01
	 1.407193e-01, -1.610618e-01
	 1.427887e-01, -1.599922e-01
	 1.004729e-01, -1.126456e-01
	-4.600059e-01, -1.988330e-01
	-4.567830e-01, -2.269626e-01
	-4.711951e-01, -2.349507e-01
	-5.000000e-01, -1.819040e-01
	-5.000000e-01, -2.251947e-01
	-4.055970e-01, -8.216885e-02
	-4.284646e-01, -5.741449e-02
	-4.377308e-01, -1.120631e-01
	-3.225384e-01,  4.091990e-01
	-3.253891e-01,  4.032697e-01
	-3.255231e-01,  4.430476e-01
	-3.988527e-01,  4.363232e-01
	-3.994538e-01,  4.290115e-01
	-3.812105e-01,  3.964524e-01
	 1.512924e-01, -2.254886e-01
	 9.726186e-02, -2.104452e-01
	 7.994873e-02, -2.361898e-01
	 1.441087e-01, -2.183756e-01
	 8.333591e-02, -2.554608e-01
	 3.495578e-02, -3.584330e-02
	 7.835429e-02, -6.671601e-02
	 1.095288e-01, -3.692387e-02
	 4.382206e-02, -6.413562e-02
	 1.064366e-01, -2.649926e-02
	-2.444749e-01,  1.524370e-02
	 5.000000e-01,  1.481075e-01
	 4.818355e-01,  1.541735e-01
	-5.946746e-02, -2.761797e-01
	 4.495436e-01,  3.427150e-01
	 5.000000e-01, -2.492784e-01
	 4.381638e-01, -2.347371e-01
	 4.815416e-01,  4.768339e-01
	 4.793557e-01,  5.000000e-01
	 4.200343e-01,  5.000000e-01
	-1.380902e-01, -5.000000e-01
	 3.357029e-01, -1.223738e-01
	-4.498886e-01,  3.964720e-01
	-5.000000e-01,  4.389266e-01
	-4.645278e-01,  4.315700e-01
	-4.481186e-01,  4.064618e-01
	 5.328516e-02, -2.896847e-01
	 8.392026e-02, -3.135843e-01
	 5.920733e-02, -2.888992e-01
	 1.350234e-01, -5.000000e-01
	 1.276884e-01, -4.627796e-01
	-4.381906e-01, -1.239534e-01
	-4.071914e-01, -1.399951e-01
	 5.000000e-01, -3.999216e-01
	 5.000000e-01, -3.760602e-01
	 4.563666e-01, -3.532738e-01
	 5.000000e-01,  1.038981e-01
	 4.716528e-01,  9.646545e-02
	 4.499411e-01,  1.328491e-01
	 4.511164e-01,  1.158495e-01
	 5.000000e-01, -5.000000e-01
	 5.000000e-01, -4.565646e-01
	-2.988347e-01, -2.631180e-01
	 3.997259e-01, -3.376479e-01
	 3.939262e-01, -2.691135e-01
	 3.585203e-01, -2.988419e-01
	 1.902204e-01, -2.201906e-01
	-6.254481e-02, -2.851373e-01
	 3.306100e-02, -2.209138e-01
	 4.445487e-01,  4.548802e-02
	 4.028503e-01,  8.827122e-02
	 4.627153e-01,  5.049500e-02
	 4.606992e-01,  4.860479e-02
	 3.793283e-01,  5.533028e-02
	 3.980893e-01,  8.898247e-02
	 3.936647e-01,  9.419007e-02
	 4.808154e-01,  1.297556e-03
	 5.000000e-01, -4.499794e-04
	 5.000000e-01,  4.888544e-02
	-3.136412e-01,  3.649409e-01
	 4.296959e-01,  1.532195e-01
	-1.284583e-01, -3.929519e-01
	 3.251786e-01,  2.431584e-01
	 2.832481e-01,  2.800790e-01
	 2.657982e-01,  2.669825e-01
	-4.418563e-01,  4.587834e-01
	-4.514208e-01,  5.000000e-01
	-5.000000e-01,  5.000000e-01
	-4.053866e-01, -1.774547e-01
	 4.467913e-01, -1.416171e-01
	 3.520478e-01,  2.840095e-01
	-4.405201e-01, -2.927371e-01
	-4.190587e-01,  3.659801e-01
	-3.865464e-01,  3.802502e-01
	 1.882460e-01, -1.707364e-01
	-1.647145e-01,  2.604483e-01
	-1.481215e-01, -3.900088e-01
	-1.665066e-01,  2.708323e-01
	-2.294028e-01,  2.362869e-01
	-3.541554e-01, -2.189222e-01
	-3.264956e-01, -2.641395e-01
	 1.333942e-01,  2.029878e-01
	 1.184992e-01,  1.955237e-01
	 1.327117e-01,  2.187414e-01
	 9.504631e-02,  1.997984e-01
	-4.164267e-01, -1.891312e-02
	-3.884874e-01, -2.436743e-02
	 1.199086e-01,  5.000000e-01
	 1.461009e-01,  5.000000e-01
	 1.667196e-01,  2.687553e-01
	-3.572900e-01, -4.128126e-01
	-1.281605e-01, -2.636694e-01
	-9.730395e-02, -2.904180e-01
	-1.120974e-01, -3.324671e-01
	-4.105639e-01, -1.815089e-01
	-4.400936e-01, -1.762439e-01
	 1.072980e-01,  1.378835e-01
	-4.033030e-01,  4.334618e-02
	-4.241446e-01,  1.611295e-02
	-4.224899e-01, -1.138206e-02
	-2.215523e-02,  1.747062e-01
	-3.554483e-01, -4.723039e-01
	-3.539065e-01, -5.000000e-01
	-2.244922e-01,  5.198609e-02
	-4.055680e-01, -4.040457e-01
	-2.269025e-01,  5.000000e-01
	-4.530202e-01, -1.394690e-01
	-5.000000e-01, -1.410119e-01
	-2.698128e-01,  4.624254e-01
	 5.171439e-02,  5.000000e-01
	-4.688694e-01,  2.625972e-02
	-2.880188e-01,  5.000000e-01
	 4.333260e-02, -1.846079e-01
	 1.667271e-02, -1.592933e-01
	 5.000000e-01,  4.732502e-01
	 5.000000e-01, -3.145475e-01
	-2.474785e-01,  3.793145e-02
	-3.930924e-01, -4.510558e-01
	-3.718855e-01, -4.547283e-01
	-4.738077e-01,  2.368861e-01
	 5.000000e-01,  5.000000e-01
Mesh Facets: 1255
	15, 14
	52, 50
	110, 108
	111, 110
	28, 27
	113, 114
	23, 22
	92, 93
	131, 132
	136, 134
	8, 7
	146, 145
	95, 91
	139, 143
	7, 6
	7, 146
	156, 146
	15, 16
	166, 15
	162, 163
	115, 114
	114, 190
	122, 123
	188, 184
	168, 170
	62, 63
	79, 81
	229, 227
	124, 125
	230, 81
	84, 81
	261, 262
	43, 45
	130, 129
	118, 116
	75, 77
	75, 268
	73, 75
	250, 84
	84, 83
	252, 257
	128, 93
	94, 93
	24, 26
	48, 50
	50, 88
	277, 281
	239, 240
	329, 325
	220, 63
	59, 56
	63, 64
	22, 24
	24, 297
	191, 123
	123, 22
	334, 336
	258, 260
	69, 67
	378, 376
	254, 255
	103, 101
	116, 267
	117, 116
	388, 390
	402, 403
	293, 292
	140, 141
	339, 341
	29, 27
	115, 27
	115, 189
	251, 253
	371, 370
	104, 105
	421, 420
	355, 354
	241, 242
	294, 295
	279, 278
	315, 311
	315, 436
	313, 315
	441, 440
	304, 306
	318, 317
	2, 0
	438, 437
	3, 2
	434, 433
	444, 2
	279, 280
	279, 432
	394, 393
	200, 201
	271, 270
	282, 281
	319, 281
	78, 76
	58, 57
	213, 215
	434, 444
	435, 434
	478, 319
	318, 319
	444, 318
	368, 369
	463, 464
	234, 124
	122, 193
	122, 124
	327, 328
	248, 247
	82, 80
	225, 226
	109, 108
	108, 497
	32, 34
	431, 278
	278, 277
	41, 38
	277, 316
	195, 194
	412, 414
	508, 507
	86, 87
	471, 394
	395, 394
	113, 112
	132, 133
	132, 113
	342, 343
	39, 42
	380, 255
	255, 256
	418, 417
	407, 408
	350, 353
	134, 517
	135, 134
	439, 438
	438, 457
	143, 154
	142, 143
	111, 109
	528, 111
	109, 496
	320, 322
	208, 207
	223, 221
	403, 404
	403, 541
	514, 515
	375, 377
	45, 47
	45, 265
	365, 367
	136, 137
	547, 136
	371, 69
	371, 410
	72, 69
	545, 367
	368, 485
	367, 368
	346, 348
	498, 497
	497, 554
	499, 502
	453, 451
	204, 206
	567, 569
	571, 567
	568, 567
	147, 148
	479, 57
	55, 57
	301, 299
	531, 530
	362, 360
	542, 544
	562, 563
	335, 337
	364, 363
	301, 302
	301, 531
	531, 532
	493, 226
	224, 226
	337, 338
	581, 337
	46, 44
	176, 174
	532, 533
	532, 586
	151, 150
	321, 324
	152, 153
	538, 535
	480, 481
	507, 602
	88, 87
	88, 298
	87, 507
	86, 508
	86, 85
	606, 508
	484, 463
	466, 463
	392, 391
	393, 267
	470, 393
	266, 267
	457, 135
	457, 456
	137, 135
	549, 137
	488, 487
	578, 544
	619, 618
	544, 543
	589, 588
	140, 405
	140, 138
	18, 17
	574, 55
	55, 54
	577, 360
	360, 361
	622, 620
	237, 238
	570, 569
	569, 630
	424, 426
	89, 90
	633, 631
	598, 599
	274, 272
	584, 585
	467, 280
	282, 280
	477, 282
	343, 340
	343, 513
	494, 495
	78, 479
	77, 78
	77, 269
	479, 572
	185, 186
	446, 448
	196, 197
	65, 66
	214, 213
	481, 597
	213, 481
	439, 518
	313, 439
	312, 313
	194, 412
	194, 170
	170, 167
	412, 105
	106, 105
	237, 625
	237, 235
	347, 349
	148, 151
	148, 571
	665, 571
	151, 593
	641, 638
	590, 589
	589, 405
	405, 406
	459, 460
	675, 261
	357, 260
	260, 261
	506, 195
	197, 195
	650, 197
	271, 472
	268, 271
	283, 268
	302, 587
	369, 366
	369, 483
	303, 302
	185, 648
	183, 185
	452, 455
	664, 661
	312, 659
	314, 312
	464, 483
	465, 464
	174, 586
	174, 173
	587, 483
	587, 586
	243, 240
	324, 150
	150, 149
	324, 240
	382, 383
	681, 682
	551, 552
	688, 687
	83, 82
	83, 287
	490, 82
	311, 309
	3, 433
	5, 3
	433, 311
	487, 247
	247, 245
	449, 450
	616, 487
	167, 106
	167, 162
	162, 159
	103, 106
	384, 103
	693, 334
	335, 563
	335, 334
	563, 566
	33, 32
	499, 559
	499, 32
	699, 547
	548, 547
	503, 34
	34, 35
	158, 159
	692, 159
	492, 491
	653, 655
	707, 706
	610, 549
	548, 549
	697, 548
	212, 211
	165, 164
	634, 632
	172, 175
	19, 21
	669, 668
	171, 169
	61, 60
	36, 35
	692, 384
	692, 35
	384, 385
	71, 70
	602, 728
	603, 602
	695, 694
	522, 524
	356, 355
	355, 420
	420, 606
	605, 606
	440, 732
	305, 304
	304, 440
	674, 673
	619, 543
	376, 619
	377, 376
	377, 543
	736, 735
	352, 351
	292, 291
	292, 402
	737, 402
	425, 427
	244, 245
	401, 400
	447, 450
	450, 245
	144, 145
	145, 740
	203, 202
	29, 407
	31, 29
	417, 407
	417, 416
	239, 323
	239, 241
	422, 241
	746, 665
	594, 593
	665, 593
	710, 708
	677, 506
	505, 506
	351, 350
	350, 408
	190, 189
	190, 736
	736, 351
	189, 408
	338, 336
	336, 675
	676, 675
	591, 338
	249, 250
	286, 250
	446, 445
	446, 647
	58, 76
	58, 59
	220, 59
	74, 76
	218, 220
	751, 750
	579, 562
	564, 562
	521, 519
	160, 158
	503, 158
	500, 503
	210, 211
	177, 179
	211, 697
	698, 697
	728, 753
	729, 728
	233, 232
	389, 392
	392, 608
	758, 757
	757, 693
	693, 566
	565, 566
	523, 527
	743, 422
	423, 422
	107, 102
	550, 552
	552, 689
	459, 458
	672, 459
	264, 263
	465, 466
	465, 173
	172, 717
	173, 172
	607, 466
	423, 295
	523, 423
	730, 522
	522, 523
	295, 296
	452, 680
	451, 452
	560, 451
	288, 289
	308, 305
	305, 733
	399, 397
	473, 476
	40, 41
	431, 41
	429, 431
	745, 743
	743, 527
	526, 527
	719, 721
	756, 754
	187, 188
	188, 192
	591, 676
	46, 591
	546, 47
	357, 358
	676, 357
	47, 46
	769, 768
	775, 774
	598, 274
	274, 276
	652, 597
	597, 598
	756, 767
	755, 756
	333, 332
	771, 772
	550, 72
	550, 102
	101, 102
	101, 385
	385, 70
	72, 70
	126, 92
	90, 426
	90, 92
	426, 428
	655, 702
	655, 656
	725, 723
	536, 537
	720, 718
	654, 653
	653, 700
	186, 649
	186, 187
	187, 770
	614, 613
	65, 61
	65, 196
	169, 168
	168, 196
	61, 169
	236, 125
	25, 23
	23, 125
	386, 388
	762, 761
	398, 388
	740, 784
	784, 783
	741, 740
	414, 413
	414, 505
	749, 505
	248, 327
	327, 326
	246, 248
	48, 26
	26, 25
	25, 779
	49, 48
	231, 229
	445, 249
	445, 447
	229, 230
	447, 738
	230, 249
	686, 314
	314, 310
	120, 121
	661, 683
	661, 349
	345, 349
	99, 97
	623, 621
	99, 788
	100, 99
	705, 704
	739, 742
	715, 716
	210, 214
	214, 651
	178, 177
	177, 210
	359, 258
	258, 259
	299, 575
	299, 300
	721, 175
	745, 721
	744, 745
	592, 176
	176, 175
	720, 700
	717, 720
	700, 701
	763, 717
	476, 429
	476, 475
	429, 430
	266, 609
	266, 130
	30, 28
	112, 133
	112, 28
	130, 133
	290, 252
	252, 251
	251, 409
	792, 475
	480, 482
	475, 474
	600, 480
	772, 333
	772, 192
	191, 333
	191, 192
	758, 565
	750, 758
	750, 564
	565, 564
	276, 275
	716, 712
	790, 716
	776, 276
	96, 97
	683, 97
	684, 683
	646, 645
	600, 795
	601, 600
	265, 545
	263, 265
	387, 386
	762, 263
	386, 762
	545, 553
	441, 306
	325, 441
	325, 326
	786, 326
	306, 307
	406, 341
	671, 406
	342, 39
	342, 341
	37, 39
	442, 0
	0, 1
	677, 678
	677, 708
	709, 708
	120, 686
	686, 685
	804, 805
	120, 119
	800, 1
	1, 4
	707, 705
	620, 707
	705, 621
	621, 620
	383, 381
	681, 383
	664, 663
	664, 681
	372, 67
	67, 68
	752, 579
	760, 458
	462, 458
	579, 580
	467, 468
	217, 216
	637, 467
	98, 100
	704, 100
	704, 703
	442, 443
	442, 801
	643, 642
	629, 626
	799, 798
	672, 673
	672, 761
	397, 398
	397, 733
	733, 673
	761, 398
	288, 287
	288, 560
	204, 205
	204, 560
	690, 287
	331, 330
	803, 802
	54, 53
	542, 375
	542, 577
	375, 373
	577, 54
	316, 317
	504, 316
	643, 644
	443, 643
	443, 317
	648, 647
	680, 648
	680, 289
	286, 289
	286, 647
	332, 777
	332, 297
	298, 604
	297, 298
	516, 515
	515, 541
	541, 819
	64, 66
	66, 650
	650, 678
	64, 330
	803, 330
	803, 678
	638, 667
	638, 639
	285, 284
	524, 525
	524, 694
	694, 559
	558, 559
	347, 348
	347, 662
	348, 555
	698, 179
	179, 180
	699, 698
	822, 699
	714, 715
	782, 741
	742, 741
	715, 742
	625, 626
	660, 625
	511, 510
	626, 798
	798, 800
	800, 806
	615, 612
	769, 766
	769, 773
	739, 789
	144, 739
	144, 8
	8, 11
	166, 164
	824, 166
	164, 710
	748, 710
	671, 37
	670, 671
	38, 504
	37, 38
	504, 817
	713, 711
	181, 182
	804, 685
	685, 659
	659, 658
	826, 804
	572, 645
	572, 573
	635, 599
	599, 601
	601, 645
	538, 153
	537, 538
	155, 153
	725, 537
	725, 722
	696, 695
	764, 730
	695, 730
	809, 808
	691, 309
	309, 310
	310, 121
	396, 117
	121, 117
	646, 795
	269, 646
	795, 474
	474, 270
	270, 269
	812, 703
	703, 706
	824, 823
	706, 824
	216, 468
	216, 215
	215, 482
	794, 482
	468, 469
	379, 378
	14, 378
	12, 14
	775, 768
	753, 775
	754, 753
	768, 754
	791, 701
	492, 80
	701, 492
	79, 228
	79, 80
	822, 180
	828, 822
	181, 825
	180, 181
	811, 812
	748, 749
	749, 785
	823, 748
	812, 823
	428, 427
	778, 428
	290, 793
	290, 291
	427, 291
	329, 328
	328, 488
	488, 612
	774, 773
	774, 329
	612, 773
	536, 656
	534, 536
	657, 656
	763, 607
	763, 791
	791, 228
	608, 607
	233, 608
	228, 227
	227, 233
	296, 128
	128, 127
	809, 764
	809, 810
	764, 296
	19, 722
	19, 17
	139, 138
	139, 155
	138, 17
	722, 155
	183, 455
	455, 454
	193, 486
	193, 184
	184, 183
	827, 379
	379, 374
	814, 815
	85, 52
	52, 51
	85, 605
	731, 605
	419, 415
	207, 540
	207, 206
	628, 627
	206, 561
	56, 331
	53, 56
	373, 374
	373, 53
	814, 374
	814, 331
	430, 792
	430, 432
	469, 432
	794, 469
	792, 794
	654, 718
	718, 719
	719, 765
	654, 657
	657, 829
	209, 205
	205, 690
	690, 490
	490, 489
	724, 726
	352, 354
	352, 734
	831, 421
	354, 421
	732, 832
	674, 732
	674, 460
	461, 460
	820, 667
	667, 668
	668, 727
	161, 163
	163, 171
	669, 666
	669, 171
	637, 217
	636, 637
	212, 217
	212, 610
	610, 611
	235, 660
	235, 236
	660, 510
	509, 510
	236, 781
	33, 36
	33, 696
	696, 808
	71, 36
	68, 71
	68, 808
	501, 500
	500, 519
	154, 152
	152, 595
	519, 154
	670, 590
	670, 817
	817, 644
	644, 495
	493, 590
	495, 493
	688, 682
	688, 689
	682, 684
	684, 797
	759, 689
	511, 806
	806, 4
	4, 5
	396, 691
	396, 395
	395, 511
	5, 691
	435, 478
	436, 435
	611, 636
	611, 456
	478, 477
	477, 636
	456, 437
	437, 436
	209, 726
	726, 21
	539, 208
	208, 209
	21, 20
	751, 752
	832, 751
	461, 832
	752, 462
	461, 462
	498, 555
	555, 821
	496, 498
	529, 496
	652, 651
	652, 776
	776, 712
	712, 711
	651, 178
	178, 182
	711, 182
	622, 624
	554, 622
	346, 554
	346, 344
	635, 584
	635, 573
	574, 361
	574, 573
	364, 584
	364, 361
	819, 818
	819, 528
	529, 834
	529, 528
	604, 603
	604, 777
	729, 755
	603, 729
	755, 777
	713, 632
	713, 825
	632, 631
	631, 828
	828, 825
	13, 12
	827, 815
	12, 827
	816, 815
	362, 578
	362, 363
	582, 363
	578, 617
	580, 581
	760, 580
	264, 760
	43, 44
	43, 264
	581, 44
	387, 553
	387, 391
	484, 485
	484, 391
	485, 553
	60, 62
	727, 60
	219, 62
	833, 727
	382, 687
	382, 254
	551, 410
	551, 687
	254, 253
	410, 253
	807, 381
	381, 380
	380, 516
	818, 835
	818, 516
	322, 323
	323, 744
	592, 533
	592, 744
	533, 322
	734, 831
	734, 735
	735, 837
	837, 831
	9, 10
	583, 585
	585, 272
	273, 272
	51, 415
	51, 49
	199, 203
	203, 416
	415, 416
	787, 49
	126, 778
	127, 126
	409, 370
	409, 793
	127, 810
	778, 793
	370, 372
	810, 372
	820, 833
	820, 285
	218, 74
	74, 73
	285, 73
	833, 219
	219, 218
	262, 259
	262, 746
	576, 575
	575, 259
	746, 747
	157, 6
	6, 10
	582, 583
	582, 836
	10, 583
	835, 834
	834, 821
	807, 835
	807, 663
	821, 662
	662, 663
	556, 502
	501, 595
	501, 502
	595, 596
	404, 514
	404, 293
	257, 293
	514, 256
	256, 257
	826, 658
	517, 826
	517, 518
	518, 658
	616, 449
	614, 616
	649, 614
	649, 448
	449, 448
	520, 142
	640, 340
	340, 339
	142, 141
	141, 339
	779, 787
	779, 780
	198, 199
	199, 787
	770, 771
	770, 613
	767, 766
	766, 615
	767, 771
	615, 613
	202, 31
	202, 201
	470, 609
	470, 201
	30, 609
	30, 31
	118, 129
	118, 119
	805, 119
	805, 131
	131, 129
	830, 829
	526, 765
	526, 525
	525, 558
	765, 829
	557, 558
	413, 411
	785, 811
	785, 413
	98, 811
	98, 96
	796, 96
	356, 731
	353, 356
	418, 353
	419, 418
	731, 419
	546, 358
	365, 546
	303, 366
	300, 303
	365, 366
	300, 359
	358, 359
	42, 512
	42, 40
	40, 473
	472, 473
	679, 472
	640, 520
	641, 640
	160, 521
	160, 161
	521, 520
	666, 641
	161, 666
	629, 628
	628, 540
	813, 629
	540, 221
	221, 222
	709, 165
	802, 709
	13, 816
	16, 13
	165, 16
	802, 816
	345, 788
	345, 344
	623, 788
	623, 624
	344, 624
	513, 639
	639, 284
	679, 512
	512, 513
	284, 283
	283, 679
	9, 273
	9, 11
	789, 790
	790, 275
	275, 273
	789, 11
	401, 390
	401, 738
	231, 738
	232, 389
	232, 231
	389, 390
	830, 557
	557, 556
	596, 556
	596, 535
	534, 830
	535, 534
	630, 424
	630, 737
	424, 425
	737, 425
	149, 243
	149, 95
	242, 243
	95, 94
	242, 294
	94, 294
	570, 89
	570, 568
	147, 568
	147, 91
	91, 89
	107, 759
	104, 107
	796, 411
	796, 797
	104, 411
	759, 797
	786, 307
	307, 308
	246, 786
	246, 244
	399, 400
	400, 244
	308, 399
	724, 489
	724, 723
	723, 702
	491, 702
	489, 491
	539, 20
	223, 539
	224, 223
	588, 224
	20, 18
	18, 588
	225, 494
	225, 222
	494, 642
	642, 801
	801, 799
	799, 813
	813, 222
	454, 453
	486, 454
	627, 238
	627, 561
	234, 486
	453, 561
	238, 234
	157, 836
	157, 156
	618, 156
	617, 618
	836, 617
	198, 780
	200, 198
	471, 200
	509, 471
	780, 781
	781, 509
	747, 576
	747, 594
	576, 530
	530, 320
	321, 594
	321, 320
	634, 714
	634, 633
	783, 782
	783, 633
	714, 782
Facet Neighbors: 1255
	-1, 2
	9, 15
	-1, 19
	-3, 19
	5, 20
	-4, 20
	4, 22
	16, 23
	-4, 24
	-4, 25
	1, 27
	-1, 27
	16, 28
	26, 29
	1, 30
	27, 30
	-1, 30
	2, 32
	-1, 32
	31, 33
	20, 37
	-4, 37
	22, 38
	36, 38
	33, 39
	11, 43
	14, 45
	45, 46
	22, 47
	45, 50
	14, 50
	-3, 52
	8, 53
	24, 54
	21, 54
	13, 55
	55, 58
	13, 58
	50, 59
	14, 59
	51, 60
	23, 61
	16, 61
	4, 62
	9, 62
	15, 62
	57, 66
	48, 67
	-2, 68
	43, 69
	10, 69
	11, 69
	4, 70
	62, 70
	38, 70
	22, 70
	-3, 71
	52, 75
	12, 78
	-1, 79
	51, 80
	18, 81
	54, 83
	21, 83
	82, 84
	-3, 85
	60, 85
	26, 86
	72, 86
	5, 87
	20, 87
	37, 87
	51, 88
	78, 88
	18, 89
	-2, 91
	74, 91
	48, 92
	61, 92
	57, 94
	65, 95
	95, 96
	65, 96
	-2, 97
	64, 97
	66, 98
	0, 98
	96, 101
	0, 103
	95, 103
	98, 103
	57, 105
	94, 105
	83, 106
	40, 106
	55, 107
	57, 108
	66, 108
	13, 109
	10, 109
	42, 110
	103, 111
	95, 111
	108, 111
	66, 111
	98, 111
	77, 112
	104, 112
	47, 113
	38, 113
	22, 113
	68, 114
	49, 114
	14, 115
	44, 116
	19, 117
	-1, 117
	6, 118
	94, 119
	57, 119
	7, 119
	66, 119
	39, 120
	89, 120
	-2, 121
	15, 121
	106, 122
	83, 122
	20, 123
	24, 123
	-4, 123
	72, 124
	7, 124
	80, 125
	51, 125
	90, 126
	87, 126
	74, 126
	-4, 127
	25, 127
	96, 127
	101, 127
	29, 128
	26, 128
	19, 130
	-3, 130
	117, 130
	67, 131
	41, 133
	44, 133
	85, 134
	-3, 134
	125, 134
	79, 135
	8, 136
	53, 136
	77, 136
	25, 137
	-4, 137
	78, 138
	88, 138
	12, 138
	136, 139
	112, 139
	77, 139
	73, 140
	117, 140
	-1, 140
	118, 141
	100, 142
	41, 142
	-3, 144
	-3, 145
	144, 145
	28, 145
	109, 146
	10, 146
	63, 147
	131, 147
	76, 148
	135, 148
	143, 149
	71, 149
	76, 150
	63, 151
	147, 151
	131, 151
	116, 152
	44, 152
	71, 153
	149, 153
	8, 153
	34, 154
	131, 154
	151, 154
	28, 155
	67, 155
	29, 156
	132, 156
	110, 157
	-2, 158
	15, 158
	62, 158
	121, 158
	121, 159
	15, 159
	-2, 159
	112, 160
	104, 160
	82, 160
	83, 161
	106, 161
	54, 161
	127, 162
	101, 162
	25, 162
	137, 162
	114, 163
	148, 164
	-1, 164
	135, 164
	152, 165
	86, 165
	26, 165
	3, 165
	146, 166
	10, 166
	148, 166
	76, 166
	-1, 167
	47, 168
	144, 169
	-3, 169
	93, 169
	16, 169
	-4, 170
	157, 171
	56, 171
	150, 171
	105, 172
	57, 172
	108, 172
	72, 173
	124, 173
	116, 174
	109, 175
	13, 175
	55, 175
	146, 175
	36, 176
	99, 176
	39, 177
	11, 177
	42, 178
	157, 178
	110, 178
	127, 180
	96, 180
	65, 180
	120, 181
	39, 181
	33, 181
	89, 181
	18, 181
	168, 182
	47, 182
	73, 183
	28, 184
	145, 184
	-3, 184
	155, 184
	173, 185
	152, 186
	165, 186
	86, 186
	102, 187
	-3, 188
	75, 188
	52, 188
	120, 189
	39, 189
	177, 189
	107, 190
	55, 190
	58, 190
	151, 191
	77, 191
	112, 191
	63, 191
	176, 192
	36, 192
	100, 192
	183, 193
	180, 194
	65, 194
	112, 195
	104, 195
	154, 195
	34, 195
	191, 195
	151, 195
	48, 196
	155, 196
	28, 196
	67, 196
	80, 197
	193, 197
	138, 198
	197, 198
	14, 199
	59, 199
	115, 199
	65, 200
	103, 200
	0, 200
	95, 200
	114, 201
	49, 201
	99, 201
	163, 201
	181, 202
	33, 202
	31, 202
	18, 202
	81, 202
	-3, 203
	149, 203
	71, 203
	143, 203
	6, 204
	141, 204
	118, 204
	-4, 205
	137, 205
	118, 206
	6, 206
	31, 206
	202, 206
	115, 207
	179, 207
	-1, 208
	162, 209
	137, 209
	205, 209
	42, 209
	32, 210
	170, 211
	34, 212
	3, 213
	185, 214
	33, 214
	11, 214
	6, 215
	202, 215
	206, 215
	81, 215
	12, 215
	-2, 216
	158, 216
	204, 217
	129, 217
	74, 218
	91, 218
	-2, 218
	159, 218
	-2, 219
	64, 219
	97, 219
	187, 219
	164, 220
	-1, 220
	79, 220
	135, 220
	-4, 221
	74, 221
	60, 222
	85, 222
	-3, 222
	93, 222
	49, 223
	84, 223
	99, 223
	201, 223
	27, 224
	-1, 224
	40, 225
	87, 225
	5, 225
	126, 225
	90, 225
	67, 226
	48, 226
	92, 226
	-3, 227
	155, 227
	184, 227
	210, 228
	189, 228
	120, 228
	74, 229
	126, 229
	37, 229
	-4, 229
	221, 229
	87, 229
	71, 230
	-3, 230
	188, 230
	153, 230
	50, 231
	59, 231
	99, 231
	176, 231
	109, 232
	10, 232
	69, 232
	13, 232
	43, 232
	-2, 233
	149, 233
	143, 233
	128, 234
	31, 234
	206, 234
	118, 234
	42, 235
	35, 235
	209, 235
	205, 235
	-2, 236
	216, 236
	46, 237
	82, 237
	160, 237
	-2, 238
	-3, 238
	203, 238
	143, 238
	129, 239
	226, 239
	92, 239
	18, 240
	138, 240
	198, 240
	102, 241
	187, 241
	53, 241
	104, 242
	195, 242
	212, 242
	34, 242
	160, 242
	92, 243
	239, 243
	217, 243
	129, 243
	61, 243
	192, 244
	100, 244
	142, 244
	59, 244
	64, 245
	219, 245
	84, 245
	107, 246
	7, 246
	119, 246
	94, 246
	226, 247
	239, 247
	129, 247
	212, 247
	236, 248
	36, 249
	38, 249
	230, 250
	153, 250
	136, 250
	75, 250
	188, 250
	8, 250
	248, 251
	-2, 251
	171, 252
	56, 252
	178, 252
	157, 252
	248, 253
	236, 253
	70, 253
	249, 253
	138, 254
	240, 254
	18, 254
	81, 254
	215, 254
	12, 254
	23, 255
	169, 255
	16, 255
	93, 255
	207, 256
	179, 256
	213, 256
	132, 256
	212, 257
	179, 257
	207, 257
	176, 258
	36, 258
	249, 258
	163, 258
	11, 259
	177, 259
	33, 259
	39, 259
	214, 259
	47, 260
	4, 260
	22, 260
	82, 261
	241, 261
	84, 261
	-1, 262
	-4, 262
	224, 262
	89, 263
	120, 263
	228, 263
	114, 264
	68, 264
	49, 264
	62, 265
	4, 265
	260, 265
	9, 265
	46, 266
	231, 266
	99, 266
	45, 266
	223, 266
	50, 266
	194, 267
	65, 267
	21, 267
	193, 268
	183, 268
	73, 268
	17, 268
	167, 269
	268, 269
	17, 269
	208, 269
	224, 270
	211, 270
	42, 271
	178, 271
	35, 271
	235, 271
	75, 272
	52, 272
	147, 272
	63, 272
	212, 273
	247, 273
	226, 273
	154, 273
	34, 273
	257, 274
	212, 274
	207, 274
	242, 274
	246, 275
	107, 275
	94, 275
	161, 276
	54, 276
	5, 276
	123, 276
	20, 276
	24, 276
	60, 277
	51, 277
	88, 277
	275, 278
	110, 278
	107, 278
	157, 278
	253, 279
	249, 279
	70, 279
	38, 279
	238, 280
	-2, 280
	233, 280
	143, 280
	56, 281
	211, 281
	270, 281
	252, 281
	17, 282
	268, 282
	193, 282
	175, 283
	278, 283
	157, 283
	136, 284
	53, 284
	82, 284
	241, 284
	261, 284
	139, 284
	97, 285
	-2, 285
	68, 285
	264, 285
	64, 285
	86, 286
	186, 286
	124, 286
	72, 286
	7, 286
	98, 287
	0, 287
	189, 288
	228, 288
	210, 288
	267, 289
	194, 289
	-4, 289
	21, 289
	287, 290
	0, 290
	208, 291
	-1, 291
	269, 291
	167, 291
	80, 292
	197, 292
	183, 292
	193, 292
	78, 293
	12, 293
	233, 294
	241, 294
	102, 294
	149, 294
	105, 295
	42, 295
	172, 295
	17, 296
	269, 296
	208, 296
	98, 297
	287, 297
	174, 297
	168, 298
	287, 298
	187, 299
	241, 299
	84, 299
	245, 299
	219, 299
	261, 299
	59, 300
	244, 300
	41, 300
	142, 300
	199, 300
	69, 301
	288, 301
	10, 302
	135, 302
	148, 302
	79, 302
	166, 302
	66, 303
	119, 303
	174, 303
	297, 303
	98, 303
	176, 304
	192, 304
	244, 304
	59, 304
	231, 304
	253, 305
	70, 305
	158, 305
	62, 305
	125, 306
	134, 306
	-3, 306
	11, 307
	177, 307
	189, 307
	69, 307
	301, 307
	288, 307
	185, 308
	173, 308
	58, 308
	129, 309
	217, 309
	204, 309
	141, 309
	73, 310
	183, 310
	140, 310
	235, 311
	35, 311
	205, 311
	-4, 311
	211, 312
	262, 312
	224, 312
	270, 312
	168, 313
	182, 313
	122, 313
	298, 313
	287, 313
	290, 313
	163, 314
	248, 314
	251, 314
	270, 315
	224, 315
	27, 315
	1, 315
	32, 316
	-1, 316
	210, 316
	228, 316
	286, 317
	186, 317
	119, 317
	7, 317
	303, 317
	211, 318
	35, 318
	289, 319
	194, 319
	180, 319
	-4, 319
	175, 320
	146, 320
	171, 320
	157, 320
	283, 320
	156, 321
	132, 321
	29, 321
	256, 321
	213, 321
	204, 322
	243, 322
	217, 322
	293, 322
	200, 323
	65, 323
	267, 323
	83, 323
	21, 323
	283, 324
	175, 324
	278, 324
	107, 324
	55, 324
	296, 325
	208, 325
	316, 325
	-1, 325
	295, 326
	42, 326
	110, 326
	278, 326
	105, 326
	79, 327
	-1, 327
	2, 327
	251, 328
	-2, 328
	236, 328
	248, 328
	274, 329
	115, 329
	207, 329
	45, 329
	14, 329
	311, 330
	-4, 330
	318, 330
	35, 330
	296, 331
	228, 331
	263, 331
	316, 331
	325, 331
	93, 332
	255, 332
	277, 332
	60, 332
	222, 332
	68, 333
	114, 333
	163, 333
	251, 333
	-2, 333
	314, 333
	256, 334
	132, 334
	179, 334
	242, 335
	274, 335
	329, 335
	160, 335
	237, 335
	45, 335
	46, 335
	61, 336
	23, 336
	322, 336
	293, 336
	243, 336
	213, 337
	3, 337
	26, 337
	29, 337
	165, 337
	321, 337
	192, 338
	100, 338
	113, 338
	38, 338
	36, 338
	327, 339
	79, 339
	301, 339
	15, 340
	9, 340
	159, 340
	218, 340
	90, 340
	133, 341
	41, 341
	168, 341
	142, 341
	69, 342
	10, 342
	79, 342
	302, 342
	339, 342
	301, 342
	275, 343
	94, 343
	105, 343
	326, 343
	278, 343
	257, 344
	212, 344
	247, 344
	179, 344
	334, 344
	41, 345
	300, 345
	199, 345
	115, 345
	213, 345
	74, 346
	221, 346
	-2, 346
	91, 346
	-2, 347
	219, 347
	187, 347
	102, 347
	308, 348
	185, 348
	214, 348
	31, 349
	33, 349
	185, 349
	214, 349
	295, 350
	172, 350
	42, 350
	209, 350
	162, 350
	182, 351
	47, 351
	313, 351
	122, 351
	260, 351
	6, 352
	204, 352
	322, 352
	215, 352
	12, 352
	293, 352
	118, 353
	234, 353
	29, 353
	156, 353
	128, 353
	186, 354
	317, 354
	303, 354
	174, 354
	152, 354
	116, 354
	197, 355
	198, 355
	193, 355
	282, 355
	240, 355
	313, 356
	290, 356
	0, 356
	323, 356
	83, 356
	122, 356
	200, 356
	111, 357
	95, 357
	350, 357
	162, 357
	108, 357
	172, 357
	101, 357
	96, 357
	345, 358
	213, 358
	133, 358
	41, 358
	3, 358
	233, 359
	-2, 359
	347, 359
	294, 359
	102, 359
	140, 360
	310, 360
	117, 360
	130, 360
	178, 361
	252, 361
	281, 361
	211, 361
	271, 361
	35, 361
	318, 361
	167, 362
	-1, 362
	140, 362
	73, 362
	171, 363
	320, 363
	166, 363
	146, 363
	150, 363
	76, 363
	306, 364
	-3, 364
	360, 364
	130, 364
	158, 365
	305, 365
	236, 365
	216, 365
	253, 365
	211, 366
	318, 366
	170, 366
	-4, 366
	330, 366
	2, 367
	339, 367
	327, 367
	301, 367
	148, 368
	76, 368
	150, 368
	164, 368
	149, 369
	294, 369
	241, 369
	8, 369
	53, 369
	153, 369
	284, 370
	82, 370
	112, 370
	160, 370
	139, 370
	11, 371
	214, 371
	43, 371
	348, 371
	197, 372
	80, 372
	138, 372
	198, 372
	51, 372
	88, 372
	292, 373
	80, 373
	125, 373
	364, 373
	306, 373
	67, 374
	226, 374
	154, 374
	273, 374
	131, 374
	346, 375
	221, 375
	-4, 375
	-2, 375
	1, 376
	150, 376
	171, 376
	56, 376
	340, 377
	9, 377
	40, 377
	225, 377
	90, 377
	265, 377
	255, 378
	23, 378
	88, 378
	277, 378
	336, 378
	332, 378
	78, 378
	293, 378
	348, 379
	308, 379
	232, 379
	13, 379
	58, 379
	371, 379
	43, 379
	52, 380
	-3, 380
	147, 380
	272, 380
	227, 380
	30, 381
	1, 381
	150, 381
	368, 381
	376, 381
	364, 382
	360, 382
	373, 382
	292, 382
	310, 382
	183, 382
	141, 383
	353, 383
	118, 383
	156, 383
	134, 384
	85, 384
	60, 384
	125, 384
	51, 384
	319, 385
	-4, 385
	127, 385
	180, 385
	201, 386
	163, 386
	258, 386
	176, 386
	99, 386
	128, 387
	173, 387
	72, 387
	26, 387
	86, 387
	265, 388
	260, 388
	40, 388
	377, 388
	249, 389
	258, 389
	248, 389
	314, 389
	253, 389
	163, 389
	225, 390
	40, 390
	161, 390
	106, 390
	276, 390
	5, 390
	54, 391
	21, 391
	289, 391
	-4, 391
	24, 391
	334, 392
	247, 392
	129, 392
	309, 392
	344, 392
	141, 392
	89, 393
	331, 393
	263, 393
	296, 393
	17, 393
	282, 393
	218, 394
	74, 394
	126, 394
	90, 394
	340, 394
	250, 395
	136, 395
	191, 395
	63, 395
	77, 395
	272, 395
	75, 395
	124, 396
	7, 396
	246, 396
	107, 396
	190, 396
	387, 397
	173, 397
	234, 397
	31, 397
	128, 397
	185, 397
	349, 397
	168, 398
	341, 398
	298, 398
	133, 398
	44, 398
	210, 399
	288, 399
	367, 399
	2, 399
	32, 399
	301, 399
	268, 400
	73, 400
	269, 400
	167, 400
	362, 400
	173, 401
	308, 401
	396, 401
	124, 401
	58, 401
	190, 401
	376, 402
	1, 402
	270, 402
	281, 402
	56, 402
	315, 402
	84, 403
	223, 403
	266, 403
	237, 403
	46, 403
	82, 403
	392, 404
	141, 404
	383, 404
	156, 404
	334, 404
	132, 404
	169, 405
	-3, 405
	93, 405
	222, 405
	196, 406
	28, 406
	48, 406
	16, 406
	92, 406
	61, 406
	169, 407
	144, 407
	145, 407
	28, 407
	16, 407
	240, 408
	18, 408
	393, 408
	282, 408
	89, 408
	355, 408
	285, 409
	64, 409
	264, 409
	49, 409
	84, 409
	223, 409
	245, 409
	345, 410
	213, 410
	256, 410
	207, 410
	115, 410
	358, 411
	133, 411
	44, 411
	152, 411
	3, 411
	165, 411
	116, 412
	44, 412
	174, 412
	297, 412
	287, 412
	298, 412
	398, 412
	100, 413
	338, 413
	168, 413
	341, 413
	113, 413
	142, 413
	47, 413
	381, 414
	30, 414
	-1, 414
	164, 414
	368, 414
	388, 415
	40, 415
	106, 415
	122, 415
	260, 415
	351, 415
	380, 416
	227, 416
	147, 416
	131, 416
	155, 416
	67, 416
	211, 417
	170, 417
	262, 417
	-4, 417
	312, 417
Mesh Regions: 418
	86, 88, 314, 623, 632, 918
	10, 14, 729, 1019, 1050, 1163
	0, 17, 780, 976, 1148
	224, 348, 826, 935, 1217
	6, 43, 52, 518, 533
	4, 69, 387, 577, 1098
	117, 329, 335, 352, 894
	120, 132, 465, 621, 737, 1129
	32, 154, 191, 480, 987
	1, 44, 535, 840, 1024
	50, 99, 176, 226, 414, 671, 849
	25, 51, 252, 351, 512, 693, 995
	58, 161, 356, 496, 642, 898
	35, 37, 98, 246, 416, 1040
	26, 30, 39, 113, 309, 789
	1, 45, 125, 201, 205, 839
	7, 12, 42, 234, 499, 1187, 1194
	548, 551, 600, 650, 1114
	61, 74, 263, 323, 441, 493, 1196
	2, 3, 115, 144
	4, 5, 20, 70, 128, 579
	34, 63, 544, 630, 763, 1100
	6, 22, 28, 55, 110, 519
	7, 41, 497, 821, 1030
	8, 33, 129, 580, 1103
	9, 139, 157, 215
	13, 67, 143, 223, 827, 1081
	10, 11, 15, 383, 728
	12, 174, 195, 267, 303, 1185, 1193
	13, 142, 197, 752, 828, 902
	14, 15, 16, 1049, 1234
	19, 322, 336, 422, 880, 1136
	17, 18, 345, 730, 1149
	19, 24, 261, 321, 350, 514, 881
	192, 298, 347, 450, 567
	426, 557, 710, 740, 793, 950
	23, 249, 290, 473, 509, 835
	20, 21, 71, 401
	22, 23, 54, 109, 474, 591, 834
	24, 122, 251, 260, 280, 515
	94, 385, 1025, 1085, 1094, 1239
	148, 170, 666, 845, 864, 934
	100, 253, 344, 425, 555, 648, 774, 886
	25, 49, 417, 997, 1043
	114, 149, 188, 1144, 1215, 1220
	26, 27, 29, 539, 788, 818
	27, 431, 536, 819, 1172
	28, 108, 230, 265, 517, 890, 1232
	47, 77, 301, 391, 1186
	112, 317, 379, 531, 1204
	29, 30, 38, 409, 541
	40, 60, 72, 134, 582, 1003, 1068
	31, 57, 278, 560, 1044
	32, 155, 446, 607, 988
	33, 34, 62, 212, 576, 1099
	35, 36, 95, 247, 283, 768
	237, 484, 596, 1022, 1166
	46, 79, 91, 96, 119, 240
	36, 37, 284, 701, 1041, 1160
	38, 39, 310, 410, 460, 664, 684
	40, 66, 375, 581, 802, 1066
	41, 42, 78, 456, 820, 1189
	43, 44, 45, 53, 202, 532, 689
	177, 184, 288, 562, 1124
	84, 366, 461, 616, 1202
	80, 82, 258, 294, 312, 543, 760
	46, 85, 97, 104, 121, 676
	47, 147, 196, 304, 390, 1010, 1249
	48, 111, 530, 614, 804
	49, 50, 51, 415, 669, 696, 848
	52, 53, 54, 55, 489, 590, 687
	56, 182, 189, 327, 405
	68, 131, 242, 620, 1080
	165, 266, 547, 706, 955, 1152
	76, 137, 361, 374, 399, 869, 1117
	57, 277, 478, 559, 1127
	179, 183, 228, 961, 981
	106, 156, 164, 286, 1125
	58, 73, 159, 641, 1035
	59, 153, 371, 674, 778, 837, 850
	60, 133, 305, 637, 1000, 1006
	61, 324, 355, 494
	64, 209, 432, 520, 608, 991, 1173
	62, 63, 93, 127, 210, 762, 920
	64, 380, 463, 522, 660, 1168, 1205
	65, 66, 150, 376, 1065
	67, 68, 222, 274, 617, 1082
	69, 70, 71, 136, 386, 404
	72, 73, 160, 583, 1004, 1031
	74, 123, 262, 526, 1110, 1199
	135, 389, 843, 1027, 1119
	75, 76, 362, 872
	77, 78, 392, 440, 452, 1188
	233, 378, 500, 799, 1182
	79, 92, 118, 467, 574, 855
	80, 81, 89, 102, 315, 924
	81, 82, 87, 140, 257, 930
	83, 84, 367, 612
	85, 86, 90, 105, 622, 653, 680
	250, 318, 381, 411, 538, 1077
	169, 291, 458, 832, 1226
	87, 141, 214, 929
	275, 444, 645, 876, 940
	88, 89, 90, 101, 313
	107, 208, 296, 447
	91, 92, 239, 647, 777, 856
	93, 94, 126, 211, 1096, 1240
	95, 282, 464, 573, 586, 767, 1131
	96, 97, 103, 241, 927
	98, 99, 175, 245, 413
	100, 199, 255, 585, 775
	101, 102, 103, 104, 105, 923
	106, 107, 163, 207, 287, 295, 992
	108, 109, 110, 833, 1230
	111, 112, 217, 316, 529, 805
	113, 311, 338, 786, 867, 1212
	114, 187, 244, 910, 1219
	115, 116, 146, 166, 943
	117, 168, 331, 334, 424, 900, 1062
	118, 119, 120, 121, 466, 677, 736
	122, 123, 259, 279, 398, 527
	124, 125, 203, 204
	126, 127, 719, 892, 921, 1241
	128, 129, 130, 578
	131, 132, 243, 619, 1128, 1159
	133, 134, 152, 690, 1007, 1067
	135, 136, 137, 388, 400, 1118
	138, 139, 140, 141, 213, 256, 1071
	142, 143, 421, 904, 1078, 1137
	360, 438, 455, 470, 702, 1106
	144, 145, 146, 944, 965
	147, 178, 186, 193, 1014, 1247
	198, 504, 751, 811, 1179
	148, 149, 844, 933, 1143, 1214
	150, 151, 152, 691, 1064
	153, 180, 220, 372, 672
	154, 155, 156, 162, 477, 606, 1122
	157, 158, 216, 333, 342
	159, 160, 161, 307, 442, 491, 1001
	162, 163, 164, 611, 994
	165, 166, 167, 708, 941, 954
	168, 330, 705, 1060, 1109, 1175
	169, 170, 459, 667, 847, 1231
	181, 328, 420, 437, 595
	171, 173, 231, 1191
	172, 173, 174, 268, 1192
	175, 176, 225, 248, 746, 959
	177, 178, 185, 561, 1046, 1246
	179, 180, 218, 227, 673, 980
	181, 182, 190, 326, 419, 646, 984
	183, 238, 960, 982, 1020, 1051
	184, 185, 186, 194, 285, 300
	187, 188, 221, 272, 909, 1216
	189, 190, 191, 408, 476, 989
	192, 193, 194, 297, 566, 1012
	195, 196, 270, 302, 394, 1248
	197, 198, 750, 903, 1063, 1177
	199, 236, 254, 486, 587, 605, 748
	200, 201, 202, 203, 358, 688, 966
	204, 205, 206, 364, 841
	207, 208, 209, 433, 451, 816, 993
	210, 211, 212, 575, 1095
	213, 214, 215, 216, 341, 888, 926
	217, 319, 511, 723, 806, 1074, 1092
	218, 219, 220, 369, 983, 1236
	221, 222, 223, 224, 273, 829, 1218
	225, 226, 227, 228, 675, 958
	229, 549, 636, 952, 1154
	230, 264, 656, 717, 846, 1140, 1228
	231, 232, 233, 234, 498, 1180, 1190
	235, 346, 973, 1251
	236, 237, 238, 483, 747, 956, 1021
	239, 240, 241, 649, 885, 928
	242, 243, 271, 700, 1079, 1134, 1156
	244, 655, 678, 908, 1221
	245, 246, 247, 248, 603, 745, 765
	249, 250, 289, 412, 508, 681, 1076
	251, 252, 281, 513, 694
	253, 254, 255, 485, 556, 945
	339, 502, 506, 812, 862
	256, 257, 258, 293, 743, 1072
	259, 260, 261, 262, 263, 320
	264, 265, 718, 889
	266, 292, 546, 639, 707, 1059
	267, 268, 269, 270, 395
	271, 349, 699, 878, 882, 1138
	272, 273, 274, 618, 735, 905
	275, 368, 445, 658, 875
	276, 277, 278, 407, 479
	279, 280, 281, 397, 624, 695
	282, 283, 284, 1132, 1161
	285, 286, 287, 288, 299, 1123
	289, 290, 291, 457, 682, 831
	292, 306, 545, 602, 640, 913
	293, 294, 542, 628, 742
	295, 296, 297, 298, 299, 300, 448
	301, 302, 303, 304, 1184
	305, 306, 308, 638, 911, 999
	307, 308, 443, 912, 1002
	309, 310, 311, 668, 866
	312, 313, 314, 315, 759, 922
	316, 317, 318, 319, 382, 1073
	320, 321, 322, 323, 324, 337, 353
	325, 326, 327, 328, 436
	329, 330, 331, 359, 704, 755, 895
	332, 333, 343, 428, 711
	334, 335, 336, 337, 354, 423
	338, 339, 501, 507, 570, 787, 1211
	340, 552, 633, 652, 770
	341, 342, 343, 344, 427, 887
	345, 396, 626, 732, 1145
	346, 554, 597, 713, 739, 948, 971, 1250
	347, 449, 471, 505, 563, 569, 860
	348, 503, 754, 825, 868, 932, 1209
	349, 350, 351, 516, 879, 883, 996
	352, 353, 354, 355, 356, 495, 897
	357, 358, 430, 969
	359, 360, 454, 703, 757
	361, 362, 363, 364, 842, 1116
	365, 366, 367, 368, 462, 662, 874
	369, 370, 371, 372
	373, 374, 403, 870, 1016
	375, 376, 377, 378, 803, 1183
	379, 380, 381, 382, 540, 1169, 1206
	383, 384, 525, 553, 715, 727
	385, 386, 387, 388, 389, 1026, 1093
	390, 391, 392, 439, 468, 565, 1011
	393, 394, 395, 1048, 1245
	396, 397, 398, 528, 625, 733, 795
	399, 400, 401, 402, 403, 404
	405, 406, 407, 408, 475
	409, 410, 411, 412, 537, 685
	413, 414, 415, 416, 417, 1039
	418, 419, 420, 594, 643, 936
	421, 422, 423, 424, 901, 1135
	425, 426, 427, 428, 558, 709
	429, 430, 472, 488, 783, 968
	431, 432, 433, 817, 1171
	434, 435, 436, 437, 592
	438, 439, 440, 453, 469
	441, 442, 443, 492, 915, 1195
	444, 445, 446, 521, 609, 644, 659, 986
	447, 448, 449, 450, 451, 571, 813
	452, 453, 454, 455, 456, 756, 824
	457, 458, 459, 460, 665, 683
	461, 462, 463, 661, 1207
	464, 465, 466, 467, 572, 1130
	468, 469, 470, 471, 564, 861, 1105
	472, 481, 487, 724, 784, 1089
	473, 474, 490, 510, 589, 1087
	475, 476, 477, 478, 479, 480, 1121
	481, 482, 725, 781, 807
	483, 484, 485, 486, 599, 946
	487, 488, 489, 490, 588, 686, 970, 1091
	491, 492, 493, 494, 495, 496
	497, 498, 499, 500, 800, 1029
	501, 502, 503, 504, 753, 810, 1210
	505, 506, 507, 568, 859
	508, 509, 510, 511, 1075, 1088
	512, 513, 514, 515, 516
	517, 518, 519, 534, 893, 1084, 1242
	520, 521, 522, 610, 663
	523, 524, 525, 714, 1252
	526, 527, 528, 796, 1112
	529, 530, 531, 615, 1203
	532, 533, 534, 535, 1028, 1083
	536, 537, 538, 539, 540, 541, 1170
	542, 543, 544, 627, 761
	545, 546, 547, 548, 550, 601, 1151
	549, 550, 551, 552, 635, 651, 1153
	553, 554, 598, 716, 726, 1164
	555, 556, 557, 558, 949
	559, 560, 561, 562, 1047, 1126
	563, 564, 565, 566, 567, 1013
	568, 569, 570, 571, 785, 814
	572, 573, 574, 584, 854
	575, 576, 577, 578, 579, 580, 1097
	581, 582, 583, 801, 1032
	584, 585, 586, 587, 604, 766, 776, 858
	588, 589, 590, 591
	592, 593, 594, 595
	596, 597, 598, 599, 947, 1165
	600, 601, 602, 914, 1115, 1198
	603, 604, 605, 749, 764
	606, 607, 608, 609, 610, 611, 990
	612, 613, 614, 615, 616, 1201
	617, 618, 619, 620, 621, 734
	622, 623, 631, 654, 657, 721, 1223
	624, 625, 626, 670, 698, 1146
	627, 628, 629, 630, 741, 1101
	631, 632, 722, 917
	633, 634, 635, 636
	637, 638, 639, 640, 1005, 1057
	641, 642, 758, 823, 899, 1036
	643, 644, 645, 646, 939, 985
	647, 648, 649, 773, 884
	650, 651, 652, 769, 794, 1113
	653, 654, 655, 679, 1222
	656, 657, 720, 1142, 1224
	658, 659, 660, 661, 662, 663
	664, 665, 666, 667, 668, 865
	669, 670, 697, 838, 853, 979, 1150
	671, 672, 673, 674, 675, 851
	676, 677, 678, 679, 680, 738, 907
	681, 682, 683, 684, 685
	686, 687, 688, 689, 967
	690, 691, 692, 962, 1009
	693, 694, 695, 696, 697, 698
	699, 700, 701, 877, 1038, 1157
	702, 703, 704, 705, 1107
	706, 707, 708, 942, 1058
	709, 710, 711, 712, 790
	713, 714, 715, 716, 1254
	717, 718, 719, 720, 721, 722, 891, 916
	723, 724, 725, 809, 1090
	726, 727, 728, 729, 1167
	730, 731, 732, 733, 771, 797
	734, 735, 736, 737, 738, 906
	739, 740, 792, 951, 972
	741, 742, 743, 744, 1069
	745, 746, 747, 748, 749, 957
	750, 751, 752, 753, 754, 830
	755, 756, 757, 758, 822, 896
	759, 760, 761, 762, 763, 919
	764, 765, 766, 767, 768
	769, 770, 771, 772, 798
	773, 774, 775, 776, 777, 857
	778, 779, 780, 836, 978
	781, 782, 783, 784
	785, 786, 787, 788, 789, 815
	790, 791, 792, 793, 975
	794, 795, 796, 797, 798, 1111
	799, 800, 801, 802, 803, 1034
	804, 805, 806, 807, 808, 809
	810, 811, 812, 863, 1104, 1178
	813, 814, 815, 816, 817, 818, 819
	820, 821, 822, 823, 824, 1033
	825, 826, 827, 828, 829, 830
	831, 832, 833, 834, 835, 1227
	836, 837, 838, 852, 977
	839, 840, 841, 842, 843, 1023, 1120
	844, 845, 846, 847, 1141, 1229
	848, 849, 850, 851, 852, 853
	854, 855, 856, 857, 858
	859, 860, 861, 862, 863, 1108
	864, 865, 866, 867, 868, 931, 1208
	869, 870, 871, 872, 1015
	873, 874, 875, 876, 938
	877, 878, 879, 998, 1037
	880, 881, 882, 883, 1139
	884, 885, 886, 887, 888, 925
	889, 890, 891, 892, 893, 1243
	894, 895, 896, 897, 898, 899
	900, 901, 902, 903, 904, 1061
	905, 906, 907, 908, 909, 910
	911, 912, 913, 914, 915, 1200
	916, 917, 918, 919, 920, 921, 922
	923, 924, 925, 926, 927, 928, 929, 930
	931, 932, 933, 934, 935, 1213
	936, 937, 938, 939, 940
	941, 942, 943, 944, 964, 1055
	945, 946, 947, 948, 949, 950, 951
	952, 953, 954, 955, 1155
	956, 957, 958, 959, 960, 961
	962, 963, 964, 965, 1008, 1054
	966, 967, 968, 969, 970
	971, 972, 973, 974, 975
	976, 977, 978, 979, 1147
	980, 981, 982, 983, 1052, 1237
	984, 985, 986, 987, 988, 989
	990, 991, 992, 993, 994
	995, 996, 997, 998, 1042
	999, 1000, 1001, 1002, 1003, 1004
	1005, 1006, 1007, 1008, 1009, 1056
	1010, 1011, 1012, 1013, 1014
	1015, 1016, 1017, 1018
	1019, 1020, 1021, 1022, 1053, 1162
	1023, 1024, 1025, 1026, 1027, 1028, 1086
	1029, 1030, 1031, 1032, 1033, 1034, 1035, 1036
	1037, 1038, 1039, 1040, 1041, 1042, 1043
	1044, 1045, 1046, 1047, 1048, 1244
	1049, 1050, 1051, 1052, 1053, 1233
	1054, 1055, 1056, 1057, 1058, 1059
	1060, 1061, 1062, 1063, 1176
	1064, 1065, 1066, 1067, 1068
	1069, 1070, 1071, 1072
	1073, 1074, 1075, 1076, 1077
	1078, 1079, 1080, 1081, 1082, 1133
	1083, 1084, 1085, 1086, 1238
	1087, 1088, 1089, 1090, 1091, 1092
	1093, 1094, 1095, 1096, 1097, 1098
	1099, 1100, 1101, 1102, 1103
	1104, 1105, 1106, 1107, 1108, 1109, 1174
	1110, 1111, 1112, 1113, 1114, 1115, 1197
	1116, 1117, 1118, 1119, 1120
	1121, 1122, 1123, 1124, 1125, 1126, 1127
	1128, 1129, 1130, 1131, 1132, 1158
	1133, 1134, 1135, 1136, 1137, 1138, 1139
	1140, 1141, 1142, 1143, 1144, 1225
	1145, 1146, 1147, 1148, 1149, 1150
	1151, 1152, 1153, 1154, 1155
	1156, 1157, 1158, 1159, 1160, 1161
	1162, 1163, 1164, 1165, 1166, 1167
	1168, 1169, 1170, 1171, 1172, 1173
	1174, 1175, 1176, 1177, 1178, 1179
	1180, 1181, 1182, 1183
	1184, 1185, 1186, 1187, 1188, 1189
	1190, 1191, 1192, 1193, 1194
	1195, 1196, 1197, 1198, 1199, 1200
	1201, 1202, 1203, 1204, 1205, 1206, 1207
	1208, 1209, 1210, 1211, 1212
	1213, 1214, 1215, 1216, 1217, 1218
	1219, 1220, 1221, 1222, 1223, 1224, 1225
	1226, 1227, 1228, 1229, 1230, 1231, 1232
	1233, 1234, 1235, 1236, 1237
	1238, 1239, 1240, 1241, 1242, 1243
	1244, 1245, 1246, 1247, 1248, 1249
	1250, 1251, 1252, 1253, 1254
Seed Numbers: 418
	0
	1
	2
	3
	4
	5
	6
	7
	8
	9
	10
	11
	12
	13
	14
	15
	16
	17
	18
	19
	20
	21
	22
	23
	24
	25
	26
	27
	28
	29
	30
	31
	32
	33
	34
	35
	36
	37
	38
	39
	40
	41
	42
	43
	44
	45
	46
	47
	48
	49
	50
	51
	52
	53
	54
	55
	56
	57
	58
	59
	60
	61
	62
	63
	64
	65
	66
	67
	68
	69
	70
	71
	72
	73
	74
	75
	76
	77
	78
	79
	80
	81
	82
	83
	84
	85
	86
	87
	88
	89
	90
	91
	92
	93
	94
	95
	96
	97
	98
	99
	100
	101
	102
	103
	104
	105
	106
	107
	108
	109
	110
	111
	112
	113
	114
	115
	116
	117
	118
	119
	120
	121
	122
	123
	124
	125
	126
	127
	128
	129
	130
	131
	132
	133
	134
	135
	136
	137
	138
	139
	140
	141
	142
	143
	144
	145
	146
	147
	148
	149
	150
	151
	152
	153
	154
	155
	156
	157
	158
	159
	160
	161
	162
	163
	164
	165
	166
	167
	168
	169
	170
	171
	172
	173
	174
	175
	176
	177
	178
	179
	180
	181
	182
	183
	184
	185
	186
	187
	188
	189
	190
	191
	192
	193
	194
	195
	196
	197
	198
	199
	200
	201
	202
	203
	204
	205
	206
	207
	208
	209
	210
	211
	212
	213
	214
	215
	216
	217
	218
	219
	220
	221
	222
	223
	224
	225
	226
	227
	228
	229
	230
	231
	232
	233
	234
	235
	236
	237
	238
	239
	240
	241
	242
	243
	244
	245
	246
	247
	248
	249
	250
	251
	252
	253
	254
	255
	256
	257
	258
	259
	260
	261
	262
	263
	264
	265
	266
	267
	268
	269
	270
	271
	272
	273
	274
	275
	276
	277
	278
	279
	280
	281
	282
	283
	284
	285
	286
	287
	288
	289
	290
	291
	292
	293
	294
	295
	296
	297
	298
	299
	300
	301
	302
	303
	304
	305
	306
	307
	308
	309
	310
	311
	312
	313
	314
	315
	316
	317
	318
	319
	320
	321
	322
	323
	324
	325
	326
	327
	328
	329
	330
	331
	332
	333
	334
	335
	336
	337
	338
	339
	340
	341
	342
	343
	344
	345
	346
	347
	348
	349
	350
	351
	352
	353
	354
	355
	356
	357
	358
	359
	360
	361
	362
	363
	364
	365
	366
	367
	368
	369
	370
	371
	372
	373
	374
	375
	376
	377
	378
	379
	380
	381
	382
	383
	384
	385
	386
	387
	388
	389
	390
	391
	392
	393
	394
	395
	396
	397
	398
	399
	400
	401
	402
	403
	404
	405
	406
	407
	408
	409
	410
	411
	412
	413
	414
	415
	416
	417
Phase Numbers: 418
	2
	2
	1
	3
	2
	3
	2
	2
	0
	2
	2
	1
	3
	2
	0
	2
	0
	0
	2
	3
	3
	3
	2
	2
	2
	3
	1
	2
	3
	3
	3
	3
	3
	3
	2
	3
	2
	3
	0
	2
	2
	2
	2
	2
	3
	3
	1
	2
	0
	2
	0
	2
	0
	2
	2
	3
	1
	3
	2
	3
	2
	1
	2
	3
	2
	2
	3
	3
	2
	2
	3
	2
	3
	3
	3
	2
	3
	2
	3
	2
	1
	2
	0
	0
	2
	3
	2
	3
	2
	2
	2
	2
	3
	2
	2
	2
	0
	0
	1
	3
	0
	0
	3
	3
	0
	2
	2
	3
	2
	3
	1
	2
	1
	3
	2
	2
	2
	3
	2
	3
	3
	3
	2
	3
	3
	3
	1
	3
	2
	2
	2
	3
	2
	1
	3
	2
	2
	0
	2
	2
	0
	2
	3
	2
	2
	2
	2
	2
	3
	3
	2
	3
	0
	3
	3
	0
	2
	3
	2
	0
	2
	3
	2
	3
	2
	2
	3
	3
	3
	0
	3
	2
	3
	3
	3
	3
	3
	2
	3
	3
	3
	0
	3
	2
	0
	1
	2
	1
	2
	2
	3
	2
	0
	2
	1
	2
	0
	3
	3
	3
	3
	1
	2
	3
	3
	2
	2
	0
	3
	3
	3
	2
	3
	3
	2
	1
	3
	3
	3
	3
	3
	2
	2
	2
	3
	3
	2
	0
	2
	3
	2
	0
	3
	3
	3
	1
	1
	2
	3
	0
	3
	2
	1
	1
	3
	0
	2
	1
	3
	1
	3
	2
	3
	3
	1
	2
	3
	2
	3
	3
	3
	0
	3
	1
	2
	3
	2
	2
	3
	2
	3
	0
	3
	3
	2
	1
	2
	3
	1
	3
	3
	2
	3
	3
	2
	3
	1
	2
	1
	3
	2
	2
	3
	2
	3
	1
	0
	2
	2
	3
	2
	3
	2
	3
	3
	3
	1
	2
	3
	2
	3
	2
	3
	3
	3
	2
	3
	2
	2
	3
	2
	3
	3
	2
	3
	2
	3
	2
	2
	3
	2
	0
	3
	3
	3
	2
	2
	3
	0
	3
	1
	3
	3
	2
	2
	2
	2
	1
	2
	2
	3
	2
	2
	3
	0
	3
	1
	3
	3
	3
	2
	1
	3
	0
	3
	3
	3
	1
	3
	2
	2
	2
	2
	2
	2
	3
	3
	3
	3
	0
	2
	2
	2
	3
	3
	0
	2
	2
	1
	2
	1
	2
	3
	3
	2
	2
	1
	2
	2
	3
	3
	3
	0
	3
	3
	3
	3
	2
	2
	2
	3
	3
	2
	3
	0
	2
	1
	2
Volumes: 418
	0.002561008256699211
	0.0025164603855496567
	0.0013422024789416023
	0.002162536933281352
	0.0018772997723578615
	0.002343523108316534
	0.0016383734312261956
	0.002295638652281196
	0.0023830593155796604
	0.001984030567626915
	0.0029642444676500593
	0.003047842796531415
	0.0026578457736020065
	0.0022978189858254288
	0.0026233575859960214
	0.0025816607763792547
	0.0026464070255740116
	0.0027048377353683256
	0.0028403859041353247
	0.0006442279885259337
	0.003368313242593804
	0.0017868578369998865
	0.002956408567265885
	0.0022084840296233807
	0.002264985900271379
	0.0022203133951539224
	0.002204677649207069
	0.0015182947156085788
	0.0017216632389740823
	0.002030670132105707
	0.0019236638700292023
	0.0026236039605146994
	0.0021883355051226707
	0.0030237419871894534
	0.0014355026619538142
	0.0031195589961539117
	0.0022416721759404307
	0.0018495035060658938
	0.0028785238558955728
	0.0027538470195871646
	0.0031600972759659373
	0.0015608279239828053
	0.002524167363063325
	0.002033318597062056
	0.0024357584818508566
	0.002867191312893583
	0.0022612117280589234
	0.0036827110510870877
	0.0020702371236756487
	0.001739911661138223
	0.0021324031804894235
	0.002379025187581924
	0.0024467567376693687
	0.0021325893186358294
	0.002474751518607068
	0.0020991914326134176
	0.0024455308485110197
	0.0024436068557934596
	0.0015937492580430069
	0.0024865188632316494
	0.002810342439972288
	0.0028484385384287343
	0.002181570981099207
	0.0018076302433652964
	0.001530274694468663
	0.0024022555437521074
	0.002095256127181572
	0.0019005659009192055
	0.0017500513689299767
	0.002830591564270397
	0.002778878957993267
	0.001988988494198836
	0.001623896384002603
	0.0021059038617257247
	0.0026397567537116756
	0.0020420994351622763
	0.0015448097125345076
	0.0016893799181202265
	0.003047311455884407
	0.0026422569074923273
	0.0024323670402418797
	0.0019875545437620665
	0.003820796890647315
	0.0031678006331638
	0.0035559082622607812
	0.0012790518390928007
	0.0026328825428382783
	0.0026757291102390184
	0.0021676364830130503
	0.003163848270651426
	0.0018282259363230683
	0.0011275491791249879
	0.0019526690454056575
	0.0016071279122389104
	0.002745849511372764
	0.0032135300629704657
	0.0023421094046027777
	0.0010166592297471003
	0.0029554088061045907
	0.002780874740566056
	0.001873641582329948
	0.0024476310852860326
	0.0022384737893456465
	0.0022211577574722066
	0.0015300013798437925
	0.002187507509030153
	0.003082912510517063
	0.002881605038174376
	0.0023995760243591302
	0.002463431712944857
	0.0021878085013876825
	0.002210048303545321
	0.0025464162414475583
	0.0033059451909401316
	0.0024997844863689023
	0.002307743853352572
	0.0022533777186823133
	0.002005122092333503
	0.0023166778585284992
	0.003243083280574778
	0.002594881785606858
	0.0016254708241657508
	0.003571745988789509
	0.0016900211881767497
	0.0024085766256208806
	0.0026304851282551722
	0.002002457893308653
	0.0024409818636333272
	0.0019765846095903465
	0.0018473140915315944
	0.0020080578768060277
	0.002930389087044076
	0.0027183141529596036
	0.0018484443399434049
	0.002053967638839963
	0.0014630145251505156
	0.0029971906883586256
	0.002565500838229821
	0.0031878090618698983
	0.0016677711844537966
	0.0028295597442941616
	0.001914693634405985
	0.002405677827198683
	0.0020631631204948452
	0.0008519744947034736
	0.0013493217135146854
	0.002556483156147331
	0.002382056767519879
	0.0020261219201519734
	0.002558263664122269
	0.0025200867763015998
	0.002812823606262051
	0.0023706926926096985
	0.0021136529561934193
	0.0019287659150181065
	0.0024888128193854206
	0.002182629486700647
	0.0032607314781587385
	0.003156784213767136
	0.001628586373198888
	0.002453431693701269
	0.0022691246589346013
	0.0032628058089787682
	0.0024716113663513723
	0.0019666025803788505
	0.003374760456285863
	0.002006322178021389
	0.0011458137388636548
	0.0037631524338205186
	0.002694931559765759
	0.0017121067135178003
	0.0028724624498623758
	0.002614713518579324
	0.002491800068844605
	0.0025211936828337667
	0.002589253262013107
	0.003113585603298552
	0.0025512408190336566
	0.0025885711240663943
	0.002734296820702934
	0.0024925585353340034
	0.003095109409450538
	0.0019735303344973645
	0.0025479621404618444
	0.0020829364915074928
	0.002703114427191982
	0.0029573709898793447
	0.0021236016194292064
	0.001695031662269875
	0.0026365349870351466
	0.0023878276150025137
	0.0017371334790937565
	0.002311347019114945
	0.002895352611046816
	0.0015803536968410203
	0.002069475909892853
	0.001596588454785896
	0.002508169918145152
	0.002121326394498751
	0.0018267315348958805
	0.0027517979089896932
	0.0027663372215651215
	0.002914474365850172
	0.0018830075346194918
	0.0026886697864132
	0.0021051328903814092
	0.0026115968024833227
	0.0022202778548125737
	0.001656024401231821
	0.0025210136732305385
	0.0016159566045917597
	0.004085280876004933
	0.0029313499667012197
	0.0029585886172996236
	0.0030386603959125604
	0.0027819603323429283
	0.0009455727059176303
	0.0019984030349208884
	0.002295876482107092
	0.002678011016753279
	0.0011043445504581074
	0.001892945628365209
	0.0019299350866513786
	0.003285372228868638
	0.0022376995214998608
	0.0024941987563644524
	0.002353368507210785
	0.002376631916497865
	0.0024947173721174207
	0.003532002682045432
	0.0020734280410350915
	0.00286627925198665
	0.002780765530028804
	0.0029787426744545837
	0.002480235052463911
	0.0020145783511365443
	0.002156486893489681
	0.00286315910172247
	0.001946885515400511
	0.002139754897931112
	0.003142739072158532
	0.002723576439101065
	0.0028912438427648353
	0.002444547713788762
	0.0018698031783965674
	0.002287252498521927
	0.0026483825723063468
	0.002708452638864457
	0.002800922446317209
	0.002233563509281545
	0.003183128889058947
	0.0014425296881240403
	0.0030541382063752846
	0.002822575449906745
	0.00292287273745023
	0.0022966981219809408
	0.003097336195417996
	0.0021897912971031944
	0.0024184281592560296
	0.0024485292190957503
	0.003088723660236532
	0.0031572480709080157
	0.0033427013014366395
	0.002261807236526739
	0.0022968541453015643
	0.002663567098925148
	0.003143810453298598
	0.002245009731098251
	0.002591585675868587
	0.002548589482785307
	0.002613060216027238
	0.0028093577437373015
	0.0017835344898049492
	0.0026758810748920715
	0.002676895317224737
	0.0021861777204470944
	0.0036432687634048704
	0.0016972280198633777
	0.003687794516714679
	0.0021025885092419566
	0.0016282302885469889
	0.0031902987788948755
	0.002715589098051622
	0.003028553254860716
	0.0027918194218761326
	0.0022675238129022165
	0.0023485081872739863
	0.002364018356529703
	0.0025216862801682575
	0.0023470183742980125
	0.002500810103399808
	0.0009778670414456524
	0.0021844788156383625
	0.0021175920967549337
	0.0021659255858122086
	0.0019211680378421266
	0.001974349094614313
	0.0028021585833363097
	0.002714987858815387
	0.0020925853552631766
	0.002298319038362326
	0.003094528150349822
	0.0022909935711862635
	0.003261103201255977
	0.002175265847102303
	0.0022370999467610773
	0.0027033661305431054
	0.002338659053695019
	0.0023270504646425833
	0.001977471861869807
	0.0016148748712782827
	0.0017409078826315834
	0.0018743643367061056
	0.0035239003263847915
	0.0025463659753456533
	0.001830214594412748
	0.002867123301312532
	0.0020140754632144093
	0.002524932366620167
	0.001244694844727455
	0.0021780519546535115
	0.002837666024364068
	0.0027336048634214643
	0.0024418299429796995
	0.002479372702506708
	0.002718921003353183
	0.002516859615423841
	0.0020207706416115814
	0.0016439187154663965
	0.002631093499807881
	0.001571908734814663
	0.0019211583444959947
	0.0019580335592292155
	0.0019279339154158167
	0.002262387903851364
	0.0029349151040576533
	0.002458850993770018
	0.0030626879243843474
	0.002288324245695289
	0.0029421144843855595
	0.002600860920655179
	0.002616678481109547
	0.002656044940334904
	0.0019846278150248966
	0.00265884266997054
	0.002579706393607233
	0.001707134184893812
	0.0015892173488243728
	0.0017169852543935538
	0.002528028370526576
	0.002529219298708195
	0.002613778600196977
	0.0033300551352788777
	0.002584299904596032
	0.0023049054135920568
	0.0028427086189883257
	0.002986434976482431
	0.0031784487689253136
	0.0022239214988615356
	0.0019316837015019687
	0.0024683348902619683
	0.0034832503022702807
	0.0018632251062442233
	0.0018253768582820692
	0.002807689102950104
	0.001795718987945114
	0.002809799139450905
	0.002302659264646477
	0.002691075585028359
	0.00285856398482409
	0.002618962629490228
	0.0019571744557096435
	0.0025289227389262772
	0.0027720494767265423
	0.0018096791791996482
	0.00048600414195664675
	0.0026036276998161576
	0.0029894283517873004
	0.0028611321977365257
	0.0026561042474322915
	0.003112304554447035
	0.003042989598155603
	0.0021184261295117365
	0.002532943600170601
	0.0022957088781138204
	0.0018786646684355278
	0.0017720638253810198
	0.0022106239809536192
	0.0021573081646931273
	0.0027640716094273375
	0.0029306161864080496
	0.0028701785924534415
	0.0024849592166672893
	0.0026329342908527386
	0.0029156298460307328
	0.002352282244993752
	0.0017889243666480506
	0.002702666437285844
	0.0023536413004473845
	0.001671078176793538
	0.0016843307990656187
	0.001821677201642346
	0.002537874456987323
	0.0031951498775280034
	0.002037306328408809
	0.0010670509335835615
	0.001699655160748464
	0.0017880975263370744
	0.0025449526678185874
	0.0022004725054900914
	0.0029727705870289654
	0.002804089672833743
	0.003053566345082616
	0.003220320477975993
	0.0009926350566093925
	0.002650285830766183
	0.003015740880238059
	0.003324620351124607
