Mesh Points: 846
	-1.075931e-01,  2.989091e-01
	-1.076665e-01,  2.988154e-01
	-1.055918e-01,  3.160558e-01
	-1.627696e-01,  3.454493e-01
	-1.538163e-01,  3.494644e-01
	-1.755917e-01,  3.008071e-01
	-1.197000e-01,  3.370632e-01
	-1.330188e-01,  2.876842e-01
	-5.703948e-02,  2.778146e-01
	-3.391773e-02,  2.871440e-01
	-6.280706e-02,  3.362634e-01
	-3.308000e-02,  2.983546e-01
	-1.033221e-01,  3.818752e-02
	-1.486444e-01,  4.255315e-02
	-1.003495e-01,  8.952640e-02
	-1.449627e-01,  9.075489e-02
	-1.535694e-01,  5.146180e-02
	-4.335381e-02, -3.796797e-01
	-6.073477e-02, -3.979589e-01
	-5.167014e-02, -3.415655e-01
	-6.011197e-02, -3.378549e-01
	-9.980006e-02, -3.674174e-01
	-7.424104e-02, -3.978778e-01
	 2.424230e-01,  3.417901e-03
	 2.712116e-01,  1.571721e-02
	 2.321398e-01, -2.502172e-02
	 2.578027e-01, -5.038687e-02
	 2.907065e-01,  5.093436e-03
	 2.970085e-01, -2.558634e-02
	-2.060597e-01,  3.612671e-01
	-2.269951e-01,  3.185182e-01
	-2.262016e-01,  3.384888e-01
	-1.822433e-01,  2.962231e-01
	-1.087834e-01, -8.370098e-02
	-1.270623e-01, -7.346993e-02
	-6.461534e-02, -4.381198e-02
	-6.880574e-02, -2.404193e-02
	-1.243852e-01, -2.212814e-02
	-9.431062e-02, -9.338808e-03
	 3.406597e-01,  2.446779e-01
	 2.928311e-01,  2.444897e-01
	 3.472103e-01,  2.766288e-01
	 3.456811e-01,  2.795197e-01
	 2.802442e-01,  2.829248e-01
	 2.939666e-01,  2.999573e-01
	-1.851632e-01,  4.181932e-01
	-2.129595e-01,  3.951830e-01
	-1.850720e-01,  4.289610e-01
	-2.527800e-01,  4.422307e-01
	-2.288261e-01,  3.992077e-01
	-2.497703e-01,  4.512721e-01
	-2.160551e-01,  4.707403e-01
	 1.057970e-01,  3.768368e-01
	 1.423672e-01,  3.715422e-01
	 1.027506e-01,  3.875971e-01
	 1.258481e-01,  4.345557e-01
	 1.600802e-01,  4.157684e-01
	 1.387350e-01,  4.346793e-01
	 1.604193e-01,  3.859857e-01
	 5.000000e-01,  2.724395e-02
	 4.616241e-01, -2.304327e-03
	 5.000000e-01,  3.658369e-02
	 4.336079e-01,  5.828634e-02
	 4.594273e-01,  6.748633e-02
	 4.326680e-01,  9.070938e-03
	 4.344149e-01,  6.723920e-03
	-3.432718e-01,  5.306561e-02
	-3.712327e-01,  4.382557e-02
	-3.463315e-01,  9.168110e-02
	-3.944761e-01,  8.619706e-02
	-4.053541e-01,  6.955132e-02
	-3.518492e-01,  9.627010e-02
	-4.039457e-01,  6.574108e-02
	-3.552654e-01,  1.334164e-01
	-3.702421e-01,  1.439840e-01
	-3.119742e-01,  1.468797e-01
	-3.568638e-01,  1.874303e-01
	-3.422513e-01,  1.941889e-01
	 3.449002e-01, -5.000000e-01
	 3.255080e-01, -4.665804e-01
	 2.846367e-01, -5.000000e-01
	 2.837110e-01, -4.656431e-01
	-1.040297e-01, -5.000000e-01
	-1.120607e-01, -4.739980e-01
	-1.683112e-01, -5.000000e-01
	-1.617465e-01, -4.780863e-01
	 3.148281e-01, -3.697916e-02
	 3.139114e-01, -7.252336e-02
	 2.832166e-01, -8.631008e-02
	 2.575244e-01, -7.011318e-02
	 4.415468e-02,  4.137337e-01
	 3.097067e-02,  3.866583e-01
	 2.392286e-02,  4.408729e-01
	-4.899043e-03,  4.425417e-01
	-2.655299e-02,  4.245402e-01
	 1.107530e-02,  3.783082e-01
	-2.882706e-02,  4.163339e-01
	 9.191431e-02,  1.619462e-01
	 6.515467e-02,  1.488956e-01
	 9.264789e-02,  1.893915e-01
	 3.967352e-02,  1.893478e-01
	 7.319991e-02,  2.100571e-01
	 3.851811e-02,  1.598893e-01
	-1.733230e-03,  2.118444e-01
	 1.236152e-02,  2.145204e-01
	-2.490765e-02,  2.342280e-01
	-1.517007e-02,  2.681615e-01
	 2.413656e-03,  2.674962e-01
	 2.587368e-02,  2.418257e-01
	-4.631213e-01, -4.434907e-01
	-4.376351e-01, -4.196135e-01
	-4.934313e-01, -4.133183e-01
	-4.550019e-01, -3.837811e-01
	-4.530347e-01, -3.841424e-01
	 5.370670e-02,  9.666875e-02
	 6.531387e-02,  1.074468e-01
	 1.301559e-02,  1.002335e-01
	 8.129790e-03,  1.455080e-01
	 3.725896e-04,  1.166680e-01
	-2.397800e-01,  3.057996e-01
	-2.390214e-01,  2.711537e-01
	-1.899461e-01,  2.597690e-01
	-1.921820e-01,  2.579744e-01
	-4.640864e-01, -4.619539e-01
	-5.000000e-01, -4.128356e-01
	-5.000000e-01, -4.852698e-01
	 5.000000e-01, -9.654676e-02
	 4.978487e-01, -9.635328e-02
	 5.000000e-01, -3.575188e-02
	 4.732353e-01, -3.521644e-02
	 4.596697e-01, -6.061629e-02
	 2.058938e-01, -3.005413e-02
	 1.756297e-01,  1.056173e-02
	 2.040319e-01,  4.059156e-02
	-3.444183e-01, -2.946305e-01
	-3.173636e-01, -2.788332e-01
	-3.911726e-01, -2.748077e-01
	-3.100160e-01, -2.608904e-01
	-3.302231e-01, -2.321692e-01
	-3.643390e-01, -2.340352e-01
	-2.171060e-01, -2.220627e-01
	-1.927010e-01, -2.501665e-01
	-1.846441e-01, -1.951422e-01
	-1.652709e-01, -2.007366e-01
	-1.554783e-01, -2.295807e-01
	 4.774374e-01, -3.799063e-01
	 4.877031e-01, -4.076251e-01
	 4.684012e-01, -4.255618e-01
	 4.422786e-01, -3.747244e-01
	 4.463762e-01, -4.233500e-01
	 3.155736e-01, -4.156019e-01
	 3.371572e-01, -4.303660e-01
	 2.824185e-01, -4.374809e-01
	 2.813314e-01, -4.624971e-01
	 4.518889e-01,  2.354571e-01
	 4.316350e-01,  2.900249e-01
	 4.451099e-01,  2.278036e-01
	 4.001432e-01,  2.768174e-01
	 4.115847e-01,  2.876129e-01
	 3.943354e-01,  2.328017e-01
	 4.058432e-01,  2.206059e-01
	 4.269667e-02,  3.173179e-01
	 4.091410e-02,  3.162549e-01
	 8.652938e-04,  3.376239e-01
	 5.747292e-02,  3.575480e-01
	-2.724987e-03,  3.480717e-01
	 1.349191e-01,  2.308851e-01
	 1.167769e-01,  2.528971e-01
	 1.720447e-01,  2.393285e-01
	 1.453726e-01,  2.921345e-01
	 1.833214e-01,  2.747223e-01
	 3.530512e-01, -1.858831e-01
	 3.705933e-01, -1.947529e-01
	 3.539057e-01, -1.534245e-01
	 3.852036e-01, -1.404824e-01
	 4.011359e-01, -1.592136e-01
	 3.971362e-01, -1.831329e-01
	 4.230925e-01,  1.242754e-01
	 4.513939e-01,  1.299767e-01
	 3.920277e-01,  1.715629e-01
	 4.024962e-01,  1.835299e-01
	 4.477282e-01,  1.783746e-01
	-4.278244e-01, -2.225925e-01
	-4.599539e-01, -1.994214e-01
	-3.943167e-01, -1.953058e-01
	-4.239302e-01, -1.591892e-01
	-4.624490e-01, -1.812403e-01
	-4.463447e-01, -1.586877e-01
	-1.922525e-01, -1.711631e-01
	-2.417321e-01, -1.889804e-01
	-2.223148e-01, -1.629552e-01
	-2.199464e-01, -2.214180e-01
	-3.534321e-01, -9.818688e-02
	-3.462955e-01, -1.161230e-01
	-3.764566e-01, -8.378665e-02
	-4.190751e-01, -9.917650e-02
	-4.030247e-01, -1.360010e-01
	-3.829090e-01, -1.410463e-01
	 7.307813e-02, -1.550239e-01
	 8.521367e-02, -1.289138e-01
	 1.086629e-01, -1.933328e-01
	 1.494632e-01, -1.649194e-01
	 1.496052e-01, -1.597078e-01
	 1.064560e-01, -1.264357e-01
	 6.398038e-02,  4.178880e-01
	 9.646519e-02,  3.641093e-01
	 2.305541e-02, -1.201175e-01
	 2.639472e-02, -1.471498e-01
	-4.091578e-03, -1.677289e-01
	-3.039148e-02, -1.257056e-01
	-1.142177e-02, -1.115445e-01
	-1.225176e-02, -1.648643e-01
	-4.672832e-01,  4.215001e-01
	-4.278614e-01,  4.573754e-01
	-5.000000e-01,  4.282236e-01
	-5.000000e-01,  4.778258e-01
	-4.365727e-01,  4.740429e-01
	-4.275059e-01,  4.591223e-01
	 2.463034e-02, -2.998966e-01
	 1.217040e-02, -2.950335e-01
	-1.736436e-04, -2.444526e-01
	 5.415383e-02, -2.253736e-01
	 5.822844e-02, -2.279181e-01
	 5.978224e-02, -2.315936e-01
	 4.969730e-02, -2.908808e-01
	 7.203879e-03, -1.925450e-01
	 4.440578e-02, -2.012835e-01
	 5.852991e-02, -1.614723e-01
	-3.617089e-01, -4.572809e-01
	-3.659925e-01, -4.601066e-01
	-3.265319e-01, -4.715121e-01
	-3.776813e-01, -5.000000e-01
	-3.289650e-01, -5.000000e-01
	 3.424902e-02, -3.483162e-01
	 6.414749e-03, -3.712657e-01
	-2.520253e-02, -3.345203e-01
	-9.495220e-03, -3.045245e-01
	-4.266048e-01, -3.650923e-01
	-4.828961e-01, -3.501263e-01
	-4.500582e-01, -3.203209e-01
	-4.289265e-01, -3.332462e-01
	-1.031551e-01,  5.000000e-01
	-9.971837e-02,  4.867873e-01
	-1.630702e-01,  5.000000e-01
	-1.486010e-01,  4.615020e-01
	-1.310745e-01,  4.538120e-01
	 4.237650e-01, -3.687369e-01
	 3.908469e-01, -3.910761e-01
	 4.044013e-01, -3.259421e-01
	 3.958669e-01, -3.243706e-01
	 3.543130e-01, -3.616111e-01
	 3.746994e-01, -3.878609e-01
	 3.436447e-01, -3.588309e-01
	 3.378811e-01, -3.605820e-01
	 3.440958e-01, -2.970514e-01
	 2.968700e-01, -3.041195e-01
	 3.150203e-01, -2.848730e-01
	 3.026564e-01, -3.429191e-01
	-3.296440e-01, -5.296721e-02
	-3.283299e-01, -5.721188e-02
	-3.674762e-01, -3.412499e-02
	-3.812084e-01, -4.585120e-02
	 4.091252e-01,  3.627276e-01
	 3.991179e-01,  3.574016e-01
	 4.085105e-01,  3.900579e-01
	 3.749964e-01,  4.157940e-01
	 3.707348e-01,  4.154704e-01
	 3.547806e-01,  3.687055e-01
	-2.413271e-01, -3.480461e-01
	-2.724264e-01, -3.708092e-01
	-2.070324e-01, -3.668766e-01
	-2.625545e-01, -4.121013e-01
	-2.130238e-01, -3.874622e-01
	-2.571528e-01, -4.156782e-01
	-3.873170e-01, -1.951315e-01
	-3.752011e-01, -1.838825e-01
	 3.858557e-01,  3.254385e-01
	 3.534658e-01,  3.678615e-01
	 3.449972e-01,  3.391998e-01
	 3.554420e-01,  3.252825e-01
	-6.759307e-02, -3.208781e-01
	-1.065238e-01, -3.095615e-01
	-5.163103e-02, -2.865595e-01
	-5.532834e-02, -2.765031e-01
	-8.944279e-02, -2.639143e-01
	-1.056086e-01, -2.718511e-01
	-4.440768e-01,  1.818384e-01
	-4.612773e-01,  1.698254e-01
	-5.000000e-01,  2.061726e-01
	-5.000000e-01,  2.205988e-01
	-4.614628e-01,  2.393961e-01
	-4.402734e-01,  2.187785e-01
	 5.000000e-01, -2.072675e-01
	 4.531195e-01, -2.031286e-01
	 5.000000e-01, -1.550055e-01
	 4.535292e-01, -1.378587e-01
	 4.448899e-01, -1.499330e-01
	 1.795290e-01,  4.707705e-01
	 2.042706e-01,  4.993997e-01
	 1.600712e-01,  4.727148e-01
	 1.396248e-01,  5.000000e-01
	 2.042626e-01,  5.000000e-01
	-2.755101e-01,  1.895346e-01
	-2.770308e-01,  1.720308e-01
	-3.070022e-01,  1.452047e-01
	-2.939443e-01,  2.071910e-01
	-3.371558e-01,  2.037712e-01
	-3.261376e-01,  4.395270e-02
	-2.867514e-01,  7.317098e-02
	-2.928865e-01,  1.049511e-01
	-2.800877e-01,  9.442692e-02
	 2.438046e-01,  1.723237e-01
	 2.545938e-01,  1.818200e-01
	 2.165766e-01,  1.744039e-01
	 1.953535e-01,  2.125705e-01
	 1.937874e-01,  1.960870e-01
	 2.287241e-01,  2.426181e-01
	 2.541447e-01,  2.244571e-01
	 1.984354e-01, -1.251438e-01
	 2.186266e-01, -1.004366e-01
	 1.722486e-01, -1.294720e-01
	 1.889294e-01, -6.267040e-02
	 2.189274e-01, -9.749667e-02
	 1.687472e-01, -6.423461e-02
	 1.469515e-01, -9.118019e-02
	 3.505971e-01,  4.640119e-01
	 3.639607e-01,  4.777523e-01
	 3.196293e-01,  4.682498e-01
	 3.145722e-01,  4.751428e-01
	 3.189332e-01,  5.000000e-01
	 3.641276e-01,  5.000000e-01
	-1.412267e-01, -3.867614e-01
	-1.421804e-01, -4.166862e-01
	-1.817079e-01, -3.546283e-01
	-1.989575e-01, -4.218923e-01
	-1.548707e-01, -4.261043e-01
	 5.000000e-01, -3.558789e-01
	 5.000000e-01, -3.343909e-01
	 4.585992e-01, -3.292360e-01
	 4.668252e-01, -3.252503e-01
	 4.399438e-01, -3.721793e-01
	-1.541225e-01, -1.436159e-01
	-1.186325e-01, -1.339287e-01
	-1.469710e-01, -1.817435e-01
	-1.081957e-01, -2.011928e-01
	-8.516914e-02, -1.790952e-01
	-1.038182e-01, -2.003170e-01
	 1.121150e-01, -2.760743e-01
	 1.112400e-01, -2.753856e-01
	 1.465346e-01, -2.802210e-01
	 1.761780e-01, -2.530541e-01
	 1.099061e-01, -2.676801e-01
	 1.295049e-01, -2.307129e-01
	 1.635718e-01, -2.300845e-01
	 1.766408e-01, -2.447683e-01
	 4.194377e-01,  6.571094e-02
	 4.104697e-01,  1.080256e-01
	 3.840202e-01,  5.019208e-02
	 3.785553e-01,  1.051519e-01
	 3.599315e-01,  7.446641e-02
	 3.674636e-01,  5.620951e-02
	 3.740532e-01, -2.377400e-01
	 4.227961e-01, -2.116126e-01
	 3.843111e-01, -2.461874e-01
	 6.338196e-02,  5.798390e-02
	 3.178396e-02,  4.633687e-02
	 7.295576e-03,  6.594774e-02
	-2.104300e-01, -5.000000e-01
	-2.205447e-01, -4.771553e-01
	-2.092559e-01, -4.548821e-01
	-1.677060e-01, -4.646330e-01
	-2.660126e-01, -2.516897e-01
	-2.672382e-01, -1.887207e-01
	-2.736495e-01, -1.948104e-01
	-1.005322e-01, -1.057723e-01
	-5.687333e-02, -1.175107e-01
	-7.556284e-02, -1.769601e-01
	-5.464474e-02, -1.202060e-01
	 1.485526e-01,  1.583582e-01
	 1.582626e-01,  1.832868e-01
	 1.137241e-01,  1.497027e-01
	 1.333075e-01,  2.111983e-01
	-3.977941e-01, -2.725297e-01
	-4.283147e-01, -2.272627e-01
	-4.593913e-01, -2.856492e-01
	-4.591927e-01, -2.518784e-01
	-4.608387e-01, -2.844709e-01
	-2.488402e-01, -3.113511e-01
	-2.397648e-01, -2.952047e-01
	-2.220765e-01, -2.928180e-01
	-1.766144e-01, -3.332270e-01
	-1.477330e-01,  4.018794e-01
	-1.256779e-01,  4.413920e-01
	 5.000000e-01, -2.602381e-01
	 4.573498e-01, -2.741940e-01
	 4.462216e-01, -2.702551e-01
	 4.382793e-01, -2.129402e-01
	-5.000000e-01,  1.333716e-01
	-4.684146e-01,  1.443856e-01
	 6.742809e-02,  4.668527e-01
	 7.478324e-02,  5.000000e-01
	 3.830590e-02,  4.652019e-01
	 2.548484e-02,  5.000000e-01
	-3.062340e-01, -3.435664e-01
	-2.917552e-01, -3.162937e-01
	-3.490965e-01, -3.397163e-01
	-3.986782e-01, -3.170206e-01
	-3.916602e-01, -2.749558e-01
	-4.543690e-01,  2.697769e-01
	-5.000000e-01,  2.821566e-01
	-4.639573e-01,  2.804174e-01
	-2.732271e-01,  3.749120e-01
	-2.741168e-01,  3.639489e-01
	-2.962081e-01,  3.351258e-01
	-3.321938e-01,  3.405051e-01
	-3.445133e-01,  3.881150e-01
	-2.932798e-01,  4.009786e-01
	-3.365969e-01,  3.957198e-01
	 2.837331e-01, -1.249507e-01
	 2.582203e-01, -1.324831e-01
	-4.070860e-02, -2.266570e-01
	-5.240954e-02, -1.879343e-01
	-8.109678e-02, -2.340429e-01
	 8.923335e-02,  2.565333e-01
	 7.219911e-02,  2.485376e-01
	 9.138611e-02,  3.145787e-01
	 3.888089e-02,  3.024375e-01
	 7.033182e-02,  2.492749e-01
	 3.937255e-01, -3.681150e-02
	 3.658480e-01, -4.885744e-02
	 3.802252e-01,  4.701169e-04
	 3.471915e-01,  5.157896e-03
	 3.336863e-01, -2.985606e-02
	 2.319638e-01,  6.339714e-02
	 2.216731e-01,  1.092129e-01
	 2.042688e-01,  4.158583e-02
	 2.032439e-01,  1.166844e-01
	 1.687619e-01,  8.304085e-02
	-5.000000e-01, -1.738349e-01
	-5.000000e-01, -1.188335e-01
	-4.610958e-01, -1.271626e-01
	-5.000000e-01,  3.729571e-01
	-4.493788e-01,  3.928686e-01
	-4.597584e-01,  3.739946e-01
	-3.415267e-01,  2.309041e-01
	-2.930854e-01,  2.551144e-01
	-3.484464e-01,  2.371117e-01
	-3.487972e-01,  2.847859e-01
	-2.997506e-01,  2.770954e-01
	-2.916014e-01,  2.575893e-01
	-5.000000e-01, -2.890229e-01
	-5.000000e-01, -3.479262e-01
	-1.726666e-01,  1.932670e-01
	-1.800369e-01,  1.504311e-01
	-2.014249e-01,  1.442793e-01
	-2.172360e-01,  1.798804e-01
	-1.843442e-01,  1.987680e-01
	-2.203024e-01,  1.599866e-01
	 1.247531e-01, -3.949576e-01
	 1.476544e-01, -3.596695e-01
	 1.794023e-01, -3.614944e-01
	 1.840292e-01, -4.099150e-01
	 1.499099e-01, -4.221659e-01
	-6.679895e-02, -5.000000e-01
	-5.405763e-02, -4.668930e-01
	-6.138268e-02, -4.566379e-01
	-9.963221e-02, -4.462980e-01
	 3.776874e-01, -4.811666e-01
	 3.640489e-01, -5.000000e-01
	 3.726201e-01, -4.393625e-01
	 3.547066e-01, -4.277951e-01
	 3.475711e-01,  2.326232e-01
	-4.027114e-01,  1.356204e-01
	-3.979474e-01,  1.417792e-01
	-3.931330e-01,  2.392766e-01
	-3.956440e-01,  2.483568e-01
	-3.736875e-01,  2.887551e-01
	-3.517446e-01,  2.876903e-01
	 1.661959e-01,  8.336503e-02
	 1.458480e-01,  1.067508e-01
	 1.607589e-01,  1.381426e-01
	 1.977300e-01,  1.280517e-01
	 3.090831e-01,  1.819811e-01
	 3.023561e-01,  1.854285e-01
	 3.356712e-01,  1.887659e-01
	 2.864394e-01,  2.337529e-01
	-3.422263e-02,  1.094321e-01
	-5.932036e-02,  1.639531e-01
	-4.907585e-02,  1.729628e-01
	-6.170559e-02,  1.450017e-01
	-1.983495e-02,  1.734669e-01
	 2.115382e-01, -2.297485e-01
	 2.170957e-01, -1.980757e-01
	 1.703330e-01, -1.885931e-01
	 2.100743e-01, -1.885896e-01
	-1.012711e-01, -4.424849e-01
	-2.004469e-01,  2.319821e-01
	-2.552047e-01,  2.550133e-01
	-2.376842e-01,  2.231896e-01
	 2.279550e-01,  2.497451e-01
	 1.954313e-01,  2.796273e-01
	-9.975534e-02,  3.475940e-02
	-9.303897e-02,  9.570877e-02
	-5.128648e-02,  8.613465e-02
	-4.239065e-02,  5.434801e-02
	-4.641569e-02,  4.871448e-02
	-1.995947e-01,  1.013451e-01
	-2.067327e-01,  1.080193e-01
	-1.546545e-01,  1.055960e-01
	-1.508927e-01,  1.278701e-01
	-4.468878e-01,  3.388139e-01
	-4.662668e-01,  3.229181e-01
	-5.000000e-01,  3.304892e-01
	 4.409156e-01,  2.982842e-01
	 4.272590e-01,  3.549191e-01
	 4.448619e-01,  3.152602e-01
	-4.083718e-01,  1.725908e-01
	-3.909635e-01,  1.972713e-01
	-6.943121e-02,  4.646679e-01
	-6.181830e-02,  4.656070e-01
	-2.579788e-02,  5.000000e-01
	 2.293378e-01,  4.704044e-01
	 2.674805e-01,  4.857524e-01
	 2.675379e-01,  5.000000e-01
	 5.000000e-01,  2.809129e-01
	 5.000000e-01,  3.385185e-01
	 4.789496e-01,  3.427463e-01
	 4.881951e-01, -4.663524e-01
	 4.622917e-01, -4.822901e-01
	 4.258729e-01, -4.375386e-01
	 4.261987e-01, -4.647786e-01
	 1.545597e-01,  3.288315e-01
	 1.404483e-01,  3.098826e-01
	 1.864439e-01,  3.286398e-01
	 1.987050e-01,  2.869540e-01
	-2.654093e-01, -4.865357e-01
	-2.545900e-01, -4.224274e-01
	-2.124967e-01, -4.429675e-01
	-2.740337e-01, -4.740979e-01
	-3.341764e-01,  3.390725e-01
	-3.754030e-01,  3.414755e-01
	-3.949157e-01,  3.111030e-01
	-5.675789e-02,  3.639016e-01
	-5.448562e-02,  3.583595e-01
	-1.014338e-01,  3.792267e-01
	 2.632359e-01, -2.477390e-01
	 2.732055e-01, -2.252257e-01
	 3.139042e-01, -2.806770e-01
	 3.133049e-01, -2.173520e-01
	 3.258765e-01, -2.383385e-01
	 8.561595e-02, -5.000000e-01
	 9.145509e-02, -4.582889e-01
	 3.052505e-02, -5.000000e-01
	 3.142771e-02, -4.655646e-01
	 7.002041e-02, -4.428902e-01
	 7.857760e-02, -4.442616e-01
	 3.867651e-01, -1.079559e-01
	 4.345545e-01, -1.091791e-01
	 4.534323e-01, -1.337695e-01
	 1.320252e-01,  5.401567e-02
	 1.054614e-01,  7.952782e-02
	 1.054187e-01,  9.438048e-02
	 1.195530e-01,  1.083522e-01
	-1.029423e-01,  3.828033e-01
	-1.439333e-01,  3.947580e-01
	 9.082492e-02,  1.495325e-02
	 8.126382e-02,  2.150794e-02
	 7.064658e-02,  5.373284e-02
	 1.317721e-01,  3.530086e-02
	-1.640090e-01, -7.864288e-03
	-1.659056e-01, -4.671165e-03
	 9.542059e-03, -4.054224e-01
	-4.031153e-05, -4.279981e-01
	 2.888761e-03, -3.835055e-01
	-4.292381e-02, -4.267919e-01
	-8.982432e-02,  4.307949e-01
	-8.385944e-02,  4.144014e-01
	-4.945310e-02,  4.015374e-01
	-2.039776e-01,  5.878723e-02
	 2.256254e-03, -4.392527e-01
	-3.039389e-02, -4.717947e-01
	-1.591252e-02, -5.000000e-01
	-4.053516e-01,  3.685816e-01
	-4.253321e-01,  3.953838e-01
	-4.304840e-01,  3.370871e-01
	 3.305719e-01,  1.218729e-01
	 3.294211e-01,  8.725411e-02
	 3.549763e-01,  1.333884e-01
	 1.232834e-01, -3.283477e-01
	 6.855752e-02, -2.964573e-01
	 8.304494e-02, -3.433042e-01
	-1.415699e-01, -7.572158e-02
	-1.768547e-01, -5.058166e-02
	 4.478614e-01,  4.321460e-01
	 4.539185e-01,  4.751488e-01
	 5.000000e-01,  4.345598e-01
	 4.573148e-01,  4.774756e-01
	 5.000000e-01,  4.633331e-01
	 3.126748e-01, -3.966634e-01
	 3.510422e-02,  7.801528e-03
	 3.009425e-02, -3.118593e-02
	 6.740950e-02, -4.475246e-02
	 9.391026e-02, -3.927730e-03
	-9.339741e-02,  1.196399e-01
	 1.414409e-01, -2.903511e-02
	 1.668352e-01,  9.273169e-03
	 1.033010e-02, -4.155215e-02
	-2.277102e-02, -1.863940e-03
	-1.955861e-03,  2.144748e-02
	 2.645609e-02,  1.867722e-02
	 2.939720e-01,  3.312167e-01
	 2.414814e-01,  3.323451e-01
	 2.296866e-01,  3.472779e-01
	 2.543521e-01,  3.820542e-01
	 2.835904e-01,  3.834078e-01
	 2.920274e-01,  3.777181e-01
	 2.947130e-01,  3.323348e-01
	-7.597039e-02,  2.296461e-01
	-7.397440e-02,  2.298795e-01
	-1.030437e-01,  2.453622e-01
	-2.825914e-01,  5.000000e-01
	-2.829755e-01,  4.924373e-01
	-3.186168e-01,  4.533495e-01
	-3.528275e-01,  5.000000e-01
	-3.276226e-01,  4.533909e-01
	-1.358237e-01,  2.360357e-01
	-1.475083e-01,  2.516540e-01
	 1.349698e-01, -9.187865e-02
	 1.286461e-01, -3.068232e-02
	 1.045305e-01, -6.248482e-02
	-3.874546e-02, -7.796077e-04
	 4.397519e-01,  4.173174e-01
	 4.404084e-01,  4.250049e-01
	 4.034745e-01,  4.405266e-01
	 2.185533e-01, -1.615254e-01
	 2.560352e-01,  2.827196e-01
	 2.372765e-01,  3.023989e-01
	-4.600971e-01, -6.311411e-02
	-4.778299e-01, -2.838744e-02
	-4.700744e-01, -1.628527e-02
	-4.282163e-01, -1.592176e-02
	-4.154837e-01, -4.480503e-02
	-4.355427e-01, -7.183668e-02
	-3.096591e-01, -4.638471e-01
	-3.042021e-01, -4.165421e-01
	-3.190027e-01, -4.030913e-01
	-3.362591e-01, -4.016410e-01
	-3.614155e-01, -4.251920e-01
	-2.238334e-02,  5.000000e-01
	 2.259562e-01, -5.000000e-01
	 2.311472e-01, -4.670205e-01
	-1.065721e-01,  1.845484e-01
	-1.427849e-01,  1.993530e-01
	-1.192964e-01,  1.813550e-01
	-2.512607e-01,  1.040764e-01
	-2.587315e-01,  9.786725e-02
	-2.435466e-01,  1.508263e-01
	 4.178633e-01, -4.748213e-01
	 4.049061e-01, -4.276553e-01
	-4.323828e-01, -4.834621e-01
	-4.066691e-01, -4.545827e-01
	-4.169637e-01, -4.246074e-01
	-4.241125e-01,  2.016751e-02
	-4.629729e-01,  2.725893e-02
	-4.585828e-01,  7.606714e-02
	-4.458611e-01,  8.298770e-02
	-3.999083e-01,  2.251415e-01
	 1.818725e-01, -5.000000e-01
	 2.171906e-01, -4.450633e-01
	 1.697242e-01, -4.706568e-01
	 1.079988e-01, -1.970539e-01
	 5.000000e-01,  1.885418e-01
	 4.527855e-01,  1.843246e-01
	 5.000000e-01,  2.386894e-01
	 1.592603e-01, -3.088050e-01
	 1.877362e-01, -3.140679e-01
	 1.915380e-01, -3.118124e-01
	 1.983672e-01, -2.806442e-01
	-2.677235e-01,  1.878580e-02
	-2.677546e-01,  1.873481e-02
	-3.159269e-01,  1.855416e-02
	-1.404608e-01, -2.351504e-01
	-2.199388e-01, -5.562715e-02
	-2.283952e-01, -2.724429e-02
	-2.024108e-01, -6.315046e-02
	-2.012143e-01,  2.066896e-03
	-1.262808e-01,  1.445767e-01
	 4.422762e-01, -6.671698e-02
	 4.150392e-01, -5.721827e-02
	 3.848125e-01, -1.048024e-01
	 4.180410e-01,  4.864900e-01
	 3.995220e-01,  4.654373e-01
	 3.646541e-01,  1.668139e-01
	 2.248481e-01,  4.552683e-01
	 2.520608e-01,  4.311081e-01
	 1.995592e-01,  4.447940e-01
	 2.374448e-01,  4.046630e-01
	 2.094494e-01,  4.028094e-01
	 1.941366e-01,  4.290443e-01
	-4.752843e-01,  1.719719e-02
	-5.000000e-01,  2.424648e-02
	-5.000000e-01, -3.236539e-02
	 3.049114e-01,  1.359102e-01
	 2.776301e-01,  1.188431e-01
	 2.544454e-01,  1.287181e-01
	 1.447391e-01, -4.586910e-01
	 2.138875e-01, -4.232221e-01
	 2.177232e-01, -4.295415e-01
	-4.383253e-01,  2.730526e-01
	-4.095594e-01,  3.128827e-01
	-1.176150e-01, -3.197225e-01
	-1.063991e-01, -3.662169e-01
	-2.879262e-01,  3.141265e-01
	-4.448588e-01,  1.246040e-01
	 4.622727e-01,  3.697752e-01
	 2.493990e-01, -1.561120e-01
	-4.288956e-01, -5.000000e-01
	-6.142897e-02,  2.233826e-01
	 4.330191e-01, -2.753236e-01
	 4.183492e-01, -3.180998e-01
	 4.873531e-02, -4.086660e-01
	 7.830329e-02, -3.720915e-01
	 7.397517e-02, -3.588098e-01
	 6.447025e-02, -9.758438e-02
	 7.840223e-02, -6.375064e-02
	 1.343438e-01, -3.329626e-01
	 1.086888e-01, -3.950277e-01
	 3.112633e-01,  3.854846e-01
	 2.357663e-01, -3.274108e-01
	 2.454707e-01, -3.225574e-01
	 2.402732e-01, -2.722093e-01
	 2.516297e-01, -3.112060e-01
	-1.480109e-02,  5.081909e-02
	-1.589103e-01, -1.412932e-01
	-3.603808e-01, -3.531613e-01
	-3.976357e-01, -3.772762e-01
	-3.588303e-01, -3.478086e-01
	 2.759062e-01,  4.293247e-01
	 2.685554e-01,  4.339889e-01
	 3.951933e-01,  1.646167e-02
	 3.367426e-01,  2.296253e-02
	 3.236571e-01,  2.521157e-02
	 2.868799e-01,  7.600695e-02
	 2.636641e-01,  5.859730e-02
	 3.009276e-01,  7.314018e-02
	-3.089744e-02, -2.346904e-01
	 4.204445e-01, -5.000000e-01
	 2.742562e-01, -3.800535e-01
	 2.613095e-01, -4.199346e-01
	 2.645028e-01, -3.874598e-01
	-3.387847e-01,  4.418689e-01
	-3.679671e-01,  4.380042e-01
	-3.892078e-01,  4.659580e-01
	-3.654047e-01,  5.000000e-01
	 3.091066e-01,  4.364229e-01
	 3.251691e-01,  4.202468e-01
	 2.334001e-01, -3.830886e-01
	 2.204065e-01, -3.577812e-01
	 2.770598e-01, -3.565406e-01
	-2.654874e-01, -5.000000e-01
	 8.053355e-02,  4.481531e-01
	 1.100045e-01,  4.487088e-01
	 1.236607e-01,  5.000000e-01
	 4.653948e-01,  3.816954e-01
	 5.000000e-01,  3.970201e-01
	 1.376314e-01, -4.630429e-01
	 1.270706e-01, -5.000000e-01
	-2.433605e-01,  2.065521e-01
	-5.000000e-01, -8.903457e-02
	-1.279068e-02, -2.353558e-01
	 2.564905e-01, -1.958674e-01
	 2.454314e-01, -2.577216e-01
	 9.811461e-02,  3.198104e-01
	-2.895200e-01,  4.245925e-01
	 4.039151e-01, -4.012662e-02
	-1.754970e-01, -1.152423e-01
	-1.897831e-01, -1.097705e-01
	-3.791408e-01,  4.161250e-01
	-4.125809e-01,  4.179025e-01
	 5.000000e-01, -4.691784e-01
	 5.000000e-01, -4.078731e-01
	 4.605471e-01, -5.000000e-01
	 2.629230e-01, -1.783755e-01
	-1.040788e-02, -6.405334e-02
	 2.140264e-03, -5.658102e-02
	 4.198144e-02, -1.000209e-01
	-3.950332e-01, -4.085508e-01
	 5.000000e-01,  1.470896e-01
	 4.524973e-01,  1.294433e-01
	-2.662523e-01, -2.521837e-01
	-3.213197e-01, -1.955929e-01
	 3.445133e-01, -9.454570e-02
	 3.230282e-01, -1.345483e-01
	 3.056648e-01, -1.402078e-01
	-3.653392e-01,  3.903236e-01
	 5.000000e-01,  9.479327e-02
	 4.699448e-01,  9.604605e-02
	 5.000000e-01, -5.000000e-01
	 3.570491e-01,  4.255338e-01
	-2.780927e-01, -1.457827e-01
	-3.226287e-01, -1.510877e-01
	-2.749648e-01, -1.406464e-01
	-2.855995e-01, -9.570145e-02
	-3.362148e-01, -1.214554e-01
	-4.339929e-01,  5.000000e-01
	-5.000000e-01,  5.000000e-01
	-1.938249e-01, -2.655674e-01
	-1.590068e-01, -2.913825e-01
	-1.577753e-01, -3.147066e-01
	-4.108591e-02, -6.302189e-02
	 4.154657e-01,  5.000000e-01
	 1.810364e-01, -3.601924e-01
	-2.294093e-01, -1.323523e-01
	-2.803422e-01, -8.173004e-02
	-3.097936e-01, -2.904588e-02
	-2.822237e-01, -3.393949e-02
	-4.275164e-01, -9.499692e-02
	 1.946255e-01,  3.773504e-01
	 2.073257e-01,  3.515118e-01
	 5.000000e-01,  5.000000e-01
	 4.615659e-01,  5.000000e-01
	-3.891941e-01,  3.680230e-01
	-5.000000e-01, -5.000000e-01
	 3.871831e-01, -2.596002e-01
	 3.693367e-01, -2.920660e-01
	-2.932635e-01, -3.651221e-01
	-2.794734e-01, -8.316461e-02
	-3.305477e-01, -1.814749e-01
	-5.000000e-01,  8.458482e-02
	 3.190818e-01, -1.994279e-01
	 2.993511e-01, -1.667272e-01
	-2.587255e-01, -8.377539e-02
	-2.267806e-01, -1.268232e-01
	-2.084363e-01,  5.000000e-01
	 3.572464e-01, -9.212241e-02
	-3.776448e-01,  6.506094e-03
	-4.179490e-01,  7.293033e-03
	-5.000000e-01, -2.232932e-01
	-4.846599e-01, -2.239140e-01
	-2.218614e-01,  3.882178e-02
	-2.187713e-01,  4.785020e-02
	-1.286519e-01, -2.621858e-01
	 2.699275e-01,  4.827945e-01
	-3.652101e-01, -9.883564e-03
	-2.611542e-01, -1.284872e-02
	-3.222542e-01,  6.222041e-03
Mesh Facets: 1267
	0, 2
	3, 5
	61, 59
	78, 80
	82, 84
	26, 28
	102, 98
	30, 32
	109, 111
	125, 124
	128, 126
	25, 23
	79, 81
	91, 95
	142, 140
	164, 91
	91, 90
	54, 52
	214, 215
	207, 208
	232, 231
	218, 219
	113, 112
	243, 241
	192, 194
	184, 185
	196, 197
	263, 267
	288, 289
	294, 292
	300, 301
	75, 77
	68, 66
	329, 330
	270, 272
	337, 336
	145, 148
	172, 176
	116, 114
	84, 367
	84, 85
	189, 191
	345, 342
	99, 97
	333, 270
	270, 268
	47, 45
	244, 245
	292, 393
	292, 293
	288, 287
	397, 288
	402, 400
	134, 135
	240, 239
	384, 382
	290, 289
	289, 409
	89, 88
	319, 322
	346, 345
	345, 376
	162, 161
	187, 186
	438, 439
	214, 212
	441, 214
	386, 384
	451, 450
	238, 239
	384, 239
	463, 82
	82, 83
	78, 79
	468, 78
	151, 79
	157, 159
	41, 39
	71, 69
	74, 73
	447, 446
	437, 436
	39, 471
	40, 39
	117, 118
	353, 354
	466, 83
	83, 85
	370, 85
	335, 332
	122, 120
	168, 170
	316, 314
	12, 14
	454, 453
	441, 443
	512, 441
	155, 158
	262, 263
	276, 263
	473, 74
	76, 74
	241, 242
	241, 520
	301, 298
	301, 523
	525, 524
	513, 515
	147, 149
	500, 170
	170, 169
	369, 368
	117, 490
	103, 104
	100, 102
	117, 102
	477, 476
	211, 209
	376, 421
	376, 377
	10, 2
	2, 6
	550, 552
	295, 296
	174, 175
	478, 479
	6, 544
	6, 4
	560, 559
	364, 114
	114, 115
	560, 567
	560, 561
	280, 282
	236, 235
	20, 19
	38, 37
	13, 12
	501, 12
	18, 17
	518, 519
	94, 96
	479, 562
	479, 480
	380, 378
	11, 10
	163, 165
	10, 543
	15, 16
	506, 508
	553, 552
	552, 581
	443, 442
	510, 443
	358, 359
	348, 347
	37, 34
	37, 569
	597, 595
	470, 151
	251, 250
	253, 252
	151, 150
	566, 565
	503, 502
	489, 486
	321, 323
	132, 131
	600, 599
	480, 481
	480, 378
	315, 313
	379, 378
	1, 0
	0, 8
	623, 620
	619, 1
	7, 1
	324, 323
	323, 604
	501, 505
	38, 501
	38, 36
	264, 265
	201, 202
	318, 320
	494, 493
	43, 44
	611, 610
	230, 228
	294, 295
	126, 294
	127, 126
	295, 558
	401, 402
	648, 402
	92, 93
	242, 245
	242, 518
	392, 245
	518, 575
	80, 81
	80, 649
	153, 81
	617, 619
	625, 619
	167, 166
	424, 423
	381, 99
	99, 101
	304, 303
	310, 309
	530, 529
	467, 469
	110, 109
	123, 109
	70, 72
	517, 516
	291, 286
	650, 649
	649, 667
	19, 235
	19, 17
	235, 234
	573, 17
	604, 628
	604, 605
	602, 565
	565, 568
	536, 538
	271, 273
	643, 644
	337, 339
	393, 337
	394, 393
	352, 351
	222, 223
	673, 671
	156, 154
	349, 350
	308, 307
	673, 154
	524, 673
	155, 513
	513, 524
	154, 155
	343, 344
	143, 144
	570, 569
	569, 592
	14, 502
	14, 15
	508, 509
	508, 15
	603, 502
	557, 556
	407, 382
	382, 383
	139, 136
	274, 184
	184, 182
	632, 633
	594, 593
	410, 409
	512, 511
	409, 512
	358, 587
	358, 356
	179, 177
	658, 469
	251, 247
	470, 251
	469, 470
	639, 638
	701, 700
	311, 312
	483, 482
	462, 461
	668, 669
	408, 410
	511, 510
	511, 410
	510, 584
	317, 316
	635, 43
	43, 40
	40, 485
	316, 499
	686, 509
	509, 453
	652, 653
	453, 452
	280, 20
	281, 280
	20, 21
	120, 497
	119, 120
	449, 448
	69, 70
	69, 472
	665, 70
	514, 515
	526, 515
	318, 319
	634, 318
	419, 319
	229, 231
	231, 716
	659, 660
	286, 516
	516, 473
	398, 287
	472, 713
	472, 473
	287, 286
	488, 490
	103, 490
	105, 103
	339, 338
	339, 394
	395, 394
	233, 234
	573, 234
	573, 571
	629, 627
	203, 199
	459, 458
	722, 721
	590, 588
	457, 454
	654, 656
	507, 454
	616, 615
	277, 278
	677, 676
	504, 505
	505, 630
	608, 607
	56, 57
	299, 297
	695, 698
	149, 529
	149, 148
	246, 247
	658, 247
	529, 658
	340, 148
	142, 188
	143, 142
	143, 343
	341, 343
	304, 309
	309, 68
	75, 304
	75, 73
	71, 73
	68, 71
	279, 278
	610, 616
	616, 278
	42, 44
	44, 610
	240, 406
	240, 237
	614, 613
	696, 694
	430, 431
	360, 357
	27, 24
	422, 420
	283, 284
	746, 468
	657, 467
	468, 467
	150, 152
	598, 150
	623, 624
	753, 623
	737, 614
	615, 614
	727, 615
	297, 695
	297, 298
	298, 521
	693, 695
	728, 729
	747, 749
	368, 535
	368, 367
	367, 759
	132, 605
	132, 133
	568, 559
	559, 478
	435, 437
	478, 437
	568, 605
	399, 400
	400, 762
	585, 586
	703, 702
	744, 742
	525, 526
	526, 714
	764, 525
	669, 667
	667, 766
	705, 669
	370, 369
	370, 335
	537, 369
	335, 334
	457, 656
	457, 455
	302, 303
	656, 303
	223, 351
	224, 223
	351, 348
	348, 589
	701, 638
	768, 701
	637, 638
	421, 420
	421, 211
	208, 225
	211, 208
	745, 420
	575, 576
	392, 575
	391, 392
	563, 564
	499, 500
	499, 635
	500, 534
	636, 635
	546, 545
	491, 492
	164, 205
	164, 161
	425, 161
	50, 48
	621, 622
	130, 127
	127, 558
	687, 557
	558, 557
	153, 650
	152, 153
	748, 152
	650, 668
	707, 668
	357, 739
	357, 355
	64, 62
	129, 130
	60, 65
	687, 688
	687, 130
	591, 592
	684, 592
	322, 321
	322, 89
	25, 131
	25, 26
	26, 89
	321, 131
	213, 217
	752, 751
	780, 779
	527, 147
	147, 146
	411, 416
	773, 48
	48, 49
	719, 338
	338, 340
	246, 248
	246, 340
	180, 179
	471, 159
	471, 484
	159, 160
	692, 179
	530, 657
	530, 528
	781, 746
	746, 657
	708, 709
	541, 476
	476, 475
	634, 715
	634, 494
	494, 492
	770, 492
	206, 210
	380, 562
	97, 380
	97, 98
	115, 98
	115, 561
	561, 562
	674, 349
	347, 588
	347, 349
	588, 725
	334, 537
	272, 334
	272, 273
	273, 536
	537, 536
	590, 589
	590, 722
	218, 224
	218, 233
	233, 722
	224, 589
	228, 647
	228, 229
	661, 660
	229, 660
	128, 129
	59, 128
	60, 59
	60, 129
	671, 787
	181, 178
	671, 672
	371, 373
	137, 138
	107, 108
	426, 427
	87, 88
	418, 88
	777, 751
	415, 417
	751, 750
	61, 63
	795, 61
	766, 765
	766, 550
	551, 550
	779, 797
	797, 781
	527, 779
	527, 528
	781, 528
	65, 774
	739, 430
	739, 64
	64, 65
	428, 430
	362, 176
	176, 175
	296, 293
	296, 175
	293, 396
	543, 542
	96, 95
	577, 96
	165, 95
	165, 543
	76, 77
	76, 517
	474, 446
	77, 306
	517, 666
	446, 444
	755, 754
	327, 325
	652, 452
	652, 625
	122, 121
	496, 122
	626, 625
	452, 456
	216, 215
	215, 805
	805, 804
	462, 705
	462, 458
	458, 726
	765, 551
	551, 555
	705, 765
	390, 389
	474, 666
	474, 475
	408, 708
	408, 290
	666, 291
	291, 290
	708, 475
	41, 157
	41, 42
	276, 158
	276, 279
	157, 158
	42, 279
	30, 119
	31, 30
	712, 119
	413, 412
	210, 209
	209, 377
	375, 377
	783, 210
	45, 46
	45, 391
	4, 564
	4, 3
	391, 564
	29, 3
	315, 379
	314, 315
	166, 168
	381, 166
	379, 381
	168, 314
	690, 691
	330, 326
	330, 810
	757, 756
	461, 706
	461, 460
	342, 341
	341, 733
	591, 34
	775, 591
	33, 34
	374, 342
	189, 372
	190, 189
	799, 801
	259, 258
	320, 202
	202, 203
	627, 324
	627, 203
	324, 320
	18, 574
	22, 18
	466, 495
	465, 466
	753, 752
	804, 753
	216, 804
	217, 216
	217, 752
	317, 485
	317, 312
	485, 483
	483, 312
	194, 261
	194, 195
	642, 641
	729, 731
	255, 257
	758, 729
	375, 374
	375, 809
	33, 374
	33, 35
	762, 761
	762, 300
	300, 299
	55, 57
	299, 57
	593, 632
	593, 595
	764, 763
	595, 764
	631, 632
	101, 100
	100, 104
	108, 427
	104, 108
	424, 101
	424, 427
	226, 227
	200, 198
	670, 222
	222, 221
	53, 58
	533, 531
	597, 596
	819, 597
	820, 819
	455, 767
	455, 456
	498, 496
	496, 456
	514, 714
	514, 262
	264, 631
	264, 262
	714, 763
	763, 631
	407, 136
	407, 406
	134, 405
	134, 136
	736, 406
	778, 777
	582, 583
	794, 777
	659, 716
	716, 822
	125, 123
	822, 125
	123, 659
	353, 352
	493, 353
	200, 201
	670, 200
	201, 493
	352, 670
	719, 718
	719, 248
	248, 249
	628, 602
	628, 629
	601, 602
	629, 724
	718, 395
	718, 823
	395, 396
	362, 396
	363, 362
	269, 271
	644, 645
	271, 644
	192, 193
	192, 259
	259, 813
	802, 803
	692, 587
	692, 484
	482, 484
	482, 702
	585, 702
	587, 585
	796, 63
	178, 788
	355, 62
	355, 356
	178, 177
	63, 62
	356, 177
	106, 105
	105, 717
	8, 618
	8, 9
	372, 373
	372, 799
	800, 799
	790, 373
	665, 664
	665, 713
	397, 398
	828, 397
	398, 713
	162, 426
	163, 162
	9, 11
	11, 163
	107, 106
	426, 107
	106, 9
	325, 798
	325, 326
	326, 691
	691, 633
	633, 265
	265, 266
	171, 173
	793, 792
	230, 643
	232, 230
	759, 535
	759, 232
	643, 538
	535, 538
	442, 583
	442, 212
	213, 212
	213, 778
	778, 583
	682, 684
	776, 684
	495, 332
	495, 22
	711, 21
	22, 21
	332, 331
	244, 47
	243, 244
	833, 243
	47, 51
	463, 464
	581, 580
	581, 463
	363, 823
	361, 363
	547, 549
	254, 256
	823, 824
	825, 645
	645, 646
	734, 736
	403, 405
	736, 405
	748, 707
	748, 749
	756, 749
	756, 706
	707, 706
	429, 428
	774, 688
	428, 774
	688, 689
	769, 225
	225, 226
	226, 221
	221, 220
	789, 371
	371, 191
	389, 388
	389, 806
	140, 141
	191, 140
	414, 415
	794, 821
	794, 415
	539, 540
	46, 29
	49, 46
	411, 49
	412, 411
	31, 412
	29, 31
	67, 72
	662, 72
	548, 546
	830, 829
	770, 782
	546, 770
	94, 93
	94, 519
	520, 519
	520, 648
	648, 93
	139, 138
	139, 274
	275, 274
	790, 827
	790, 138
	116, 366
	118, 116
	486, 118
	732, 504
	504, 503
	503, 486
	498, 767
	497, 498
	449, 445
	449, 497
	767, 302
	302, 305
	186, 183
	186, 438
	837, 438
	249, 824
	249, 250
	824, 254
	250, 252
	252, 254
	685, 570
	578, 16
	16, 13
	13, 570
	386, 450
	386, 385
	837, 838
	450, 837
	399, 760
	401, 399
	204, 90
	90, 92
	92, 401
	795, 796
	787, 795
	788, 787
	788, 796
	608, 609
	608, 732
	366, 732
	366, 365
	730, 677
	491, 771
	491, 354
	350, 354
	677, 350
	675, 676
	676, 728
	728, 757
	757, 811
	531, 532
	53, 531
	205, 52
	205, 772
	52, 53
	311, 704
	313, 311
	313, 481
	434, 436
	481, 436
	639, 699
	640, 639
	663, 662
	836, 662
	459, 725
	725, 674
	674, 675
	675, 811
	460, 459
	460, 811
	745, 283
	745, 769
	219, 236
	220, 219
	769, 220
	282, 283
	236, 282
	542, 544
	542, 577
	576, 577
	563, 576
	563, 544
	744, 741
	744, 586
	359, 360
	586, 359
	360, 740
	816, 642
	637, 768
	637, 642
	440, 439
	439, 768
	681, 344
	284, 285
	422, 284
	344, 346
	422, 346
	720, 721
	555, 554
	726, 555
	721, 726
	737, 738
	328, 327
	327, 754
	754, 737
	626, 7
	626, 121
	32, 5
	32, 121
	5, 7
	55, 54
	54, 204
	204, 760
	760, 761
	761, 55
	697, 696
	696, 613
	613, 612
	818, 817
	827, 800
	827, 275
	197, 193
	275, 197
	800, 803
	193, 803
	640, 836
	641, 640
	835, 836
	261, 641
	261, 260
	815, 814
	680, 679
	566, 599
	567, 566
	365, 364
	609, 365
	609, 599
	567, 364
	839, 685
	679, 678
	685, 683
	844, 679
	238, 112
	112, 111
	451, 238
	124, 451
	124, 111
	845, 814
	843, 260
	258, 260
	814, 258
	268, 269
	268, 387
	404, 403
	825, 403
	269, 825
	180, 160
	180, 181
	156, 160
	156, 672
	181, 672
	686, 603
	686, 653
	653, 651
	603, 489
	487, 489
	735, 734
	734, 646
	647, 786
	646, 647
	711, 331
	711, 710
	808, 390
	333, 390
	331, 333
	742, 743
	742, 703
	434, 704
	434, 433
	704, 703
	598, 253
	598, 747
	257, 253
	747, 758
	257, 758
	383, 385
	385, 838
	838, 183
	182, 383
	182, 183
	740, 431
	431, 432
	27, 741
	741, 740
	86, 28
	28, 27
	256, 255
	255, 731
	730, 771
	730, 731
	547, 256
	545, 547
	771, 545
	664, 828
	664, 663
	700, 828
	663, 699
	699, 700
	267, 266
	267, 277
	727, 755
	277, 727
	266, 798
	755, 798
	541, 709
	541, 540
	582, 821
	821, 540
	584, 709
	584, 582
	738, 694
	738, 842
	521, 693
	521, 522
	694, 693
	775, 733
	775, 776
	832, 776
	733, 188
	188, 190
	812, 190
	556, 174
	174, 173
	834, 689
	689, 556
	792, 791
	792, 173
	146, 780
	146, 145
	145, 336
	336, 780
	636, 611
	636, 534
	533, 818
	534, 533
	612, 818
	612, 611
	843, 835
	843, 845
	680, 845
	307, 680
	835, 67
	67, 66
	307, 66
	23, 24
	23, 133
	435, 133
	435, 433
	433, 743
	743, 24
	817, 58
	697, 817
	56, 698
	698, 697
	58, 56
	806, 141
	806, 807
	681, 841
	144, 681
	144, 141
	682, 831
	815, 844
	815, 813
	683, 682
	826, 813
	844, 683
	840, 839
	839, 678
	655, 310
	678, 308
	310, 308
	281, 710
	281, 285
	807, 841
	807, 808
	841, 285
	710, 808
	773, 622
	773, 416
	750, 624
	417, 750
	416, 417
	624, 622
	387, 388
	387, 404
	137, 789
	789, 388
	135, 404
	135, 137
	820, 596
	810, 820
	690, 810
	594, 690
	594, 596
	553, 579
	553, 554
	571, 572
	571, 720
	720, 554
	712, 448
	448, 447
	539, 414
	539, 477
	477, 447
	413, 712
	414, 413
	785, 784
	601, 724
	601, 600
	606, 600
	724, 723
	651, 487
	651, 617
	617, 618
	488, 487
	717, 488
	618, 717
	196, 195
	196, 185
	195, 816
	187, 185
	187, 440
	440, 816
	578, 840
	578, 506
	506, 507
	655, 654
	654, 507
	840, 655
	361, 549
	172, 361
	171, 829
	171, 172
	829, 548
	549, 548
	783, 784
	783, 809
	36, 630
	630, 607
	607, 606
	809, 35
	784, 606
	36, 35
	305, 306
	305, 445
	444, 445
	306, 444
	830, 782
	830, 793
	419, 418
	715, 419
	418, 793
	715, 782
	329, 328
	328, 842
	522, 523
	523, 329
	842, 522
	464, 465
	580, 464
	580, 579
	574, 465
	574, 572
	572, 579
	198, 227
	199, 198
	206, 785
	206, 207
	199, 723
	227, 207
	723, 785
	86, 87
	86, 432
	432, 429
	429, 834
	791, 87
	834, 791
	812, 832
	812, 801
	802, 826
	802, 801
	826, 831
	832, 831
	51, 50
	50, 621
	620, 621
	620, 833
	833, 51
	735, 786
	786, 661
	237, 113
	237, 735
	110, 113
	661, 110
	169, 532
	169, 167
	425, 772
	425, 423
	167, 423
	772, 532
Facet Neighbors: 1267
	0, 1
	0, 5
	-2, 10
	-3, 13
	-3, 14
	4, 15
	17, 20
	5, 21
	19, 22
	-1, 22
	-2, 23
	4, 24
	13, 28
	16, 30
	26, 35
	30, 38
	16, 38
	9, 38
	-1, 40
	39, 42
	-3, 43
	41, 44
	19, 45
	-4, 46
	36, 49
	34, 52
	36, 52
	50, 53
	-1, 55
	-2, 56
	-4, 57
	12, 58
	11, 59
	-4, 62
	51, 63
	-2, 64
	27, 64
	32, 68
	20, 69
	-3, 70
	14, 70
	35, 71
	65, 72
	17, 73
	63, 75
	51, 75
	8, 76
	46, 76
	-2, 77
	56, 77
	55, 78
	-1, 78
	-4, 79
	25, 80
	45, 81
	74, 81
	55, 82
	-1, 82
	15, 84
	61, 84
	65, 85
	72, 85
	30, 86
	34, 89
	-1, 89
	40, 90
	-1, 90
	74, 92
	-1, 92
	45, 92
	81, 92
	-3, 95
	14, 95
	13, 96
	-3, 96
	28, 96
	29, 97
	7, 97
	11, 98
	12, 98
	91, 99
	88, 100
	97, 101
	7, 101
	20, 102
	66, 103
	95, 104
	14, 104
	70, 104
	63, 104
	21, 105
	31, 106
	60, 106
	2, 107
	93, 108
	90, 109
	-1, 109
	29, 110
	50, 110
	53, 110
	98, 111
	12, 111
	46, 112
	-4, 112
	57, 113
	-4, 113
	-2, 114
	110, 114
	27, 115
	106, 116
	31, 116
	70, 117
	102, 118
	18, 118
	17, 118
	20, 118
	99, 119
	39, 120
	85, 120
	72, 120
	1, 121
	0, 121
	-3, 123
	56, 124
	32, 124
	100, 125
	121, 126
	0, 126
	125, 127
	69, 128
	20, 128
	127, 128
	125, 128
	54, 129
	44, 129
	3, 129
	6, 130
	2, 130
	107, 130
	3, 131
	112, 132
	16, 132
	125, 133
	100, 133
	73, 133
	1, 134
	30, 134
	121, 134
	2, 135
	108, 135
	123, 136
	-3, 136
	90, 137
	109, 137
	67, 138
	66, 139
	6, 140
	130, 140
	-2, 141
	96, 142
	47, 142
	48, 142
	28, 142
	127, 143
	107, 144
	102, 144
	61, 145
	24, 145
	143, 146
	100, 147
	133, 147
	60, 147
	73, 147
	0, 149
	1, 149
	-4, 150
	149, 151
	0, 151
	61, 152
	145, 152
	107, 153
	130, 153
	6, 153
	50, 154
	37, 155
	61, 155
	103, 155
	7, 156
	148, 156
	43, 158
	56, 159
	-2, 159
	23, 159
	124, 159
	79, 160
	-4, 160
	16, 160
	46, 161
	112, 161
	76, 161
	132, 161
	13, 162
	-3, 162
	28, 162
	149, 163
	151, 163
	31, 164
	86, 164
	73, 164
	17, 164
	58, 165
	59, 165
	115, 166
	96, 166
	19, 167
	22, 167
	11, 168
	111, 169
	55, 169
	162, 170
	-3, 170
	129, 171
	3, 171
	44, 171
	131, 171
	152, 172
	145, 172
	143, 172
	127, 172
	117, 173
	51, 173
	158, 173
	64, 174
	-2, 174
	77, 174
	66, 175
	41, 175
	-2, 176
	29, 176
	66, 177
	59, 178
	176, 179
	-2, 179
	110, 179
	114, 179
	29, 179
	65, 180
	26, 180
	130, 181
	140, 181
	107, 182
	2, 182
	108, 182
	135, 182
	144, 182
	124, 183
	81, 184
	74, 184
	25, 184
	52, 184
	34, 184
	154, 185
	141, 185
	82, 186
	109, 186
	-1, 186
	138, 187
	67, 187
	33, 187
	166, 188
	47, 188
	142, 188
	96, 188
	157, 190
	-1, 190
	60, 191
	101, 191
	94, 192
	170, 192
	82, 193
	109, 193
	186, 193
	137, 193
	60, 194
	156, 194
	7, 194
	101, 194
	106, 194
	182, 195
	108, 195
	163, 195
	93, 195
	129, 196
	54, 196
	3, 196
	105, 197
	21, 197
	91, 197
	11, 198
	98, 198
	168, 198
	110, 199
	114, 199
	61, 200
	155, 200
	84, 200
	43, 201
	-3, 201
	167, 201
	169, 202
	111, 202
	78, 202
	198, 202
	98, 202
	55, 202
	102, 203
	118, 203
	18, 203
	64, 204
	174, 204
	77, 204
	44, 205
	171, 205
	131, 205
	152, 206
	37, 206
	94, 207
	205, 207
	139, 207
	93, 208
	165, 208
	108, 208
	148, 209
	53, 209
	177, 210
	107, 211
	153, 211
	146, 211
	9, 212
	57, 212
	189, 212
	115, 213
	27, 213
	47, 213
	188, 213
	166, 213
	64, 213
	35, 214
	26, 214
	180, 214
	65, 214
	165, 215
	59, 215
	58, 215
	12, 215
	98, 215
	11, 215
	53, 216
	148, 216
	209, 216
	7, 216
	156, 216
	81, 217
	45, 217
	148, 218
	189, 218
	87, 219
	67, 219
	4, 220
	85, 221
	54, 221
	-3, 222
	166, 222
	96, 222
	28, 223
	142, 223
	150, 224
	-4, 224
	218, 225
	148, 225
	209, 225
	212, 226
	57, 226
	113, 226
	189, 226
	210, 227
	223, 227
	117, 228
	70, 228
	-3, 228
	145, 229
	24, 229
	127, 229
	125, 229
	88, 229
	100, 229
	172, 229
	79, 230
	-4, 230
	138, 231
	191, 231
	220, 231
	114, 232
	199, 232
	-2, 232
	170, 233
	-3, 233
	192, 233
	70, 234
	104, 234
	117, 234
	63, 234
	208, 235
	93, 235
	58, 235
	165, 235
	175, 236
	41, 236
	66, 236
	139, 236
	190, 237
	-1, 237
	157, 237
	85, 238
	120, 238
	42, 238
	39, 238
	221, 238
	132, 239
	161, 239
	76, 239
	126, 239
	106, 240
	194, 240
	116, 240
	156, 240
	122, 241
	103, 241
	38, 242
	30, 242
	86, 242
	8, 243
	150, 243
	23, 244
	159, 244
	183, 244
	124, 244
	162, 245
	28, 245
	223, 245
	170, 245
	192, 245
	219, 246
	67, 246
	10, 246
	23, 247
	10, 247
	183, 247
	244, 247
	140, 248
	181, 248
	61, 249
	84, 249
	24, 249
	4, 249
	15, 249
	145, 249
	40, 250
	224, 250
	-2, 251
	115, 251
	27, 251
	83, 252
	243, 252
	8, 252
	204, 253
	64, 253
	47, 253
	213, 253
	33, 254
	97, 254
	101, 254
	29, 254
	187, 254
	166, 255
	115, 255
	-3, 255
	222, 255
	193, 256
	119, 256
	99, 256
	200, 257
	155, 257
	103, 257
	241, 257
	39, 258
	133, 259
	73, 259
	17, 259
	20, 259
	128, 259
	125, 259
	177, 260
	139, 260
	66, 260
	207, 260
	234, 261
	63, 261
	51, 261
	173, 261
	117, 261
	139, 262
	207, 262
	41, 262
	44, 262
	205, 262
	236, 262
	158, 263
	43, 263
	167, 263
	201, 263
	23, 264
	-2, 264
	10, 264
	247, 264
	-2, 265
	33, 265
	176, 265
	71, 266
	25, 266
	18, 267
	86, 267
	15, 268
	84, 268
	250, 269
	83, 269
	224, 269
	10, 270
	-2, 270
	233, 271
	-3, 271
	123, 271
	-2, 272
	-3, 272
	251, 272
	115, 272
	255, 272
	247, 273
	219, 273
	246, 273
	10, 273
	87, 273
	68, 274
	32, 274
	56, 274
	124, 274
	77, 274
	121, 275
	16, 275
	132, 275
	30, 275
	134, 275
	12, 276
	111, 276
	99, 276
	58, 276
	169, 276
	91, 276
	225, 277
	62, 277
	195, 278
	163, 278
	21, 278
	105, 278
	151, 278
	93, 278
	40, 280
	-1, 280
	-4, 280
	192, 281
	94, 281
	207, 281
	271, 281
	123, 281
	233, 281
	75, 282
	276, 283
	99, 283
	193, 283
	82, 283
	169, 283
	55, 283
	256, 283
	97, 284
	7, 284
	110, 284
	53, 284
	29, 284
	216, 284
	21, 285
	5, 285
	197, 285
	83, 285
	39, 286
	120, 286
	72, 286
	258, 286
	8, 287
	76, 287
	126, 287
	0, 287
	239, 287
	5, 287
	147, 288
	60, 288
	31, 288
	164, 288
	73, 288
	106, 288
	185, 289
	62, 289
	-4, 289
	227, 290
	192, 290
	94, 290
	65, 291
	214, 291
	140, 291
	248, 291
	6, 291
	72, 291
	71, 292
	35, 292
	279, 292
	49, 293
	155, 294
	37, 294
	152, 294
	206, 294
	61, 294
	131, 295
	3, 295
	104, 295
	95, 295
	224, 296
	-4, 296
	280, 296
	40, 296
	250, 296
	194, 297
	60, 297
	101, 297
	191, 297
	49, 298
	36, 298
	157, 298
	210, 299
	48, 299
	227, 299
	72, 300
	286, 300
	291, 300
	6, 300
	230, 301
	-4, 301
	57, 301
	9, 301
	212, 301
	185, 302
	141, 302
	232, 302
	-2, 302
	154, 302
	17, 303
	118, 303
	267, 303
	18, 303
	164, 303
	86, 303
	42, 304
	37, 304
	175, 304
	41, 304
	9, 305
	116, 305
	141, 306
	-2, 306
	-4, 306
	235, 307
	93, 307
	105, 307
	278, 307
	199, 308
	110, 308
	154, 308
	50, 308
	232, 308
	302, 308
	184, 309
	81, 309
	80, 309
	25, 309
	217, 309
	250, 310
	137, 310
	269, 310
	201, 311
	-3, 311
	22, 311
	-1, 311
	167, 311
	66, 312
	103, 312
	37, 312
	304, 312
	155, 312
	175, 312
	204, 313
	253, 313
	47, 313
	172, 314
	152, 314
	143, 314
	206, 314
	204, 315
	313, 315
	77, 315
	274, 315
	68, 315
	51, 316
	158, 316
	173, 316
	36, 317
	49, 317
	293, 317
	279, 317
	187, 318
	254, 318
	101, 318
	191, 318
	231, 318
	138, 318
	270, 319
	265, 319
	246, 319
	67, 319
	33, 319
	10, 319
	187, 319
	18, 320
	203, 320
	149, 320
	1, 320
	71, 321
	292, 321
	279, 321
	266, 321
	168, 322
	198, 322
	78, 322
	-1, 322
	202, 322
	86, 323
	30, 323
	1, 323
	134, 323
	18, 323
	267, 323
	320, 323
	277, 324
	62, 324
	289, 324
	185, 324
	154, 324
	50, 324
	32, 325
	268, 325
	158, 326
	43, 326
	228, 326
	-3, 326
	173, 326
	117, 326
	137, 327
	90, 327
	40, 327
	250, 327
	310, 327
	181, 328
	248, 328
	104, 329
	295, 329
	196, 329
	3, 329
	63, 329
	76, 330
	46, 330
	-4, 330
	8, 330
	95, 331
	136, 331
	-3, 331
	315, 332
	68, 332
	122, 332
	48, 332
	313, 332
	316, 333
	158, 333
	217, 333
	80, 333
	309, 333
	245, 334
	223, 334
	227, 334
	290, 334
	192, 334
	87, 335
	247, 335
	273, 335
	183, 335
	238, 336
	42, 336
	304, 336
	41, 336
	266, 337
	71, 337
	75, 337
	282, 337
	26, 337
	35, 337
	83, 338
	310, 338
	269, 338
	119, 338
	287, 339
	8, 339
	252, 339
	83, 339
	285, 339
	5, 339
	11, 340
	168, 340
	122, 341
	325, 341
	257, 341
	241, 341
	16, 342
	132, 342
	112, 342
	-4, 342
	160, 342
	25, 343
	184, 343
	52, 343
	321, 343
	266, 343
	69, 344
	20, 344
	102, 344
	211, 344
	107, 344
	144, 344
	307, 345
	105, 345
	91, 345
	197, 345
	235, 345
	58, 345
	34, 346
	89, 346
	-1, 346
	313, 347
	47, 347
	332, 347
	142, 347
	48, 347
	181, 348
	135, 348
	2, 348
	130, 348
	92, 349
	74, 349
	346, 349
	-1, 349
	230, 350
	79, 350
	38, 350
	16, 350
	160, 350
	270, 351
	-2, 351
	265, 351
	319, 351
	146, 352
	211, 352
	344, 352
	69, 352
	210, 353
	241, 353
	103, 353
	66, 353
	177, 353
	177, 354
	210, 354
	227, 354
	290, 354
	116, 355
	305, 355
	38, 355
	242, 355
	9, 355
	191, 356
	60, 356
	147, 356
	88, 356
	100, 356
	190, 357
	157, 357
	168, 357
	340, 357
	207, 358
	260, 358
	177, 358
	354, 358
	94, 358
	290, 358
	221, 359
	238, 359
	44, 359
	41, 359
	336, 359
	54, 359
	129, 359
	121, 360
	275, 360
	132, 360
	239, 360
	126, 360
	220, 361
	231, 361
	67, 361
	138, 361
	219, 361
	298, 362
	237, 362
	157, 362
	89, 362
	-1, 362
	180, 363
	54, 363
	221, 363
	65, 363
	85, 363
	205, 364
	123, 364
	281, 364
	207, 364
	218, 365
	62, 365
	277, 365
	225, 365
	151, 366
	278, 366
	5, 366
	21, 366
	0, 366
	9, 367
	38, 367
	350, 367
	230, 367
	301, 367
	189, 368
	218, 368
	148, 368
	305, 368
	321, 369
	343, 369
	36, 369
	52, 369
	279, 369
	317, 369
	357, 370
	157, 370
	340, 370
	298, 370
	49, 370
	293, 371
	178, 371
	143, 372
	127, 372
	69, 372
	352, 372
	146, 372
	128, 372
	348, 373
	178, 373
	181, 373
	371, 373
	45, 374
	19, 374
	92, 374
	-1, 374
	22, 374
	371, 375
	370, 375
	49, 375
	293, 375
	51, 376
	75, 376
	80, 376
	333, 376
	316, 376
	254, 377
	33, 377
	29, 377
	176, 377
	265, 377
	182, 378
	195, 378
	163, 378
	144, 378
	102, 378
	217, 379
	333, 379
	263, 379
	158, 379
	329, 380
	196, 380
	282, 380
	75, 380
	63, 380
	220, 381
	231, 381
	356, 381
	88, 381
	191, 381
	142, 382
	223, 382
	48, 382
	227, 382
	299, 382
	74, 383
	349, 383
	346, 383
	184, 383
	34, 383
	219, 384
	87, 384
	220, 384
	361, 384
	15, 384
	4, 384
	48, 385
	299, 385
	353, 385
	210, 385
	332, 385
	122, 385
	241, 385
	322, 386
	168, 386
	-1, 386
	357, 386
	190, 386
	50, 387
	53, 387
	225, 387
	209, 387
	324, 387
	277, 387
	256, 388
	119, 388
	310, 388
	338, 388
	193, 388
	137, 388
	218, 389
	365, 389
	226, 389
	113, 389
	189, 389
	291, 390
	248, 390
	328, 390
	214, 390
	35, 390
	292, 390
	124, 391
	32, 391
	335, 391
	183, 391
	268, 391
	325, 391
	251, 392
	27, 392
	64, 392
	-2, 392
	156, 393
	240, 393
	305, 393
	116, 393
	368, 393
	148, 393
	370, 394
	375, 394
	371, 394
	178, 394
	340, 394
	11, 394
	59, 394
	4, 395
	24, 395
	229, 395
	88, 395
	381, 395
	220, 395
	305, 396
	368, 396
	212, 396
	189, 396
	9, 396
	337, 397
	282, 397
	363, 397
	180, 397
	26, 397
	328, 398
	371, 398
	293, 398
	181, 398
	317, 398
	373, 398
	348, 399
	373, 399
	165, 399
	178, 399
	59, 399
	196, 400
	54, 400
	397, 400
	282, 400
	363, 400
	380, 400
	243, 401
	252, 401
	224, 401
	269, 401
	83, 401
	150, 401
	75, 402
	376, 402
	266, 402
	337, 402
	80, 402
	25, 402
	306, 403
	-4, 403
	289, 403
	185, 403
	141, 403
	136, 404
	123, 404
	131, 404
	205, 404
	364, 404
	197, 405
	91, 405
	338, 405
	119, 405
	99, 405
	285, 405
	83, 405
	258, 406
	314, 406
	143, 406
	146, 406
	206, 406
	378, 407
	163, 407
	149, 407
	102, 407
	203, 407
	320, 407
	36, 408
	52, 408
	298, 408
	34, 408
	89, 408
	362, 408
	348, 409
	135, 409
	108, 409
	165, 409
	208, 409
	399, 409
	332, 410
	68, 410
	325, 410
	32, 410
	341, 410
	122, 410
	258, 411
	286, 411
	153, 411
	211, 411
	146, 411
	300, 411
	406, 411
	6, 411
	58, 412
	345, 412
	91, 412
	276, 412
	341, 413
	325, 413
	84, 413
	200, 413
	268, 413
	257, 413
	62, 414
	365, 414
	113, 414
	-4, 414
	389, 414
	95, 415
	331, 415
	136, 415
	295, 415
	131, 415
	404, 415
	304, 416
	37, 416
	258, 416
	39, 416
	206, 416
	42, 416
	406, 416
	15, 417
	384, 417
	87, 417
	335, 417
	268, 417
	391, 417
	390, 418
	292, 418
	317, 418
	279, 418
	398, 418
	328, 418
	8, 419
	243, 419
	150, 419
	-4, 419
	330, 419
	379, 420
	263, 420
	45, 420
	217, 420
	19, 420
	167, 420
	116, 421
	31, 421
	242, 421
	86, 421
	164, 421
	355, 421
Mesh Regions: 422
	0, 1, 121, 127, 173, 177, 610, 966
	0, 120, 145, 174, 752, 764
	93, 137, 148, 251, 879
	135, 139, 222, 294, 641, 793
	5, 11, 368, 464, 1052, 1111
	1, 7, 600, 612, 840, 964
	136, 156, 182, 629, 662, 1209
	77, 83, 187, 285, 360, 594
	46, 441, 474, 607, 798, 836, 1250
	17, 338, 666, 683, 911, 967, 1121
	2, 454, 456, 523, 537, 550, 747
	32, 78, 216, 298, 356, 841, 1109
	31, 79, 101, 354, 562
	3, 12, 73, 201
	4, 40, 72, 87
	5, 58, 465, 532, 1051, 1238
	13, 16, 141, 196, 558, 847, 888
	6, 43, 114, 209, 498, 673
	113, 317, 530, 676, 749, 766
	8, 22, 214, 1000, 1259
	6, 38, 84, 115, 130, 499, 858
	7, 90, 296, 572, 599, 965
	8, 9, 215, 708, 1003
	10, 192, 443, 455, 521
	11, 167, 391, 463, 1112
	53, 258, 529, 701, 852, 1155
	14, 247, 348, 829, 1126
	36, 108, 342, 471, 1095
	12, 75, 162, 203, 374, 448
	76, 97, 238, 245, 482, 597, 1015
	13, 15, 62, 146, 439, 560, 763
	91, 110, 206, 615, 1262
	37, 124, 553, 775, 1089, 1199
	268, 479, 526, 746, 1014
	25, 63, 260, 869, 1046, 1187
	14, 41, 347, 632, 830, 1086
	24, 26, 654, 732, 978, 1184
	184, 325, 636, 680, 713, 1232
	15, 16, 17, 438, 887, 909, 968
	19, 117, 426, 495, 603, 1234
	18, 65, 467, 576, 647, 785
	21, 236, 417, 513, 682, 824, 930
	19, 425, 679, 822, 1236
	20, 189, 306, 518, 778
	21, 134, 223, 321, 514, 929
	22, 54, 69, 363, 999, 1257
	23, 47, 102, 197, 796
	160, 270, 343, 477, 719, 873
	161, 657, 805, 876, 1039, 1053
	24, 634, 653, 733, 986, 1006
	27, 98, 183, 695, 774, 1065
	34, 45, 230, 508, 729, 1008
	25, 26, 259, 854, 979, 1185
	27, 99, 333, 357, 596, 1066
	133, 293, 370, 932, 950, 1139
	28, 50, 56, 218, 314, 591
	29, 49, 123, 190, 554
	30, 104, 339, 382, 665
	31, 210, 353, 414, 565, 868, 1210
	32, 211, 240, 352, 1110, 1137
	92, 171, 275, 283, 614, 650, 913
	59, 166, 178, 185, 303, 461, 639
	33, 569, 620, 770, 959, 1220
	34, 44, 89, 411, 507, 794, 1031
	35, 36, 232, 318, 346, 476, 1096
	42, 60, 246, 350, 625, 952
	85, 155, 235, 239, 418, 504, 711, 901
	154, 267, 367, 453, 745, 941
	37, 552, 728, 803, 1197
	38, 129, 857, 897, 991
	39, 40, 88, 111, 388, 408
	41, 528, 631, 753, 826
	42, 61, 119, 605, 630, 659
	43, 144, 172, 208, 497, 617
	55, 67, 257, 882, 1042
	44, 45, 585, 827, 1009, 1030, 1150
	46, 47, 199, 430, 608, 795
	48, 49, 234, 320, 556, 726
	50, 51, 311, 759
	52, 194, 397, 886
	53, 700, 810, 1010, 1154
	54, 55, 70, 256, 362, 699
	56, 57, 263, 279, 589
	472, 535, 602, 831, 838, 1148, 1172
	58, 59, 305, 462, 533, 1216
	60, 61, 118, 369, 423, 953
	62, 207, 440, 531, 678, 762, 1264
	366, 551, 817, 1048, 1240
	81, 394, 915, 1035, 1114
	63, 64, 870, 947, 1188
	65, 66, 95, 152, 784
	80, 297, 567, 865, 1167, 1212
	67, 68, 69, 70, 881, 1001
	94, 291, 329, 413, 575, 689
	277, 326, 580, 624, 925
	71, 72, 86, 643, 799, 1225
	73, 74, 75, 159, 213, 272, 373
	76, 77, 82, 480, 593
	78, 79, 100, 299, 313, 355
	80, 116, 490, 564, 587, 1170
	81, 125, 143, 169, 395, 916
	82, 83, 276, 286, 481, 651, 738
	84, 112, 165, 315, 859, 1022, 1181
	85, 186, 437, 493, 712, 900
	86, 87, 88, 89, 409, 642, 790
	90, 295, 573, 690, 864
	91, 92, 109, 287, 432, 618
	93, 138, 164, 180, 250, 335, 861
	94, 149, 252, 289, 331, 1192
	95, 96, 153, 264, 280
	97, 98, 99, 107, 243, 301, 595, 693
	100, 101, 217, 310, 563
	102, 103, 140, 198, 849
	104, 105, 383, 1080, 1222
	106, 107, 244, 302, 402
	108, 212, 341, 470, 485, 545
	109, 110, 434, 684, 907, 1101, 1261
	111, 229, 387, 410, 510, 782
	112, 113, 114, 115, 316, 674
	116, 489, 834, 1072, 1169
	117, 118, 119, 424, 604
	120, 121, 126, 147, 557, 934
	436, 804, 843, 1058, 1201
	122, 150, 541, 583, 955, 1162
	123, 124, 193, 255, 446, 555, 1088
	125, 128, 132, 142, 393, 501
	126, 127, 431, 609, 938
	128, 131, 163, 228, 392, 990
	129, 130, 131, 132, 500, 994
	133, 134, 135, 221, 292, 933
	136, 137, 138, 157, 181, 248, 880
	139, 224, 323, 640, 1163, 1229
	140, 141, 200, 428, 559, 848, 936
	142, 143, 144, 170, 496
	145, 146, 147, 561, 765
	148, 149, 253, 878, 1191
	150, 151, 800, 1161, 1227
	152, 153, 282, 704, 783, 1076
	154, 266, 399, 741, 942
	155, 328, 419, 503, 511
	156, 157, 249, 459, 627
	158, 262, 669, 685, 1160
	159, 160, 161, 162, 271, 375, 875, 1037
	163, 168, 227, 722, 989, 1175
	164, 165, 254, 862, 1021
	166, 167, 179, 226, 390, 466
	168, 337, 894, 993, 1176, 1206
	169, 170, 171, 172, 613, 914
	188, 332, 358, 364, 379, 974, 1103
	173, 174, 176, 204, 751, 1180
	175, 376, 442, 1149, 1252
	176, 177, 205, 574, 962
	178, 179, 225, 324, 637, 721
	180, 181, 182, 336, 1204
	183, 261, 672, 694, 773
	184, 185, 186, 304, 492, 635, 715
	187, 188, 284, 361, 435, 1098
	273, 422, 655, 918, 946, 983
	189, 231, 517, 730, 777, 808, 1026
	190, 191, 192, 193, 444
	194, 195, 196, 851, 889
	197, 198, 199, 200, 429
	201, 202, 203, 219, 447
	204, 205, 290, 571, 1020, 1179
	206, 207, 208, 209, 616, 677, 1265
	210, 211, 330, 351, 415, 1135, 1193
	212, 213, 269, 345, 372, 484
	214, 215, 308, 519, 710, 1260
	216, 300, 757, 842, 919, 1061
	217, 218, 309, 566, 590
	219, 220, 278, 405, 450
	221, 222, 223, 224, 322
	225, 226, 227, 228, 396, 720
	229, 230, 231, 509, 731, 781
	232, 233, 234, 319
	235, 236, 416, 681, 716
	237, 238, 241, 527, 1016
	239, 334, 502, 902, 903, 923
	240, 988, 996, 1107, 1136
	241, 242, 243, 244, 245
	246, 247, 349, 949, 1125
	248, 249, 460, 788, 877, 997, 1130
	250, 251, 252, 253, 254, 288, 1018
	255, 445, 457, 820, 1091
	256, 257, 258, 259, 260, 698, 853, 1045
	261, 262, 619, 668, 772, 1159
	263, 264, 265, 281
	266, 267, 268, 483, 736, 748
	269, 270, 271, 272, 344
	340, 365, 384, 972, 1081, 1120
	273, 274, 420, 917, 1064
	275, 276, 400, 652, 739, 912, 1036
	277, 278, 407, 451, 579, 623, 816
	279, 280, 281, 282, 488, 588, 1075
	283, 284, 285, 286, 287, 433, 649
	288, 289, 290, 291, 570, 1019
	292, 293, 294, 792, 1028, 1138
	295, 296, 297, 601, 866, 1166
	298, 299, 300, 312, 758
	301, 302, 403, 692
	303, 304, 305, 491, 1217
	306, 307, 308, 520, 706
	309, 310, 311, 312, 313, 314, 761
	315, 316, 317, 750, 1182
	318, 319, 320, 475, 717, 724
	321, 322, 323, 327, 515, 954, 1164
	324, 325, 638, 723, 1177, 1235
	326, 327, 328, 505, 512, 581, 921, 957
	329, 330, 331, 412, 1194
	332, 333, 359, 380, 1068
	334, 385, 656, 898, 904, 1056
	335, 336, 337, 860, 895, 1205
	338, 339, 340, 381, 667, 1119
	341, 342, 343, 344, 345, 346, 478
	347, 348, 349, 350, 626, 1085
	351, 352, 353, 354, 355, 356
	357, 358, 359, 360, 361, 598
	362, 363, 702, 809, 1023, 1258
	364, 365, 378, 958, 973, 1077
	366, 367, 452, 548, 943, 1047
	368, 401, 939, 1032, 1049, 1116
	369, 370, 427, 927, 951
	371, 372, 373, 487
	374, 375, 386, 449, 813, 1038
	376, 377, 468, 536, 644, 1146
	378, 379, 380, 568, 961, 1067
	381, 382, 383, 384, 1079
	385, 386, 622, 658, 814, 905, 1040
	387, 388, 389, 779
	390, 391, 392, 393, 394, 395, 396, 1113
	397, 398, 663, 885, 970
	399, 400, 401, 740, 940, 1033
	402, 403, 404, 670, 696
	405, 406, 407, 539, 584
	408, 409, 410, 411, 506
	412, 413, 414, 415, 688, 867
	416, 417, 418, 419, 516
	420, 421, 422, 945
	423, 424, 425, 426, 427, 821, 928
	428, 429, 430, 431, 611, 937
	432, 433, 434, 435, 1099
	436, 437, 494, 846, 899, 1059
	438, 439, 440, 910, 1263
	441, 442, 473, 1144, 1251
	443, 444, 445, 446, 458
	447, 448, 449, 450, 451, 812
	452, 453, 454, 549, 744
	455, 456, 457, 458, 524, 547, 818
	459, 460, 628, 789, 1083
	461, 462, 463, 464, 465, 466
	467, 468, 534, 648, 703, 786
	469, 470, 471, 544, 1094
	472, 473, 474, 837, 1145
	475, 476, 477, 478, 718
	479, 480, 481, 482, 483, 737, 1013
	484, 485, 486, 487, 546
	488, 489, 490, 592, 1071
	491, 492, 493, 494, 845, 1219
	495, 606, 1173, 1202, 1233
	496, 497, 498, 499, 500, 501
	502, 503, 504, 505, 922
	506, 507, 508, 509, 510
	511, 512, 513, 514, 515, 516
	517, 518, 519, 520, 1025, 1256
	521, 522, 523, 524
	525, 526, 527, 743, 892, 1017
	528, 529, 756, 825, 856, 1152
	530, 531, 675, 767
	532, 533, 776, 1092, 1218, 1242
	534, 535, 536, 705, 833, 1147
	537, 538, 742, 890
	539, 540, 541, 582
	542, 543, 544, 545, 546
	547, 548, 549, 550, 551, 819
	552, 553, 554, 555, 556, 727
	557, 558, 559, 560, 561, 935
	562, 563, 564, 565, 566, 567, 586, 1213
	568, 569, 769, 960, 1070
	570, 571, 572, 573, 574, 575, 691, 963
	633, 735, 755, 980, 1247
	576, 577, 578, 646
	579, 580, 581, 582, 583, 584, 956
	585, 828, 1029, 1123, 1141
	586, 587, 588, 589, 590, 591, 592
	593, 594, 595, 596, 597, 598
	599, 600, 601, 602, 839, 1171
	603, 604, 605, 606, 660, 1203
	607, 608, 609, 610, 611, 612, 835
	613, 614, 615, 616, 617, 618
	619, 620, 621, 771, 1158
	622, 623, 624, 815, 906, 926
	625, 626, 627, 628, 629, 630, 661, 1082
	631, 632, 633, 754, 1087, 1245
	634, 734, 987, 1007, 1129
	635, 636, 637, 638, 639
	640, 641, 642, 643, 791, 1228
	644, 645, 646, 647, 648
	649, 650, 651, 652
	653, 654, 655, 944, 985, 1186
	656, 657, 658, 1041, 1054
	659, 660, 661, 662, 1207
	663, 664, 665, 666, 667, 971
	668, 669, 670, 671, 672, 697
	673, 674, 675, 676, 677, 678
	679, 680, 681, 682, 714, 823, 1231
	683, 684, 908, 975, 1100, 1117
	685, 686, 687, 1156
	688, 689, 690, 691, 863
	692, 693, 694, 695, 696, 697
	698, 699, 700, 701, 702, 811
	703, 704, 705, 787, 832, 1073
	706, 707, 708, 709, 710
	711, 712, 713, 714, 715, 716
	717, 718, 719, 725, 806, 872
	720, 721, 722, 723, 1174
	724, 725, 726, 727, 728, 802
	729, 730, 731, 807, 1012
	732, 733, 734, 735, 981, 1131, 1246
	736, 737, 738, 739, 740, 741
	742, 743, 744, 745, 746, 747, 748, 893
	749, 750, 751, 752, 768, 1183
	753, 754, 755, 756, 855, 976
	757, 758, 759, 760, 761, 1060
	762, 763, 764, 765, 766, 767, 768
	769, 770, 771, 772, 773, 774, 1069
	775, 776, 844, 1093, 1198, 1215
	777, 778, 779, 780, 781, 782
	783, 784, 785, 786, 787
	788, 789, 1084, 1127, 1249
	790, 791, 792, 793, 794, 1027
	795, 796, 797, 798, 1254
	799, 800, 801, 1226
	802, 803, 804, 805, 806, 874, 1057, 1196
	807, 808, 809, 810, 811, 1011, 1024
	812, 813, 814, 815, 816
	817, 818, 819, 820, 1090, 1241
	821, 822, 823, 824, 931
	825, 826, 827, 828, 829, 830, 1122, 1153
	831, 832, 833, 834, 1074, 1168
	835, 836, 837, 838, 839, 840
	841, 842, 920, 984, 1108
	843, 844, 845, 846, 1200, 1214
	847, 848, 849, 850, 851
	852, 853, 854, 855, 856, 977
	857, 858, 859, 860, 861, 862, 896
	863, 864, 865, 866, 867, 868, 1211
	869, 870, 871, 883, 1044
	872, 873, 874, 875, 876
	877, 878, 879, 880, 995, 1133, 1190
	881, 882, 883, 884, 1043
	885, 886, 887, 888, 889, 969
	890, 891, 892, 893
	894, 895, 896, 897, 992
	898, 899, 900, 901, 902, 1055
	903, 904, 905, 906, 924
	907, 908, 909, 910, 911, 1266
	912, 913, 914, 915, 916, 1034
	917, 918, 919, 920, 982, 1063
	921, 922, 923, 924, 925, 926
	927, 928, 929, 930, 931, 932, 933
	934, 935, 936, 937, 938
	939, 940, 941, 942, 943, 1050
	944, 945, 946, 947, 948, 1189
	949, 950, 951, 952, 953, 1124, 1142
	954, 955, 956, 957, 1165
	958, 959, 960, 961, 1078, 1221
	962, 963, 964, 965, 966
	967, 968, 969, 970, 971
	972, 973, 974, 975, 1102, 1118
	976, 977, 978, 979, 980, 981
	982, 983, 984, 985, 986, 1005, 1104
	987, 988, 998, 1004, 1106, 1128
	989, 990, 991, 992, 993, 994
	995, 996, 997, 998, 1132, 1134
	999, 1000, 1001, 1002, 1003
	1004, 1005, 1006, 1007, 1105
	1008, 1009, 1010, 1011, 1012, 1151
	1013, 1014, 1015, 1016, 1017
	1018, 1019, 1020, 1021, 1022, 1178
	1023, 1024, 1025, 1026, 1255
	1027, 1028, 1029, 1030, 1031, 1143
	1032, 1033, 1034, 1035, 1036, 1115
	1037, 1038, 1039, 1040, 1041
	1042, 1043, 1044, 1045, 1046
	1047, 1048, 1049, 1050, 1051, 1052, 1239
	1053, 1054, 1055, 1056, 1057, 1058, 1059
	1060, 1061, 1062, 1063, 1064
	1065, 1066, 1067, 1068, 1069, 1070
	1071, 1072, 1073, 1074, 1075, 1076
	1077, 1078, 1079, 1080, 1081, 1224
	1082, 1083, 1084, 1085, 1086, 1087, 1244
	1088, 1089, 1090, 1091, 1092, 1093, 1243
	1094, 1095, 1096, 1097
	1098, 1099, 1100, 1101, 1102, 1103
	1104, 1105, 1106, 1107, 1108, 1109, 1110
	1111, 1112, 1113, 1114, 1115, 1116
	1117, 1118, 1119, 1120, 1121
	1122, 1123, 1124, 1125, 1126, 1140
	1127, 1128, 1129, 1130, 1131, 1132, 1248
	1133, 1134, 1135, 1136, 1137, 1195
	1138, 1139, 1140, 1141, 1142, 1143
	1144, 1145, 1146, 1147, 1148, 1149
	1150, 1151, 1152, 1153, 1154, 1155
	1156, 1157, 1158, 1159, 1160
	1161, 1162, 1163, 1164, 1165, 1230
	1166, 1167, 1168, 1169, 1170, 1171, 1172
	1173, 1174, 1175, 1176, 1177, 1208, 1237
	1178, 1179, 1180, 1181, 1182, 1183
	1184, 1185, 1186, 1187, 1188, 1189
	1190, 1191, 1192, 1193, 1194, 1195
	1196, 1197, 1198, 1199, 1200, 1201
	1202, 1203, 1204, 1205, 1206, 1207, 1208, 1209
	1210, 1211, 1212, 1213
	1214, 1215, 1216, 1217, 1218, 1219
	1220, 1221, 1222, 1223, 1224
	1225, 1226, 1227, 1228, 1229, 1230
	1231, 1232, 1233, 1234, 1235, 1236, 1237
	1238, 1239, 1240, 1241, 1242, 1243
	1244, 1245, 1246, 1247, 1248, 1249
	1250, 1251, 1252, 1253, 1254
	1255, 1256, 1257, 1258, 1259, 1260
	1261, 1262, 1263, 1264, 1265, 1266
Seed Numbers: 422
	0
	1
	2
	3
	4
	5
	6
	7
	8
	9
	10
	11
	12
	13
	14
	15
	16
	17
	18
	19
	20
	21
	22
	23
	24
	25
	26
	27
	28
	29
	30
	31
	32
	33
	34
	35
	36
	37
	38
	39
	40
	41
	42
	43
	44
	45
	46
	47
	48
	49
	50
	51
	52
	53
	54
	55
	56
	57
	58
	59
	60
	61
	62
	63
	64
	65
	66
	67
	68
	69
	70
	71
	72
	73
	74
	75
	76
	77
	78
	79
	80
	81
	82
	83
	84
	85
	86
	87
	88
	89
	90
	91
	92
	93
	94
	95
	96
	97
	98
	99
	100
	101
	102
	103
	104
	105
	106
	107
	108
	109
	110
	111
	112
	113
	114
	115
	116
	117
	118
	119
	120
	121
	122
	123
	124
	125
	126
	127
	128
	129
	130
	131
	132
	133
	134
	135
	136
	137
	138
	139
	140
	141
	142
	143
	144
	145
	146
	147
	148
	149
	150
	151
	152
	153
	154
	155
	156
	157
	158
	159
	160
	161
	162
	163
	164
	165
	166
	167
	168
	169
	170
	171
	172
	173
	174
	175
	176
	177
	178
	179
	180
	181
	182
	183
	184
	185
	186
	187
	188
	189
	190
	191
	192
	193
	194
	195
	196
	197
	198
	199
	200
	201
	202
	203
	204
	205
	206
	207
	208
	209
	210
	211
	212
	213
	214
	215
	216
	217
	218
	219
	220
	221
	222
	223
	224
	225
	226
	227
	228
	229
	230
	231
	232
	233
	234
	235
	236
	237
	238
	239
	240
	241
	242
	243
	244
	245
	246
	247
	248
	249
	250
	251
	252
	253
	254
	255
	256
	257
	258
	259
	260
	261
	262
	263
	264
	265
	266
	267
	268
	269
	270
	271
	272
	273
	274
	275
	276
	277
	278
	279
	280
	281
	282
	283
	284
	285
	286
	287
	288
	289
	290
	291
	292
	293
	294
	295
	296
	297
	298
	299
	300
	301
	302
	303
	304
	305
	306
	307
	308
	309
	310
	311
	312
	313
	314
	315
	316
	317
	318
	319
	320
	321
	322
	323
	324
	325
	326
	327
	328
	329
	330
	331
	332
	333
	334
	335
	336
	337
	338
	339
	340
	341
	342
	343
	344
	345
	346
	347
	348
	349
	350
	351
	352
	353
	354
	355
	356
	357
	358
	359
	360
	361
	362
	363
	364
	365
	366
	367
	368
	369
	370
	371
	372
	373
	374
	375
	376
	377
	378
	379
	380
	381
	382
	383
	384
	385
	386
	387
	388
	389
	390
	391
	392
	393
	394
	395
	396
	397
	398
	399
	400
	401
	402
	403
	404
	405
	406
	407
	408
	409
	410
	411
	412
	413
	414
	415
	416
	417
	418
	419
	420
	421
Phase Numbers: 422
	2
	2
	1
	3
	2
	3
	2
	2
	0
	2
	2
	1
	3
	2
	0
	2
	0
	0
	2
	3
	3
	3
	2
	2
	2
	3
	1
	2
	3
	3
	3
	3
	3
	3
	2
	3
	2
	3
	0
	2
	2
	2
	2
	2
	3
	3
	1
	2
	0
	2
	0
	2
	0
	2
	2
	3
	1
	3
	2
	3
	2
	1
	2
	3
	2
	2
	3
	3
	2
	2
	3
	2
	3
	3
	3
	2
	3
	2
	3
	2
	1
	2
	0
	0
	2
	3
	2
	3
	2
	2
	2
	2
	3
	2
	2
	2
	0
	0
	1
	3
	0
	0
	3
	3
	0
	2
	2
	3
	2
	3
	1
	2
	1
	3
	2
	2
	2
	3
	2
	3
	3
	3
	2
	3
	3
	3
	1
	3
	2
	2
	2
	3
	2
	1
	3
	2
	2
	0
	2
	2
	0
	2
	3
	2
	2
	2
	2
	2
	3
	3
	2
	3
	0
	3
	3
	0
	2
	3
	2
	0
	2
	3
	2
	3
	2
	2
	3
	3
	3
	0
	3
	2
	3
	3
	3
	3
	3
	2
	3
	3
	3
	0
	3
	2
	0
	1
	2
	1
	2
	2
	3
	2
	0
	2
	1
	2
	0
	3
	3
	3
	3
	1
	2
	3
	3
	2
	2
	0
	3
	3
	3
	2
	3
	3
	2
	1
	3
	3
	3
	3
	3
	2
	2
	2
	3
	3
	2
	0
	2
	3
	2
	0
	3
	3
	3
	1
	1
	2
	3
	0
	3
	2
	1
	1
	3
	0
	2
	1
	3
	1
	3
	2
	3
	3
	1
	2
	3
	2
	3
	3
	3
	0
	3
	1
	2
	3
	2
	2
	3
	2
	3
	0
	3
	3
	2
	1
	2
	3
	1
	3
	3
	2
	3
	3
	2
	3
	1
	2
	1
	3
	2
	2
	3
	2
	3
	1
	0
	2
	2
	3
	2
	3
	2
	3
	3
	3
	1
	2
	3
	2
	3
	2
	3
	3
	3
	2
	3
	2
	2
	3
	2
	3
	3
	2
	3
	2
	3
	2
	2
	3
	2
	0
	3
	3
	3
	2
	2
	3
	0
	3
	1
	3
	3
	2
	2
	2
	2
	1
	2
	2
	3
	2
	2
	3
	0
	3
	1
	3
	3
	3
	2
	1
	3
	0
	3
	3
	3
	1
	3
	2
	2
	2
	2
	2
	2
	3
	3
	3
	3
	0
	2
	2
	2
	3
	3
	0
	2
	2
	1
	2
	1
	2
	3
	3
	2
	2
	1
	2
	2
	3
	3
	3
	0
	3
	3
	3
	3
	2
	2
	2
	3
	3
	2
	3
	0
	2
	1
	2
	3
	3
	2
	2
Volumes: 422
	0.0029733789246156007
	0.002648286859357764
	0.002382461804626766
	0.00205025519359569
	0.0027595319924319543
	0.0027206096039264723
	0.003083463213757632
	0.0026833891970858715
	0.0031022137743463496
	0.002622080979292925
	0.0032140790136162556
	0.0022341078913558987
	0.002023918956875196
	0.001724565833530871
	0.001366702972078118
	0.002433791777408701
	0.0029800612513502718
	0.002380934564259133
	0.001873210948135678
	0.0017234509619692127
	0.0032281895031363384
	0.002415294179130575
	0.001747706709196766
	0.0016042282894943782
	0.0027000194687466983
	0.003290933548842995
	0.0019778030261453946
	0.0017165421027271282
	0.0020500058629592767
	0.0028384220313507624
	0.0026082041109998224
	0.002533233833894464
	0.001906583187270993
	0.0024157140053597016
	0.002707247589073984
	0.002039374722756902
	0.0026233250709820745
	0.002921132666040109
	0.0029104484888982916
	0.002102130329141366
	0.003031185811537491
	0.0030324534091933004
	0.0021635602635266924
	0.0016278596775639266
	0.002834425926504094
	0.0021681140191430457
	0.001929227971552739
	0.002680858144751816
	0.002678394042358574
	0.0020843946819792953
	0.002061692285126923
	0.0026437999051033573
	0.0017871310952916374
	0.0016813540241898406
	0.002264181089258831
	0.0026516020109722265
	0.0030245905894394774
	0.0011977847454891556
	0.0026313908171962793
	0.002612857968171949
	0.003090444368863029
	0.0030552111002061944
	0.001528764899372195
	0.0037139760891797186
	0.002262280745862267
	0.0028418394981161257
	0.0023605878943534545
	0.0024278818546006383
	0.001959793590545634
	0.002206519555946947
	0.002038898933977824
	0.0020853597646758675
	0.0027473218472218192
	0.0027731527415760624
	0.0021378677837339713
	0.0034401682443778937
	0.002066362881117294
	0.0036379666362054146
	0.0017719872655842502
	0.0013343370810531302
	0.0025592245950913366
	0.0027750199494334946
	0.0021066123680102676
	0.003442198143067082
	0.002566629845221763
	0.002340214256114653
	0.0025198103069937875
	0.002140767047515215
	0.002746851420811395
	0.0025104222374671852
	0.0021813778594092417
	0.002094896064699746
	0.0025079813952724192
	0.0017472087198043215
	0.0025998065433105078
	0.002316371363496105
	0.0027835569181407427
	0.0023432649363974703
	0.0022865695394236165
	0.0018998803371835006
	0.0018300706987964249
	0.0028681559970728785
	0.0031950527437972134
	0.0023037312559273273
	0.0028141251684971167
	0.0019610011119465657
	0.00219130068814869
	0.002724224845027521
	0.0020403066273030654
	0.0021837906498000785
	0.002918582671191037
	0.0019644269441436322
	0.0016426787452926582
	0.0012150220156956165
	0.0024852679291769426
	0.0025233958516354084
	0.0022399838602994355
	0.002636616857665286
	0.0027053380169323876
	0.0021981823871007242
	0.0025824775555048857
	0.0025105461281249714
	0.0023983101817079706
	0.0027705349103994505
	0.0027051088982728237
	0.002070418456453128
	0.0019360062081050444
	0.0024795190320117803
	0.0017617726978384435
	0.0019969493009517167
	0.003435190466208212
	0.0026377082865447618
	0.002419034954526176
	0.0017682943835806274
	0.002176811394392566
	0.0025616723113822395
	0.0026206988691269773
	0.0020911238036045556
	0.0019076858922523155
	0.002327056086084706
	0.002468863593174054
	0.00185038001005813
	0.0028912009828294745
	0.002871053586428594
	0.002186420009505621
	0.0028818810588648676
	0.0023842649816028932
	0.0030384037178661735
	0.002680110204371029
	0.0021543537903379946
	0.0019748948592399366
	0.0018603936569372324
	0.00236086985061063
	0.0031396226729664585
	0.001784959332643801
	0.0031536109889344485
	0.0024140500916383168
	0.002404068635397883
	0.00309082904317802
	0.0014998710166094255
	0.0026348077043724873
	0.0019735371138803067
	0.00195555225301966
	0.0026989597089820683
	0.003092087365970604
	0.003326994493561241
	0.002238677448470266
	0.0023602315767270766
	0.00263549371923608
	0.002063707489126301
	0.00234990332903866
	0.0018708326311631948
	0.003027385778685207
	0.0024559138846761593
	0.002384900841828506
	0.002578409641366234
	0.0025920609283973037
	0.002003841913385925
	0.001963549723519294
	0.0031133008585526576
	0.001711935892271059
	0.0028199924647465055
	0.002524565199077844
	0.0019387123532243835
	0.002858316786980615
	0.002348870240941559
	0.0015791195865852699
	0.0029988914761919817
	0.001565261779032037
	0.002030802560719499
	0.001361207493034056
	0.0033070064737731387
	0.0030299211053083997
	0.002639308779963578
	0.0025886814964579956
	0.003057419188613711
	0.002037293863161649
	0.0028730964638619704
	0.0025647263135564952
	0.0015149270667255276
	0.002166910859238811
	0.0022696365641953287
	0.0027989193082204556
	0.0025246010812159715
	0.0018959475838854671
	0.003147997998618109
	0.0030513945457734
	0.003258640192136481
	0.002075687782699338
	0.0024058320026184715
	0.002321609096690782
	0.0017557741995502026
	0.002197349328149323
	0.0026446582261405224
	0.001673454566422118
	0.0023935019831478116
	0.0026661432668201356
	0.0026323995349340165
	0.001697112126190577
	0.0021027223070971225
	0.0027452233758610053
	0.001817911835438312
	0.0010450380986422366
	0.0020620696152743086
	0.002364766558506433
	0.0019756870924848677
	0.001528659486637026
	0.002429812124830356
	0.0009305545033755099
	0.0031797168990480356
	0.002305051136782041
	0.0024282471775292185
	0.001535115593680198
	0.0015341545178296102
	0.0017267118289810296
	0.0021509171827203844
	0.0022329767079333567
	0.0015508492766360626
	0.0027465360248252113
	0.0023990038794223178
	0.001697119505288165
	0.0026505775896148043
	0.002101969092113907
	0.002481784635164037
	0.002620816228853456
	0.0023822638464325975
	0.0020485988636589902
	0.003319556457279619
	0.0022569343722554994
	0.0031768636798998246
	0.002073494625627049
	0.0012940578098823464
	0.002588202774520607
	0.001742787017154272
	0.003679608303726869
	0.001159010962209022
	0.0023393959306161048
	0.001675788643039006
	0.0021112094768916323
	0.002809321418267617
	0.0017060771640631978
	0.0017291629761468817
	0.002769771545180591
	0.0020729541155591153
	0.0016460930058833873
	0.002443180454321556
	0.00335454740201643
	0.002176823397019518
	0.0028146543388329827
	0.0017529802984556676
	0.0016166325200815193
	0.001742934923098306
	0.00106114221293534
	0.0017656102695125962
	0.0025379340737139307
	0.0029690795775815255
	0.0025361886454953082
	0.0017026519192291506
	0.0031659689166310566
	0.002157594574850945
	0.0015599028101759597
	0.003376827580616337
	0.0023770925365691757
	0.0025129762699144897
	0.002431772511250068
	0.0026868025237176824
	0.002211985382077939
	0.0034706068668833427
	0.0023705284846386714
	0.001436001834873774
	0.002552972764553698
	0.0033641599179031773
	0.002335303282854307
	0.0016150806406184097
	0.0024473468070545087
	0.0020735840734373086
	0.002109301740876598
	0.0018733252826419276
	0.0023563745315688467
	0.0019355029068523306
	0.003008033016058426
	0.0021261016449354336
	0.002346771363565455
	0.002483555842978451
	0.002646034217976903
	0.002668724815215907
	0.0012154178727869468
	0.0018875829937166945
	0.0022578706656706604
	0.002552816893921027
	0.002067120411913343
	0.001841785564028772
	0.002737251031619931
	0.002614340771259428
	0.002122785370267541
	0.0025724227035272386
	0.001902693572916653
	0.0026499975944077017
	0.0028698479056890056
	0.0030329952639234895
	0.002390147414131065
	0.002531631691087421
	0.003112032590320634
	0.0031973296822986703
	0.0022646245476375584
	0.002501370426427533
	0.0018545908299733471
	0.002057754693104208
	0.002904216145117413
	0.0032354964886213066
	0.0031612654137830203
	0.0011405796881957114
	0.003349827647464395
	0.0028043834587006622
	0.001587682836387457
	0.0024290376739668175
	0.0021061480831027525
	0.003277761106386444
	0.002044713297403627
	0.002550417071563023
	0.0021343044372938934
	0.002495060222201317
	0.0022543646255597325
	0.0025943926868028802
	0.0031097239146463448
	0.002853315669064148
	0.0015179546359414963
	0.002335600578222425
	0.003229847321065124
	0.002182144817051785
	0.0020268465315514215
	0.0017330590023622704
	0.0014575690648063477
	0.0022159935430527693
	0.0018112327580681947
	0.0030118009253669053
	0.002517091257896302
	0.0019957734380998474
	0.002042016982764175
	0.0031321434301643256
	0.0016727943484457124
	0.002595252368548907
	0.003153201089706159
	0.0026452296982564507
	0.002297128899781612
	0.0020933800028700806
	0.0018946375349478423
	0.0022713370735749144
	0.002300091990069741
	0.002969457151724375
	0.0027520130786758733
	0.002499309188477295
	0.0018356188571075256
	0.0027231533363656895
	0.0018238136021338051
	0.00219073625167344
	0.0027195727678099814
	0.0019597942499561924
	0.002793680185126567
	0.0027271369139253623
	0.00367720009770727
	0.003285506911451598
	0.0020891038541663498
	0.0015572831323818087
	0.002380381998212179
	0.003007673806594983
	0.0023142594504924107
	0.0022025631641573043
	0.001975108047099227
	0.001674193411209222
	0.0028265512798730675
	0.0026678127622584602
	0.0007557167125382581
	0.0024476284023397946
	0.0026874899151205765
	0.0025573364298578844
	0.001780785865553209
	0.002453117568993731
	0.0031157532924392267
	0.003193409300951984
	0.002313705709028371
	0.0021285403144500614
	0.0033808579481047836
	0.0008338744375419915
	0.0027139429139263903
	0.0029059941978684303
	0.003331562106359452
	0.002127948163707117
	0.0023195011220848885
	0.002172505182673988
	0.002497317876425161
	0.003394215694813961
	0.0017440388902598626
	0.0020519610189897583
	0.0010312132359333974
	0.0018841964963684532
	0.0027758554796867866
	0.002404904520567969
	0.0021722107433299817
	0.002359260853509062
	0.0023736272979774553
	0.0027513063819644117
