Mesh Points: 838
	 3.117689e-01, -4.967625e-02
	 3.090487e-01, -5.646305e-02
	 2.921516e-01, -1.489576e-02
	 2.536407e-01, -1.550127e-02
	 2.471257e-01, -2.573207e-02
	 2.542972e-01, -6.645797e-02
	 2.550393e-01, -6.719899e-02
	-2.874211e-01, -5.000000e-01
	-3.040545e-01, -4.655354e-01
	-3.353535e-01, -5.000000e-01
	-3.376775e-01, -4.753931e-01
	-2.701427e-01,  4.305605e-01
	-2.215749e-01,  4.252812e-01
	-2.688863e-01,  4.665274e-01
	-2.303468e-01,  4.773133e-01
	 3.402684e-01, -3.584046e-02
	 3.467376e-01, -4.615620e-03
	 3.052610e-01,  5.012630e-03
	 3.347259e-01,  6.126316e-03
	-4.532856e-01,  3.505894e-01
	-4.551946e-01,  3.357623e-01
	-4.682635e-01,  3.698949e-01
	-5.000000e-01,  3.692884e-01
	-5.000000e-01,  3.316100e-01
	-4.589426e-01,  3.324797e-01
	 2.050303e-02,  1.740123e-01
	 5.679346e-03,  1.851513e-01
	 6.663233e-02,  1.994953e-01
	 5.496383e-02,  2.310401e-01
	 3.512033e-02,  2.375776e-01
	 6.693801e-02,  2.005938e-01
	 4.227472e-03,  2.051538e-01
	 1.159606e-01, -3.946679e-01
	 1.171329e-01, -3.989585e-01
	 8.224117e-02, -3.706854e-01
	 6.159802e-02, -3.831394e-01
	 6.653432e-02, -4.264467e-01
	 1.140728e-01, -4.063135e-01
	 5.903106e-02,  3.052487e-01
	 5.943013e-02,  3.035900e-01
	 2.121107e-02,  3.312248e-01
	-1.340949e-02,  3.089683e-01
	-3.323666e-03,  3.229747e-01
	 1.932817e-02,  2.625344e-01
	 1.940850e-02,  2.625092e-01
	-3.097420e-01,  3.813154e-01
	-3.246421e-01,  3.891160e-01
	-2.855860e-01,  3.882073e-01
	-3.369715e-01,  4.272806e-01
	-3.126250e-01,  4.414154e-01
	-2.790282e-01,  4.239036e-01
	 4.064579e-01,  1.664041e-01
	 3.954976e-01,  2.077716e-01
	 3.916019e-01,  1.567337e-01
	 3.571170e-01,  1.800031e-01
	 3.728681e-01,  2.154147e-01
	-1.374481e-02,  4.247139e-01
	 8.929101e-03,  4.669009e-01
	 2.762961e-02,  4.134815e-01
	 3.397895e-02,  4.711801e-01
	 4.460519e-02,  4.374783e-01
	-2.176911e-01, -4.098990e-01
	-2.175266e-01, -4.101589e-01
	-2.164433e-01, -3.688102e-01
	-1.880228e-01, -4.194949e-01
	-1.475135e-01, -3.967565e-01
	-1.486846e-01, -3.864272e-01
	-1.859704e-01, -3.565634e-01
	-2.041323e-01, -8.373823e-02
	-1.785153e-01, -6.785594e-02
	-2.003291e-01, -1.201336e-01
	-1.392162e-01, -1.103899e-01
	-1.413270e-01, -1.148138e-01
	-1.923987e-01, -1.248981e-01
	-9.213206e-02,  1.032718e-01
	-9.874584e-02,  1.437034e-01
	-8.530632e-02,  9.981784e-02
	-6.865897e-02,  1.524737e-01
	-3.779086e-02,  1.315744e-01
	-3.520568e-02,  1.245184e-01
	 3.725985e-01, -1.775028e-01
	 4.085086e-01, -1.482913e-01
	 3.454464e-01, -1.446286e-01
	 3.898556e-01, -1.080885e-01
	 4.109868e-01, -1.359874e-01
	 3.732139e-01, -1.052194e-01
	 1.987041e-01,  3.269092e-01
	 1.664139e-01,  3.170254e-01
	 2.105814e-01,  3.490196e-01
	 1.677264e-01,  3.759302e-01
	 1.439415e-01,  3.563311e-01
	 1.912465e-01,  3.748307e-01
	 1.433157e-01,  3.508403e-01
	-1.046868e-01, -2.900275e-01
	-1.399516e-01, -2.958774e-01
	-9.443784e-02, -2.774809e-01
	-1.014638e-01, -2.435074e-01
	-1.207542e-01, -2.293950e-01
	-1.665986e-01, -2.390520e-01
	-1.729336e-01, -2.723288e-01
	-8.064897e-02, -1.630669e-01
	-8.330811e-02, -1.649840e-01
	-7.047335e-02, -1.143288e-01
	-1.363307e-01, -1.511947e-01
	-1.244838e-01, -1.016974e-01
	 8.428155e-02,  3.401336e-01
	 1.138129e-01,  3.281876e-01
	 1.185169e-01,  2.971783e-01
	 9.008216e-02,  2.769817e-01
	 2.390883e-01,  4.129085e-01
	 2.443262e-01,  4.203447e-01
	 2.555144e-01,  3.610862e-01
	 2.942806e-01,  3.980514e-01
	 2.699498e-01,  3.629123e-01
	 2.552194e-01,  4.231230e-01
	 2.920033e-01,  4.056670e-01
	-4.729433e-01,  4.592066e-01
	-4.447696e-01,  4.701754e-01
	-5.000000e-01,  4.766865e-01
	-5.000000e-01,  5.000000e-01
	-4.375538e-01,  5.000000e-01
	-2.379649e-01, -3.134223e-01
	-2.440089e-01, -3.096962e-01
	-2.194253e-01, -3.665711e-01
	-2.645206e-01, -3.657166e-01
	-2.753915e-01, -3.169530e-01
	-2.797334e-01, -3.284218e-01
	 2.284942e-01, -3.782265e-01
	 2.247399e-01, -4.191775e-01
	 2.096208e-01, -4.277703e-01
	 1.697646e-01, -3.969605e-01
	 1.780519e-01, -3.729885e-01
	 1.823967e-01, -4.220895e-01
	 2.262070e-01, -3.757873e-01
	 5.000000e-01, -3.922774e-01
	 4.629632e-01, -4.107103e-01
	 5.000000e-01, -3.571281e-01
	 4.551635e-01, -3.607114e-01
	 4.470802e-01, -4.018433e-01
	 4.279026e-02, -1.421046e-01
	 7.591940e-02, -1.740184e-01
	 4.215057e-02, -1.321308e-01
	 5.836591e-02, -1.123118e-01
	 9.726486e-02, -1.108037e-01
	 9.837751e-02, -1.118311e-01
	 8.949694e-02, -1.687473e-01
	 1.805368e-01,  1.951143e-01
	 1.727566e-01,  1.836134e-01
	 1.622307e-01,  2.372357e-01
	 1.253030e-01,  2.342259e-01
	 1.471728e-01,  2.430513e-01
	 1.246079e-01,  1.967332e-01
	 1.182852e-01,  2.108824e-01
	 3.003646e-01,  2.193599e-01
	 2.919434e-01,  2.579957e-01
	 3.083554e-01,  2.156010e-01
	 3.212554e-01,  2.841532e-01
	 3.415927e-01,  2.350444e-01
	 2.513316e-01,  1.735083e-01
	 2.652257e-01,  2.085792e-01
	 2.939751e-01,  1.592475e-01
	 3.150519e-01,  1.912648e-01
	-4.655918e-01, -1.961554e-02
	-4.706567e-01,  5.998431e-03
	-5.000000e-01, -5.761851e-02
	-5.000000e-01,  9.584336e-03
	-3.014280e-01,  1.559914e-01
	-3.183165e-01,  1.595119e-01
	-3.342060e-01,  1.898629e-01
	-3.292587e-01,  2.060818e-01
	-2.871853e-01,  2.166760e-01
	-2.796296e-01,  1.880945e-01
	 1.259466e-01, -5.000000e-01
	 1.243339e-01, -4.674930e-01
	 8.256562e-02, -5.000000e-01
	 8.295454e-02, -4.675713e-01
	 8.767352e-02,  4.647556e-01
	 4.129477e-02,  4.804043e-01
	 1.073119e-01,  5.000000e-01
	 4.190874e-02,  5.000000e-01
	-3.284738e-01, -1.699342e-01
	-2.907054e-01, -1.532788e-01
	-2.646601e-01, -1.837001e-01
	-2.643224e-01, -1.915631e-01
	-2.812824e-01, -2.127896e-01
	-3.253824e-01, -2.039939e-01
	-1.747012e-01, -2.254030e-01
	-2.100983e-01, -2.107752e-01
	-1.496589e-01, -1.749906e-01
	-1.499863e-01, -1.724040e-01
	-2.059058e-01, -1.733138e-01
	-1.881382e-01, -1.615087e-01
	 3.873776e-01, -3.115571e-01
	 3.907822e-01, -3.530411e-01
	 3.840083e-01, -3.614248e-01
	 3.656089e-01, -3.018838e-01
	 3.364487e-01, -3.231063e-01
	 3.813961e-01,  3.854344e-01
	 3.771697e-01,  3.924584e-01
	 4.005042e-01,  4.340680e-01
	 4.285735e-01,  4.367803e-01
	 4.407662e-01,  4.189610e-01
	 4.320353e-01,  3.777595e-01
	 4.269989e-01,  3.728970e-01
	 3.737319e-01, -4.373645e-01
	 3.828664e-01, -4.740892e-01
	 3.638706e-01, -5.000000e-01
	 3.530330e-01, -4.231992e-01
	 3.362808e-01, -5.000000e-01
	 3.158877e-01, -4.658479e-01
	 3.230487e-01, -4.393167e-01
	 1.211870e-01, -2.929581e-02
	 1.091189e-01,  1.127359e-02
	 1.792366e-01, -7.005568e-03
	 1.315793e-01,  3.177919e-02
	 1.794963e-01, -2.305227e-04
	-2.816883e-01,  4.754843e-01
	-2.829881e-01,  5.000000e-01
	-2.191361e-01,  5.000000e-01
	-2.191534e-01,  4.955532e-01
	 1.399588e-01,  1.327118e-01
	 1.072912e-01,  1.604696e-01
	 1.729794e-01,  1.691442e-01
	-3.934566e-01,  4.602557e-01
	-4.309962e-01,  4.530017e-01
	-3.739889e-01,  4.482112e-01
	-4.418351e-01,  4.172061e-01
	-4.205141e-01,  4.034623e-01
	-3.740717e-01,  4.268258e-01
	-3.693366e-01,  4.354329e-01
	 3.758307e-01,  2.038221e-03
	 3.810214e-01,  4.415183e-02
	 3.419190e-01,  4.800411e-02
	 9.278782e-02,  9.130286e-02
	 9.288538e-02,  9.157765e-02
	 1.352985e-01,  5.165931e-02
	 1.405926e-01,  1.222336e-01
	 1.703636e-01,  9.643680e-02
	 1.625340e-01,  7.010137e-02
	 3.059040e-01, -1.016140e-01
	 2.619547e-01, -1.015416e-01
	 3.163266e-01, -8.866234e-02
	-1.754553e-01, -4.475387e-01
	-1.979240e-01, -4.767820e-01
	-2.299841e-01, -4.561949e-01
	 2.861582e-01, -4.054111e-01
	 2.861668e-01, -4.050730e-01
	 3.169713e-01, -3.729860e-01
	 3.570850e-01, -3.928411e-01
	-1.110119e-01, -5.747075e-02
	-1.401463e-01, -3.792629e-02
	-1.022164e-01, -5.346757e-02
	-1.298004e-01,  1.575700e-03
	-1.208975e-01,  2.793170e-03
	-9.077893e-02, -2.327933e-02
	 2.178044e-01, -1.838945e-01
	 1.801184e-01, -1.746303e-01
	 1.697831e-01, -1.507016e-01
	 2.022952e-01, -1.110566e-01
	 2.333825e-01, -1.247446e-01
	 2.217235e-01, -1.803712e-01
	-2.927031e-01, -2.958778e-01
	-3.315046e-01, -2.903299e-01
	-3.143414e-01, -3.479082e-01
	-3.418893e-01, -3.358333e-01
	-1.323370e-02,  3.848019e-01
	 3.572503e-02,  3.776204e-01
	-1.848739e-02,  4.225647e-01
	-3.829942e-01,  1.073992e-01
	-3.683253e-01,  1.415390e-01
	-4.053822e-01,  1.044907e-01
	-4.278234e-01,  1.379403e-01
	-4.268594e-01,  1.442694e-01
	-3.745939e-01,  1.486609e-01
	-1.562631e-01,  1.770143e-02
	-1.876152e-01,  5.187801e-03
	-1.522782e-01,  4.387080e-02
	-1.993744e-01,  7.335852e-02
	-1.807331e-01,  7.351173e-02
	-2.056044e-01,  2.172640e-02
	 9.553654e-02,  4.430484e-01
	 1.352242e-01,  4.526850e-01
	 1.286891e-01,  5.000000e-01
	 1.428032e-01,  4.718255e-01
	 4.242357e-01, -4.726081e-01
	 4.227291e-01, -5.000000e-01
	 3.257229e-01,  3.850822e-01
	 3.554682e-01,  4.025589e-01
	 3.124319e-01,  4.433159e-01
	 3.471810e-01,  4.263025e-01
	 2.641978e-01, -3.751012e-01
	 2.547645e-01, -4.282323e-01
	 7.661183e-02,  3.757257e-01
	 3.623846e-02,  3.770765e-01
	 4.227806e-01,  1.029958e-01
	 4.007533e-01,  7.009483e-02
	 3.525911e-01,  1.074643e-01
	 3.547855e-01,  1.154429e-01
	 3.858356e-01,  1.356646e-01
	 5.000000e-01, -4.336421e-04
	 4.771789e-01,  1.379443e-02
	 5.000000e-01,  4.418113e-02
	 4.844119e-01,  4.234697e-02
	-4.282862e-02,  2.685777e-01
	-2.964302e-02,  2.428760e-01
	-9.693483e-02,  2.620822e-01
	-9.013867e-02,  2.116919e-01
	-1.011610e-01,  2.527696e-01
	-6.908394e-02,  2.053412e-01
	-3.030233e-02,  2.382925e-01
	 1.597140e-01, -2.915115e-01
	 1.526684e-01, -3.089383e-01
	 1.436763e-01, -2.573554e-01
	 1.007390e-01, -2.832953e-01
	 1.082088e-01, -3.236211e-01
	 1.088156e-01, -3.238028e-01
	-2.311238e-01, -1.567699e-01
	-2.313214e-01, -1.341059e-01
	-2.642682e-01, -1.126458e-01
	-2.879364e-01, -1.302947e-01
	 9.050268e-02,  1.586778e-01
	 7.561000e-02,  1.376220e-01
	-6.894884e-02, -2.177925e-01
	-8.841918e-02, -1.854623e-01
	-1.184288e-01, -2.039030e-01
	 4.218529e-02, -5.000000e-01
	 7.197210e-02, -4.581639e-01
	 4.087883e-02, -4.831346e-01
	 3.215593e-01,  2.852386e-01
	 3.004120e-01,  3.120440e-01
	 3.535011e-01,  3.000434e-01
	 3.044639e-01,  3.385306e-01
	 3.248356e-01,  3.486728e-01
	 3.609360e-01,  3.348245e-01
	-1.200242e-01,  3.102499e-01
	-1.511658e-01,  3.023127e-01
	-1.303320e-01,  3.588103e-01
	-1.751661e-01,  3.403809e-01
	-3.296202e-01, -4.211121e-01
	-3.530163e-01, -4.314144e-01
	-3.199450e-01, -3.895597e-01
	-3.799354e-01, -3.873511e-01
	-3.559836e-01, -3.745081e-01
	-3.841583e-01, -3.976736e-01
	-3.810705e-01, -4.105087e-01
	 3.659016e-01,  4.536983e-01
	 3.841809e-01,  4.546865e-01
	 4.412147e-01,  1.104705e-01
	 4.703561e-01,  8.436396e-02
	 4.671019e-01,  5.946997e-02
	 4.300322e-01,  4.011877e-02
	 4.007576e-01,  5.972263e-02
	-2.585434e-02,  5.000000e-01
	-2.389711e-02,  4.906543e-01
	-3.503216e-01, -3.400336e-01
	-3.175541e-01, -3.880129e-01
	-3.787194e-01,  3.535923e-01
	-3.813441e-01,  3.530237e-01
	-4.143205e-01,  3.721621e-01
	-3.656558e-01,  3.746556e-01
	-6.038523e-02, -7.494371e-02
	-5.473738e-02, -9.351489e-02
	-5.861312e-02, -1.062936e-01
	 2.783278e-01,  4.549655e-01
	 3.123554e-01,  4.435193e-01
	 2.660542e-01,  4.877481e-01
	 2.712299e-01,  5.000000e-01
	 3.055894e-01,  5.000000e-01
	 3.246652e-01,  4.713588e-01
	-3.861412e-01, -1.083318e-01
	-3.656274e-01, -1.047464e-01
	-4.189634e-01, -7.470841e-02
	-3.651509e-01, -5.343251e-02
	-2.366421e-01,  2.027177e-02
	-2.547284e-01, -1.194420e-02
	-2.952834e-01, -1.246235e-03
	-2.715628e-01,  5.271860e-02
	-2.713882e-01,  5.281099e-02
	-2.678157e-01,  5.215736e-02
	 3.671968e-01, -2.608248e-01
	 3.644754e-01, -2.564307e-01
	 3.218483e-01, -2.508826e-01
	 3.014300e-01, -2.866012e-01
	 3.214690e-01, -3.232803e-01
	-3.979327e-01, -1.644223e-01
	-4.333895e-01, -1.894770e-01
	-4.638168e-01, -1.742261e-01
	-4.479561e-01, -1.323091e-01
	-4.061251e-01, -1.463672e-01
	 8.315844e-02,  8.496833e-02
	 2.147322e-02,  1.277584e-01
	 2.743148e-02,  1.375188e-01
	 3.919755e-02,  8.562861e-02
	-1.459797e-01,  1.027400e-01
	-1.273096e-01,  9.020938e-02
	-1.243854e-01,  6.329766e-02
	-1.767049e-01,  1.512432e-01
	-1.807734e-01,  1.400521e-01
	-1.970550e-01,  1.997115e-01
	-2.386526e-01,  1.732719e-01
	-2.105895e-01,  2.072752e-01
	-2.388179e-01,  1.557714e-01
	-2.007249e-01,  1.313493e-01
	 5.000000e-01, -4.527311e-01
	 4.766058e-01, -4.528061e-01
	-2.292538e-01, -7.412297e-02
	-2.635261e-01, -1.061582e-01
	 2.450099e-01,  2.675302e-02
	 2.246408e-01,  3.832468e-02
	 2.272817e-01,  8.198877e-02
	 2.598872e-01,  1.020572e-01
	 2.674521e-01,  1.006301e-01
	 2.895516e-01,  5.111978e-02
	 2.854180e-01,  4.337099e-02
	 3.954356e-01, -4.180039e-02
	 3.689812e-01, -5.432535e-02
	 3.967951e-01, -1.437020e-02
	 3.659856e-01,  3.383168e-01
	 4.293242e-01,  3.524290e-01
	 4.085255e-01,  3.290939e-01
	 2.659068e-01, -4.760765e-01
	 2.482837e-01, -5.000000e-01
	 2.460126e-01, -5.000000e-01
	 2.108574e-01, -4.713249e-01
	-2.932392e-02, -4.302009e-01
	-5.012352e-02, -4.269538e-01
	-6.190783e-02, -4.025958e-01
	-2.746217e-02, -3.738490e-01
	-5.871571e-03, -3.816842e-01
	 3.274834e-01,  6.311194e-02
	 1.802826e-01, -4.807660e-01
	 1.763043e-01, -5.000000e-01
	 5.000000e-01,  1.315242e-01
	 4.745433e-01,  1.431721e-01
	 5.000000e-01,  1.813459e-01
	 4.749176e-01,  1.679980e-01
	-4.216856e-02, -3.603474e-02
	-7.296264e-02, -1.573993e-02
	 7.399251e-02, -2.320805e-01
	 6.560766e-02, -2.554353e-01
	 2.641465e-02, -2.588572e-01
	 5.945823e-02, -2.015753e-01
	 2.223833e-02, -1.997887e-01
	 8.830595e-03, -2.317214e-01
	 4.087430e-01,  4.968643e-01
	 3.564428e-01,  5.000000e-01
	 3.472034e-01,  4.770653e-01
	 4.087598e-01,  5.000000e-01
	-4.712030e-01,  2.272590e-01
	-5.000000e-01,  2.467606e-01
	-5.000000e-01,  2.748673e-01
	-4.663643e-01,  2.842051e-01
	-4.296280e-01,  2.460841e-01
	-4.346765e-01,  2.652636e-01
	 9.021592e-02,  4.309458e-01
	 9.690671e-02,  3.948706e-01
	 2.559518e-01, -2.319699e-01
	 2.485079e-01, -2.499553e-01
	 2.073663e-01, -2.520893e-01
	 2.202775e-01, -1.972384e-01
	 1.997322e-01, -2.430270e-01
	-9.262994e-02, -5.000000e-01
	-9.272635e-02, -4.775533e-01
	-1.514251e-01, -5.000000e-01
	-1.338278e-01, -4.655633e-01
	-2.570721e-01,  3.343301e-01
	-2.754887e-01,  3.160489e-01
	-2.781799e-01,  3.158011e-01
	-2.551048e-01,  3.656132e-01
	-3.156880e-01,  3.439225e-01
	-4.592055e-01, -2.333594e-01
	-4.564346e-01, -2.455499e-01
	-4.713203e-01, -2.248108e-01
	-5.000000e-01, -2.289316e-01
	-5.000000e-01, -2.829569e-01
	-4.813167e-01, -2.854377e-01
	-4.264640e-01, -7.160550e-02
	-5.000000e-01, -5.878519e-02
	-4.279758e-01, -3.511868e-02
	 1.534090e-01,  4.126397e-01
	 1.579801e-01,  4.230061e-01
	 2.064157e-01,  4.066400e-01
	 1.830065e-01,  4.302900e-01
	-1.056304e-01,  3.027418e-01
	-6.685260e-02,  3.252305e-01
	-1.291508e-01,  3.614162e-01
	-1.012059e-01,  3.774570e-01
	-7.854365e-02,  3.753593e-01
	-6.587297e-02,  3.617961e-01
	-5.038780e-02, -3.410926e-01
	-2.775324e-02, -2.961595e-01
	-8.718554e-02, -3.445679e-01
	-3.966904e-02, -2.803530e-01
	-2.130647e-01,  8.461148e-02
	 2.367980e-01,  2.428832e-01
	 2.584235e-01,  2.659195e-01
	 2.263164e-01,  2.424701e-01
	 2.159362e-01,  2.944503e-01
	 2.519806e-01,  2.985746e-01
	 2.011421e-01,  2.644372e-01
	 2.004334e-01,  2.683737e-01
	 4.736824e-01,  4.198487e-01
	 4.758875e-01,  4.574292e-01
	 4.339876e-01,  4.511452e-01
	 4.716625e-01,  4.616440e-01
	 3.099509e-01, -3.418044e-01
	 2.762897e-01, -3.484688e-01
	-4.500945e-01,  1.697711e-01
	-4.747109e-01,  1.939674e-01
	-5.000000e-01,  1.248752e-01
	-5.000000e-01,  1.886734e-01
	-8.401475e-02,  5.000000e-01
	-7.286040e-02,  4.463657e-01
	-5.693281e-02,  4.381663e-01
	-4.076753e-01,  3.061707e-01
	-4.084158e-01,  3.111937e-01
	 5.000000e-01, -3.039634e-02
	 4.568566e-01, -3.281067e-02
	 4.438870e-01,  1.581538e-03
	 1.997834e-01, -2.914299e-01
	 1.438478e-01, -2.561958e-01
	 1.676827e-01, -2.389776e-01
	 5.000000e-01, -3.185600e-01
	 4.529820e-01, -3.081121e-01
	 5.000000e-01, -2.490923e-01
	 4.996329e-01, -2.490427e-01
	 4.558294e-01, -2.753648e-01
	 1.869526e-01, -7.552289e-02
	 1.877807e-01, -7.439128e-02
	 1.624231e-01, -7.921136e-02
	 1.945666e-01, -3.115332e-02
	 1.172031e-01, -4.155511e-02
	-4.019537e-01, -8.710144e-03
	-4.551832e-01,  2.529507e-02
	-4.266804e-01,  2.673414e-02
	-4.011746e-01,  5.769106e-04
	-4.180200e-01, -2.844201e-01
	-4.197825e-01, -2.618804e-01
	-3.905493e-01, -2.334513e-01
	-3.664180e-01, -2.806414e-01
	-3.927682e-01, -3.031213e-01
	 2.031349e-01,  3.143627e-02
	 1.901459e-01,  1.023077e-01
	 4.273679e-01, -4.073271e-01
	 4.406618e-01, -3.380314e-01
	 3.830440e-01, -3.686097e-01
	 2.195495e-01,  4.684857e-01
	-2.797106e-02,  3.660719e-01
	-5.530295e-02,  4.355357e-01
	 2.426292e-01, -3.125657e-01
	 2.249845e-01, -3.170398e-01
	-4.219808e-01, -4.475944e-01
	-4.414521e-01, -4.274773e-01
	-4.318547e-01, -3.942082e-01
	-4.424031e-01, -4.066654e-01
	 8.001631e-02, -3.350352e-01
	 1.324021e-01, -3.554279e-01
	-3.692969e-01,  6.193228e-02
	-3.677432e-01,  5.920395e-02
	-3.640312e-01,  8.268208e-02
	-3.358252e-01,  9.866532e-02
	-3.220114e-01,  9.393378e-02
	-3.140570e-01,  6.321529e-02
	-3.348199e-01,  4.685195e-02
	-3.504630e-01,  1.382247e-01
	-3.717813e-01,  1.808221e-01
	 1.063136e-01,  3.926661e-01
	-4.140230e-02, -1.748970e-01
	-1.752078e-02, -1.395226e-01
	-1.749747e-02, -1.398549e-01
	-4.328953e-01, -3.497908e-01
	-4.064166e-01, -3.434403e-01
	 4.635609e-03, -2.995132e-01
	 3.252195e-03, -3.002399e-01
	-3.222975e-02, -2.394794e-01
	 1.518773e-01,  2.900966e-01
	 1.577042e-01,  2.934825e-01
	-2.798022e-01, -3.931486e-01
	 2.650048e-01, -2.861607e-01
	 2.201109e-01, -3.154531e-01
	 3.648839e-01,  2.299710e-01
	 3.907036e-01,  2.716851e-01
	 3.909233e-01,  2.696379e-01
	 4.392470e-01,  4.211304e-03
	 4.427302e-01, -6.635747e-02
	 4.222960e-01, -6.791431e-02
	 2.564416e-01,  3.056862e-01
	 2.467641e-01,  3.520125e-01
	 4.477244e-01, -3.122813e-01
	 4.074778e-01, -2.967395e-01
	 4.297676e-01, -2.487008e-01
	 4.027750e-01, -2.736996e-01
	 2.776414e-02,  4.282851e-02
	 1.389949e-02,  1.167118e-02
	 2.083505e-02,  5.742635e-02
	-3.272105e-02,  2.733116e-02
	-3.180790e-02,  3.305066e-02
	-1.949919e-02,  1.087177e-02
	 1.942659e-03,  5.993909e-02
	-3.298261e-01, -2.446444e-01
	-2.807097e-01, -2.453924e-01
	-3.412786e-01, -2.236225e-01
	-1.211066e-01,  4.422122e-01
	-1.239062e-01,  4.319926e-01
	-1.592893e-01,  4.046586e-01
	-1.858282e-01,  4.324487e-01
	-1.703184e-01,  4.579910e-01
	 5.000000e-01,  2.625510e-01
	 4.606545e-01,  2.852078e-01
	 5.000000e-01,  3.422942e-01
	 4.561993e-01,  2.964250e-01
	 4.666799e-01,  3.247082e-01
	-3.734745e-01,  1.665909e-02
	-3.378269e-01,  4.528726e-03
	-3.621427e-01, -4.480433e-02
	 1.995126e-01,  4.760541e-01
	 2.002824e-01,  4.749040e-01
	-4.419139e-01,  1.683530e-01
	-4.258860e-01,  2.433809e-01
	-4.097791e-01,  2.110273e-01
	-1.208088e-01,  4.424600e-01
	-1.191556e-01,  5.000000e-01
	 7.031261e-02,  2.974170e-02
	-3.394631e-01, -2.813569e-01
	-3.784307e-01, -2.210630e-01
	-3.903304e-01, -2.325900e-01
	-2.107283e-01,  2.078197e-01
	-1.694641e-01,  2.625713e-01
	-1.530687e-01,  2.499049e-01
	-1.507779e-01,  2.069624e-01
	-3.661763e-01,  2.682653e-01
	-3.496629e-01,  2.433309e-01
	-3.922777e-01,  2.069725e-01
	-3.497621e-01,  2.425874e-01
	 2.510753e-01, -1.193858e-01
	-2.136161e-01,  3.177097e-01
	-2.198261e-01,  3.854596e-01
	-1.948961e-01,  3.700746e-01
	-1.859662e-01,  3.439378e-01
	-2.741939e-01,  9.413302e-02
	-2.529934e-01,  1.088392e-01
	-2.151609e-01,  9.160302e-02
	 4.283963e-01, -2.315742e-01
	 4.161365e-01, -2.172964e-01
	 3.868896e-01, -2.160227e-01
	 1.188375e-01, -2.282373e-01
	 1.280292e-01, -1.947168e-01
	 1.626709e-01, -1.935173e-01
	-1.733532e-01, -4.606210e-02
	 3.331141e-01,  9.264367e-02
	 4.719912e-01, -2.206686e-01
	-3.916572e-01, -3.251206e-01
	 1.120448e-02, -1.160928e-01
	-2.164262e-03, -7.638366e-02
	 1.118427e-02, -8.680448e-02
	 1.364476e-01, -4.532935e-01
	 6.620480e-02, -4.269019e-01
	-2.155588e-01, -2.128204e-01
	-1.719111e-01,  2.692826e-01
	-2.295066e-01,  2.704748e-01
	-2.285812e-01,  2.273400e-01
	-2.100199e-01,  2.837986e-01
	 5.000000e-01, -1.500598e-01
	 4.623751e-01, -1.415550e-01
	 5.000000e-01, -8.663545e-02
	 4.547294e-01, -1.303900e-01
	 4.683705e-01, -9.106150e-02
	 1.571975e-01, -4.522007e-01
	 2.050672e-01,  1.399465e-01
	-1.938288e-01, -3.067619e-01
	-1.786099e-01, -3.385693e-01
	-2.800801e-01, -2.463078e-01
	-2.376190e-01, -2.582732e-01
	-4.256747e-01, -7.277898e-02
	-5.000000e-01, -1.125929e-01
	-4.532205e-01, -1.232904e-01
	-4.747688e-01, -1.791799e-01
	-5.000000e-01, -1.717195e-01
	-2.835205e-02, -3.236406e-02
	-6.878437e-02,  1.334472e-02
	-1.483891e-01,  1.130297e-01
	-3.426853e-01,  5.000000e-01
	-4.055933e-01,  5.000000e-01
	 4.165210e-01,  3.001887e-01
	-2.435124e-01, -4.451818e-02
	-2.416220e-01, -3.842787e-02
	-1.911528e-01, -1.965893e-02
	-9.368707e-02,  3.226402e-02
	-9.513667e-02,  4.581334e-02
	-9.335628e-02, -3.516624e-01
	-8.638056e-02, -3.962168e-01
	-4.321747e-01, -2.131359e-01
	-3.328870e-01,  6.472861e-03
	-2.991157e-01, -3.290632e-03
	-2.471939e-02,  8.852894e-02
	-4.853632e-02,  6.305026e-02
	 7.818292e-02,  1.754137e-02
	 4.932601e-02, -2.729531e-02
	 3.402050e-02, -2.300177e-02
	 4.168604e-01, -4.272157e-01
	 4.756792e-01, -1.989455e-01
	 5.000000e-01, -1.896995e-01
	-3.318030e-02,  3.016884e-01
	-4.759352e-01,  4.241944e-01
	-5.000000e-01,  4.212174e-01
	-3.076222e-01,  4.666247e-01
	-3.476966e-01, -1.565101e-01
	-3.860820e-01, -1.713624e-01
	 4.338015e-01,  2.369883e-01
	-4.693537e-01,  5.905821e-02
	-4.471786e-01,  7.885752e-02
	-5.000000e-01,  6.608973e-02
	-5.000000e-01,  1.218076e-01
	-4.578312e-01,  1.101232e-01
	 5.000000e-01, -5.000000e-01
	 4.765595e-01, -5.000000e-01
	 4.652395e-01, -4.668563e-01
	-8.092986e-02, -4.624375e-01
	-7.596205e-02, -4.609394e-01
	-2.219464e-02, -4.785758e-01
	-2.229831e-02, -5.000000e-01
	-3.431422e-01,  3.052900e-01
	-3.460256e-01,  3.284154e-01
	-3.072397e-01,  2.936944e-01
	-2.432176e-01, -4.599442e-01
	-2.610154e-01, -5.000000e-01
	-1.917558e-01, -5.000000e-01
	 2.675822e-01, -1.730714e-01
	 2.780394e-01, -1.585110e-01
	-4.517464e-02, -2.197922e-01
	-3.399079e-02, -1.900470e-01
	 5.000000e-01,  2.284934e-01
	 4.477905e-01,  1.842801e-01
	 4.470094e-01,  2.200481e-01
	 3.337614e-01,  1.471152e-01
	 3.446325e-01,  1.756337e-01
	 2.999382e-01,  1.475426e-01
	-4.618191e-01, -3.081091e-01
	 9.036708e-02,  2.658826e-01
	 1.208840e-02, -1.865628e-01
	 1.239627e-02, -1.716784e-01
	-1.297469e-01, -4.165417e-01
	-1.099315e-01, -4.161878e-01
	-1.426940e-01, -4.472646e-01
	 1.885058e-02, -3.636841e-01
	 5.593875e-02, -3.112527e-01
	 6.579175e-02, -3.300160e-01
	 2.743962e-02, -3.628444e-01
	 5.000000e-01,  3.441942e-01
	 4.718937e-01,  3.811374e-01
	 5.000000e-01,  4.141178e-01
	 4.805044e-01,  4.127890e-01
	-1.766353e-01, -2.744338e-01
	-2.335557e-01, -2.657386e-01
	-4.592742e-01,  4.143173e-01
	 4.357107e-01,  2.291164e-01
	 4.209148e-01,  1.648389e-01
	 4.514557e-01, -1.806602e-01
	 9.537659e-02, -5.390390e-02
	 6.120150e-02, -4.607318e-02
	-2.421168e-02,  1.727467e-01
	-6.343412e-02,  1.948374e-01
	-3.010664e-01, -5.778816e-02
	-2.870121e-01, -6.260328e-02
	-3.372710e-01,  5.000000e-01
	-2.974174e-01, -4.463241e-01
	-2.764445e-01, -4.369744e-01
	-2.693283e-01, -4.123031e-01
	 1.686547e-01, -3.476927e-01
	 1.682987e-01, -3.489534e-01
	 2.834123e-02, -4.259528e-01
	-2.365114e-04, -3.808804e-01
	 5.000000e-01,  4.576896e-01
	 4.715520e-01,  5.000000e-01
	 5.000000e-01,  5.000000e-01
	-3.563739e-01, -4.619607e-01
	-3.837238e-01, -4.770544e-01
	-4.211823e-01, -4.523612e-01
	-4.200146e-01,  7.291101e-02
	-1.727537e-01,  4.661241e-01
	-2.194684e-01,  4.233199e-01
	 1.137553e-01, -1.749855e-01
	-1.603899e-01,  3.952603e-01
	-7.558637e-02,  6.700685e-02
	-2.571227e-02,  1.172307e-01
	 3.096624e-01, -2.218219e-01
	 3.210593e-01, -2.042972e-01
	 3.704864e-01, -1.956996e-01
	-1.237028e-01,  1.863456e-01
	-1.255767e-01,  1.730075e-01
	-1.178388e-01,  1.552389e-01
	 3.088921e-01, -1.553830e-01
	 3.146363e-01, -1.486933e-01
	 2.366763e-01,  1.483522e-01
	 2.486767e-01,  1.721491e-01
	 2.900009e-01,  1.128903e-01
	 3.666130e-01, -9.790646e-02
	-2.818715e-01,  2.294605e-01
	-2.855724e-01,  2.419680e-01
	-3.063370e-01,  2.561139e-01
	 7.333154e-02, -2.716054e-01
	-1.564588e-01,  5.000000e-01
	 1.979837e-01,  5.000000e-01
	-3.664113e-01,  2.769951e-01
	 4.444492e-01,  1.206885e-01
	-4.151364e-01,  6.536242e-02
	-2.541016e-01,  2.765087e-01
	-6.512663e-03, -4.467565e-02
	-4.520556e-01, -5.000000e-01
	-4.838041e-01, -4.677255e-01
	-5.000000e-01, -5.000000e-01
	-5.000000e-01, -4.707946e-01
	-2.980593e-01,  1.062962e-01
	 2.841972e-01, -2.175517e-01
	 2.055103e-01,  2.017352e-01
	 5.000000e-01,  9.253657e-02
	-4.596873e-01, -3.354977e-01
	-5.000000e-01, -3.633710e-01
	-5.000000e-01, -3.839538e-01
	-4.490698e-01, -5.000000e-01
	-3.877059e-01, -5.000000e-01
	 4.282712e-01, -4.686361e-01
	-4.787793e-01, -4.429392e-01
	-5.000000e-01, -4.262000e-01
	-3.289677e-01, -1.095866e-01
	-3.440517e-01, -1.159334e-01
	-3.138316e-01, -6.374832e-02
	-3.614536e-01, -4.802141e-02
	 4.077096e-02, -8.077126e-02
	-2.977671e-01,  1.513393e-01
	-2.531930e-01,  1.426528e-01
	-1.262956e-01, -3.550656e-01
	-1.481297e-01, -3.277800e-01
	 3.236940e-03, -4.581624e-01
	 1.453338e-01, -1.387828e-01
	 4.320500e-01, -1.863738e-01
	 1.349484e-01, -1.178658e-01
	-1.033682e-02, -4.613143e-01
Mesh Facets: 1255
	7, 9
	0, 2
	23, 22
	72, 71
	39, 38
	118, 119
	119, 120
	136, 134
	153, 155
	164, 165
	172, 174
	179, 178
	206, 208
	14, 13
	217, 218
	151, 147
	16, 18
	1, 6
	62, 64
	210, 207
	125, 126
	58, 56
	178, 176
	178, 282
	285, 206
	206, 205
	115, 112
	246, 245
	127, 128
	105, 38
	38, 40
	301, 299
	182, 181
	236, 234
	221, 220
	96, 97
	174, 175
	174, 325
	189, 191
	73, 72
	72, 103
	287, 289
	198, 199
	295, 294
	179, 177
	352, 179
	59, 57
	263, 264
	342, 340
	228, 227
	102, 104
	251, 249
	366, 367
	195, 196
	234, 233
	321, 234
	276, 278
	134, 403
	134, 135
	317, 318
	68, 70
	320, 221
	27, 30
	152, 151
	151, 221
	230, 16
	15, 16
	197, 203
	421, 422
	129, 128
	291, 128
	17, 18
	232, 18
	412, 413
	423, 422
	422, 431
	434, 432
	360, 251
	254, 251
	346, 345
	445, 447
	449, 450
	292, 293
	58, 60
	266, 58
	461, 463
	45, 47
	474, 473
	164, 162
	477, 164
	280, 176
	59, 177
	177, 176
	60, 454
	60, 59
	89, 91
	336, 334
	93, 95
	373, 378
	277, 279
	200, 201
	247, 246
	246, 290
	509, 510
	352, 353
	511, 352
	453, 451
	24, 20
	299, 516
	300, 299
	458, 460
	310, 312
	524, 522
	211, 213
	478, 162
	163, 162
	237, 238
	408, 409
	138, 137
	194, 193
	365, 363
	110, 114
	265, 267
	488, 487
	506, 290
	127, 133
	127, 290
	343, 344
	32, 34
	315, 314
	273, 269
	168, 167
	90, 89
	479, 89
	154, 153
	494, 495
	153, 159
	100, 102
	102, 362
	343, 341
	343, 553
	440, 443
	490, 492
	499, 500
	148, 150
	124, 126
	126, 263
	355, 263
	519, 458
	458, 457
	549, 550
	157, 156
	330, 328
	446, 445
	367, 368
	367, 445
	414, 416
	518, 517
	111, 113
	331, 329
	526, 523
	185, 184
	609, 607
	532, 535
	480, 482
	281, 283
	589, 588
	544, 193
	193, 192
	507, 508
	452, 448
	498, 497
	86, 88
	587, 586
	512, 511
	621, 511
	389, 392
	592, 594
	601, 599
	539, 538
	398, 400
	618, 619
	528, 527
	5, 6
	259, 258
	6, 240
	465, 468
	378, 377
	493, 378
	590, 591
	380, 379
	520, 521
	104, 71
	249, 104
	250, 249
	71, 69
	232, 429
	232, 231
	351, 295
	296, 295
	526, 590
	526, 525
	642, 590
	341, 342
	341, 571
	342, 354
	115, 288
	115, 114
	114, 363
	363, 364
	505, 506
	383, 382
	506, 549
	549, 578
	568, 362
	361, 362
	173, 175
	37, 36
	326, 175
	182, 316
	182, 183
	187, 190
	627, 626
	664, 662
	423, 430
	129, 423
	132, 129
	237, 542
	237, 236
	222, 220
	236, 220
	123, 121
	63, 67
	600, 184
	184, 183
	657, 183
	476, 477
	674, 477
	472, 473
	473, 677
	595, 597
	436, 437
	402, 397
	641, 493
	278, 277
	393, 278
	493, 277
	682, 681
	225, 223
	191, 190
	190, 316
	317, 316
	317, 70
	73, 191
	70, 73
	333, 330
	581, 330
	417, 419
	68, 405
	68, 69
	648, 69
	395, 276
	274, 276
	253, 252
	427, 426
	491, 489
	250, 648
	250, 252
	686, 648
	275, 274
	274, 252
	386, 385
	472, 676
	472, 470
	545, 194
	196, 383
	196, 194
	247, 505
	248, 247
	505, 383
	562, 563
	376, 375
	598, 596
	592, 593
	592, 622
	204, 207
	543, 545
	207, 248
	248, 545
	524, 525
	525, 650
	701, 524
	488, 547
	484, 488
	42, 41
	118, 116
	704, 118
	304, 303
	702, 41
	41, 43
	589, 192
	589, 591
	379, 195
	379, 591
	192, 195
	216, 13
	50, 49
	11, 13
	180, 185
	601, 624
	601, 185
	610, 608
	582, 581
	581, 683
	711, 712
	403, 714
	714, 715
	404, 403
	462, 461
	720, 461
	469, 467
	726, 725
	244, 243
	259, 634
	259, 260
	101, 100
	322, 323
	567, 100
	434, 435
	731, 434
	160, 161
	675, 673
	371, 369
	387, 388
	3, 4
	215, 213
	407, 408
	530, 213
	408, 541
	475, 471
	537, 536
	29, 28
	39, 108
	44, 39
	574, 492
	322, 729
	95, 96
	96, 322
	492, 95
	569, 567
	730, 567
	717, 462
	462, 464
	573, 572
	750, 748
	187, 657
	187, 186
	98, 99
	672, 657
	704, 703
	22, 704
	21, 22
	52, 51
	732, 733
	701, 700
	662, 701
	663, 662
	132, 667
	132, 130
	33, 37
	37, 655
	208, 209
	208, 421
	421, 420
	697, 696
	212, 211
	211, 531
	188, 189
	103, 189
	103, 101
	101, 323
	324, 323
	91, 88
	91, 481
	109, 111
	111, 587
	587, 88
	31, 26
	309, 308
	693, 375
	375, 374
	685, 684
	417, 333
	197, 417
	286, 287
	287, 198
	333, 332
	198, 197
	430, 667
	430, 431
	173, 655
	173, 172
	655, 667
	431, 172
	210, 209
	209, 420
	245, 210
	291, 245
	420, 291
	56, 267
	57, 56
	353, 57
	513, 353
	548, 267
	216, 705
	216, 217
	764, 217
	577, 355
	338, 340
	340, 355
	133, 131
	133, 550
	579, 550
	541, 215
	215, 214
	238, 541
	238, 235
	5, 4
	5, 528
	530, 528
	530, 4
	575, 576
	92, 87
	107, 106
	36, 656
	744, 747
	35, 36
	331, 332
	331, 113
	113, 112
	286, 112
	286, 332
	386, 676
	676, 677
	674, 675
	677, 674
	387, 675
	387, 386
	502, 504
	773, 774
	774, 772
	21, 19
	21, 754
	226, 227
	227, 358
	344, 339
	551, 344
	270, 271
	710, 713
	606, 605
	14, 219
	14, 12
	130, 131
	130, 33
	769, 131
	32, 556
	33, 32
	140, 145
	646, 645
	438, 441
	486, 485
	603, 604
	161, 155
	155, 157
	157, 580
	54, 55
	735, 161
	636, 468
	50, 11
	50, 47
	12, 780
	47, 468
	11, 12
	695, 694
	76, 79
	380, 644
	380, 381
	565, 168
	632, 633
	168, 169
	77, 75
	306, 308
	308, 761
	273, 565
	273, 272
	619, 617
	619, 632
	632, 565
	782, 485
	637, 638
	336, 485
	336, 337
	787, 786
	80, 82
	443, 574
	443, 442
	730, 739
	730, 729
	729, 574
	782, 637
	782, 604
	636, 780
	637, 636
	605, 780
	605, 604
	425, 426
	690, 426
	742, 717
	717, 718
	106, 92
	106, 105
	292, 455
	105, 292
	566, 90
	92, 90
	24, 23
	24, 451
	450, 23
	450, 451
	158, 160
	160, 736
	410, 411
	463, 464
	463, 726
	743, 464
	243, 242
	726, 243
	711, 709
	165, 711
	533, 163
	163, 165
	664, 666
	516, 664
	517, 584
	517, 516
	569, 740
	569, 568
	568, 652
	141, 139
	628, 627
	658, 627
	305, 307
	334, 483
	335, 334
	582, 708
	582, 580
	580, 55
	755, 52
	52, 55
	15, 415
	15, 0
	1, 0
	241, 1
	25, 27
	27, 320
	321, 391
	321, 320
	631, 633
	170, 169
	169, 633
	312, 313
	645, 520
	645, 438
	439, 438
	520, 312
	218, 801
	219, 218
	779, 219
	615, 283
	282, 283
	282, 802
	630, 618
	453, 514
	618, 452
	453, 452
	149, 150
	738, 108
	108, 107
	107, 575
	575, 150
	736, 795
	736, 734
	297, 296
	649, 296
	298, 294
	53, 51
	756, 51
	347, 294
	612, 535
	558, 557
	535, 534
	792, 791
	634, 240
	634, 728
	239, 240
	798, 799
	467, 466
	723, 467
	653, 361
	360, 436
	360, 361
	678, 436
	808, 810
	810, 811
	448, 449
	448, 508
	510, 449
	508, 510
	806, 466
	466, 465
	659, 661
	465, 635
	82, 792
	82, 85
	239, 241
	241, 796
	792, 239
	350, 349
	518, 583
	518, 300
	302, 300
	376, 562
	562, 561
	377, 376
	639, 377
	786, 785
	727, 728
	728, 791
	786, 791
	78, 77
	761, 760
	761, 77
	446, 368
	446, 345
	364, 368
	345, 289
	289, 288
	288, 364
	117, 120
	120, 682
	682, 223
	224, 223
	794, 793
	146, 147
	668, 222
	222, 147
	813, 727
	255, 260
	727, 260
	456, 459
	301, 302
	815, 301
	349, 302
	349, 348
	698, 593
	597, 593
	597, 678
	678, 807
	305, 483
	483, 484
	484, 702
	303, 305
	702, 303
	595, 679
	596, 595
	695, 783
	695, 596
	687, 688
	570, 553
	818, 817
	553, 554
	741, 743
	64, 65
	64, 242
	743, 242
	777, 776
	820, 819
	392, 594
	390, 392
	694, 784
	598, 694
	598, 594
	521, 647
	256, 255
	460, 521
	460, 459
	459, 255
	788, 306
	628, 307
	629, 628
	306, 307
	716, 404
	699, 543
	135, 404
	135, 138
	138, 543
	809, 811
	811, 823
	372, 370
	142, 141
	652, 654
	652, 141
	152, 149
	152, 30
	28, 738
	28, 30
	738, 149
	515, 20
	20, 19
	19, 358
	357, 358
	414, 585
	414, 415
	85, 796
	796, 415
	83, 85
	707, 706
	825, 370
	369, 370
	384, 388
	388, 369
	753, 752
	669, 121
	122, 121
	557, 805
	559, 557
	268, 270
	778, 270
	166, 171
	399, 401
	703, 754
	703, 116
	117, 224
	116, 117
	224, 226
	226, 754
	500, 576
	497, 500
	87, 576
	87, 86
	86, 497
	261, 262
	599, 600
	599, 623
	600, 671
	110, 546
	110, 109
	482, 616
	481, 482
	481, 109
	203, 202
	203, 418
	749, 748
	748, 609
	609, 611
	818, 554
	823, 818
	822, 823
	554, 552
	348, 815
	348, 347
	433, 432
	432, 815
	347, 804
	659, 660
	659, 806
	798, 797
	798, 806
	474, 475
	817, 474
	816, 817
	737, 475
	407, 413
	3, 407
	17, 2
	2, 3
	17, 413
	688, 395
	688, 783
	395, 394
	783, 76
	74, 76
	751, 749
	201, 501
	201, 202
	202, 749
	67, 670
	67, 66
	606, 779
	602, 606
	779, 801
	801, 621
	621, 620
	365, 546
	365, 366
	615, 802
	616, 615
	802, 366
	616, 546
	750, 751
	772, 750
	501, 502
	751, 501
	772, 502
	401, 830
	401, 402
	402, 641
	640, 641
	828, 654
	698, 697
	698, 807
	807, 653
	654, 653
	697, 759
	298, 297
	297, 734
	735, 54
	735, 734
	53, 298
	53, 54
	770, 656
	326, 656
	326, 327
	122, 125
	753, 122
	671, 672
	671, 261
	672, 753
	125, 261
	666, 665
	585, 584
	585, 83
	84, 83
	584, 666
	181, 319
	181, 180
	825, 824
	706, 825
	180, 706
	509, 507
	712, 509
	617, 272
	272, 271
	713, 271
	713, 712
	507, 617
	409, 410
	409, 542
	793, 410
	668, 793
	668, 542
	731, 733
	607, 731
	608, 708
	608, 607
	733, 755
	708, 755
	624, 625
	624, 707
	384, 707
	385, 691
	385, 384
	412, 429
	412, 411
	411, 795
	795, 649
	649, 429
	34, 35
	555, 34
	746, 747
	35, 747
	311, 310
	310, 519
	579, 768
	519, 579
	8, 10
	338, 765
	775, 339
	338, 339
	692, 693
	693, 762
	614, 613
	826, 827
	264, 354
	264, 262
	540, 539
	623, 262
	651, 354
	539, 623
	765, 766
	724, 725
	725, 7
	8, 765
	8, 7
	646, 781
	646, 647
	647, 256
	256, 257
	142, 143
	142, 828
	828, 759
	759, 758
	643, 644
	644, 787
	787, 80
	80, 81
	689, 491
	491, 93
	831, 832
	94, 93
	382, 578
	578, 457
	813, 785
	813, 456
	785, 381
	456, 457
	381, 382
	136, 137
	137, 544
	544, 588
	522, 523
	522, 136
	588, 523
	744, 771
	573, 744
	573, 490
	428, 427
	427, 489
	489, 490
	631, 630
	799, 631
	721, 723
	630, 803
	799, 723
	577, 124
	577, 767
	63, 61
	123, 63
	123, 124
	757, 700
	700, 650
	835, 643
	643, 642
	650, 642
	788, 789
	788, 629
	396, 398
	398, 629
	665, 663
	663, 757
	84, 81
	84, 665
	757, 835
	835, 81
	158, 794
	159, 158
	496, 494
	159, 494
	794, 814
	834, 781
	144, 145
	145, 781
	770, 833
	770, 771
	428, 771
	424, 428
	9, 10
	9, 820
	775, 776
	775, 10
	820, 776
	479, 566
	479, 480
	281, 280
	281, 480
	566, 455
	454, 280
	455, 454
	564, 269
	268, 269
	268, 559
	560, 559
	335, 337
	335, 658
	635, 638
	661, 635
	658, 661
	638, 337
	689, 690
	690, 742
	689, 831
	741, 65
	65, 66
	741, 742
	66, 831
	832, 94
	832, 670
	752, 99
	669, 752
	94, 99
	670, 669
	470, 691
	471, 470
	625, 538
	538, 537
	691, 625
	471, 537
	561, 812
	561, 560
	564, 167
	564, 560
	829, 166
	167, 166
	715, 716
	715, 285
	716, 821
	284, 285
	808, 809
	819, 808
	777, 819
	551, 777
	809, 822
	822, 552
	552, 551
	737, 536
	816, 737
	540, 651
	540, 536
	816, 570
	651, 571
	570, 571
	602, 620
	602, 603
	620, 512
	512, 513
	487, 486
	548, 487
	486, 603
	548, 513
	146, 814
	146, 148
	148, 499
	499, 496
	496, 814
	359, 228
	228, 229
	48, 46
	626, 400
	660, 626
	170, 797
	170, 171
	660, 797
	171, 399
	400, 399
	284, 821
	284, 205
	699, 821
	204, 699
	204, 205
	764, 705
	705, 49
	681, 225
	681, 764
	229, 225
	48, 49
	48, 229
	613, 692
	613, 612
	558, 563
	558, 612
	563, 692
	720, 719
	327, 325
	327, 833
	837, 833
	325, 720
	405, 406
	763, 684
	684, 405
	762, 826
	762, 763
	318, 406
	318, 319
	763, 406
	319, 824
	824, 826
	504, 773
	504, 503
	444, 447
	447, 773
	156, 154
	156, 328
	586, 498
	586, 329
	329, 328
	154, 495
	495, 498
	433, 804
	435, 433
	732, 435
	756, 732
	804, 756
	140, 441
	441, 442
	139, 140
	139, 740
	442, 739
	739, 740
	531, 529
	758, 531
	143, 758
	836, 144
	144, 143
	640, 639
	639, 812
	830, 640
	830, 829
	829, 812
	769, 768
	769, 556
	311, 315
	311, 768
	556, 315
	745, 746
	800, 313
	313, 314
	555, 746
	314, 555
	98, 97
	98, 186
	324, 188
	324, 97
	186, 188
	789, 790
	397, 396
	680, 397
	396, 789
	425, 718
	425, 424
	424, 837
	719, 837
	719, 718
	611, 610
	610, 683
	418, 611
	683, 419
	419, 418
	416, 230
	416, 583
	583, 350
	230, 231
	351, 350
	351, 231
	478, 532
	478, 476
	827, 372
	372, 371
	532, 614
	673, 476
	371, 673
	614, 827
	437, 254
	254, 253
	687, 253
	687, 679
	679, 437
	44, 29
	43, 44
	309, 304
	309, 31
	31, 29
	43, 304
	200, 503
	200, 199
	346, 444
	346, 199
	444, 503
	74, 75
	74, 394
	680, 790
	393, 680
	75, 790
	394, 393
	722, 721
	357, 356
	515, 357
	803, 514
	721, 803
	515, 514
	533, 534
	533, 709
	709, 710
	534, 805
	710, 778
	778, 805
	46, 45
	359, 46
	356, 722
	356, 359
	722, 469
	469, 45
	800, 745
	439, 800
	440, 439
	572, 440
	745, 572
	279, 275
	373, 279
	373, 374
	275, 686
	685, 374
	685, 686
	391, 390
	25, 391
	25, 26
	784, 79
	784, 390
	26, 760
	79, 78
	78, 760
	244, 724
	244, 62
	767, 766
	767, 61
	61, 62
	766, 724
	258, 257
	527, 258
	527, 529
	834, 836
	257, 834
	836, 529
	40, 42
	40, 293
	547, 265
	265, 266
	266, 293
	547, 42
	235, 214
	214, 212
	233, 235
	212, 696
	389, 233
	696, 622
	622, 389
Facet Neighbors: 1255
	-3, 1
	0, 3
	-1, 4
	12, 17
	7, 18
	-1, 20
	-4, 20
	-2, 23
	26, 27
	-1, 28
	-3, 30
	-4, 31
	-3, 36
	2, 38
	-4, 38
	25, 39
	3, 41
	0, 43
	11, 44
	36, 45
	21, 48
	10, 49
	31, 52
	-4, 52
	-3, 53
	36, 53
	19, 54
	45, 55
	22, 55
	18, 56
	7, 56
	-2, 58
	32, 61
	42, 62
	39, 62
	16, 63
	30, 64
	-3, 64
	33, 66
	12, 66
	17, 66
	54, 69
	35, 69
	57, 70
	31, 71
	-4, 71
	10, 71
	48, 72
	68, 72
	40, 73
	17, 74
	46, 74
	-4, 75
	34, 78
	42, 80
	62, 80
	51, 81
	-2, 83
	23, 83
	61, 84
	12, 84
	62, 85
	5, 85
	25, 85
	39, 85
	41, 87
	3, 87
	35, 88
	-3, 89
	22, 89
	55, 89
	3, 91
	41, 91
	86, 91
	89, 92
	-3, 92
	-2, 93
	74, 94
	46, 94
	69, 96
	-4, 96
	-1, 97
	56, 98
	10, 98
	49, 98
	-3, 100
	8, 101
	-1, 102
	28, 103
	-1, 103
	52, 104
	71, 104
	31, 104
	98, 104
	10, 104
	15, 105
	67, 106
	16, 107
	77, 108
	51, 108
	35, 110
	45, 111
	55, 111
	-1, 112
	71, 113
	-4, 113
	97, 114
	4, 114
	-2, 115
	58, 115
	99, 116
	60, 116
	-2, 117
	37, 118
	103, 119
	28, 119
	42, 121
	86, 121
	23, 122
	34, 122
	75, 123
	19, 123
	49, 124
	106, 124
	111, 125
	22, 125
	55, 125
	68, 126
	6, 127
	60, 127
	50, 129
	29, 129
	15, 130
	105, 130
	26, 131
	109, 131
	27, 131
	17, 132
	74, 132
	68, 133
	126, 133
	95, 134
	107, 134
	109, 135
	25, 135
	21, 136
	48, 136
	72, 136
	116, 137
	99, 137
	125, 137
	26, 138
	65, 138
	96, 139
	75, 139
	-4, 139
	87, 140
	115, 140
	19, 141
	65, 141
	117, 142
	32, 144
	-2, 146
	119, 147
	105, 148
	52, 148
	142, 149
	122, 149
	34, 149
	112, 150
	97, 150
	109, 151
	15, 151
	141, 151
	113, 152
	-4, 152
	80, 153
	143, 153
	144, 154
	120, 154
	82, 155
	150, 156
	118, 157
	0, 157
	47, 157
	43, 157
	101, 158
	77, 159
	108, 159
	142, 160
	78, 160
	116, 161
	17, 162
	74, 162
	46, 162
	12, 162
	91, 163
	41, 163
	70, 163
	57, 163
	142, 164
	117, 164
	160, 164
	68, 165
	133, 165
	72, 165
	54, 166
	19, 166
	123, 166
	75, 166
	111, 167
	78, 167
	125, 167
	137, 167
	132, 168
	74, 168
	30, 169
	6, 169
	64, 169
	61, 170
	32, 170
	33, 170
	155, 171
	-2, 172
	92, 173
	89, 173
	22, 173
	121, 174
	42, 174
	39, 174
	62, 174
	21, 175
	11, 175
	144, 176
	32, 176
	170, 176
	103, 177
	-1, 177
	102, 178
	-1, 178
	143, 179
	94, 179
	82, 180
	159, 180
	51, 180
	81, 180
	108, 180
	-4, 181
	40, 181
	33, 182
	170, 182
	61, 182
	84, 182
	66, 182
	12, 182
	65, 183
	138, 183
	88, 183
	84, 184
	12, 184
	162, 184
	81, 185
	51, 185
	46, 185
	90, 186
	107, 186
	162, 187
	46, 187
	184, 187
	51, 187
	185, 187
	79, 188
	178, 188
	102, 188
	122, 189
	78, 189
	34, 189
	111, 189
	45, 189
	167, 189
	128, 190
	77, 190
	143, 191
	143, 192
	153, 192
	36, 193
	122, 193
	45, 193
	189, 193
	117, 194
	164, 194
	-2, 194
	124, 195
	106, 195
	7, 195
	20, 196
	-1, 196
	59, 197
	195, 197
	7, 197
	149, 198
	142, 198
	78, 198
	160, 198
	34, 198
	38, 199
	8, 199
	2, 199
	32, 200
	154, 200
	144, 200
	146, 201
	138, 201
	183, 201
	-1, 202
	-2, 203
	-3, 203
	83, 203
	100, 204
	-3, 204
	101, 205
	-3, 206
	44, 206
	157, 207
	47, 207
	17, 208
	63, 208
	132, 208
	93, 209
	-2, 209
	27, 210
	177, 211
	76, 211
	79, 211
	0, 212
	37, 212
	86, 212
	118, 212
	121, 212
	102, 213
	120, 213
	5, 214
	18, 214
	7, 214
	134, 215
	208, 215
	16, 215
	63, 215
	107, 215
	132, 216
	208, 216
	204, 217
	100, 217
	134, 218
	-2, 219
	170, 220
	33, 220
	16, 220
	176, 220
	196, 221
	-1, 221
	4, 221
	9, 222
	209, 222
	194, 223
	-2, 223
	172, 223
	173, 224
	22, 224
	6, 224
	169, 224
	36, 225
	-3, 225
	89, 225
	192, 226
	37, 226
	118, 226
	33, 227
	66, 227
	17, 227
	208, 227
	63, 227
	15, 228
	105, 228
	19, 228
	141, 228
	151, 228
	5, 229
	59, 229
	190, 230
	77, 230
	184, 230
	183, 231
	88, 231
	54, 231
	69, 231
	65, 231
	35, 231
	173, 232
	92, 232
	169, 232
	30, 232
	224, 232
	-3, 232
	36, 233
	225, 233
	45, 233
	55, 233
	89, 233
	49, 234
	10, 234
	71, 234
	113, 234
	124, 234
	199, 235
	38, 235
	-4, 235
	136, 236
	68, 236
	72, 236
	22, 237
	125, 237
	137, 237
	212, 238
	37, 238
	121, 238
	42, 238
	0, 239
	157, 239
	118, 239
	212, 239
	135, 240
	15, 240
	18, 240
	169, 241
	218, 241
	6, 241
	65, 242
	141, 242
	19, 242
	54, 242
	231, 242
	188, 243
	178, 243
	177, 243
	-1, 243
	211, 243
	79, 243
	110, 244
	-4, 244
	-2, 244
	4, 245
	221, 245
	40, 245
	73, 245
	68, 246
	126, 246
	50, 247
	202, 247
	145, 248
	38, 248
	2, 248
	22, 249
	224, 249
	237, 249
	127, 249
	6, 249
	24, 250
	161, 250
	95, 250
	106, 251
	145, 251
	27, 252
	26, 252
	138, 252
	9, 252
	210, 252
	158, 253
	199, 253
	8, 253
	248, 253
	101, 253
	2, 253
	191, 254
	13, 254
	160, 255
	78, 255
	129, 256
	156, 256
	29, 256
	13, 257
	59, 257
	229, 257
	129, 258
	50, 258
	150, 258
	156, 258
	256, 258
	251, 259
	158, 259
	106, 259
	67, 259
	255, 260
	14, 260
	134, 261
	95, 261
	216, 261
	208, 261
	215, 261
	259, 262
	251, 262
	253, 262
	158, 262
	248, 262
	145, 262
	90, 263
	186, 263
	217, 263
	204, 263
	240, 264
	18, 264
	98, 264
	56, 264
	130, 264
	15, 264
	4, 265
	114, 265
	-1, 265
	97, 265
	27, 266
	210, 266
	86, 266
	100, 267
	-3, 267
	217, 267
	44, 267
	206, 267
	202, 268
	-1, 268
	119, 268
	28, 268
	172, 269
	-2, 269
	140, 269
	115, 269
	216, 270
	132, 270
	168, 270
	24, 270
	155, 271
	171, 271
	59, 271
	106, 271
	67, 271
	201, 272
	138, 272
	252, 272
	222, 272
	9, 272
	87, 273
	3, 273
	0, 273
	43, 273
	5, 274
	85, 274
	80, 274
	62, 274
	156, 275
	29, 275
	256, 275
	60, 276
	161, 276
	250, 276
	95, 276
	116, 276
	-4, 277
	38, 277
	248, 277
	148, 278
	52, 278
	-4, 278
	156, 279
	114, 279
	150, 279
	97, 279
	25, 280
	214, 280
	18, 280
	240, 280
	135, 280
	266, 281
	210, 281
	57, 281
	163, 281
	57, 282
	9, 282
	222, 282
	70, 282
	147, 283
	128, 283
	119, 283
	260, 284
	157, 284
	207, 284
	43, 284
	275, 285
	101, 285
	205, 285
	168, 286
	94, 286
	74, 286
	179, 286
	-3, 287
	-1, 287
	97, 288
	150, 288
	-1, 288
	112, 288
	285, 289
	101, 289
	171, 289
	158, 289
	260, 290
	14, 290
	43, 290
	273, 290
	284, 290
	70, 291
	140, 291
	115, 291
	58, 291
	190, 292
	128, 292
	77, 292
	159, 292
	255, 293
	207, 293
	284, 293
	260, 293
	13, 294
	229, 294
	257, 294
	139, 295
	96, 295
	75, 295
	69, 295
	54, 295
	166, 295
	20, 296
	-4, 296
	181, 296
	40, 296
	266, 297
	25, 297
	174, 297
	39, 297
	293, 298
	47, 298
	207, 298
	99, 298
	58, 299
	-2, 299
	291, 299
	70, 299
	192, 300
	143, 300
	179, 300
	286, 300
	271, 301
	106, 301
	195, 301
	59, 301
	197, 301
	179, 302
	143, 302
	254, 302
	191, 302
	185, 302
	133, 303
	-1, 303
	126, 303
	217, 304
	11, 304
	44, 304
	267, 304
	246, 305
	-3, 305
	153, 306
	80, 306
	254, 306
	191, 306
	143, 306
	161, 307
	47, 307
	116, 307
	99, 307
	298, 307
	257, 308
	271, 308
	155, 308
	59, 308
	203, 309
	193, 309
	83, 309
	23, 309
	122, 309
	287, 310
	-1, 310
	76, 311
	24, 312
	168, 312
	270, 312
	25, 313
	85, 313
	214, 313
	5, 313
	280, 313
	114, 314
	4, 314
	245, 314
	73, 314
	140, 315
	87, 315
	290, 315
	273, 315
	14, 315
	200, 316
	311, 316
	76, 316
	79, 316
	211, 316
	220, 317
	175, 317
	21, 317
	283, 318
	128, 318
	50, 318
	247, 318
	29, 319
	82, 319
	221, 320
	196, 320
	296, 320
	20, 320
	40, 320
	245, 320
	135, 321
	109, 321
	240, 321
	15, 321
	151, 321
	48, 322
	144, 322
	154, 322
	176, 322
	123, 323
	19, 323
	148, 323
	105, 323
	228, 323
	35, 324
	88, 324
	219, 324
	-2, 324
	146, 324
	303, 325
	-1, 325
	310, 325
	126, 325
	299, 326
	70, 326
	93, 326
	-2, 326
	282, 326
	171, 327
	289, 327
	275, 327
	285, 327
	102, 328
	-1, 328
	303, 328
	213, 328
	86, 329
	212, 329
	3, 329
	0, 329
	91, 329
	185, 330
	302, 330
	81, 330
	254, 330
	13, 330
	219, 331
	110, 331
	35, 331
	324, 331
	175, 332
	11, 332
	248, 333
	145, 333
	277, 333
	-4, 333
	152, 333
	123, 334
	75, 334
	278, 334
	148, 334
	-4, 334
	323, 334
	219, 335
	-2, 335
	110, 335
	331, 335
	244, 335
	319, 336
	82, 336
	180, 336
	159, 336
	312, 337
	192, 337
	300, 337
	286, 337
	168, 337
	226, 337
	57, 338
	281, 338
	252, 338
	210, 338
	282, 338
	9, 338
	241, 339
	169, 339
	64, 339
	21, 340
	317, 340
	176, 340
	322, 340
	220, 340
	48, 340
	172, 341
	140, 341
	315, 341
	14, 341
	269, 341
	61, 342
	32, 342
	311, 342
	316, 342
	200, 342
	112, 343
	-1, 343
	258, 343
	50, 343
	247, 343
	202, 343
	150, 343
	86, 344
	121, 344
	266, 344
	297, 344
	174, 344
	209, 345
	-2, 345
	201, 345
	146, 345
	222, 345
	272, 345
	154, 346
	200, 346
	316, 346
	188, 346
	79, 346
	91, 347
	86, 347
	266, 347
	281, 347
	163, 347
	6, 348
	127, 348
	218, 348
	241, 348
	60, 349
	116, 349
	237, 349
	137, 349
	1, 350
	236, 350
	246, 350
	68, 350
	190, 351
	230, 351
	147, 351
	311, 351
	72, 352
	48, 352
	120, 352
	322, 352
	165, 352
	154, 352
	236, 353
	206, 353
	-3, 353
	350, 353
	1, 353
	250, 354
	161, 354
	307, 354
	47, 354
	24, 355
	312, 355
	337, 355
	226, 355
	160, 356
	255, 356
	260, 356
	14, 356
	186, 357
	107, 357
	332, 357
	16, 357
	167, 358
	137, 358
	293, 358
	298, 358
	255, 358
	99, 358
	78, 358
	23, 359
	122, 359
	149, 359
	117, 359
	-2, 359
	142, 359
	241, 360
	218, 360
	134, 360
	90, 360
	186, 360
	107, 360
	156, 361
	275, 361
	205, 361
	279, 361
	285, 361
	136, 362
	236, 362
	11, 362
	175, 362
	21, 362
	223, 363
	194, 363
	356, 363
	160, 363
	164, 363
	257, 364
	308, 364
	82, 364
	155, 364
	172, 365
	223, 365
	14, 365
	341, 365
	363, 365
	356, 365
	266, 366
	27, 366
	109, 366
	131, 366
	297, 366
	354, 367
	24, 367
	250, 367
	339, 368
	241, 368
	360, 368
	90, 368
	1, 369
	-3, 369
	246, 369
	350, 369
	305, 369
	130, 370
	105, 370
	52, 370
	148, 370
	264, 370
	104, 370
	98, 370
	129, 371
	50, 371
	318, 371
	128, 371
	67, 372
	271, 372
	158, 372
	289, 372
	171, 372
	259, 372
	186, 373
	263, 373
	357, 373
	304, 373
	11, 373
	217, 373
	332, 373
	357, 374
	332, 374
	220, 374
	317, 374
	16, 374
	175, 374
	188, 375
	102, 375
	154, 375
	120, 375
	346, 375
	213, 375
	292, 376
	128, 376
	129, 376
	371, 376
	319, 376
	29, 376
	203, 377
	-3, 377
	309, 377
	53, 377
	287, 378
	-3, 378
	305, 378
	246, 378
	310, 378
	325, 378
	126, 378
	213, 379
	328, 379
	352, 379
	120, 379
	303, 379
	165, 379
	133, 379
	333, 380
	145, 380
	152, 380
	113, 380
	106, 380
	124, 380
	251, 380
	234, 380
	297, 381
	25, 381
	135, 381
	109, 381
	366, 381
	73, 382
	40, 382
	8, 382
	155, 383
	171, 383
	275, 383
	29, 383
	327, 383
	319, 383
	82, 383
	377, 384
	53, 384
	309, 384
	193, 384
	36, 384
	235, 385
	199, 385
	181, 385
	-4, 385
	40, 385
	8, 385
	382, 385
	351, 386
	147, 386
	128, 386
	283, 386
	190, 386
	204, 387
	64, 387
	339, 387
	368, 387
	-3, 387
	84, 388
	230, 388
	184, 388
	351, 389
	230, 389
	84, 389
	61, 389
	388, 389
	342, 389
	311, 389
	244, 390
	110, 390
	96, 390
	-4, 390
	26, 391
	138, 391
	151, 391
	141, 391
	65, 391
	131, 391
	109, 391
	326, 392
	93, 392
	209, 392
	222, 392
	282, 392
	250, 393
	95, 393
	24, 393
	270, 393
	261, 393
	216, 393
	118, 394
	226, 394
	355, 394
	367, 394
	24, 394
	159, 395
	292, 395
	336, 395
	319, 395
	376, 395
	237, 396
	249, 396
	60, 396
	349, 396
	127, 396
	218, 397
	276, 397
	60, 397
	348, 397
	127, 397
	16, 398
	220, 398
	227, 398
	63, 398
	33, 398
	257, 399
	82, 399
	180, 399
	364, 399
	263, 400
	90, 400
	368, 400
	387, 400
	204, 400
	146, 401
	201, 401
	324, 401
	183, 401
	88, 401
	87, 402
	140, 402
	291, 402
	41, 402
	70, 402
	163, 402
	119, 403
	103, 403
	311, 403
	76, 403
	147, 403
	177, 403
	211, 403
	351, 403
	94, 404
	46, 404
	185, 404
	302, 404
	179, 404
	214, 405
	7, 405
	59, 405
	229, 405
	5, 405
	197, 405
	110, 406
	35, 406
	96, 406
	69, 406
	390, 406
	13, 407
	330, 407
	399, 407
	180, 407
	257, 407
	81, 407
	205, 408
	73, 408
	314, 408
	279, 408
	361, 408
	114, 408
	119, 409
	268, 409
	202, 409
	283, 409
	247, 409
	318, 409
	8, 410
	382, 410
	408, 410
	73, 410
	205, 410
	101, 410
	397, 411
	276, 411
	95, 411
	134, 411
	218, 411
	51, 412
	108, 412
	77, 412
	187, 412
	230, 412
	184, 412
	80, 413
	274, 413
	5, 413
	254, 413
	306, 413
	229, 413
	13, 413
	294, 413
	206, 414
	44, 414
	236, 414
	362, 414
	11, 414
	353, 414
	47, 415
	157, 415
	118, 415
	367, 415
	354, 415
	394, 415
	7, 416
	56, 416
	124, 416
	49, 416
	98, 416
	195, 416
	238, 417
	37, 417
	42, 417
	226, 417
	80, 417
	192, 417
	153, 417
Mesh Regions: 418
	1, 17, 183, 334, 427, 561, 785
	0, 885, 903, 976
	13, 307, 461, 482
	1, 16, 66, 71, 560, 784
	2, 107, 361, 451, 525, 718
	62, 341, 387, 563, 715, 1180, 1224
	128, 217, 369, 436, 466, 877
	4, 30, 294, 299, 343, 1177, 1242
	86, 306, 479, 1056, 1074, 1205
	362, 475, 558, 595, 829
	21, 46, 83, 94, 410
	18, 232, 682, 797, 946, 1002, 1234
	3, 39, 60, 195, 254, 259
	484, 490, 639, 791, 1187, 1228
	503, 623, 725, 842, 915, 960
	95, 132, 172, 382, 432, 524, 749
	35, 97, 346, 357, 919, 1009, 1138
	3, 40, 50, 137, 192, 325, 379
	4, 29, 342, 433, 520, 587
	26, 121, 158, 207, 384, 439, 756
	5, 6, 295, 648, 743
	20, 145, 231, 733, 833, 948
	28, 69, 125, 226, 368, 420, 462
	7, 58, 118, 704, 927
	467, 548, 709, 908, 970, 1114, 1122
	15, 63, 144, 585, 653, 712, 1050
	8, 134, 151, 473, 1100
	8, 136, 330, 472, 529, 965
	9, 88, 115, 540
	131, 489, 568, 738, 1022, 1060
	10, 36, 216, 401
	11, 22, 44, 92
	32, 161, 220, 234, 308, 845
	38, 221, 249, 356, 377, 1142
	53, 119, 168, 276, 304
	42, 67, 100, 397, 760, 794, 1183
	12, 19, 25, 285, 371, 404, 1068
	113, 335, 375, 424, 1249
	13, 14, 305, 415, 460, 576
	15, 34, 64, 229, 655
	49, 248, 453, 651, 744, 1055, 1073
	16, 65, 72, 197, 1160
	33, 54, 116, 228, 426, 1250
	17, 185, 562, 604, 624
	18, 322, 535, 683, 1231
	19, 27, 101, 278, 287, 406
	51, 78, 194, 263, 267, 1172
	184, 324, 657, 693, 907, 1236
	20, 47, 146, 751, 838, 894
	21, 84, 122, 409, 1245
	130, 457, 494, 736, 852, 989
	56, 99, 244, 262, 269, 1216
	22, 23, 90, 165, 579, 983
	24, 25, 1026, 1065
	26, 41, 206, 394, 440, 646
	27, 28, 70, 102, 126, 407
	29, 30, 82, 522, 1243
	43, 199, 592, 594, 824
	31, 109, 630, 660
	297, 388, 491, 551, 671, 700, 1178
	111, 129, 570, 881, 1130, 1135
	32, 59, 219, 251, 844, 1092
	33, 34, 55, 61, 230, 566
	35, 326, 347, 381, 1141
	36, 37, 218, 832, 1082
	152, 159, 255, 396, 437, 1104
	38, 39, 40, 253, 378
	96, 501, 553, 992
	48, 127, 139, 203, 418, 455, 888
	41, 42, 79, 395, 645, 1185
	43, 198, 597, 627, 663, 770, 1161
	44, 45, 46, 91, 104, 411
	47, 48, 147, 205, 419, 893
	49, 454, 720, 1054, 1194, 1208
	50, 51, 77, 138, 193, 215, 610
	52, 120, 154, 209, 644, 804
	332, 708, 728, 1166
	98, 187, 281, 390, 633, 1218
	53, 190, 211, 275, 302, 486, 926
	271, 333, 447, 729, 871
	54, 55, 176, 565, 688, 1222, 1252
	56, 245, 261, 789, 1192
	180, 242, 739, 815, 956, 1063, 1144
	57, 58, 317, 703
	59, 60, 252, 258, 1086, 1091
	61, 62, 63, 64, 564, 713
	73, 117, 336, 531, 782, 856, 873
	65, 66, 156, 559, 722, 1157
	67, 257, 393, 761, 1156
	68, 69, 70, 74, 225, 373, 408
	264, 515, 936, 975, 1148
	71, 72, 73, 196, 786, 872
	74, 75, 224, 399
	76, 328, 771, 1108
	77, 78, 241, 609, 1171
	141, 469, 505, 573, 1113, 1213
	79, 80, 153, 643, 1098, 1184
	81, 106, 170, 528, 584, 614
	82, 83, 84, 93, 521, 987, 1246
	110, 149, 659, 695, 925
	85, 318, 352, 532
	86, 186, 320, 481, 606, 619, 1210
	87, 238, 273, 339, 778, 1012
	88, 89, 114, 236, 1164
	90, 91, 92, 93, 94, 986
	95, 133, 164, 383, 758, 982
	96, 123, 293, 470, 500, 552, 669, 1045
	97, 142, 265, 348, 917, 938
	98, 99, 188, 246, 1217
	135, 143, 171, 747, 966, 1052, 1106
	100, 448, 793, 811, 1097, 1182
	101, 102, 124, 210, 277
	103, 169, 617, 849
	104, 105, 174, 412, 1044
	106, 107, 526, 582, 717, 1198
	108, 109, 157, 544, 629
	110, 111, 148, 191, 574, 694, 882
	112, 160, 201, 289, 930
	113, 182, 337, 376, 429, 1118, 1238
	114, 115, 163, 539, 600, 1163, 1199
	179, 340, 895, 1014, 1037
	116, 117, 227, 338, 425, 857
	118, 119, 167, 274, 286, 705, 928
	120, 121, 208, 755, 803
	122, 123, 292, 413, 1046, 1244
	124, 125, 126, 150, 212, 421
	127, 140, 456, 680, 768, 1033
	128, 129, 465, 878, 1132, 1137
	280, 599, 632, 735, 991, 1018, 1078
	130, 131, 487, 493, 988, 1019
	132, 133, 523, 981
	134, 135, 136, 967, 1105
	137, 138, 214, 327, 349, 546
	139, 140, 204, 678, 1040
	141, 142, 344, 353, 504, 935, 1214
	143, 144, 431, 589, 746, 1051
	145, 146, 147, 417, 944
	148, 149, 150, 213, 422, 884, 921
	151, 152, 256, 312, 474, 555, 1101
	153, 154, 155, 642
	156, 157, 543, 628, 721, 840, 1158
	158, 159, 173, 385, 438, 1103
	160, 166, 189, 200, 301, 932
	177, 240, 282, 283, 665, 674, 691
	161, 178, 233, 310, 752
	459, 471, 514, 799, 1042
	162, 311, 764, 864, 1152
	163, 598, 891, 1077, 1167
	164, 165, 578, 757, 806, 984
	166, 167, 168, 300, 929
	169, 170, 181, 495, 583, 615, 855
	171, 172, 173, 386, 750, 1102
	174, 175, 802, 1043
	176, 177, 284, 687, 1254
	178, 179, 309, 753, 867, 898, 1013
	180, 222, 549, 699, 957, 1057
	181, 488, 496, 567, 581, 939
	182, 183, 184, 185, 323, 428, 602, 1237
	186, 477, 499, 512, 621, 994
	187, 188, 243, 634, 817, 1123
	189, 190, 202, 303, 485, 912, 952
	191, 468, 571, 692, 905
	192, 193, 194, 195, 260, 266
	196, 197, 198, 199, 593, 876, 1162
	200, 201, 202, 290, 953
	203, 204, 205, 897, 1039
	206, 207, 208, 209, 647
	210, 211, 212, 213, 279, 920
	214, 215, 547, 608, 710, 822
	216, 217, 218, 370, 400, 434, 831
	219, 220, 221, 235, 250, 355
	222, 550, 620, 774, 996, 1058
	223, 366, 541, 839, 958
	224, 225, 226, 367, 398
	227, 228, 229, 230, 654, 860
	231, 232, 732, 796, 947, 1010
	233, 234, 235, 358, 754, 835
	236, 237, 331, 444, 1168
	238, 239, 272, 443
	240, 241, 611, 666, 673, 1175
	242, 243, 244, 245, 246, 816, 1145, 1190
	247, 248, 650, 1071
	249, 250, 251, 252, 253, 254
	255, 256, 257, 313, 392, 1155
	258, 259, 260, 268, 391, 1088, 1221
	261, 262, 263, 270, 677, 787, 1173
	264, 265, 516, 916, 937, 998
	266, 267, 268, 269, 270, 1219
	271, 272, 273, 442, 870, 1011
	274, 275, 276, 277, 278, 279, 288
	280, 281, 389, 631, 889, 1080
	282, 483, 676, 690
	283, 284, 374, 664, 819, 1253
	285, 286, 287, 288, 702, 1067
	289, 290, 291, 364, 950
	292, 293, 294, 298, 670, 1247
	295, 296, 359, 741
	297, 298, 299, 672, 1181
	300, 301, 302, 303, 304
	305, 306, 307, 414, 478, 1070
	308, 309, 310, 726, 848, 868
	311, 312, 313, 554, 863, 1153
	314, 458, 537, 854, 1201
	315, 316, 317, 701, 1023
	318, 319, 351, 518, 1081, 1151
	320, 607, 941, 1193, 1209
	321, 322, 536, 900, 1230
	323, 324, 603, 636, 658
	325, 326, 327, 345, 350, 380, 507
	328, 329, 363, 861, 1109
	330, 476, 530, 591, 827
	331, 332, 333, 446, 730, 1169
	334, 335, 336, 337, 338, 423, 430, 783
	339, 340, 781, 1016, 1034
	341, 342, 343, 586, 714, 1176
	344, 345, 346, 347, 348, 508
	349, 350, 506, 545, 1117
	351, 352, 517, 534, 681, 1003
	353, 435, 879, 934, 1133, 1215
	354, 762, 792, 809
	355, 356, 357, 358, 731, 837, 1007, 1139
	359, 360, 361, 452, 740
	362, 363, 557, 596, 865, 1110
	364, 365, 366, 949, 959
	367, 368, 369, 370, 402, 463
	371, 372, 373, 405
	374, 375, 376, 823, 911, 1119, 1251
	377, 378, 379, 380, 381, 1140
	382, 383, 384, 385, 386, 759
	387, 388, 492, 640, 1179, 1227
	389, 390, 391, 890, 1087, 1090, 1220
	392, 393, 394, 395, 396, 397, 441
	398, 399, 400, 401, 402, 403
	404, 405, 406, 407, 408
	409, 410, 411, 412, 413, 1048
	414, 415, 416, 1069
	417, 418, 419, 886, 899, 945, 1232
	420, 421, 422, 464, 883, 1128
	423, 424, 425, 426, 1248
	427, 428, 429, 430
	431, 432, 433, 519, 588, 748
	434, 435, 436, 830, 880, 933, 973
	437, 438, 439, 440, 441
	442, 443, 444, 445, 446, 447
	448, 449, 450, 813, 1096
	451, 452, 453, 454, 719, 745
	455, 456, 685, 887, 978, 1030
	457, 458, 737, 853, 1203
	459, 460, 461, 480, 513, 577, 798
	462, 463, 464, 465, 466, 1129
	467, 468, 469, 572, 904, 971, 1112
	470, 471, 498, 510, 1047
	472, 473, 474, 475, 476, 556, 826
	477, 478, 479, 480, 481, 482, 511
	483, 484, 675, 689, 790, 1225
	485, 486, 502, 635, 913, 924
	487, 488, 489, 497, 569
	490, 491, 492, 641, 697, 954, 1143, 1191
	493, 494, 495, 496, 497, 851
	498, 499, 500, 501, 509, 997
	502, 503, 601, 622, 638, 914
	504, 505, 506, 507, 508, 1116
	509, 510, 511, 512, 513, 514
	515, 516, 517, 518, 999, 1147
	519, 520, 521, 522, 523, 524, 985
	525, 526, 527, 528
	529, 530, 531, 590, 652, 858, 874, 964
	532, 533, 534, 535, 536, 684
	537, 538, 539, 540, 1200
	541, 542, 543, 544, 843
	545, 546, 547, 548, 711, 1115
	549, 550, 551, 552, 553, 668, 698, 993
	554, 555, 556, 557, 558, 866
	559, 560, 561, 562, 625, 724
	563, 564, 565, 566, 1223
	567, 568, 569, 605, 776, 940, 1059
	570, 571, 572, 573, 574, 1134, 1212
	575, 576, 577, 800
	578, 579, 580, 805
	581, 582, 583, 584, 942, 1196
	585, 586, 587, 588, 589, 716
	590, 591, 592, 593, 825, 875
	594, 595, 596, 597, 773, 828, 1111
	598, 599, 600, 734, 1079, 1202
	601, 602, 603, 604, 626, 637
	605, 606, 607, 618, 777, 943
	608, 609, 610, 611, 667, 821
	612, 613, 706, 1027
	614, 615, 616, 617
	618, 619, 620, 621, 775, 995
	622, 623, 624, 625, 626, 723
	627, 628, 629, 630, 662, 1159
	631, 632, 633, 634, 1017, 1124
	635, 636, 637, 638, 656, 922
	639, 640, 641, 1229
	642, 643, 644, 645, 646, 647
	648, 649, 650, 651, 742
	652, 653, 654, 655, 859, 968, 1049
	656, 657, 658, 659, 696, 923
	660, 661, 662, 663, 769
	664, 665, 666, 667, 820
	668, 669, 670, 671, 672
	673, 674, 675, 676, 677, 788, 1174
	678, 679, 680, 765, 780, 1038
	681, 682, 683, 684, 1001
	685, 686, 980, 1029
	687, 688, 689, 690, 691, 1226
	692, 693, 694, 695, 696, 906
	697, 698, 699, 700, 955
	701, 702, 703, 704, 705, 1025, 1066
	706, 707, 767, 1031
	708, 727, 846, 892, 1095, 1165
	709, 710, 711, 818, 909
	712, 713, 714, 715, 716
	717, 718, 719, 720, 1195
	721, 722, 723, 724, 725, 841
	726, 727, 728, 729, 730, 847, 869
	731, 732, 733, 834, 1008
	734, 735, 736, 737, 990, 1204
	738, 739, 814, 1021, 1062, 1126
	740, 741, 742, 743, 744, 745
	746, 747, 748, 749, 750
	751, 752, 753, 754, 836, 896
	755, 756, 757, 758, 759, 808
	760, 761, 762, 763, 764, 795, 1154
	765, 766, 767, 768, 1032
	769, 770, 771, 772, 773, 1107
	774, 775, 776, 777, 1061
	778, 779, 780, 781, 1035
	782, 783, 784, 785, 786
	787, 788, 789, 790, 791, 1188
	792, 793, 794, 795, 812
	796, 797, 918, 1004, 1006
	798, 799, 800, 801, 802, 1041
	803, 804, 805, 806, 807, 808
	809, 810, 811, 812, 813
	814, 815, 816, 817, 1125
	818, 819, 820, 821, 822, 823, 910
	824, 825, 826, 827, 828, 829
	830, 831, 832, 972, 1083
	833, 834, 835, 836, 837, 838
	839, 840, 841, 842, 843, 961
	844, 845, 846, 847, 848, 1094
	849, 850, 851, 852, 853, 854, 855
	856, 857, 858, 859, 860
	861, 862, 863, 864, 865, 866
	867, 868, 869, 870, 871, 1015
	872, 873, 874, 875, 876
	877, 878, 879, 880, 1136
	881, 882, 883, 884, 1131
	885, 886, 887, 888, 902, 979
	889, 890, 891, 892, 1076, 1089, 1170
	893, 894, 895, 896, 897, 898, 1036
	899, 900, 901, 902, 903, 1235
	904, 905, 906, 907, 969, 1240
	908, 909, 910, 911, 1120
	912, 913, 914, 915, 951, 963
	916, 917, 918, 919, 1000, 1005
	920, 921, 922, 923, 924, 925, 926
	927, 928, 929, 930, 931, 932
	933, 934, 935, 936, 937, 938, 974
	939, 940, 941, 942, 943, 1197
	944, 945, 946, 947, 948, 1233
	949, 950, 951, 952, 953, 962
	954, 955, 956, 957, 1146
	958, 959, 960, 961, 962, 963
	964, 965, 966, 967, 968, 1053
	969, 970, 971, 1121, 1239
	972, 973, 974, 975, 1084, 1149
	976, 977, 978, 979, 980
	981, 982, 983, 984, 985, 986, 987
	988, 989, 990, 991, 1020
	992, 993, 994, 995, 996, 997
	998, 999, 1000, 1001, 1002, 1003, 1004
	1005, 1006, 1007, 1008, 1009, 1010
	1011, 1012, 1013, 1014, 1015, 1016
	1017, 1018, 1019, 1020, 1021, 1022, 1127
	1023, 1024, 1025, 1026, 1064
	1027, 1028, 1029, 1030, 1031, 1032, 1033
	1034, 1035, 1036, 1037, 1038, 1039, 1040
	1041, 1042, 1043, 1044, 1045, 1046, 1047, 1048
	1049, 1050, 1051, 1052, 1053
	1054, 1055, 1056, 1075, 1206
	1057, 1058, 1059, 1060, 1061, 1062, 1063
	1064, 1065, 1066, 1067, 1068
	1069, 1070, 1071, 1072, 1073, 1074, 1075
	1076, 1077, 1078, 1079, 1080
	1081, 1082, 1083, 1084, 1085, 1150
	1086, 1087, 1088, 1093
	1089, 1090, 1091, 1092, 1093, 1094, 1095
	1096, 1097, 1098, 1099, 1186
	1100, 1101, 1102, 1103, 1104, 1105, 1106
	1107, 1108, 1109, 1110, 1111
	1112, 1113, 1114, 1115, 1116, 1117
	1118, 1119, 1120, 1121, 1122, 1241
	1123, 1124, 1125, 1126, 1127
	1128, 1129, 1130, 1131, 1132
	1133, 1134, 1135, 1136, 1137, 1211
	1138, 1139, 1140, 1141, 1142
	1143, 1144, 1145, 1146, 1189
	1147, 1148, 1149, 1150, 1151
	1152, 1153, 1154, 1155, 1156
	1157, 1158, 1159, 1160, 1161, 1162
	1163, 1164, 1165, 1166, 1167, 1168, 1169, 1170
	1171, 1172, 1173, 1174, 1175
	1176, 1177, 1178, 1179, 1180, 1181
	1182, 1183, 1184, 1185, 1186
	1187, 1188, 1189, 1190, 1191, 1192
	1193, 1194, 1195, 1196, 1197, 1198, 1207
	1199, 1200, 1201, 1202, 1203, 1204
	1205, 1206, 1207, 1208, 1209, 1210
	1211, 1212, 1213, 1214, 1215
	1216, 1217, 1218, 1219, 1220, 1221
	1222, 1223, 1224, 1225, 1226, 1227, 1228, 1229
	1230, 1231, 1232, 1233, 1234, 1235
	1236, 1237, 1238, 1239, 1240, 1241
	1242, 1243, 1244, 1245, 1246, 1247
	1248, 1249, 1250, 1251, 1252, 1253, 1254
Seed Numbers: 418
	0
	1
	2
	3
	4
	5
	6
	7
	8
	9
	10
	11
	12
	13
	14
	15
	16
	17
	18
	19
	20
	21
	22
	23
	24
	25
	26
	27
	28
	29
	30
	31
	32
	33
	34
	35
	36
	37
	38
	39
	40
	41
	42
	43
	44
	45
	46
	47
	48
	49
	50
	51
	52
	53
	54
	55
	56
	57
	58
	59
	60
	61
	62
	63
	64
	65
	66
	67
	68
	69
	70
	71
	72
	73
	74
	75
	76
	77
	78
	79
	80
	81
	82
	83
	84
	85
	86
	87
	88
	89
	90
	91
	92
	93
	94
	95
	96
	97
	98
	99
	100
	101
	102
	103
	104
	105
	106
	107
	108
	109
	110
	111
	112
	113
	114
	115
	116
	117
	118
	119
	120
	121
	122
	123
	124
	125
	126
	127
	128
	129
	130
	131
	132
	133
	134
	135
	136
	137
	138
	139
	140
	141
	142
	143
	144
	145
	146
	147
	148
	149
	150
	151
	152
	153
	154
	155
	156
	157
	158
	159
	160
	161
	162
	163
	164
	165
	166
	167
	168
	169
	170
	171
	172
	173
	174
	175
	176
	177
	178
	179
	180
	181
	182
	183
	184
	185
	186
	187
	188
	189
	190
	191
	192
	193
	194
	195
	196
	197
	198
	199
	200
	201
	202
	203
	204
	205
	206
	207
	208
	209
	210
	211
	212
	213
	214
	215
	216
	217
	218
	219
	220
	221
	222
	223
	224
	225
	226
	227
	228
	229
	230
	231
	232
	233
	234
	235
	236
	237
	238
	239
	240
	241
	242
	243
	244
	245
	246
	247
	248
	249
	250
	251
	252
	253
	254
	255
	256
	257
	258
	259
	260
	261
	262
	263
	264
	265
	266
	267
	268
	269
	270
	271
	272
	273
	274
	275
	276
	277
	278
	279
	280
	281
	282
	283
	284
	285
	286
	287
	288
	289
	290
	291
	292
	293
	294
	295
	296
	297
	298
	299
	300
	301
	302
	303
	304
	305
	306
	307
	308
	309
	310
	311
	312
	313
	314
	315
	316
	317
	318
	319
	320
	321
	322
	323
	324
	325
	326
	327
	328
	329
	330
	331
	332
	333
	334
	335
	336
	337
	338
	339
	340
	341
	342
	343
	344
	345
	346
	347
	348
	349
	350
	351
	352
	353
	354
	355
	356
	357
	358
	359
	360
	361
	362
	363
	364
	365
	366
	367
	368
	369
	370
	371
	372
	373
	374
	375
	376
	377
	378
	379
	380
	381
	382
	383
	384
	385
	386
	387
	388
	389
	390
	391
	392
	393
	394
	395
	396
	397
	398
	399
	400
	401
	402
	403
	404
	405
	406
	407
	408
	409
	410
	411
	412
	413
	414
	415
	416
	417
Phase Numbers: 418
	2
	2
	1
	3
	2
	3
	2
	2
	0
	2
	2
	1
	3
	2
	0
	2
	0
	0
	2
	3
	3
	3
	2
	2
	2
	3
	1
	2
	3
	3
	3
	3
	3
	3
	2
	3
	2
	3
	0
	2
	2
	2
	2
	2
	3
	3
	1
	2
	0
	2
	0
	2
	0
	2
	2
	3
	1
	3
	2
	3
	2
	1
	2
	3
	2
	2
	3
	3
	2
	2
	3
	2
	3
	3
	3
	2
	3
	2
	3
	2
	1
	2
	0
	0
	2
	3
	2
	3
	2
	2
	2
	2
	3
	2
	2
	2
	0
	0
	1
	3
	0
	0
	3
	3
	0
	2
	2
	3
	2
	3
	1
	2
	1
	3
	2
	2
	2
	3
	2
	3
	3
	3
	2
	3
	3
	3
	1
	3
	2
	2
	2
	3
	2
	1
	3
	2
	2
	0
	2
	2
	0
	2
	3
	2
	2
	2
	2
	2
	3
	3
	2
	3
	0
	3
	3
	0
	2
	3
	2
	0
	2
	3
	2
	3
	2
	2
	3
	3
	3
	0
	3
	2
	3
	3
	3
	3
	3
	2
	3
	3
	3
	0
	3
	2
	0
	1
	2
	1
	2
	2
	3
	2
	0
	2
	1
	2
	0
	3
	3
	3
	3
	1
	2
	3
	3
	2
	2
	0
	3
	3
	3
	2
	3
	3
	2
	1
	3
	3
	3
	3
	3
	2
	2
	2
	3
	3
	2
	0
	2
	3
	2
	0
	3
	3
	3
	1
	1
	2
	3
	0
	3
	2
	1
	1
	3
	0
	2
	1
	3
	1
	3
	2
	3
	3
	1
	2
	3
	2
	3
	3
	3
	0
	3
	1
	2
	3
	2
	2
	3
	2
	3
	0
	3
	3
	2
	1
	2
	3
	1
	3
	3
	2
	3
	3
	2
	3
	1
	2
	1
	3
	2
	2
	3
	2
	3
	1
	0
	2
	2
	3
	2
	3
	2
	3
	3
	3
	1
	2
	3
	2
	3
	2
	3
	3
	3
	2
	3
	2
	2
	3
	2
	3
	3
	2
	3
	2
	3
	2
	2
	3
	2
	0
	3
	3
	3
	2
	2
	3
	0
	3
	1
	3
	3
	2
	2
	2
	2
	1
	2
	2
	3
	2
	2
	3
	0
	3
	1
	3
	3
	3
	2
	1
	3
	0
	3
	3
	3
	1
	3
	2
	2
	2
	2
	2
	2
	3
	3
	3
	3
	0
	2
	2
	2
	3
	3
	0
	2
	2
	1
	2
	1
	2
	3
	3
	2
	2
	1
	2
	2
	3
	3
	3
	0
	3
	3
	3
	3
	2
	2
	2
	3
	3
	2
	3
	0
	2
	1
	2
Volumes: 418
	0.0025109885979522155
	0.0012511188121565608
	0.0019266839322606667
	0.0020912129512135652
	0.0015849089956252362
	0.0024509846002089093
	0.0018748822113823006
	0.002665311709078154
	0.0023811109334075254
	0.0017464842513706179
	0.0021227092244921657
	0.0029912567838985687
	0.0022740667738673035
	0.002041027099664529
	0.0027526317303224425
	0.0026326878612041617
	0.0038602897932405616
	0.0032605443375765897
	0.002304803039555492
	0.002094607893776583
	0.001969648658052333
	0.0023707791431346863
	0.0025595100349180746
	0.0021482574946719386
	0.002451761853269168
	0.002435696535259067
	0.001988355179529177
	0.0024843916855843157
	0.0015228838875335278
	0.002211876110113355
	0.0013760171238773973
	0.0016117638259265361
	0.0026416253386748016
	0.0025268988348403775
	0.0017772030156604523
	0.00277903506440326
	0.003653914808020605
	0.0024026773966784295
	0.0016211857858002103
	0.0025161839254896007
	0.00268561418215992
	0.0019049796668039014
	0.0030153263327232943
	0.0021717535758284017
	0.0022563169250798694
	0.0028180553361204586
	0.0018393427301891653
	0.0030089859963954896
	0.0025934408625848853
	0.0017667770376739542
	0.0017827288804610581
	0.002611597443902941
	0.002172687834299249
	0.0013280123427749
	0.0022742421383553646
	0.002295704004314339
	0.0030799394644302376
	0.0023695015223766033
	0.0007249848443762307
	0.0031048173449386364
	0.0024438746053018177
	0.0027362450794400886
	0.0026749868143534326
	0.0017889092097716109
	0.001303090811323313
	0.0026320190615380054
	0.0024035100965376765
	0.00187156422355687
	0.002402640518457369
	0.002088798439965265
	0.003171183720772063
	0.0016644439800526268
	0.0015894184569394338
	0.0026098177524091827
	0.002807816618687357
	0.0022977499230082176
	0.0017793088127965409
	0.0021282910889583503
	0.003507496333351988
	0.002274681916876694
	0.0028995117384271276
	0.0019236421621746718
	0.002923381487916412
	0.001612417999569545
	0.0024635221845811595
	0.0018671885044283297
	0.0033279050554366114
	0.0023064943061662426
	0.0024278129894678684
	0.003203612975649943
	0.0017935974213004083
	0.0023249898471879157
	0.001274702897369168
	0.0009429960111593562
	0.002112964994036465
	0.002921800743625199
	0.001973709237103097
	0.0027341004302342577
	0.0033781267355410057
	0.0018324983101952188
	0.0014730743197378703
	0.003039014922098589
	0.0019703627432755212
	0.0023553489650555413
	0.0020098822859455794
	0.001982041326513221
	0.003577504492980449
	0.0037615146620491044
	0.002748550004543773
	0.0022542635147522177
	0.001550464186226137
	0.002052244281487599
	0.001963051836814841
	0.002385274656892891
	0.0024807656929512643
	0.0019743999422717987
	0.0025819365853188983
	0.0023248620472456558
	0.003561227763951462
	0.002969246326093762
	0.0021478710190346254
	0.0030695127917481383
	0.0031800219870094697
	0.002269141991863891
	0.0033425603565385834
	0.0024287279539522066
	0.002111981129984736
	0.0023637092544599786
	0.0019109495657379677
	0.002009568223038857
	0.0018082564957174392
	0.00235662842471382
	0.002620532751802164
	0.0020755540461555866
	0.0032552468996682087
	0.0017705029601817913
	0.002378246877858739
	0.0031521868034345736
	0.002928648226462876
	0.0009603418666420246
	0.003102910661432313
	0.00236895869474026
	0.002178905885942089
	0.0020459720981942458
	0.0019958223972825766
	0.001922260563949975
	0.0022956515229800955
	0.002168096471424832
	0.0022862411009160447
	0.002294055578428292
	0.0031981209830650088
	0.002490077585459323
	0.0023186248643898375
	0.002435234013045225
	0.0026196151261989485
	0.00223674298412927
	0.002601118325918352
	0.0030784566329980405
	0.0032279331647275655
	0.001990104720623693
	0.002550722035652143
	0.002206944039918025
	0.0030586861525337982
	0.0030345401369297254
	0.0022942422487744404
	0.0021418804214039886
	0.0015513419274083722
	0.0033327202223056335
	0.0027774270364697177
	0.003007440244515537
	0.0020135508056863404
	0.002769910926496424
	0.0022049397736756907
	0.0021838606514121743
	0.0028337576931162633
	0.002413364260855825
	0.0029062241944883345
	0.0033665101206095983
	0.0013832120219196063
	0.0023458336870301657
	0.0029769609562060777
	0.0019427391540737331
	0.0016438079122803354
	0.0027541338003639502
	0.0029353034076130867
	0.0025180921977757675
	0.0027968858264873103
	0.0027557194427105507
	0.0017934130803444579
	0.0031547653498416217
	0.0028988609337451347
	0.0014112702783808818
	0.002747388551571559
	0.0032020470749398945
	0.0010833944176225994
	0.0028435902129718728
	0.0011672307119429018
	0.002395287231828742
	0.0014935443910664896
	0.0016217726063281718
	0.003152196881731956
	0.0025817598509289405
	0.0024498809867255487
	0.001373916667357653
	0.0021681365790753677
	0.002049009018479232
	0.002057329241244551
	0.00215295194772984
	0.002103041058581027
	0.00256699795689082
	0.0014682159365157353
	0.0028471318226389844
	0.0037510964833507073
	0.002375825024693823
	0.0029288043978545125
	0.0033659626469117075
	0.0016659828269233175
	0.0023895670904464372
	0.0023433289935060253
	0.0012854586164653416
	0.003115694037493478
	0.0019032498933114754
	0.0023433856391385775
	0.00207858097332817
	0.0026763763105951644
	0.0020103684616850255
	0.00352313312812436
	0.0021194647868057167
	0.0028720725634824376
	0.0028535988297645424
	0.002588450336937615
	0.002696724654030225
	0.0021695414065411372
	0.003151307991519036
	0.0024335063957928145
	0.0012295065431215924
	0.0024368856184062556
	0.0023990776095960216
	0.002749839197162679
	0.0025007986638900847
	0.002104237974502607
	0.00285053166013096
	0.0021390718058891334
	0.002602946857811002
	0.0011964238801594773
	0.002449244393064702
	0.0027449793649751662
	0.002076347497941222
	0.0027289522463055218
	0.002271448209646005
	0.003190686605067104
	0.002286408893587498
	0.0025595944512605768
	0.0032542031878104232
	0.002494488108047973
	0.0032973040388596378
	0.002238348137606372
	0.0030506528924401626
	0.00325602996002111
	0.0020407937341339966
	0.002702365927690371
	0.0026097855880890895
	0.0025843880336641843
	0.0022764536315823423
	0.0027639896861345937
	0.0019420805105073863
	0.003017478325071126
	0.002585237806035331
	0.0020445896934132915
	0.0027644422914491645
	0.0018284667598226557
	0.0033483075198376556
	0.002460729916761718
	0.002741893450938773
	0.0029761793980220795
	0.0022087469153775595
	0.0028674339736824363
	0.0011650455174726311
	0.0016583789699502012
	0.0023289769106424503
	0.002672619824143267
	0.0024132201351569236
	0.0022475034994079617
	0.0027388376305401787
	0.002703264112534816
	0.002464841826067032
	0.0023539599921891447
	0.0010101923509562558
	0.0012480403694518226
	0.0027744268320971524
	0.002727412593347675
	0.002050419063967596
	0.0018982811478583357
	0.002503587454921971
	0.0016658646203852917
	0.0016404539540725573
	0.0018084120616283484
	0.003020447266228138
	0.00241249359450551
	0.0013004124972542481
	0.0023801670801508606
	0.003167805085165255
	0.002280164681371921
	0.003338706650103989
	0.0019399164161708774
	0.0019405684872444945
	0.0031675760428939302
	0.002891884010335401
	0.003078449372952043
	0.0029265696476882255
	0.0006661724285342897
	0.002506754983347819
	0.0016470365533181879
	0.0028220716251990893
	0.0025705155518029755
	0.0023748897874601056
	0.0029408453113929775
	0.002184733465904736
	0.0018364846465102494
	0.001867210195917799
	0.0018194548518120366
	0.0020422179844312876
	0.002346011946624899
	0.0025517865596159754
	0.0026046457936524806
	0.0023017329914027246
	0.0023797127219391577
	0.0020714307346490334
	0.0023045094935377746
	0.0024983617486109408
	0.0019840211192810615
	0.0015810465809083236
	0.001983990513822289
	0.002336721730579392
	0.001631914199157732
	0.001099495408818837
	0.002187598446654015
	0.002934979285363901
	0.0022789488088939924
	0.002554301325123967
	0.002945901651955991
	0.0036704427623175753
	0.0025151034484649647
	0.0023403854854523575
	0.0028474667793062084
	0.0029205140672539627
	0.002504261303212741
	0.0025561147263701046
	0.0017200345754765968
	0.0023475055314167597
	0.0021674080682968474
	0.003119867253944921
	0.002656756014329192
	0.002585738771634425
	0.0024005046233730046
	0.002878504328391676
	0.0027422904835531442
	0.0028081734065528753
	0.003724170468359926
	0.002499411558225114
	0.00396994105268246
	0.002667687129437983
	0.002525900420686319
	0.002012174941721473
	0.002537415931679118
	0.0020418417477363632
	0.002398907707086871
	0.002344706293550429
	0.002603972834968742
	0.0014938720936761316
	0.0027236211923602595
	0.001698414396357668
	0.0030058558481634266
	0.002951534933751298
	0.0022373508392925187
	0.001893667016519461
	0.002512694582250191
	0.0015191515866987773
	0.0027225465232588106
	0.003234503756341425
	0.003280048763534592
	0.002607142037706127
	0.0020000420732353918
	0.0029974143244123445
	0.0018889150094434546
	0.0030153744025388403
	0.0016099684290171025
	0.002019861780439137
	0.0018953867436141945
	0.0029621875535734525
	0.0022969243712352956
	0.002612648054406169
	0.0020811327253705994
	0.0024612936969170395
	0.003414494954273895
	0.002071738389077438
	0.0016545021390510875
	0.0022340765868172478
	0.0021934485371795146
	0.001955934414147945
	0.001981362269455135
	0.002127912925550443
	0.003155479600768032
	0.002600439474910137
	0.00170595122057294
	0.0019889442504961653
	0.0017726878328662992
	0.002304183349782918
	0.0029453141661309997
	0.002056995143100576
	0.002655669779691024
	0.002541749278673461
	0.0027906446803938577
	0.0031076684679719763
	0.0020417033999337256
	0.0030902952900507775
	0.002551436946806397
	0.0033537450190001547
