Mesh Points: 846
	 2.919690e-01, -1.370756e-01
	 2.984209e-01, -1.327550e-01
	 2.832638e-01, -1.729716e-01
	 3.081636e-01, -1.900737e-01
	 3.305289e-01, -1.847779e-01
	 3.423587e-01, -1.479432e-01
	 1.245701e-01, -4.849850e-01
	 1.435952e-01, -4.619256e-01
	 1.252275e-01, -5.000000e-01
	 1.814627e-01, -4.668325e-01
	 1.766057e-01, -5.000000e-01
	-4.118421e-02, -2.825052e-01
	-5.712498e-02, -2.813395e-01
	-1.825756e-02, -2.405113e-01
	-7.014529e-02, -2.360580e-01
	-5.409104e-02, -2.270291e-01
	-1.848241e-02, -2.400305e-01
	-7.500003e-02, -2.575568e-01
	-2.109878e-01,  4.055784e-01
	-1.910240e-01,  3.716377e-01
	-1.872341e-01,  4.267828e-01
	-1.731913e-01,  4.236742e-01
	-1.619207e-01,  3.988276e-01
	-3.576223e-01,  4.331209e-01
	-3.651198e-01,  4.606305e-01
	-3.304880e-01,  4.845167e-01
	-2.961377e-01,  4.607153e-01
	-2.967662e-01,  4.521342e-01
	-3.205676e-01,  4.272799e-01
	-6.159760e-02, -1.776865e-01
	-9.242736e-02, -1.913681e-01
	-1.240325e-01, -1.760856e-01
	-1.280147e-01, -1.561885e-01
	-1.031610e-01, -1.370843e-01
	-6.502367e-02, -1.505627e-01
	-2.596194e-01, -5.000000e-01
	-2.679766e-01, -4.584743e-01
	-3.193970e-01, -5.000000e-01
	-3.212749e-01, -4.753343e-01
	-2.986667e-01, -4.548027e-01
	-1.950036e-01, -4.334583e-01
	-2.098831e-01, -4.666982e-01
	-2.171245e-01, -4.116058e-01
	-2.469325e-01, -4.210811e-01
	-2.534809e-01, -4.479502e-01
	 8.296743e-02, -3.566306e-01
	 4.662427e-02, -3.676631e-01
	 9.281021e-02, -3.187566e-01
	 3.505553e-02, -3.175206e-01
	 6.817997e-02, -3.038322e-01
	 3.617732e-02, -3.562063e-01
	-4.740978e-01, -7.578418e-02
	-4.588157e-01, -6.925444e-02
	-5.000000e-01, -6.503940e-02
	-5.000000e-01, -2.969783e-02
	-4.621079e-01, -2.998754e-02
	-4.525284e-01, -5.436247e-02
	-3.091126e-01,  3.080139e-01
	-2.950059e-01,  2.718144e-01
	-2.696756e-01,  3.398668e-01
	-2.360565e-01,  3.060007e-01
	-2.464744e-01,  2.690293e-01
	-2.524845e-01,  2.649638e-01
	-2.888123e-01,  2.677779e-01
	 5.000000e-01,  1.775368e-01
	 4.531721e-01,  1.464163e-01
	 5.000000e-01,  1.862096e-01
	 4.354292e-01,  1.806758e-01
	 4.610552e-01,  2.077597e-01
	-5.000000e-01,  2.325093e-01
	-4.770936e-01,  2.275192e-01
	-5.000000e-01,  1.622211e-01
	-4.690842e-01,  1.812354e-01
	-4.818191e-01,  1.671941e-01
	-2.434667e-01,  4.127963e-01
	-2.016208e-01,  4.597880e-01
	-2.328195e-01,  4.483421e-01
	 3.697696e-04,  5.000000e-01
	-2.096405e-04,  4.495091e-01
	 6.777121e-02,  5.000000e-01
	 7.007562e-02,  4.925367e-01
	 3.322961e-02,  4.328062e-01
	 5.506673e-02,  4.380872e-01
	 5.000000e-01, -3.050160e-01
	 4.749206e-01, -3.105307e-01
	 5.000000e-01, -2.495949e-01
	 4.710849e-01, -2.463008e-01
	 4.677705e-01, -2.489441e-01
	 4.563415e-01, -3.021402e-01
	-5.065940e-02,  9.530533e-02
	-8.761209e-02,  1.317919e-01
	-1.896272e-02,  9.675344e-02
	-6.229611e-02,  1.550259e-01
	-8.768949e-02,  1.328076e-01
	-2.601720e-02,  1.526917e-01
	-1.526435e-02,  1.074906e-01
	 3.458957e-01, -2.043479e-01
	 3.224776e-01, -2.423868e-01
	 2.977517e-01, -2.199889e-01
	 1.468936e-01,  1.082514e-01
	 1.197157e-01,  1.006603e-01
	 9.110770e-02,  1.262762e-01
	 1.219915e-01,  1.606724e-01
	 1.268366e-01,  1.604053e-01
	 3.452653e-01,  4.607950e-01
	 3.005028e-01,  4.800577e-01
	 3.482070e-01,  5.000000e-01
	 3.014794e-01,  5.000000e-01
	 4.684185e-01,  1.139527e-01
	 4.507129e-01,  1.314672e-01
	 5.000000e-01,  1.140954e-01
	-3.045678e-02, -1.136864e-01
	-7.722543e-03, -9.326750e-02
	 4.228957e-03, -1.643493e-01
	 2.044247e-02, -8.896878e-02
	 2.499669e-02, -1.568910e-01
	 3.738085e-02, -1.271902e-01
	 3.922858e-01,  3.852008e-01
	 3.937819e-01,  3.829843e-01
	 3.390171e-01,  4.063973e-01
	 3.208918e-01,  3.842892e-01
	 3.877232e-01,  3.475030e-01
	 3.678374e-01,  3.347986e-01
	 3.257590e-01,  3.403215e-01
	 5.725616e-02,  1.553499e-01
	 8.554834e-02,  1.261103e-01
	 7.396095e-02,  1.809170e-01
	 9.465192e-02,  1.837749e-01
	 2.045334e-01,  2.561769e-01
	 1.639749e-01,  2.426340e-01
	 2.045793e-01,  2.571914e-01
	 1.823927e-01,  2.972691e-01
	 1.557352e-01,  2.945113e-01
	 1.361916e-01,  2.651902e-01
	 4.209822e-01,  2.776017e-01
	 4.263752e-01,  2.393574e-01
	 4.668921e-01,  2.822692e-01
	 4.743274e-01,  2.460141e-01
	 4.581797e-01,  2.276511e-01
	 3.612368e-01,  5.286743e-02
	 4.110762e-01,  6.698422e-02
	 3.441272e-01,  9.568999e-02
	 4.048167e-01,  1.152799e-01
	 4.045559e-01,  1.154428e-01
	-3.187931e-01, -8.787980e-02
	-2.839210e-01, -7.325282e-02
	-2.650827e-01, -9.819423e-02
	-2.801379e-01, -1.304961e-01
	-3.218833e-01, -9.533934e-02
	-2.991450e-01, -1.330001e-01
	-2.910205e-01, -1.361575e-01
	-4.220552e-01,  4.546517e-01
	-4.445150e-01,  4.645078e-01
	-4.117580e-01,  4.047196e-01
	-4.685391e-01,  4.307712e-01
	-4.525283e-01,  3.936049e-01
	-3.541433e-02, -3.655452e-02
	-4.122181e-02, -3.771474e-02
	-8.800496e-02, -1.347152e-02
	-4.555876e-02,  2.172577e-02
	-8.594098e-02, -1.389162e-03
	-1.715198e-02, -5.330775e-03
	-1.473960e-02, -1.460251e-02
	 2.857638e-01,  3.857813e-01
	 2.716981e-01,  4.092747e-01
	 2.843583e-01,  4.368639e-01
	 3.357955e-01,  4.203801e-01
	-2.039330e-01,  2.590469e-01
	-1.876491e-01,  2.246831e-01
	-2.485982e-01,  2.132160e-01
	-2.366602e-01,  2.000896e-01
	-2.213830e-01, -3.104109e-01
	-2.173497e-01, -3.366892e-01
	-2.446998e-01, -3.610186e-01
	-2.646942e-01, -3.049289e-01
	-2.653816e-01, -3.453150e-01
	-2.478296e-01, -3.611906e-01
	-2.678341e-01, -3.099471e-01
	-1.226225e-01,  1.596333e-01
	-1.515830e-01,  1.449633e-01
	-1.198650e-01,  1.875557e-01
	-1.711820e-01,  2.065387e-01
	-1.834614e-01,  1.643948e-01
	-3.699367e-01, -1.080429e-01
	-3.502459e-01, -1.532839e-01
	-3.425360e-01, -1.564541e-01
	 8.007465e-02,  2.904294e-01
	 5.158892e-02,  2.909018e-01
	 2.283263e-02,  3.244769e-01
	 6.011136e-02,  3.575193e-01
	 7.227439e-02,  3.589246e-01
	 8.857092e-02,  2.969319e-01
	-2.045284e-01,  3.539439e-01
	-2.119562e-01,  3.183376e-01
	-2.407090e-01,  3.650382e-01
	-2.690872e-01,  3.446156e-01
	 8.430498e-02, -1.270988e-01
	 6.799313e-02, -6.863582e-02
	 2.960215e-02, -7.832876e-02
	 6.794447e-02, -6.859940e-02
	-1.796708e-01, -9.594892e-02
	-2.133475e-01, -1.227082e-01
	-1.809750e-01, -6.588072e-02
	-1.928382e-01, -5.462069e-02
	-2.387429e-01, -9.387554e-02
	-2.328893e-01, -6.500575e-02
	-1.096159e-01,  9.640362e-02
	-1.337314e-01,  9.740708e-02
	-1.542857e-01,  1.271947e-01
	-3.532600e-01,  1.255157e-02
	-3.577996e-01,  3.339426e-03
	-3.629834e-01,  5.187403e-02
	-4.142919e-01,  3.145822e-02
	-4.118648e-01,  1.849404e-03
	-3.879389e-01,  5.919293e-02
	-4.040385e-01, -4.358541e-03
	 2.774149e-01,  2.548648e-01
	 2.560990e-01,  2.316253e-01
	 2.759858e-01,  2.813382e-01
	 2.436304e-01,  3.038006e-01
	 2.584912e-01,  3.011370e-01
	 2.214678e-01,  2.349807e-01
	 4.751821e-01,  2.939706e-01
	 4.627349e-01,  3.344999e-01
	 5.000000e-01,  2.912173e-01
	 4.649693e-01,  3.389548e-01
	 5.000000e-01,  3.585992e-01
	-3.318785e-01,  5.000000e-01
	-3.859766e-01,  5.000000e-01
	-3.860319e-01,  4.720038e-01
	-5.000000e-01, -3.537990e-01
	-4.655758e-01, -3.752996e-01
	-5.000000e-01, -4.216626e-01
	-4.615839e-01, -4.137030e-01
	-4.671083e-01, -4.230904e-01
	 2.264010e-01,  2.515112e-02
	 2.206492e-01,  3.010270e-02
	 2.479471e-01,  6.359267e-02
	 2.810306e-01,  2.163234e-02
	 2.879583e-01,  5.131525e-02
	 7.043494e-02, -4.235976e-02
	 1.300606e-02, -2.222899e-02
	 3.724300e-02, -1.076043e-02
	-3.129261e-01,  3.825913e-01
	-3.319673e-01,  3.707291e-01
	-2.931835e-01,  3.800501e-01
	-3.273950e-01,  3.165176e-01
	-3.426533e-01,  3.413964e-01
	 5.000000e-01,  6.050121e-02
	 4.679177e-01,  5.974409e-02
	 4.593803e-01,  6.723342e-02
	 6.589680e-02, -4.688925e-01
	 9.424079e-02, -4.615407e-01
	 5.821785e-02, -5.000000e-01
	-2.802244e-01, -6.220408e-02
	-2.480899e-01, -4.885870e-02
	-3.007018e-01, -2.670633e-02
	-2.944349e-01, -1.695690e-02
	-2.453346e-01, -1.509108e-02
	 8.071304e-02,  3.649390e-01
	 9.043345e-02,  4.003565e-01
	 2.258695e-02,  3.936067e-01
	 8.111644e-02,  4.211715e-01
	 5.000000e-01,  3.670977e-01
	 4.687535e-01,  4.091714e-01
	 5.000000e-01,  4.288425e-01
	-6.759326e-02, -6.625597e-02
	-9.526764e-02, -5.811121e-02
	-9.756240e-02, -2.237812e-02
	-3.415224e-01, -3.714222e-02
	-3.424976e-01, -3.930514e-02
	-4.018789e-01, -4.188036e-02
	-3.659458e-01, -5.279834e-02
	-9.905589e-02, -4.022973e-01
	-1.147920e-01, -4.179442e-01
	-9.828411e-02, -3.613267e-01
	-1.305738e-01, -3.491625e-01
	-1.578824e-01, -3.890159e-01
	-1.565201e-01, -3.935629e-01
	 1.513818e-01,  4.431643e-01
	 1.256179e-01,  4.586052e-01
	 1.781849e-01,  4.809217e-01
	 1.208745e-01,  4.709049e-01
	 1.322362e-01,  5.000000e-01
	 1.698284e-01,  5.000000e-01
	-4.369493e-01, -3.617697e-01
	-4.349419e-01, -3.271442e-01
	-5.000000e-01, -3.482089e-01
	-4.509990e-01, -3.200859e-01
	 5.209173e-02, -4.107179e-01
	 4.482544e-02, -4.001096e-01
	 9.690586e-02, -4.074572e-01
	 1.129930e-01, -3.831366e-01
	-2.650470e-01, -3.982884e-01
	-2.111462e-01, -3.856782e-01
	-1.989609e-02,  4.404890e-01
	-3.770352e-02,  4.448389e-01
	-5.770700e-02,  4.717500e-01
	-5.079366e-02,  5.000000e-01
	 2.245417e-01,  1.791237e-01
	 2.109053e-01,  2.063390e-01
	 2.442734e-01,  1.747094e-01
	 2.644394e-01,  2.096669e-01
	-1.468202e-01, -4.581333e-01
	-1.150076e-01, -4.319776e-01
	-1.473931e-01, -4.625327e-01
	-1.279322e-01, -5.000000e-01
	-1.012224e-01, -5.000000e-01
	-7.525103e-02, -4.587155e-01
	-1.311666e-02, -4.417841e-01
	-4.997188e-02, -4.355879e-01
	 1.021649e-03, -4.040557e-01
	-5.067341e-02, -3.943326e-01
	-1.793690e-02, -3.795367e-01
	-5.681223e-02, -4.081224e-01
	 3.364525e-01,  9.985239e-02
	 3.524349e-01,  1.603081e-01
	 3.839381e-01,  1.548170e-01
	 3.243383e-01,  1.383552e-01
	-4.061673e-01,  9.048040e-02
	-4.138516e-01,  9.124793e-02
	-4.503740e-01,  5.296305e-02
	-4.521225e-01,  5.853696e-02
	-4.088300e-01, -3.906933e-01
	-4.095811e-01, -3.957588e-01
	-4.515479e-01,  3.450333e-01
	-4.614719e-01,  2.940799e-01
	-3.960534e-01,  3.397317e-01
	-3.939260e-01,  3.371581e-01
	-3.977152e-01,  3.082679e-01
	-4.553045e-01,  2.882912e-01
	-5.000000e-01,  3.427073e-01
	-4.625048e-01,  3.594379e-01
	-5.000000e-01,  2.974470e-01
	 2.273518e-01,  4.082943e-01
	 2.177200e-01,  4.391759e-01
	 1.900395e-01,  3.888136e-01
	 1.738886e-01,  4.268802e-01
	-1.181623e-01, -9.192686e-02
	-1.175261e-01, -7.897006e-02
	-1.501943e-01, -1.110520e-01
	-1.474951e-01, -5.424258e-02
	-4.573333e-02,  3.303030e-02
	-7.878121e-02,  6.328234e-02
	-1.050213e-02,  5.997344e-02
	-8.687693e-03,  8.026001e-02
	-9.523097e-03,  3.802677e-01
	-2.266630e-02,  3.911285e-01
	 2.479704e-01,  1.290736e-01
	 1.939791e-01,  1.372397e-01
	 2.537561e-01,  1.605777e-01
	 1.918731e-01,  1.512071e-01
	-4.654752e-01, -2.086415e-01
	-5.000000e-01, -1.934748e-01
	-4.809846e-01, -2.481498e-01
	-5.000000e-01, -2.474411e-01
	 3.764654e-01, -5.000000e-01
	 3.643554e-01, -4.459010e-01
	 3.260371e-01, -5.000000e-01
	 3.278498e-01, -4.445924e-01
	 3.176165e-01, -4.690122e-01
	-7.923576e-02, -3.539119e-01
	-6.777065e-02, -3.360953e-01
	-1.220647e-02, -3.608010e-01
	-2.581714e-02, -3.314815e-01
	-9.636544e-02, -2.180536e-01
	-1.358006e-01, -2.286207e-01
	-1.420958e-01, -2.053319e-01
	 3.247930e-01, -4.407208e-01
	 2.727504e-01, -4.310583e-01
	 2.753739e-01, -4.891769e-01
	 2.577468e-01, -4.718312e-01
	 2.563882e-01, -4.441651e-01
	-3.777718e-01,  1.408397e-01
	-3.753814e-01,  1.201507e-01
	-3.860639e-01,  1.499983e-01
	-4.402349e-01,  1.226383e-01
	-4.170097e-01,  1.536639e-01
	 4.068715e-01,  5.000000e-01
	 3.872583e-01,  4.567832e-01
	 3.493519e-01,  4.538780e-01
	 3.752794e-01, -4.399288e-01
	 3.201272e-01, -3.946300e-01
	 3.602421e-01, -3.709597e-01
	 3.859528e-01, -4.228626e-01
	 2.407433e-01,  9.350320e-02
	 2.690497e-01,  1.122946e-01
	 2.558436e-01,  1.143555e-01
	 2.993889e-01,  7.190094e-02
	 2.971367e-01,  6.003018e-02
	-4.230359e-02, -1.149180e-01
	-5.838611e-02, -1.025047e-01
	-1.024507e-01, -1.077401e-01
	-3.538811e-01, -2.462832e-01
	-3.745578e-01, -2.688415e-01
	-3.575308e-01, -2.212714e-01
	-3.924818e-01, -2.045311e-01
	-4.213401e-01, -2.204983e-01
	-4.208189e-01, -2.552455e-01
	-4.057064e-01, -2.704743e-01
	-1.484265e-01,  3.319481e-02
	-1.471184e-01, -1.264544e-02
	-1.940778e-01, -2.586795e-02
	-2.019053e-01,  2.282915e-02
	-2.155838e-01, -4.539765e-03
	-1.553411e-01,  3.848220e-02
	-2.348474e-01,  1.694118e-01
	-1.771613e-01,  2.208201e-01
	-2.043721e-01,  1.585283e-01
	-2.679831e-01, -2.790781e-01
	-2.533094e-01, -2.598556e-01
	-2.026754e-01, -2.908577e-01
	-2.193334e-01, -2.611686e-01
	 5.000000e-01,  2.447121e-01
	-3.151209e-01, -3.597139e-01
	-3.150193e-01, -3.181076e-01
	-3.193765e-01, -3.575142e-01
	 4.028679e-01,  4.375549e-01
	-7.393458e-02,  4.202149e-01
	-8.912360e-02,  4.333780e-01
	-8.881823e-02,  4.611414e-01
	-2.014138e-01,  1.143408e-01
	-1.854305e-01,  1.059717e-01
	-4.521850e-01, -2.050316e-01
	-4.471240e-01, -1.722833e-01
	-5.000000e-01, -1.596285e-01
	-4.674060e-01, -1.470092e-01
	-2.010139e-01, -4.920276e-01
	-2.025242e-01, -5.000000e-01
	-3.850518e-02,  2.068664e-01
	-6.488278e-02,  1.956270e-01
	-2.896590e-02,  2.291546e-01
	-6.279389e-02,  2.606357e-01
	-9.958071e-02,  2.098789e-01
	 3.608107e-01,  2.195114e-01
	 3.893104e-01,  2.235367e-01
	 3.330415e-01,  2.488569e-01
	 3.441852e-01,  2.777538e-01
	 3.619873e-01,  2.838233e-01
	 3.859149e-01,  2.739384e-01
	 6.101794e-02,  9.836663e-02
	 5.119122e-02,  9.865419e-02
	 2.972029e-02,  1.356048e-01
	 3.340487e-02,  1.499916e-01
	-2.247792e-01,  6.453564e-02
	-2.315420e-01,  9.900365e-02
	-2.225867e-01,  6.358173e-02
	-1.804674e-01,  7.505029e-02
	-2.790788e-01,  4.979524e-02
	-2.993310e-01,  3.773703e-02
	-3.435968e-01,  6.656952e-02
	-3.366429e-01,  9.948525e-02
	-3.110040e-01,  1.113866e-01
	-2.862241e-01,  1.012312e-01
	-4.668548e-01, -2.745235e-01
	-4.353376e-01, -5.000000e-01
	-4.484570e-01, -4.564689e-01
	-5.000000e-01, -5.000000e-01
	-5.000000e-01, -4.832494e-01
	-4.525133e-01, -4.540347e-01
	-4.617001e-01, -1.279695e-01
	-5.000000e-01, -1.125411e-01
	-4.850322e-01, -1.093525e-01
	-1.435828e-01,  4.492531e-01
	-1.581615e-01,  4.761605e-01
	-1.987111e-01,  4.653941e-01
	-1.436058e-01,  4.642430e-01
	 3.147946e-01, -5.477410e-02
	 2.947904e-01, -5.497333e-02
	 3.365555e-01, -1.849573e-02
	 2.702165e-01, -2.342986e-02
	 3.285611e-01, -4.794200e-03
	 2.875808e-01,  4.722003e-03
	 2.776977e-02,  3.409109e-02
	 4.838032e-03,  3.673315e-02
	 4.408043e-02,  5.113626e-02
	 3.236404e-02,  7.911151e-02
	 2.232966e-01, -4.854590e-01
	 2.222312e-01, -4.308782e-01
	 1.965504e-01, -4.456012e-01
	 1.932075e-01, -4.575345e-01
	-4.634098e-01,  3.772353e-01
	-3.989456e-01,  3.975949e-01
	 2.205911e-01,  5.000000e-01
	 2.066161e-01,  4.785975e-01
	-3.237108e-01, -1.968387e-01
	-2.970425e-01, -2.305162e-01
	-3.200487e-01, -2.664536e-01
	-3.092072e-01, -2.622769e-01
	-1.433677e-01, -3.222835e-01
	-1.572068e-01, -3.193576e-01
	-1.908617e-01, -3.488087e-01
	-1.889354e-01, -3.736236e-01
	 1.886176e-02, -5.000000e-01
	-3.051843e-03, -4.538856e-01
	 4.810355e-02, -4.432500e-01
	-3.813082e-03, -4.717568e-01
	 1.359241e-01, -1.070546e-01
	 1.134749e-01, -1.325660e-01
	 1.366374e-01, -1.010191e-01
	 1.170843e-01, -7.226064e-02
	 9.075446e-02, -1.319902e-01
	 5.000000e-01,  4.663015e-01
	 4.568132e-01,  4.786446e-01
	 5.000000e-01,  5.000000e-01
	 4.458757e-01,  5.000000e-01
	 3.791939e-01, -4.945694e-02
	 3.565394e-01, -9.222826e-02
	 3.631072e-01, -2.487949e-02
	 3.326052e-01, -8.486669e-02
	-4.470166e-01,  2.500025e-01
	-4.468044e-01,  2.505537e-01
	-1.735139e-01, -4.303431e-01
	-3.752714e-01,  4.047611e-01
	-1.629537e-01,  6.335479e-02
	-3.057876e-01,  1.998201e-01
	-3.048250e-01,  2.037623e-01
	-2.971487e-01,  2.103995e-01
	-2.907486e-01,  1.678321e-01
	-2.504319e-01,  1.568332e-01
	-4.509012e-01,  1.234847e-01
	-4.755359e-01,  1.030567e-01
	-4.737659e-01,  7.048128e-02
	 4.518495e-01, -1.667460e-01
	 4.333460e-01, -1.959565e-01
	 4.379952e-01, -1.448546e-01
	 4.139008e-01, -1.425151e-01
	 3.941008e-01, -1.739607e-01
	 4.722436e-01,  1.813961e-02
	 5.000000e-01,  1.562587e-02
	 3.940866e-01, -3.546726e-01
	 4.153827e-01, -3.806251e-01
	 4.042234e-01, -4.157209e-01
	 3.606174e-01, -3.698521e-01
	 5.000000e-01, -4.258457e-01
	 4.650599e-01, -3.996680e-01
	 5.000000e-01, -3.603668e-01
	 4.870813e-01, -3.602382e-01
	 4.625413e-01, -3.794194e-01
	-1.149231e-01,  3.684577e-01
	-1.424393e-01,  3.320500e-01
	-1.921960e-01,  3.628678e-01
	-1.290671e-01,  3.945106e-01
	-1.152686e-01,  3.739274e-01
	-9.096510e-02,  6.222162e-02
	-1.087667e-01,  3.865368e-02
	 2.714043e-01, -3.858859e-01
	 2.259124e-01, -3.868671e-01
	-1.453849e-01,  2.534424e-01
	-1.737172e-01,  2.886704e-01
	 8.861018e-02,  5.792492e-02
	 7.999242e-02,  4.840487e-02
	-3.415325e-02, -5.000000e-01
	-6.930613e-02, -4.575133e-01
	-4.196714e-02, -5.000000e-01
	 2.538850e-01, -2.492882e-01
	 2.881619e-01, -2.843015e-01
	 2.633052e-01, -3.200726e-01
	 2.592714e-01, -3.198577e-01
	 2.166782e-01, -2.830869e-01
	 2.201610e-01, -2.707423e-01
	 1.946436e-01,  5.398428e-02
	 1.598784e-01,  5.422494e-02
	 2.029710e-01,  9.201605e-02
	 1.572462e-01,  1.046085e-01
	 1.831852e-01,  1.139911e-01
	 1.446331e-01,  3.906724e-02
	 1.454244e-01,  2.511494e-02
	 1.846632e-01,  1.833813e-03
	 2.174785e-01,  3.050130e-02
	 2.057256e-01, -1.927037e-01
	 1.721898e-01, -1.717876e-01
	 1.814871e-01, -1.302087e-01
	 1.900720e-01, -1.255059e-01
	 2.345392e-01, -1.421768e-01
	 2.348261e-01, -1.602539e-01
	 2.345783e-01,  3.133271e-01
	 2.326585e-01,  3.520052e-01
	 2.464093e-01,  3.647565e-01
	 2.827141e-01,  3.369659e-01
	 2.687988e-01,  3.625243e-01
	 5.000000e-01, -1.448347e-01
	 4.996826e-01, -1.448365e-01
	 5.000000e-01, -8.130319e-02
	 4.645675e-01, -1.050173e-01
	 4.641473e-01, -9.511228e-02
	-2.779321e-03,  2.368633e-01
	-2.815129e-02,  3.001473e-01
	-7.430302e-03,  2.986460e-01
	-6.442519e-02,  2.668816e-01
	 9.636169e-03,  2.548997e-01
	 4.134571e-01,  2.830066e-01
	 4.171801e-01,  3.221688e-01
	 1.970865e-01, -3.788327e-01
	 2.153278e-01, -3.771743e-01
	 1.737212e-01, -4.157911e-01
	-2.583090e-01,  1.160757e-01
	-3.140442e-01,  1.432824e-01
	 4.315639e-01, -3.298368e-01
	 4.510905e-01, -3.038519e-01
	 4.549168e-01, -3.753867e-01
	-4.122443e-01, -5.274681e-02
	-4.511097e-01, -3.177876e-03
	 2.756865e-01, -5.000000e-01
	 2.215223e-01, -5.000000e-01
	-5.000000e-01,  6.201011e-02
	-5.000000e-01,  1.164256e-01
	-3.387380e-01,  1.630821e-01
	-3.381572e-01,  1.779305e-01
	-3.642466e-01,  1.946166e-01
	-3.793277e-01,  1.881098e-01
	 2.434399e-01, -8.645104e-02
	 2.342905e-01, -7.816676e-02
	 2.779485e-01, -8.189723e-02
	 2.286740e-01, -4.537425e-02
	 2.414692e-01, -3.069110e-02
	 1.416156e-01, -1.791543e-01
	 1.291127e-01, -1.711035e-01
	 3.166145e-01, -2.777714e-01
	 3.260405e-01, -2.580219e-01
	 2.565933e-01, -2.284751e-01
	 2.661193e-01, -2.208963e-01
	 3.200635e-01,  2.979934e-01
	 3.202190e-01,  3.348739e-01
	-1.059776e-02,  3.573915e-01
	 1.648254e-02,  3.239868e-01
	-5.076501e-02,  3.393215e-01
	 3.127413e-01,  1.417600e-01
	 2.385429e-01,  4.017597e-01
	 3.165259e-01,  2.414686e-01
	 3.133972e-01,  2.017702e-01
	 2.967640e-01,  1.910665e-01
	 3.649801e-01, -1.075160e-01
	 3.485313e-01, -1.446021e-01
	 3.017547e-01, -1.032078e-01
	 1.343711e-01, -3.152369e-02
	 1.057721e-01, -1.179740e-02
	 1.215540e-01, -1.317368e-02
	-3.490166e-01, -3.668081e-01
	-3.694604e-01, -3.586744e-01
	-3.805690e-01, -3.314723e-01
	-3.573859e-01, -3.012154e-01
	-3.296828e-01, -2.988760e-01
	 1.621014e-01,  1.830596e-01
	-1.802042e-01, -1.883920e-01
	-1.811839e-01, -1.597619e-01
	-1.475306e-01, -1.453886e-01
	 4.608794e-01, -4.716183e-01
	 4.408009e-01, -4.602250e-01
	 5.000000e-01, -4.627850e-01
	 4.349711e-01, -4.256991e-01
	-2.962339e-01, -4.001719e-01
	-3.626200e-01,  2.831810e-01
	-3.855441e-01,  2.883744e-01
	-3.907321e-01, -1.705266e-01
	-3.236412e-01, -1.966213e-01
	-6.591135e-02,  3.433983e-01
	-7.323900e-02,  4.062752e-01
	-4.960104e-02,  3.861541e-01
	-6.207688e-02,  3.441410e-01
	-1.316479e-01,  2.530043e-01
	-1.737296e-01,  2.940931e-01
	-1.424221e-01,  3.308523e-01
	-9.735001e-02,  2.896619e-01
	-9.669669e-02,  2.870071e-01
	 2.891144e-01, -3.560516e-01
	 2.877431e-01, -3.720217e-01
	 2.240347e-01, -3.404271e-01
	-5.000000e-01,  1.362394e-02
	-4.627997e-01,  1.335098e-02
	 1.379740e-01, -2.215553e-01
	 1.006266e-01, -2.286058e-01
	 1.601166e-01, -2.420090e-01
	 1.254775e-01, -2.823667e-01
	 9.179499e-02, -2.508389e-01
	 1.462303e-01, -2.807411e-01
	 1.539432e-01, -2.741692e-01
	 9.184004e-02, -2.381868e-01
	-5.000000e-01,  3.855786e-01
	-2.470713e-01,  4.106443e-01
	-4.464989e-01,  4.682221e-01
	-4.433443e-01,  5.000000e-01
	-5.000000e-01,  4.811304e-01
	-5.000000e-01,  5.000000e-01
	-4.152523e-01, -1.510003e-01
	-4.379101e-01, -1.194084e-01
	 1.404764e-02,  1.688844e-01
	-1.489612e-02,  1.664525e-01
	 2.373148e-02,  2.028327e-01
	-3.459464e-01,  2.385184e-01
	-3.428496e-01,  2.484344e-01
	 3.774238e-01, -3.048892e-01
	 3.861861e-01, -2.846729e-01
	 4.109258e-01, -2.746992e-01
	 4.014169e-01, -3.371406e-01
	 3.430984e-01,  1.945486e-01
	 3.968056e-01, -1.120261e-01
	 3.932930e-01, -1.742284e-01
	-3.585433e-01,  2.296186e-01
	-3.904169e-01,  2.327700e-01
	-4.030215e-01,  2.545474e-01
	 3.350177e-01, -3.330653e-01
	 3.407261e-01, -3.123921e-01
	 2.106900e-03, -2.003544e-01
	-3.735124e-03, -1.796593e-01
	-5.554161e-02, -1.828577e-01
	 2.200169e-01,  4.449223e-01
	 1.546978e-01,  4.353017e-01
	-3.916744e-01, -5.000000e-01
	-3.816955e-01, -4.734553e-01
	-3.508249e-01, -4.612749e-01
	 3.278875e-02,  2.575868e-01
	 2.582302e-02, -2.598378e-01
	 4.493015e-02, -2.230132e-01
	 6.653083e-02, -2.772064e-01
	-3.452816e-01, -4.107206e-01
	-3.546549e-01, -4.208203e-01
	-3.995636e-01, -4.171809e-01
	 2.122850e-02, -2.621654e-01
	 1.263211e-02, -3.017984e-01
	-1.668000e-02, -3.125353e-01
	 2.451815e-01, -1.284542e-01
	 1.337008e-01,  3.412116e-01
	 1.493128e-01,  3.794502e-01
	 1.358523e-01,  4.037434e-01
	-4.069989e-01, -4.411132e-01
	 7.870619e-02,  1.696345e-02
	 4.157206e-02, -5.400522e-04
	-1.824567e-01, -2.915661e-01
	-2.014840e-01, -2.327359e-01
	-1.645161e-01, -2.501360e-01
	-2.565534e-01,  4.106533e-01
	 9.655600e-02, -1.890496e-01
	 7.141302e-02, -1.750117e-01
	-3.072969e-01, -4.161262e-01
	-5.000000e-01,  4.331225e-01
	 4.439131e-01, -7.956103e-02
	 4.292812e-01, -8.128001e-02
	 1.625078e-01,  1.854278e-01
	 1.517899e-01, -4.130098e-01
	 1.330409e-01, -4.381026e-01
	 1.309313e-01, -3.797876e-01
	 1.107547e-01, -4.363309e-01
	 2.700280e-01, -1.785879e-01
	 3.687492e-01, -2.570072e-01
	 1.334960e-01,  2.647862e-01
	 9.867767e-02,  2.969967e-01
	 1.327627e-01,  3.287337e-01
	 1.092958e-01,  2.270634e-01
	 1.528628e-01,  2.097453e-01
	 1.076798e-01,  2.307309e-01
	-2.472065e-01, -1.981798e-01
	-2.402789e-01, -1.957324e-01
	-2.080212e-01, -2.110633e-01
	-2.624649e-01, -2.257549e-01
	-2.514789e-01,  4.727493e-01
	-2.276200e-01,  5.000000e-01
	-2.185826e-01,  5.000000e-01
	-1.007016e-01,  2.097028e-01
	 4.179485e-01,  6.646414e-03
	 3.851178e-01,  4.129003e-03
	 3.537744e-01,  4.052327e-02
	 4.207492e-01,  9.772222e-03
	 4.169037e-01,  6.231709e-02
	-4.345365e-01,  1.823570e-01
	-4.159565e-01,  2.064857e-01
	-4.073903e-01,  2.078606e-01
	-1.410752e-01, -1.935802e-02
	 5.000000e-01, -4.009896e-02
	 4.644572e-01, -3.233693e-02
	 4.493094e-01, -4.388365e-02
	 4.300032e-02, -2.177440e-01
	 5.746825e-02, -1.791957e-01
	-3.054419e-01,  2.610076e-02
	-4.687230e-01, -2.800006e-01
	-4.120243e-01, -3.178050e-01
	 4.083195e-01,  1.859167e-01
	-4.087295e-01, -9.163660e-02
	-4.303448e-01, -1.010791e-01
	 1.685162e-01, -4.123159e-02
	 1.844284e-01, -3.210382e-02
	 4.212393e-01, -2.545606e-02
	 3.963591e-01, -4.964760e-02
	 2.941681e-01,  1.678478e-01
	 5.000000e-01, -5.000000e-01
	 4.548041e-01, -5.000000e-01
	 4.416578e-01,  4.416377e-01
	 4.584309e-01,  4.106661e-01
	 4.323122e-01,  3.847780e-01
	 2.005581e-01, -2.941781e-01
	 1.965179e-01, -3.144773e-01
	-3.754061e-01, -1.023658e-01
	-2.152129e-01, -1.388566e-01
	 6.285281e-02,  2.371277e-01
	 5.341941e-02,  2.107531e-01
	 2.579525e-01,  4.618877e-01
	 2.387033e-01,  5.000000e-01
	-7.800806e-02, -3.093837e-01
	-1.403798e-01, -2.408783e-01
	 3.758958e-01, -2.068325e-01
	 1.014629e-01,  6.108971e-02
	 1.895967e-01,  3.122492e-01
	 4.186275e-01, -2.425079e-01
	-2.886932e-01, -1.737206e-01
	 5.000000e-01, -1.972774e-01
	 4.830592e-01, -1.961552e-01
	 4.726879e-01, -1.692010e-01
	 4.131080e-01, -2.346429e-01
	 3.888541e-01, -2.291780e-01
	 1.962300e-01, -9.636835e-02
	 3.516579e-01,  3.955206e-02
	-1.154311e-01, -2.939079e-01
	-1.144718e-01, -2.753235e-01
	 4.678600e-01, -2.150502e-01
	-2.233768e-01, -1.450408e-01
	-2.659451e-01,  4.608990e-02
	-2.388068e-01, -7.849391e-03
	 2.779642e-01,  4.558352e-01
	-5.000000e-01, -2.913294e-01
	-4.034375e-01, -1.539664e-01
	-3.714577e-01, -1.074468e-01
	 1.706679e-01, -3.303450e-01
	 1.511409e-01, -3.221130e-01
	 1.933432e-01, -2.306179e-01
	 7.624650e-02,  2.421059e-01
	-1.242197e-01,  4.229656e-01
	-1.122236e-01,  4.776057e-01
	 1.660469e-01, -7.842395e-02
	 1.017495e-01, -3.163882e-01
	 4.595170e-01,  7.590965e-03
	 1.812832e-01,  3.345128e-01
	 1.953997e-01,  3.606180e-01
	 4.051186e-01, -5.000000e-01
	 4.140486e-01, -4.717268e-01
	 1.719244e-01, -3.614893e-01
	-2.781324e-01,  4.762510e-01
	-2.796913e-01,  5.000000e-01
	 2.077121e-01, -2.062420e-01
	 3.944230e-01,  2.208157e-01
	 1.351125e-01, -3.739328e-01
	 1.342877e-01, -3.324269e-01
	 1.344495e-01,  3.396037e-01
	 1.875538e-01,  3.826149e-01
	-1.077088e-01,  5.000000e-01
	-1.594501e-01,  5.000000e-01
	 4.333979e-01, -1.961778e-01
Mesh Facets: 1267
	10, 8
	35, 37
	53, 54
	66, 64
	71, 69
	18, 20
	77, 79
	85, 83
	3, 4
	107, 106
	64, 65
	64, 110
	102, 101
	119, 120
	62, 61
	149, 148
	60, 59
	116, 114
	178, 179
	93, 90
	128, 130
	226, 224
	228, 227
	25, 24
	232, 230
	199, 198
	59, 57
	195, 59
	110, 248
	108, 110
	6, 8
	8, 253
	81, 82
	189, 190
	265, 263
	158, 157
	215, 210
	283, 284
	230, 287
	231, 230
	45, 46
	42, 43
	173, 176
	112, 114
	156, 162
	198, 114
	241, 198
	298, 77
	77, 78
	217, 221
	307, 306
	143, 141
	214, 212
	80, 82
	262, 82
	282, 280
	285, 231
	231, 233
	333, 331
	325, 326
	202, 200
	89, 91
	295, 78
	78, 81
	81, 261
	301, 299
	355, 353
	356, 358
	312, 313
	30, 31
	359, 360
	319, 320
	106, 378
	106, 104
	357, 359
	359, 368
	239, 237
	34, 33
	170, 168
	181, 182
	171, 174
	66, 68
	413, 66
	138, 137
	175, 177
	380, 379
	117, 119
	119, 166
	297, 296
	179, 208
	179, 182
	408, 182
	353, 425
	352, 353
	44, 41
	35, 36
	428, 35
	124, 125
	421, 422
	306, 305
	306, 428
	428, 427
	397, 398
	354, 352
	423, 352
	455, 457
	457, 458
	426, 425
	425, 461
	20, 75
	20, 21
	344, 345
	372, 371
	153, 155
	325, 332
	327, 325
	281, 284
	284, 483
	393, 395
	276, 277
	253, 251
	253, 493
	196, 197
	504, 502
	505, 504
	467, 469
	70, 69
	333, 326
	69, 333
	326, 330
	41, 40
	305, 303
	305, 427
	427, 41
	244, 247
	482, 327
	327, 328
	512, 303
	304, 303
	274, 278
	405, 403
	446, 447
	169, 170
	406, 170
	320, 322
	376, 320
	249, 248
	248, 529
	384, 383
	413, 137
	224, 413
	137, 136
	222, 224
	536, 534
	19, 22
	343, 342
	159, 160
	369, 372
	372, 478
	167, 168
	407, 168
	475, 476
	440, 441
	494, 496
	310, 309
	552, 554
	562, 561
	219, 220
	583, 581
	431, 432
	223, 222
	222, 136
	134, 136
	478, 479
	478, 547
	453, 452
	518, 519
	84, 88
	537, 538
	215, 213
	215, 271
	56, 55
	441, 476
	441, 442
	91, 95
	345, 91
	345, 476
	370, 371
	371, 477
	603, 604
	522, 521
	605, 606
	375, 373
	470, 468
	498, 497
	572, 571
	344, 474
	342, 344
	159, 342
	161, 159
	556, 555
	98, 97
	437, 438
	123, 122
	588, 587
	388, 386
	318, 315
	580, 578
	164, 163
	405, 514
	400, 405
	207, 206
	545, 544
	385, 387
	349, 348
	565, 563
	216, 217
	217, 302
	509, 507
	5, 1
	500, 197
	240, 199
	197, 199
	416, 415
	349, 565
	565, 564
	99, 103
	349, 351
	367, 31
	31, 32
	534, 535
	534, 649
	436, 437
	216, 218
	629, 216
	622, 437
	414, 175
	175, 176
	176, 293
	247, 246
	247, 328
	329, 328
	184, 185
	485, 395
	396, 395
	539, 543
	548, 549
	558, 557
	546, 547
	547, 594
	55, 602
	55, 54
	54, 668
	391, 392
	338, 339
	266, 267
	51, 53
	461, 53
	462, 461
	332, 481
	332, 331
	331, 678
	19, 541
	18, 19
	18, 74
	192, 194
	682, 683
	683, 681
	424, 426
	426, 460
	429, 431
	431, 586
	151, 153
	229, 24
	24, 23
	482, 153
	513, 482
	516, 517
	58, 63
	598, 599
	436, 629
	436, 434
	630, 629
	526, 527
	633, 632
	358, 360
	358, 603
	360, 370
	603, 370
	653, 652
	689, 690
	694, 691
	533, 530
	470, 615
	470, 472
	235, 238
	16, 15
	281, 484
	279, 281
	337, 335
	213, 602
	212, 213
	321, 212
	602, 669
	37, 38
	37, 708
	590, 588
	588, 625
	187, 188
	314, 312
	275, 273
	361, 312
	677, 674
	638, 639
	324, 323
	11, 13
	626, 587
	659, 656
	663, 664
	587, 589
	394, 393
	393, 487
	641, 642
	0, 1
	611, 613
	634, 1
	259, 260
	455, 456
	709, 708
	708, 455
	475, 551
	473, 475
	411, 412
	194, 195
	679, 194
	195, 245
	498, 617
	498, 501
	152, 151
	680, 681
	681, 228
	151, 229
	229, 228
	704, 705
	34, 390
	111, 113
	29, 34
	638, 416
	638, 715
	414, 651
	414, 416
	152, 154
	682, 680
	735, 682
	680, 152
	585, 584
	696, 526
	526, 525
	43, 44
	43, 293
	44, 36
	651, 293
	734, 651
	39, 36
	299, 300
	299, 351
	351, 643
	291, 292
	207, 514
	207, 208
	422, 208
	422, 447
	447, 514
	493, 496
	493, 552
	496, 552
	98, 3
	98, 621
	2, 3
	692, 691
	618, 619
	691, 702
	132, 133
	531, 530
	530, 694
	694, 598
	598, 600
	745, 133
	133, 129
	412, 729
	412, 410
	756, 757
	465, 75
	76, 75
	548, 660
	407, 548
	407, 181
	180, 181
	139, 140
	535, 650
	535, 538
	531, 600
	531, 532
	600, 538
	610, 375
	375, 377
	445, 421
	408, 421
	596, 519
	408, 406
	519, 406
	169, 62
	169, 517
	63, 517
	63, 62
	267, 339
	268, 267
	339, 341
	583, 585
	768, 583
	585, 736
	90, 206
	90, 89
	206, 544
	343, 544
	89, 343
	261, 346
	261, 189
	625, 624
	188, 625
	188, 189
	713, 677
	733, 732
	677, 671
	518, 597
	607, 608
	515, 518
	257, 256
	209, 210
	210, 269
	48, 49
	712, 714
	719, 718
	454, 398
	398, 399
	286, 288
	451, 450
	211, 214
	319, 374
	214, 319
	142, 143
	143, 317
	67, 65
	65, 109
	601, 56
	52, 56
	653, 329
	653, 700
	511, 330
	330, 329
	635, 637
	567, 568
	780, 568
	236, 235
	568, 569
	615, 235
	615, 614
	760, 759
	508, 506
	452, 597
	452, 451
	374, 373
	374, 451
	607, 597
	373, 607
	269, 270
	269, 256
	256, 254
	145, 144
	302, 631
	301, 302
	301, 350
	155, 481
	154, 155
	735, 154
	678, 735
	481, 678
	649, 784
	784, 785
	647, 649
	417, 117
	118, 117
	559, 558
	558, 667
	601, 271
	777, 601
	272, 271
	646, 645
	200, 201
	200, 340
	609, 610
	766, 610
	698, 699
	536, 537
	83, 536
	84, 83
	537, 84
	586, 590
	688, 586
	590, 711
	706, 484
	483, 484
	483, 796
	11, 720
	12, 11
	362, 364
	710, 709
	717, 716
	725, 709
	730, 729
	729, 753
	644, 367
	367, 366
	72, 70
	510, 70
	764, 765
	96, 4
	5, 633
	5, 4
	697, 633
	705, 29
	705, 15
	15, 14
	365, 30
	29, 30
	562, 566
	562, 564
	100, 99
	99, 564
	9, 10
	477, 604
	604, 10
	480, 477
	783, 631
	318, 627
	316, 318
	631, 630
	695, 630
	130, 131
	219, 130
	219, 576
	599, 88
	599, 693
	87, 88
	754, 751
	655, 485
	486, 485
	581, 804
	582, 581
	693, 802
	693, 692
	692, 744
	567, 637
	566, 567
	726, 551
	800, 566
	637, 636
	550, 551
	573, 574
	612, 611
	611, 721
	112, 111
	156, 112
	266, 157
	391, 266
	156, 157
	391, 390
	111, 390
	236, 569
	237, 236
	563, 561
	563, 385
	385, 237
	569, 561
	48, 50
	720, 364
	720, 719
	719, 48
	363, 364
	33, 32
	32, 646
	646, 340
	338, 392
	338, 340
	33, 392
	701, 702
	556, 618
	618, 702
	557, 665
	557, 556
	124, 443
	126, 124
	686, 688
	688, 794
	139, 761
	139, 141
	388, 315
	388, 389
	315, 141
	489, 490
	728, 730
	730, 798
	85, 86
	804, 85
	805, 804
	479, 480
	479, 595
	740, 739
	7, 9
	480, 9
	752, 751
	751, 803
	147, 150
	403, 404
	446, 403
	446, 444
	14, 17
	14, 365
	798, 366
	366, 365
	812, 798
	736, 737
	736, 770
	782, 781
	165, 166
	105, 104
	104, 380
	380, 166
	554, 553
	554, 307
	307, 308
	309, 494
	309, 311
	290, 289
	494, 495
	454, 774
	454, 354
	355, 354
	818, 355
	147, 146
	201, 792
	204, 201
	147, 814
	304, 274
	304, 308
	314, 310
	273, 314
	308, 553
	274, 273
	553, 310
	669, 668
	668, 605
	605, 522
	522, 322
	669, 321
	322, 321
	95, 442
	95, 94
	687, 686
	443, 442
	686, 443
	489, 811
	276, 489
	797, 362
	276, 275
	362, 361
	361, 275
	816, 815
	449, 448
	258, 257
	773, 257
	684, 685
	777, 791
	778, 777
	579, 580
	580, 163
	120, 123
	120, 163
	623, 123
	684, 819
	424, 684
	654, 396
	423, 424
	397, 423
	396, 397
	789, 790
	675, 676
	726, 636
	636, 240
	727, 726
	240, 242
	387, 348
	386, 387
	350, 348
	350, 783
	783, 627
	627, 386
	459, 458
	232, 234
	458, 232
	760, 508
	508, 469
	810, 761
	761, 760
	471, 469
	60, 193
	61, 60
	167, 61
	167, 549
	549, 661
	58, 690
	58, 57
	246, 57
	246, 652
	690, 652
	402, 401
	202, 203
	341, 202
	767, 341
	789, 559
	789, 676
	676, 672
	560, 559
	187, 186
	187, 711
	711, 793
	800, 550
	800, 100
	125, 101
	125, 440
	550, 440
	100, 101
	205, 203
	816, 258
	816, 404
	402, 203
	255, 258
	402, 404
	226, 225
	263, 226
	788, 787
	264, 263
	419, 420
	463, 466
	148, 183
	144, 148
	820, 791
	791, 272
	272, 270
	270, 144
	727, 242
	473, 727
	474, 161
	474, 473
	162, 161
	242, 241
	241, 162
	540, 539
	656, 539
	656, 663
	663, 662
	127, 126
	793, 824
	748, 750
	126, 794
	794, 793
	612, 614
	612, 809
	779, 780
	780, 614
	507, 506
	506, 782
	632, 507
	782, 737
	696, 632
	696, 737
	685, 460
	685, 778
	460, 462
	778, 52
	52, 51
	462, 51
	674, 714
	674, 673
	47, 49
	49, 714
	762, 763
	250, 249
	249, 528
	576, 577
	576, 801
	609, 698
	609, 608
	698, 689
	689, 516
	516, 515
	515, 608
	622, 623
	622, 218
	579, 623
	579, 220
	218, 220
	300, 738
	221, 300
	129, 128
	749, 129
	221, 128
	769, 770
	762, 829
	762, 759
	770, 781
	781, 759
	785, 647
	785, 832
	648, 647
	22, 542
	22, 21
	463, 825
	21, 463
	594, 593
	667, 594
	821, 790
	667, 790
	71, 73
	606, 71
	520, 521
	606, 521
	755, 756
	836, 756
	664, 589
	589, 432
	660, 758
	660, 664
	432, 433
	592, 591
	121, 122
	438, 439
	438, 122
	724, 260
	280, 279
	280, 262
	279, 707
	260, 262
	743, 2
	574, 721
	574, 575
	0, 721
	0, 2
	658, 657
	418, 296
	295, 347
	296, 295
	107, 105
	796, 107
	795, 796
	105, 817
	573, 572
	809, 573
	827, 809
	497, 499
	572, 497
	620, 555
	555, 560
	560, 823
	316, 695
	317, 316
	434, 695
	434, 435
	776, 317
	741, 292
	292, 45
	47, 828
	45, 47
	132, 747
	132, 131
	830, 801
	801, 131
	389, 810
	810, 471
	471, 472
	472, 238
	238, 239
	239, 389
	449, 450
	449, 773
	211, 209
	211, 450
	773, 209
	812, 17
	17, 12
	797, 811
	12, 797
	811, 812
	346, 624
	624, 626
	659, 626
	659, 658
	658, 347
	347, 346
	830, 831
	830, 841
	723, 722
	283, 282
	282, 80
	80, 79
	79, 283
	142, 109
	140, 142
	250, 763
	763, 140
	109, 108
	250, 108
	500, 635
	635, 779
	779, 827
	827, 499
	499, 500
	584, 582
	582, 806
	525, 584
	523, 525
	184, 654
	183, 184
	183, 820
	819, 820
	819, 654
	298, 297
	843, 298
	420, 826
	420, 297
	786, 417
	378, 379
	378, 505
	505, 503
	379, 417
	738, 643
	643, 103
	748, 749
	748, 127
	749, 738
	127, 102
	102, 103
	383, 382
	701, 665
	701, 533
	666, 665
	533, 383
	641, 640
	399, 394
	775, 399
	394, 641
	466, 826
	466, 464
	844, 843
	843, 826
	368, 369
	368, 382
	546, 666
	546, 369
	666, 382
	734, 39
	734, 715
	715, 716
	710, 716
	38, 710
	38, 39
	265, 264
	502, 265
	787, 786
	787, 264
	786, 503
	503, 502
	639, 323
	640, 639
	286, 775
	286, 285
	323, 285
	640, 775
	745, 750
	745, 746
	186, 191
	824, 186
	750, 824
	835, 836
	25, 227
	26, 25
	227, 836
	650, 648
	648, 833
	532, 650
	384, 532
	381, 384
	67, 776
	67, 68
	135, 138
	838, 776
	68, 138
	160, 158
	160, 545
	400, 545
	401, 767
	401, 400
	158, 268
	767, 268
	731, 245
	28, 27
	245, 243
	822, 821
	839, 840
	834, 821
	164, 628
	164, 165
	335, 706
	334, 335
	795, 817
	817, 165
	795, 706
	512, 40
	512, 278
	42, 294
	277, 278
	40, 42
	492, 277
	28, 23
	28, 243
	244, 513
	513, 23
	244, 243
	844, 464
	757, 844
	757, 465
	465, 464
	287, 288
	287, 818
	818, 774
	288, 774
	146, 204
	146, 145
	255, 205
	255, 254
	145, 254
	205, 204
	491, 492
	172, 173
	294, 173
	294, 492
	728, 490
	728, 411
	171, 411
	171, 172
	491, 172
	490, 491
	743, 621
	621, 620
	575, 743
	837, 620
	570, 575
	755, 76
	755, 835
	76, 74
	26, 835
	26, 27
	731, 27
	731, 679
	679, 74
	842, 723
	724, 707
	723, 724
	337, 707
	337, 336
	135, 134
	135, 838
	439, 435
	439, 591
	591, 134
	435, 838
	121, 118
	121, 592
	788, 225
	118, 788
	225, 223
	223, 592
	772, 771
	115, 113
	704, 113
	703, 704
	7, 740
	7, 6
	740, 742
	6, 252
	93, 178
	93, 92
	758, 180
	758, 433
	433, 430
	178, 180
	733, 772
	733, 501
	116, 196
	115, 116
	501, 196
	772, 115
	832, 833
	832, 356
	833, 381
	356, 357
	357, 381
	617, 616
	617, 732
	732, 671
	670, 671
	619, 97
	744, 619
	96, 799
	808, 744
	97, 96
	252, 742
	252, 251
	289, 495
	289, 291
	291, 742
	251, 495
	570, 837
	837, 823
	571, 570
	616, 571
	823, 672
	672, 670
	670, 616
	747, 746
	747, 841
	190, 259
	190, 191
	722, 259
	722, 841
	746, 191
	799, 697
	808, 799
	527, 697
	527, 524
	808, 807
	768, 769
	529, 768
	829, 528
	769, 829
	529, 528
	699, 700
	699, 766
	510, 511
	765, 510
	766, 765
	511, 700
	444, 815
	444, 445
	596, 445
	448, 453
	815, 448
	596, 453
	661, 662
	661, 193
	541, 192
	541, 540
	540, 662
	193, 192
	409, 410
	488, 486
	486, 754
	754, 410
	418, 657
	657, 543
	825, 419
	542, 825
	543, 542
	419, 418
	456, 459
	725, 456
	233, 324
	234, 233
	324, 717
	717, 725
	234, 459
	687, 94
	687, 429
	430, 429
	92, 430
	94, 92
	831, 842
	842, 336
	334, 628
	628, 578
	577, 578
	577, 831
	336, 334
	595, 739
	593, 595
	834, 593
	839, 834
	739, 741
	839, 741
	634, 509
	634, 613
	467, 509
	613, 468
	468, 467
	803, 655
	150, 803
	185, 655
	185, 149
	149, 150
	822, 840
	822, 675
	673, 828
	673, 675
	828, 840
	806, 805
	805, 813
	523, 806
	524, 523
	845, 524
	86, 87
	813, 86
	845, 807
	845, 813
	802, 807
	802, 87
	520, 376
	520, 73
	72, 764
	72, 73
	764, 377
	377, 376
	712, 718
	712, 713
	703, 16
	703, 771
	771, 713
	16, 13
	718, 13
	753, 644
	753, 752
	814, 792
	814, 752
	792, 645
	645, 644
	46, 290
	46, 50
	313, 363
	311, 313
	50, 363
	290, 311
	415, 642
	642, 487
	488, 487
	488, 409
	177, 174
	177, 415
	174, 409
Facet Neighbors: 1267
	-3, 1
	-3, 6
	-1, 9
	-2, 11
	-1, 12
	3, 13
	-4, 14
	-2, 15
	0, 17
	-4, 19
	11, 20
	-2, 20
	18, 23
	22, 30
	10, 31
	27, 34
	10, 36
	21, 37
	33, 39
	16, 39
	24, 41
	-2, 42
	-4, 43
	4, 43
	-1, 44
	37, 46
	10, 47
	36, 47
	-2, 48
	20, 48
	1, 49
	-3, 49
	14, 51
	35, 51
	-2, 52
	29, 53
	40, 54
	-4, 56
	-1, 57
	44, 57
	8, 58
	7, 59
	32, 59
	21, 60
	29, 60
	37, 60
	46, 60
	-4, 61
	14, 61
	41, 62
	-3, 63
	26, 65
	40, 66
	14, 67
	51, 67
	56, 67
	57, 68
	44, 68
	-1, 70
	69, 70
	38, 72
	16, 73
	61, 74
	14, 74
	51, 74
	62, 75
	-1, 76
	-3, 77
	64, 78
	5, 79
	77, 80
	66, 81
	-4, 82
	19, 82
	77, 83
	80, 83
	45, 84
	5, 85
	31, 88
	33, 88
	32, 89
	11, 90
	-2, 90
	25, 90
	32, 91
	82, 92
	22, 92
	30, 92
	61, 93
	39, 94
	33, 94
	88, 94
	-1, 95
	76, 95
	7, 96
	6, 96
	-3, 96
	23, 99
	94, 100
	63, 101
	-3, 101
	96, 101
	86, 103
	76, 103
	95, 103
	-3, 104
	-1, 104
	95, 105
	-1, 105
	13, 106
	3, 106
	73, 108
	80, 109
	28, 110
	70, 110
	69, 110
	56, 111
	-4, 111
	86, 112
	55, 113
	49, 114
	-3, 114
	37, 115
	-2, 116
	-4, 116
	107, 117
	12, 118
	70, 118
	-1, 118
	69, 118
	7, 119
	63, 119
	101, 119
	96, 119
	47, 120
	110, 120
	69, 120
	119, 121
	63, 121
	55, 121
	87, 122
	100, 122
	31, 123
	88, 123
	66, 124
	81, 124
	48, 126
	-2, 126
	83, 127
	90, 128
	-2, 128
	25, 128
	42, 128
	-2, 129
	3, 130
	73, 131
	29, 131
	80, 132
	109, 132
	31, 133
	88, 133
	108, 134
	99, 134
	114, 135
	64, 135
	-3, 135
	137, 138
	41, 140
	-2, 141
	97, 142
	42, 143
	128, 143
	25, 143
	109, 144
	132, 144
	102, 145
	123, 145
	15, 146
	129, 146
	40, 147
	54, 147
	9, 147
	134, 148
	99, 148
	16, 148
	73, 148
	108, 148
	80, 149
	109, 149
	-3, 149
	124, 150
	-1, 150
	81, 151
	107, 152
	115, 153
	139, 153
	108, 154
	73, 154
	131, 154
	29, 154
	136, 155
	17, 155
	98, 156
	22, 156
	142, 157
	84, 158
	65, 158
	140, 159
	30, 159
	122, 160
	87, 160
	39, 160
	131, 160
	84, 161
	75, 161
	137, 161
	41, 162
	62, 162
	117, 163
	0, 163
	115, 164
	46, 164
	37, 164
	91, 165
	161, 166
	137, 166
	18, 166
	75, 166
	79, 167
	5, 167
	129, 168
	-2, 168
	98, 169
	41, 169
	162, 169
	156, 169
	91, 170
	32, 170
	59, 170
	47, 171
	120, 171
	69, 171
	34, 172
	112, 172
	86, 172
	130, 173
	133, 174
	136, 175
	132, 175
	144, 175
	147, 176
	9, 176
	-1, 176
	85, 177
	72, 177
	53, 177
	9, 178
	-1, 178
	105, 178
	110, 180
	70, 180
	-1, 180
	130, 181
	3, 181
	13, 181
	36, 181
	-1, 182
	-4, 182
	95, 183
	105, 183
	97, 184
	142, 184
	28, 185
	43, 185
	4, 185
	110, 185
	120, 185
	123, 186
	10, 186
	146, 187
	169, 188
	98, 188
	162, 188
	125, 189
	163, 189
	77, 190
	-3, 190
	80, 190
	149, 190
	171, 191
	186, 191
	187, 192
	127, 192
	152, 193
	107, 193
	45, 193
	2, 194
	111, 195
	56, 195
	71, 195
	147, 196
	40, 196
	66, 196
	176, 196
	6, 197
	-3, 197
	142, 198
	157, 198
	35, 198
	64, 199
	55, 199
	78, 199
	179, 200
	165, 201
	68, 201
	2, 202
	157, 203
	173, 203
	174, 203
	142, 203
	86, 204
	112, 204
	165, 204
	0, 205
	152, 205
	163, 205
	51, 206
	104, 207
	197, 207
	-3, 207
	134, 208
	108, 208
	89, 209
	36, 210
	181, 210
	47, 210
	153, 211
	115, 211
	28, 212
	182, 212
	-4, 212
	185, 212
	43, 212
	194, 213
	85, 213
	21, 213
	5, 213
	165, 214
	201, 214
	170, 214
	91, 214
	28, 215
	182, 215
	-1, 215
	212, 215
	141, 216
	189, 216
	125, 216
	7, 217
	59, 217
	96, 217
	170, 217
	214, 217
	6, 217
	62, 218
	75, 218
	166, 218
	58, 219
	160, 220
	39, 220
	94, 220
	100, 220
	122, 220
	114, 221
	-3, 221
	135, 221
	17, 222
	155, 222
	0, 222
	187, 223
	155, 223
	192, 223
	24, 224
	127, 225
	192, 225
	187, 225
	146, 225
	224, 226
	24, 226
	209, 227
	89, 227
	-4, 228
	106, 228
	13, 228
	174, 229
	133, 229
	88, 229
	33, 229
	26, 230
	168, 231
	129, 231
	225, 231
	127, 231
	146, 231
	151, 232
	81, 232
	100, 233
	94, 233
	145, 233
	88, 233
	123, 233
	31, 234
	123, 234
	186, 234
	10, 234
	177, 235
	53, 235
	72, 235
	141, 236
	-2, 236
	216, 236
	39, 237
	16, 237
	160, 237
	131, 237
	73, 237
	74, 238
	51, 238
	157, 238
	198, 238
	35, 238
	200, 239
	211, 239
	179, 239
	145, 240
	151, 240
	123, 240
	50, 241
	40, 241
	54, 241
	8, 242
	200, 242
	202, 242
	103, 243
	86, 243
	57, 243
	102, 244
	40, 244
	81, 244
	66, 244
	26, 245
	65, 245
	11, 245
	20, 245
	147, 246
	9, 246
	171, 247
	191, 247
	118, 247
	69, 247
	164, 248
	138, 248
	248, 249
	45, 249
	138, 249
	193, 249
	152, 249
	230, 250
	117, 250
	145, 251
	102, 251
	81, 251
	244, 251
	240, 251
	151, 251
	54, 252
	241, 252
	50, 252
	27, 252
	162, 253
	62, 253
	75, 253
	110, 254
	28, 254
	215, 254
	-1, 254
	180, 254
	-2, 255
	-3, 255
	168, 255
	92, 256
	22, 256
	136, 257
	175, 257
	147, 258
	246, 258
	54, 258
	167, 259
	38, 259
	72, 259
	151, 260
	232, 260
	191, 260
	129, 261
	-2, 261
	15, 261
	146, 261
	142, 262
	184, 262
	198, 262
	195, 263
	111, 263
	-4, 263
	202, 264
	2, 264
	78, 264
	197, 265
	201, 265
	207, 265
	209, 266
	227, 266
	167, 266
	79, 266
	12, 267
	118, 267
	232, 267
	17, 268
	163, 268
	0, 268
	189, 268
	213, 269
	194, 269
	2, 269
	79, 269
	5, 269
	138, 270
	137, 270
	18, 270
	166, 270
	1, 271
	149, 271
	-3, 271
	109, 271
	253, 272
	158, 272
	65, 272
	162, 272
	188, 272
	24, 273
	41, 273
	140, 273
	146, 274
	187, 274
	15, 274
	227, 275
	172, 275
	112, 275
	-2, 276
	141, 276
	274, 277
	187, 277
	223, 277
	248, 278
	138, 278
	208, 278
	270, 278
	164, 278
	134, 278
	139, 279
	152, 279
	205, 279
	21, 280
	60, 280
	53, 280
	177, 280
	29, 280
	85, 280
	213, 280
	249, 281
	45, 281
	137, 281
	161, 281
	84, 281
	138, 281
	8, 282
	264, 282
	202, 282
	242, 282
	78, 282
	5, 283
	167, 283
	259, 283
	177, 283
	72, 283
	85, 283
	192, 284
	155, 284
	223, 284
	175, 284
	136, 284
	99, 285
	23, 285
	184, 285
	262, 285
	230, 286
	26, 286
	158, 286
	84, 286
	65, 286
	113, 287
	209, 287
	266, 287
	15, 288
	-2, 288
	276, 288
	109, 289
	144, 289
	219, 289
	1, 289
	271, 289
	227, 290
	275, 290
	27, 290
	87, 291
	122, 291
	100, 291
	2, 292
	269, 292
	266, 292
	79, 292
	287, 292
	216, 293
	236, 293
	250, 293
	30, 294
	19, 294
	82, 294
	92, 294
	135, 295
	-3, 295
	63, 295
	135, 296
	64, 296
	58, 296
	114, 296
	243, 297
	103, 297
	76, 297
	-1, 297
	27, 298
	259, 298
	38, 298
	290, 298
	121, 299
	63, 299
	64, 299
	199, 299
	295, 299
	55, 299
	135, 299
	176, 300
	-1, 300
	150, 300
	124, 300
	196, 300
	66, 300
	148, 301
	16, 301
	184, 301
	99, 301
	285, 301
	287, 302
	113, 302
	264, 302
	55, 302
	78, 302
	199, 302
	291, 303
	102, 303
	50, 303
	241, 303
	183, 304
	258, 304
	246, 304
	140, 305
	159, 305
	22, 305
	30, 305
	156, 305
	304, 306
	183, 306
	172, 306
	95, 306
	103, 306
	86, 306
	257, 307
	179, 307
	278, 308
	164, 308
	208, 308
	46, 308
	161, 309
	84, 309
	75, 309
	253, 309
	272, 309
	158, 309
	104, 310
	44, 310
	-1, 310
	250, 311
	117, 311
	286, 311
	230, 311
	107, 311
	36, 312
	10, 312
	31, 312
	133, 312
	174, 312
	186, 313
	10, 313
	47, 313
	171, 313
	191, 313
	87, 314
	38, 314
	72, 314
	235, 314
	257, 315
	307, 315
	179, 315
	136, 315
	35, 316
	198, 316
	262, 316
	278, 317
	270, 317
	23, 317
	99, 317
	134, 317
	18, 317
	38, 318
	303, 318
	291, 318
	314, 318
	50, 318
	87, 318
	42, 319
	-2, 319
	256, 319
	52, 319
	93, 320
	106, 320
	34, 321
	27, 321
	304, 321
	258, 321
	54, 321
	252, 321
	308, 322
	208, 322
	154, 322
	108, 322
	29, 322
	46, 322
	60, 322
	130, 323
	173, 323
	203, 323
	174, 323
	23, 324
	316, 324
	226, 324
	285, 324
	262, 324
	152, 325
	279, 325
	248, 325
	249, 325
	117, 326
	250, 326
	163, 326
	293, 326
	189, 326
	216, 326
	183, 327
	304, 327
	105, 327
	246, 327
	9, 327
	178, 327
	200, 328
	179, 328
	8, 328
	242, 328
	230, 329
	48, 329
	126, 329
	140, 330
	273, 330
	260, 331
	151, 331
	191, 331
	186, 331
	123, 331
	240, 331
	156, 332
	169, 332
	305, 332
	140, 332
	41, 332
	218, 333
	62, 333
	24, 333
	226, 333
	41, 333
	236, 334
	329, 334
	230, 334
	293, 334
	250, 334
	255, 335
	-3, 335
	168, 335
	130, 336
	3, 336
	320, 336
	106, 336
	144, 337
	175, 337
	307, 337
	257, 337
	12, 338
	-1, 338
	124, 338
	150, 338
	228, 339
	-4, 339
	203, 340
	142, 340
	229, 340
	174, 340
	97, 340
	143, 341
	22, 341
	98, 341
	156, 341
	206, 342
	56, 342
	67, 342
	195, 342
	51, 342
	222, 343
	279, 343
	139, 343
	205, 343
	0, 343
	173, 344
	93, 344
	74, 344
	61, 344
	19, 345
	-4, 345
	263, 345
	294, 345
	139, 346
	279, 346
	325, 346
	115, 346
	153, 346
	155, 347
	136, 347
	315, 347
	272, 348
	65, 348
	188, 348
	98, 348
	245, 348
	219, 349
	58, 349
	328, 349
	8, 349
	224, 350
	24, 350
	330, 350
	273, 350
	286, 351
	311, 351
	107, 351
	193, 351
	45, 351
	84, 351
	102, 352
	303, 352
	40, 352
	244, 352
	241, 352
	292, 353
	2, 353
	302, 353
	264, 353
	287, 353
	238, 354
	157, 354
	203, 354
	173, 354
	344, 354
	74, 354
	330, 355
	350, 355
	206, 355
	56, 356
	67, 356
	14, 356
	-4, 356
	245, 357
	26, 357
	329, 357
	230, 357
	20, 357
	48, 357
	164, 358
	248, 358
	325, 358
	346, 358
	115, 358
	141, 359
	276, 359
	216, 359
	125, 359
	172, 360
	34, 360
	321, 360
	304, 360
	306, 360
	61, 361
	-4, 361
	320, 361
	93, 361
	256, 362
	82, 362
	-4, 362
	116, 362
	92, 362
	218, 363
	166, 363
	226, 363
	324, 363
	333, 363
	23, 363
	18, 363
	83, 364
	284, 364
	192, 364
	175, 364
	127, 364
	165, 365
	86, 365
	243, 365
	204, 365
	320, 366
	106, 366
	-4, 366
	361, 366
	80, 367
	83, 367
	175, 367
	132, 367
	364, 367
	217, 368
	214, 368
	201, 368
	265, 368
	197, 368
	6, 368
	52, 369
	-2, 369
	256, 369
	319, 369
	362, 369
	116, 369
	201, 370
	165, 370
	243, 370
	57, 370
	68, 370
	365, 370
	226, 371
	224, 371
	35, 371
	316, 371
	324, 371
	339, 372
	43, 372
	4, 372
	-4, 372
	168, 373
	335, 373
	231, 373
	127, 373
	83, 373
	245, 374
	11, 374
	25, 374
	348, 374
	90, 374
	29, 375
	131, 375
	160, 375
	314, 375
	87, 375
	53, 375
	235, 375
	210, 376
	4, 376
	47, 376
	307, 377
	349, 377
	337, 377
	159, 378
	30, 378
	195, 378
	71, 378
	345, 378
	294, 378
	263, 378
	119, 379
	121, 379
	59, 379
	55, 379
	7, 379
	113, 379
	4, 380
	376, 380
	120, 380
	185, 380
	47, 380
	366, 381
	-4, 381
	228, 381
	106, 381
	57, 382
	-1, 382
	297, 382
	243, 382
	298, 383
	27, 383
	318, 383
	50, 383
	252, 383
	38, 383
	113, 384
	32, 384
	59, 384
	379, 384
	287, 385
	209, 385
	89, 385
	32, 385
	384, 385
	113, 385
	222, 386
	155, 386
	343, 386
	347, 386
	139, 386
	228, 387
	339, 387
	13, 387
	372, 387
	4, 387
	376, 387
	210, 387
	181, 387
	355, 388
	342, 388
	206, 388
	195, 388
	71, 388
	25, 389
	374, 389
	98, 389
	341, 389
	143, 389
	348, 389
	22, 390
	341, 390
	319, 390
	256, 390
	42, 390
	143, 390
	239, 391
	21, 391
	213, 391
	194, 391
	289, 392
	1, 392
	219, 392
	49, 392
	39, 393
	16, 393
	229, 393
	340, 393
	97, 393
	33, 393
	239, 394
	211, 394
	37, 394
	21, 394
	115, 394
	391, 394
	335, 395
	-3, 395
	373, 395
	77, 395
	83, 395
	153, 396
	211, 396
	239, 396
	179, 396
	155, 397
	223, 397
	268, 397
	277, 397
	17, 397
	392, 398
	49, 398
	296, 398
	58, 398
	219, 398
	114, 398
	386, 399
	347, 399
	139, 399
	153, 399
	315, 399
	179, 399
	396, 399
	224, 400
	350, 400
	51, 400
	35, 400
	206, 400
	355, 400
	371, 400
	268, 401
	397, 401
	189, 401
	125, 401
	277, 401
	236, 402
	-2, 402
	329, 402
	334, 402
	126, 402
	191, 403
	260, 403
	118, 403
	267, 403
	232, 403
	247, 403
	291, 404
	100, 404
	233, 404
	102, 404
	303, 404
	145, 404
	174, 405
	312, 405
	181, 405
	130, 405
	323, 405
	36, 405
	89, 406
	112, 406
	275, 406
	227, 406
	344, 407
	173, 407
	320, 407
	336, 407
	130, 407
	93, 407
	104, 408
	207, 408
	68, 408
	44, 408
	201, 408
	265, 408
	310, 408
	301, 409
	184, 409
	97, 409
	393, 409
	16, 409
	355, 410
	388, 410
	378, 410
	159, 410
	140, 410
	330, 410
	71, 410
	289, 411
	144, 411
	337, 411
	377, 411
	219, 411
	349, 411
	163, 412
	205, 412
	117, 412
	152, 412
	107, 412
	275, 413
	290, 413
	172, 413
	34, 413
	27, 413
	377, 414
	307, 414
	328, 414
	179, 414
	349, 414
	276, 415
	288, 415
	359, 415
	125, 415
	401, 415
	15, 416
	288, 416
	401, 416
	415, 416
	277, 416
	274, 416
	124, 417
	338, 417
	267, 417
	12, 417
	232, 417
	81, 417
	242, 418
	200, 418
	194, 418
	391, 418
	239, 418
	2, 418
	202, 418
	266, 419
	227, 419
	298, 419
	290, 419
	259, 419
	167, 419
	58, 420
	8, 420
	78, 420
	64, 420
	282, 420
	296, 420
	165, 421
	204, 421
	112, 421
	406, 421
	32, 421
	91, 421
	89, 421
Mesh Regions: 422
	8, 219, 323, 378, 528, 857
	0, 30, 539, 618, 1097
	296, 315, 514, 532, 626, 899, 1246
	5, 110, 154, 263, 826
	23, 274, 995, 1015, 1033, 1071
	69, 77, 229, 346, 534, 589
	1, 95, 304, 363, 975
	41, 94, 130, 358, 1031
	40, 440, 584, 794, 882, 1255
	2, 181, 251, 256, 455, 790
	14, 16, 26, 278, 414, 716, 721
	3, 10, 81, 452, 1003
	4, 126, 523, 833, 1238
	5, 109, 264, 393, 1069
	6, 32, 48, 53, 63, 914
	7, 177, 505, 553, 612, 1229
	19, 61, 184, 422, 667, 1101, 1195
	8, 201, 376, 526, 1125
	12, 226, 537, 741, 951
	9, 73, 635, 862
	10, 11, 29, 453, 920
	17, 43, 345, 571, 1093, 1109
	13, 86, 203, 491, 686, 845, 1086
	12, 97, 601, 738, 771, 950
	20, 382, 388, 548, 814, 884
	83, 151, 172, 1004, 1080
	51, 398, 450, 605, 917
	15, 478, 622, 649, 755, 1047, 1218
	113, 272, 338, 351, 483
	35, 44, 156, 199, 575, 764, 1007
	13, 87, 208, 634, 687, 1021
	14, 78, 142, 159, 411, 717
	42, 80, 84, 237, 1053, 1059, 1264
	18, 79, 90, 397, 1105
	15, 242, 754, 932, 1217
	33, 308, 430, 733, 990, 1142
	16, 27, 265, 333, 715, 1173
	17, 25, 45, 122, 222, 1108
	60, 498, 651, 726, 742, 1051
	18, 19, 89, 211, 369, 421, 1100
	36, 52, 179, 301, 438, 447, 895
	20, 49, 167, 216, 233, 549, 811, 816
	21, 152, 170, 748, 1090
	22, 23, 273, 342, 994
	24, 39, 57, 708, 1187
	76, 295, 463, 579, 891
	25, 46, 221, 700, 765
	26, 27, 134, 239, 335, 722, 1016, 1037
	28, 29, 146, 797, 921
	30, 31, 120, 1099, 1127
	437, 477, 679, 746, 1049
	32, 33, 54, 64, 326, 427, 852, 1141
	34, 751, 976
	35, 255, 416, 573, 1012
	36, 180, 439, 475, 496, 758
	119, 139, 310, 658, 674, 1030
	37, 55, 116, 298, 849, 912
	38, 39, 56, 445, 985, 1042
	40, 367, 643, 880, 1129, 1254
	41, 42, 238, 359, 1029, 1054
	43, 44, 45, 46, 572, 766
	47, 48, 62, 88, 861, 936
	49, 65, 217, 364, 480, 813
	50, 99, 131, 138, 640, 654
	68, 164, 309, 642, 655, 1257
	51, 206, 451, 545, 608, 875
	52, 71, 144, 302, 449, 665
	53, 54, 55, 850, 913
	56, 57, 314, 986, 1186
	59, 115, 129, 136, 241, 459
	58, 59, 114, 127, 260
	299, 1023, 1079, 1202
	60, 254, 417, 499, 593, 727
	61, 111, 155, 185, 197, 425
	62, 63, 64, 426, 860, 908
	65, 214, 227, 365, 481, 703
	66, 93, 103, 647
	67, 70, 74, 285, 1115
	68, 311, 515, 588, 675, 1256
	69, 228, 522, 533, 629
	70, 75, 112, 157, 187, 287, 965
	71, 145, 192, 405, 448, 471, 1240
	72, 73, 85, 636, 941
	74, 75, 148, 952, 966, 1001, 1116
	76, 205, 213, 582, 607, 702, 892
	77, 253, 344, 576, 594
	102, 118, 244, 320, 444, 694, 958
	140, 210, 623, 725, 747, 1011
	78, 79, 91, 143, 160, 396, 409
	80, 332, 390, 1058, 1174, 1266
	81, 82, 83, 149, 1006
	84, 223, 236, 350, 1265
	85, 86, 87, 490, 637, 944
	88, 752, 859, 939, 1183
	89, 90, 91, 98, 370, 407
	92, 93, 104, 107, 268, 692
	94, 95, 96, 101, 133, 360
	169, 270, 843, 1104, 1193
	202, 232, 281, 846, 877, 1082
	97, 162, 183, 600, 669, 739
	98, 141, 371, 406, 625, 1163
	99, 100, 101, 132
	175, 446, 470, 678, 893, 1165
	102, 103, 104, 443, 646, 693
	105, 106, 327, 707, 1184
	107, 108, 258, 269, 788
	109, 110, 392, 753, 828, 962, 1041
	125, 193, 294, 714, 889, 1213
	111, 161, 186, 196, 331, 763
	112, 158, 173, 188, 542, 615
	113, 114, 115, 135, 259, 275, 482
	116, 117, 297, 511
	118, 243, 321, 556, 1175, 1262
	119, 609, 672, 1032, 1052, 1061
	120, 121, 163, 373, 644, 1131
	122, 194, 220, 337, 869, 926, 1110
	123, 124, 943, 981
	125, 218, 468, 711, 780, 1211
	126, 127, 128, 129, 458, 524, 1158
	130, 131, 132, 133, 137, 1027
	134, 135, 136, 240, 276, 1035
	137, 138, 139, 653, 1028
	140, 141, 209, 372, 624
	142, 143, 176, 277, 410, 412, 436, 805
	144, 145, 190, 663, 835, 1235
	283, 357, 930, 1149, 1227
	146, 147, 798, 1155
	148, 292, 383, 402, 956, 1000
	149, 150, 151, 152, 171
	153, 178, 230, 400, 503
	154, 245, 262, 767, 825, 1171, 1182
	155, 156, 198, 212, 424, 1008
	157, 158, 174, 248, 968
	159, 160, 246, 395, 718
	161, 162, 182, 330, 567, 740
	163, 164, 165, 375, 638, 641, 659
	200, 247, 492, 599, 732, 872
	166, 215, 225, 536, 580
	166, 461, 464, 535, 563, 583
	195, 568, 855, 866, 1066, 1134
	167, 207, 550, 684, 799, 810, 1200
	168, 355, 418, 558, 927
	169, 204, 271, 306, 319, 507, 840
	170, 171, 172, 844, 1084, 1091
	173, 174, 249, 616, 829, 1204
	175, 176, 408, 434, 469, 1167
	177, 178, 279, 386, 403, 506, 551
	179, 180, 181, 250, 300, 454, 494
	182, 183, 184, 185, 186, 666
	187, 188, 189, 288, 540
	190, 191, 662, 836
	192, 404, 435, 474, 500, 802
	193, 293, 324, 466, 569, 776, 1212
	194, 195, 336, 870, 1117, 1135
	196, 197, 198, 199, 762
	200, 201, 377, 380, 596, 871, 1063, 1121
	202, 203, 235, 688, 807, 847
	204, 307, 316, 428, 904
	205, 206, 544, 606, 706
	207, 208, 685, 1020, 1199
	209, 210, 211, 212, 368, 423, 1009
	213, 214, 215, 224, 581, 701
	216, 217, 234, 282, 479, 546
	218, 219, 284, 325, 527, 782, 1209
	220, 221, 222, 460, 566, 698, 922
	223, 313, 322, 347, 957, 983, 1260
	224, 225, 226, 227, 366, 538, 946
	228, 229, 497, 521, 590, 1253
	230, 231, 399, 489, 824, 997
	232, 233, 234, 235, 280, 808
	236, 237, 238, 349, 361
	239, 240, 241, 289, 456, 723
	242, 243, 244, 555, 691, 931, 1216
	245, 317, 768, 858, 906, 1179
	246, 318, 394, 719, 770, 842, 1168
	247, 248, 249, 493, 598, 830, 955, 967
	250, 251, 252, 303, 660
	253, 254, 255, 415, 574, 592
	256, 257, 258, 791
	312, 433, 696, 731, 793, 1120, 1137, 1222
	259, 260, 261, 486
	262, 263, 264, 265, 334, 1074, 1170
	266, 267, 339, 352
	268, 269, 681, 690, 786
	270, 271, 508, 602, 668, 1192
	272, 273, 274, 275, 276, 341, 1036
	277, 278, 290, 413, 720, 804
	279, 291, 379, 385, 552, 560
	280, 281, 282, 547, 876
	283, 284, 356, 529, 784, 1148
	285, 286, 287, 288
	289, 290, 457, 502, 724, 803, 1156
	291, 292, 381, 384, 595, 954
	293, 294, 295, 465, 890
	296, 343, 531, 1095, 1243
	297, 298, 299, 510, 851, 1022, 1078
	300, 301, 302, 303, 664
	304, 305, 328, 516, 974
	306, 307, 308, 429, 509, 734
	309, 310, 311, 656, 676
	312, 431, 441, 792, 1242
	313, 314, 348, 517, 972, 982, 1188
	315, 442, 513, 586, 1247
	316, 317, 318, 319, 769, 839, 905
	320, 321, 322, 960, 1261
	323, 324, 325, 570, 856, 1210
	326, 848, 911, 1077, 1143
	327, 328, 329, 518, 1185
	330, 331, 564, 699, 761
	332, 389, 519, 610, 1057
	333, 334, 335, 1014, 1073
	336, 337, 432, 1107, 1118
	338, 339, 340, 341, 342, 354
	343, 344, 345, 346, 530, 577, 1094
	347, 348, 349, 350, 362, 971
	351, 352, 353, 354, 484
	355, 356, 357, 420, 631, 785, 929
	358, 359, 360, 361, 362, 363, 970
	364, 365, 366, 812, 945
	367, 617, 879, 1098, 1130, 1207
	368, 369, 370, 371, 372
	373, 374, 375
	376, 377, 378, 853, 1062
	379, 380, 381, 561, 597, 1122
	382, 387, 883, 989, 1139
	383, 384, 385, 386, 401
	387, 388, 773, 815, 947, 988
	389, 390, 520, 554, 620, 1177, 1249
	391, 392, 393, 837, 1040, 1067
	394, 395, 396, 397, 841, 1102
	398, 467, 604, 713, 796, 819, 919
	399, 400, 401, 402, 403, 999
	404, 405, 501, 525, 1160, 1239
	406, 407, 408, 409, 410, 1164
	411, 412, 413, 414
	415, 416, 417, 728, 1013
	418, 419, 420, 632, 817, 1151
	421, 422, 423, 424, 425
	426, 427, 428, 429, 430, 903
	431, 432, 433, 1092, 1106, 1119, 1245
	434, 435, 436, 473, 806
	437, 438, 439, 476, 680, 897
	440, 441, 442, 587, 795, 1241
	443, 444, 445, 645, 959, 984, 1045
	446, 447, 448, 449, 472, 896
	450, 451, 452, 453, 878, 916, 1002
	454, 455, 495, 683, 789
	456, 457, 458, 459, 1161
	460, 461, 462, 562, 778, 923
	462, 463, 464, 465, 466, 578, 779
	467, 468, 633, 710, 781, 821
	469, 470, 471, 472, 473, 474
	475, 476, 477, 478, 759, 1050
	479, 480, 481, 543, 704
	482, 483, 484, 485, 486
	487, 488, 489, 822
	490, 491, 750, 940, 978, 1089
	492, 493, 695, 729, 832
	494, 495, 496, 682, 757
	497, 498, 499, 591, 650, 1252
	500, 501, 502, 801, 1157
	503, 504, 505, 506
	507, 508, 509, 603, 735, 775
	510, 511, 512, 864, 1026
	513, 514, 515, 585, 673, 901
	516, 517, 518, 973, 1189
	519, 520, 521, 522, 611, 628, 1248
	523, 524, 525, 1159, 1237
	526, 527, 528, 529, 1123, 1146
	530, 531, 532, 533, 534, 627
	535, 536, 537, 538, 565, 737
	539, 540, 541, 542, 619
	543, 544, 545, 546, 547, 705, 874
	548, 549, 550, 800, 886
	551, 552, 553, 559, 1234
	554, 555, 556, 621, 1176, 1214
	557, 558, 614, 928, 1224
	559, 560, 561, 1124, 1150, 1233
	562, 563, 564, 565, 566, 567, 697, 736
	568, 569, 570, 777, 854, 867
	571, 572, 573, 574, 575, 576, 577
	578, 579, 580, 581, 582, 583
	584, 585, 586, 587, 588, 1258
	589, 590, 591, 592, 593, 594
	595, 596, 597, 598, 599, 953
	600, 601, 602, 603, 670, 774
	604, 605, 606, 607, 608, 712, 887
	609, 610, 611, 630, 671, 902, 1056
	612, 613, 614, 1225, 1230
	615, 616, 617, 618, 619, 1096, 1203
	620, 621, 622, 652, 1215, 1251
	623, 624, 625, 677, 744, 1162
	626, 627, 628, 629, 630, 898
	631, 632, 633, 783, 820
	634, 635, 636, 637, 865, 1025
	638, 639, 640, 657
	641, 642, 643, 644, 1128, 1259
	645, 646, 647, 648, 1044
	649, 650, 651, 652, 1046, 1250
	653, 654, 655, 656, 657, 658, 659
	660, 661, 662, 663, 664, 665
	666, 667, 668, 669, 670, 1191
	671, 672, 673, 674, 675, 676, 900
	677, 678, 679, 680, 743, 894, 1166
	681, 682, 683, 689, 756, 787, 934
	684, 685, 686, 687, 688, 809
	689, 690, 691, 692, 693, 694, 935
	695, 696, 730, 831, 1017, 1220
	697, 698, 699, 700, 760
	701, 702, 703, 704, 705, 706
	707, 708, 709, 1190
	710, 711, 712, 713, 714, 888
	715, 716, 717, 718, 719, 1169
	720, 721, 722, 723, 724
	725, 726, 727, 728, 745, 1010
	729, 730, 731, 732, 873, 1136
	733, 734, 735, 772, 991
	736, 737, 738, 739, 740, 741
	742, 743, 744, 745, 746, 747, 1048
	748, 749, 750, 751, 979, 1088
	752, 753, 827, 938, 961, 1180
	754, 755, 756, 757, 758, 759, 933
	760, 761, 762, 763, 764, 765, 766
	767, 768, 769, 770, 1172
	771, 772, 773, 774, 775, 948, 992
	776, 777, 778, 779, 868, 924
	780, 781, 782, 783, 784, 785
	786, 787, 788, 789, 790, 791
	792, 793, 794, 795, 881, 1221
	796, 797, 798, 818, 918, 1153
	799, 800, 885, 909, 1201
	801, 802, 803, 804, 805, 806
	807, 808, 809, 810, 811
	812, 813, 814, 815, 816, 949
	817, 818, 819, 820, 821, 1154
	822, 823, 824, 998, 1112
	825, 826, 827, 828, 1181
	829, 830, 831, 832, 1019, 1205
	833, 834, 835, 836, 1236
	837, 838, 993, 1068
	839, 840, 841, 842, 843, 1103
	844, 845, 846, 847, 1083, 1087
	848, 849, 850, 851, 852, 1076
	853, 854, 855, 856, 857, 1064
	858, 859, 860, 861, 907, 1178
	862, 863, 864, 865, 1024
	866, 867, 868, 869, 870, 925
	871, 872, 873, 1065, 1133
	874, 875, 876, 877, 878, 1005, 1085
	879, 880, 881, 882, 1018, 1208, 1223
	883, 884, 885, 886, 910, 1140
	887, 888, 889, 890, 891, 892
	893, 894, 895, 896, 897
	898, 899, 900, 901, 902
	903, 904, 905, 906, 907, 908
	909, 910, 911, 1075, 1144, 1196
	912, 913, 914, 915
	916, 917, 918, 919, 920, 921
	922, 923, 924, 925, 926
	927, 928, 929, 930, 1226
	931, 932, 933, 934, 935
	936, 937, 938, 939, 964
	940, 941, 942, 943, 944, 980
	945, 946, 947, 948, 949, 950, 951
	952, 953, 954, 955, 956, 969
	957, 958, 959, 960, 987
	961, 962, 963, 964, 1038
	965, 966, 967, 968, 969
	970, 971, 972, 973, 974, 975
	976, 977, 978, 979, 980, 981
	982, 983, 984, 985, 986, 987
	988, 989, 990, 991, 992, 1145
	993, 994, 995, 996, 1070
	997, 998, 999, 1000, 1001, 1114
	1002, 1003, 1004, 1005, 1006, 1081
	1007, 1008, 1009, 1010, 1011, 1012, 1013
	1014, 1015, 1016, 1034, 1072
	1017, 1018, 1019, 1206, 1219
	1020, 1021, 1022, 1023, 1024, 1025, 1026, 1198
	1027, 1028, 1029, 1030, 1031, 1032, 1055
	1033, 1034, 1035, 1036, 1037
	1038, 1039, 1040, 1041
	1042, 1043, 1044, 1045
	1046, 1047, 1048, 1049, 1050, 1051
	1052, 1053, 1054, 1055, 1060
	1056, 1057, 1058, 1059, 1060, 1061
	1062, 1063, 1064, 1065, 1066, 1132
	1067, 1068, 1069, 1070, 1071, 1072, 1073, 1074
	1075, 1076, 1077, 1078, 1079, 1197
	1080, 1081, 1082, 1083, 1084, 1085
	1086, 1087, 1088, 1089, 1090, 1091
	1092, 1093, 1094, 1095, 1111, 1244
	1096, 1097, 1098, 1099, 1126
	1100, 1101, 1102, 1103, 1104, 1105, 1194
	1106, 1107, 1108, 1109, 1110, 1111
	1112, 1113, 1114, 1115, 1116
	1117, 1118, 1119, 1120, 1138
	1121, 1122, 1123, 1124, 1125, 1147
	1126, 1127, 1128, 1129, 1130, 1131
	1132, 1133, 1134, 1135, 1136, 1137, 1138
	1139, 1140, 1141, 1142, 1143, 1144, 1145
	1146, 1147, 1148, 1149, 1150, 1228, 1231
	1151, 1152, 1153, 1154, 1155
	1156, 1157, 1158, 1159, 1160, 1161
	1162, 1163, 1164, 1165, 1166, 1167
	1168, 1169, 1170, 1171, 1172, 1173
	1174, 1175, 1176, 1177, 1263
	1178, 1179, 1180, 1181, 1182, 1183
	1184, 1185, 1186, 1187, 1188, 1189, 1190
	1191, 1192, 1193, 1194, 1195
	1196, 1197, 1198, 1199, 1200, 1201, 1202
	1203, 1204, 1205, 1206, 1207, 1208
	1209, 1210, 1211, 1212, 1213
	1214, 1215, 1216, 1217, 1218
	1219, 1220, 1221, 1222, 1223
	1224, 1225, 1226, 1227, 1228, 1232
	1229, 1230, 1231, 1232, 1233, 1234
	1235, 1236, 1237, 1238, 1239, 1240
	1241, 1242, 1243, 1244, 1245, 1246, 1247
	1248, 1249, 1250, 1251, 1252, 1253
	1254, 1255, 1256, 1257, 1258, 1259
	1260, 1261, 1262, 1263, 1264, 1265, 1266
Seed Numbers: 422
	0
	1
	2
	3
	4
	5
	6
	7
	8
	9
	10
	11
	12
	13
	14
	15
	16
	17
	18
	19
	20
	21
	22
	23
	24
	25
	26
	27
	28
	29
	30
	31
	32
	33
	34
	35
	36
	37
	38
	39
	40
	41
	42
	43
	44
	45
	46
	47
	48
	49
	50
	51
	52
	53
	54
	55
	56
	57
	58
	59
	60
	61
	62
	63
	64
	65
	66
	67
	68
	69
	70
	71
	72
	73
	74
	75
	76
	77
	78
	79
	80
	81
	82
	83
	84
	85
	86
	87
	88
	89
	90
	91
	92
	93
	94
	95
	96
	97
	98
	99
	100
	101
	102
	103
	104
	105
	106
	107
	108
	109
	110
	111
	112
	113
	114
	115
	116
	117
	118
	119
	120
	121
	122
	123
	124
	125
	126
	127
	128
	129
	130
	131
	132
	133
	134
	135
	136
	137
	138
	139
	140
	141
	142
	143
	144
	145
	146
	147
	148
	149
	150
	151
	152
	153
	154
	155
	156
	157
	158
	159
	160
	161
	162
	163
	164
	165
	166
	167
	168
	169
	170
	171
	172
	173
	174
	175
	176
	177
	178
	179
	180
	181
	182
	183
	184
	185
	186
	187
	188
	189
	190
	191
	192
	193
	194
	195
	196
	197
	198
	199
	200
	201
	202
	203
	204
	205
	206
	207
	208
	209
	210
	211
	212
	213
	214
	215
	216
	217
	218
	219
	220
	221
	222
	223
	224
	225
	226
	227
	228
	229
	230
	231
	232
	233
	234
	235
	236
	237
	238
	239
	240
	241
	242
	243
	244
	245
	246
	247
	248
	249
	250
	251
	252
	253
	254
	255
	256
	257
	258
	259
	260
	261
	262
	263
	264
	265
	266
	267
	268
	269
	270
	271
	272
	273
	274
	275
	276
	277
	278
	279
	280
	281
	282
	283
	284
	285
	286
	287
	288
	289
	290
	291
	292
	293
	294
	295
	296
	297
	298
	299
	300
	301
	302
	303
	304
	305
	306
	307
	308
	309
	310
	311
	312
	313
	314
	315
	316
	317
	318
	319
	320
	321
	322
	323
	324
	325
	326
	327
	328
	329
	330
	331
	332
	333
	334
	335
	336
	337
	338
	339
	340
	341
	342
	343
	344
	345
	346
	347
	348
	349
	350
	351
	352
	353
	354
	355
	356
	357
	358
	359
	360
	361
	362
	363
	364
	365
	366
	367
	368
	369
	370
	371
	372
	373
	374
	375
	376
	377
	378
	379
	380
	381
	382
	383
	384
	385
	386
	387
	388
	389
	390
	391
	392
	393
	394
	395
	396
	397
	398
	399
	400
	401
	402
	403
	404
	405
	406
	407
	408
	409
	410
	411
	412
	413
	414
	415
	416
	417
	418
	419
	420
	421
Phase Numbers: 422
	2
	2
	1
	3
	2
	3
	2
	2
	0
	2
	2
	1
	3
	2
	0
	2
	0
	0
	2
	3
	3
	3
	2
	2
	2
	3
	1
	2
	3
	3
	3
	3
	3
	3
	2
	3
	2
	3
	0
	2
	2
	2
	2
	2
	3
	3
	1
	2
	0
	2
	0
	2
	0
	2
	2
	3
	1
	3
	2
	3
	2
	1
	2
	3
	2
	2
	3
	3
	2
	2
	3
	2
	3
	3
	3
	2
	3
	2
	3
	2
	1
	2
	0
	0
	2
	3
	2
	3
	2
	2
	2
	2
	3
	2
	2
	2
	0
	0
	1
	3
	0
	0
	3
	3
	0
	2
	2
	3
	2
	3
	1
	2
	1
	3
	2
	2
	2
	3
	2
	3
	3
	3
	2
	3
	3
	3
	1
	3
	2
	2
	2
	3
	2
	1
	3
	2
	2
	0
	2
	2
	0
	2
	3
	2
	2
	2
	2
	2
	3
	3
	2
	3
	0
	3
	3
	0
	2
	3
	2
	0
	2
	3
	2
	3
	2
	2
	3
	3
	3
	0
	3
	2
	3
	3
	3
	3
	3
	2
	3
	3
	3
	0
	3
	2
	0
	1
	2
	1
	2
	2
	3
	2
	0
	2
	1
	2
	0
	3
	3
	3
	3
	1
	2
	3
	3
	2
	2
	0
	3
	3
	3
	2
	3
	3
	2
	1
	3
	3
	3
	3
	3
	2
	2
	2
	3
	3
	2
	0
	2
	3
	2
	0
	3
	3
	3
	1
	1
	2
	3
	0
	3
	2
	1
	1
	3
	0
	2
	1
	3
	1
	3
	2
	3
	3
	1
	2
	3
	2
	3
	3
	3
	0
	3
	1
	2
	3
	2
	2
	3
	2
	3
	0
	3
	3
	2
	1
	2
	3
	1
	3
	3
	2
	3
	3
	2
	3
	1
	2
	1
	3
	2
	2
	3
	2
	3
	1
	0
	2
	2
	3
	2
	3
	2
	3
	3
	3
	1
	2
	3
	2
	3
	2
	3
	3
	3
	2
	3
	2
	2
	3
	2
	3
	3
	2
	3
	2
	3
	2
	2
	3
	2
	0
	3
	3
	3
	2
	2
	3
	0
	3
	1
	3
	3
	2
	2
	2
	2
	1
	2
	2
	3
	2
	2
	3
	0
	3
	1
	3
	3
	3
	2
	1
	3
	0
	3
	3
	3
	1
	3
	2
	2
	2
	2
	2
	2
	3
	3
	3
	3
	0
	2
	2
	2
	3
	3
	0
	2
	2
	1
	2
	1
	2
	3
	3
	2
	2
	1
	2
	2
	3
	3
	3
	0
	3
	3
	3
	3
	2
	2
	2
	3
	3
	2
	3
	0
	2
	1
	2
	3
	3
	2
	2
Volumes: 422
	0.002293122633005853
	0.0017684094640707457
	0.002020821884223158
	0.001522638381932001
	0.002556671711519811
	0.0024654329629342137
	0.0022708678487958927
	0.00203272918490596
	0.0026861685349876805
	0.0017858574567036275
	0.003594588673491425
	0.0021617497328214794
	0.001692599946022171
	0.0019522254868785324
	0.003874705411325157
	0.0022708768919708737
	0.0030075450747565334
	0.0016307549432196518
	0.0018180930254171105
	0.0013717164000103567
	0.0021530025461970687
	0.0031672026800031367
	0.0038596972811846663
	0.0021759237712623745
	0.002325974987857524
	0.0021710127925509666
	0.00272222048218057
	0.0021543475441280894
	0.0026273363949927513
	0.0025459184585857105
	0.0024522893621128122
	0.0029702488517586896
	0.0020793312199223553
	0.002569047923275082
	0.0025641193807527333
	0.002790117018589075
	0.002400426360187015
	0.0026141211369774845
	0.002751046836523563
	0.0027408028211246744
	0.0028504362410646995
	0.0035153371490121437
	0.0017973702262770608
	0.0016426661432303313
	0.0020799452654762735
	0.001888180308119196
	0.0025080240488580094
	0.0035311864368272943
	0.001948949394423828
	0.0019211907519294873
	0.0018593015641761097
	0.0037017771528958542
	0.0009646528148992755
	0.0018155308547199815
	0.0025694148887194334
	0.0026627114369495116
	0.002204946938528571
	0.0022207617761178084
	0.002679878455746025
	0.002019306171431547
	0.0032558224377364064
	0.002855014357139015
	0.0022558704218494296
	0.0030428068637764157
	0.0024750376868328504
	0.00337306538106435
	0.0021135904280482473
	0.0028918146820618882
	0.0017880799292946067
	0.0026952388614008647
	0.0024564643324018016
	0.0016034965761500717
	0.0024546501632083956
	0.0028261045081759764
	0.002772813438756013
	0.0021453495873539324
	0.0013127164770073813
	0.002637956611697018
	0.00280361475580173
	0.0017278744135030663
	0.0028066933049317754
	0.002662914302370256
	0.0022337477195528777
	0.0034381231419314574
	0.0023359210082236842
	0.0020334377768579516
	0.0033943136347049847
	0.0030450466653409902
	0.0030374659601746035
	0.0025070044569437005
	0.001825872068267888
	0.0019670713389422336
	0.003397256240619335
	0.0016622355531544833
	0.00214418061542815
	0.002409963861729122
	0.002542284397600239
	0.002515502934965783
	0.002633884856713114
	0.0019129405348458002
	0.0018107352827619449
	0.0015888512241148073
	0.003259548090510797
	0.0029089595375361233
	0.0019561489590405206
	0.001352534908833056
	0.0020186064004603698
	0.002601252122411547
	0.0019126119079419927
	0.0023457754304267815
	0.0034808529977137116
	0.0008047223157559959
	0.002621571773300644
	0.0026376331856651125
	0.0030013282684478353
	0.0030486980836199017
	0.0013055875867925657
	0.0029967968722560533
	0.002978063660037479
	0.0022707174198448483
	0.0033017172348679376
	0.00217638281577932
	0.0021981509913221904
	0.00301771260429559
	0.0025085330476971148
	0.0018607586352564827
	0.001291811524763713
	0.0022157756213134587
	0.0013869998515110924
	0.0016726300791156095
	0.003177801647113813
	0.00242276440708638
	0.0024727305931353735
	0.0021446487225778303
	0.0017891254907757715
	0.0027806520246121437
	0.0027646238744026158
	0.0021752336022515554
	0.002472046412650328
	0.0027509255295152853
	0.002281478641211206
	0.001312353914564115
	0.0033424783096945784
	0.0026454495728207477
	0.0023698119772448127
	0.003039133370667252
	0.002639745472912849
	0.0027836459901574994
	0.0025062829321392797
	0.0010939298863802463
	0.0011004036742593606
	0.0016480425152937718
	0.002929435184664527
	0.003237881004339055
	0.0017971508391204727
	0.003298087436649894
	0.0023713585794945583
	0.0023398488574725256
	0.002640049783864855
	0.0015324222938571121
	0.003207028199887493
	0.002392346213460823
	0.002613537799518973
	0.0028863050213016024
	0.002780232685923544
	0.0032858957133405195
	0.0033486292308690805
	0.0023784373272150413
	0.0033756821834927233
	0.0026394064584460775
	0.002430746107480246
	0.002893527195103814
	0.003112328746256647
	0.002314910709177451
	0.003356231868741626
	0.0035384306422834716
	0.001874380199229283
	0.0021229534878392997
	0.0008489877841761783
	0.0029559532407627946
	0.0011255635210642026
	0.0022075439707752303
	0.0014049698470334233
	0.0015992518238101532
	0.0029500838966091338
	0.003336869905511984
	0.002193966041407213
	0.0028217473031991727
	0.00169294665378572
	0.0026666873389675737
	0.0010118777979421212
	0.0024080033872278207
	0.002786656880495457
	0.0023462745833698244
	0.0026461845640738894
	0.0024872345270261346
	0.001942076028180815
	0.0020996617169410595
	0.0025392978315159796
	0.0017880659230311608
	0.002181900289557599
	0.0028713741432948494
	0.002798362589476946
	0.0029554997246190283
	0.0019308013387891614
	0.002554609715429167
	0.002917072666794141
	0.0027858871037574175
	0.0019039029830285612
	0.002011653221095106
	0.0020429226100379012
	0.0020907843482224284
	0.002246263905668739
	0.003222323753707024
	0.002234558533117604
	0.0019773518873607066
	0.0028327474707273395
	0.0028001008777636793
	0.0018117390427321895
	0.0020950968000215528
	0.0019291051246778479
	0.0007486570604994163
	0.00148069614722679
	0.0027783382973386042
	0.0018590041978333958
	0.001949815935821424
	0.001766440467114503
	0.002871648391221376
	0.0016092310136365654
	0.002977307601272433
	0.0029508354686265397
	0.002106947972644609
	0.0021610138963082644
	0.002925339271577857
	0.002315607324553019
	0.0022850995179779024
	0.0027320278097857737
	0.002232821883229852
	0.002916878230521985
	0.0025254993108259232
	0.001570957581719022
	0.0027256247055998063
	0.002201352450595887
	0.003078324016356374
	0.003020923590201889
	0.003204437447679669
	0.0017078331761438401
	0.00271666223459871
	0.002786821020340346
	0.002940898354418437
	0.0023003524904961392
	0.002832008686720615
	0.002316537394447234
	0.0016607067457063117
	0.0020391931819786005
	0.0013693029377854964
	0.0027993507771754264
	0.001920570965988304
	0.0020286233194817885
	0.0028973462855478574
	0.0014567750595614788
	0.0010143786898533882
	0.0023418747461509894
	0.0017636919499631495
	0.002297227205613279
	0.002301868055127242
	0.00295275690869957
	0.0027405657204184596
	0.0024656402965800017
	0.001786583708431439
	0.002752922245892934
	0.0013694328530579592
	0.002579889249427583
	0.0019538713244056957
	0.0022914700482814343
	0.0026215717074381203
	0.0009424948639925326
	0.0018047440471351127
	0.0034369369199495525
	0.002446804628608373
	0.0028477514701567824
	0.00233795747256399
	0.0027895231665492452
	0.002196268004804221
	0.0037612630283898607
	0.002425525812743501
	0.0022048390789709917
	0.0035611859963032774
	0.0014558154829888506
	0.0023727117501826356
	0.0030485414400223693
	0.0028108768185184183
	0.0025661875718046173
	0.0017574980717554112
	0.0026462529272866576
	0.0013658848776941864
	0.00261895588618139
	0.0010481622690130094
	0.0022215605852597188
	0.0025141068420297128
	0.0023178345579931477
	0.002321064091965974
	0.0033338416154631983
	0.0030413058206963583
	0.0024815111457446967
	0.002300693234542596
	0.00305408357396874
	0.0020276212743370924
	0.0021888461733855216
	0.0023443982676683976
	0.001960759245252473
	0.0020832158543171468
	0.002720453119099988
	0.0026604539707574693
	0.0020107814846682566
	0.0026960828121944487
	0.0017704321276233869
	0.0023036636178853653
	0.0025772958269273723
	0.002711848252155996
	0.002145832479808945
	0.002426581758128718
	0.002348113304984669
	0.0031413868024620165
	0.0023193775764587853
	0.0031671701628117337
	0.0028646890120672345
	0.0019999971584237462
	0.0024387002283615435
	0.0028230119052969054
	0.0020626590986293843
	0.0020840805036748764
	0.002414897861826604
	0.0030709707979721538
	0.0018798554339742245
	0.0016344924271683933
	0.0017190910175835683
	0.00242322435315016
	0.002013012164553526
	0.0010232577803946066
	0.002755649304448186
	0.0029875522669472526
	0.0026548734253956795
	0.0020316136497440062
	0.002280632421265172
	0.0019222470219167793
	0.001835244642221349
	0.0023750623474486036
	0.003168255329236626
	0.002514821783681776
	0.001795863980961729
	0.0029921081383917345
	0.0020243043960157655
	0.0018502680600628201
	0.0018382745024607737
	0.0021652633194356695
	0.001102448827270273
	0.0033176042892853596
	0.0023413106032683807
	0.0021908189394005168
	0.0016996178736204883
	0.0018078367254076753
	0.0032312004591041497
	0.0028117435456152737
	0.002595645010488715
	0.002393147382867901
	0.0014121043251965112
	0.0026805698079303782
	0.0026829222876602324
	0.0029064066429657087
	0.0032038250851485943
	0.002468424859292625
	0.0015003723727774645
	0.0023545885339046127
	0.0026320610820640645
	0.0030279856281793327
	0.002708841990253016
	0.0015069781909808693
	0.0028369592980494675
	0.002439124931154834
	0.002466180332862423
	0.0015134455821877908
	0.002120847480089136
	0.0017091964008555784
	0.0016437991968573274
	0.002402290130610369
	0.002842526953584228
	0.0026528303288189826
	0.0019652615512554573
	0.0018407864975603313
	0.003248644676378527
	0.0023680062697598206
	0.0014540994604867225
	0.0032464170436352605
	0.002334538322912142
	0.001882310074998694
	0.0019335188294245676
	0.0025533702497599186
	0.0028362389047148825
	0.003520251918375406
	0.0024446146187687232
	0.0020961230800438067
	0.0019807478517815742
	0.0015782515439248326
	0.003018348918304265
	0.002722589090804673
	0.0020037884526623723
	0.002081094016968497
	0.002613976558028349
	0.0019053060750191873
	0.0022578610574715482
	0.002214077226963851
	0.0016105904259243239
	0.002073169672796796
	0.0016443403116185493
	0.0014705217156596017
	0.0020127984460969204
	0.0024291447049199642
	0.002282870693144472
	0.0028268335938682982
	0.0024830717430522546
	0.0025981956125475693
