Mesh Points: 846
	-2.801636e-02, -3.473453e-01
	-4.805244e-02, -3.589885e-01
	-7.890882e-02, -3.346686e-01
	-7.635796e-02, -2.988788e-01
	-6.092125e-02, -2.819928e-01
	-5.011605e-02, -2.795748e-01
	-1.936036e-02, -3.216757e-01
	 8.673047e-02, -3.167558e-01
	 8.190254e-02, -3.100686e-01
	 6.347040e-02, -3.553066e-01
	 2.247715e-02, -3.112845e-01
	 2.890250e-02, -3.009253e-01
	 3.729382e-02, -3.540057e-01
	-2.252139e-01, -3.827427e-01
	-1.989594e-01, -3.537105e-01
	-2.027511e-01, -4.144161e-01
	-1.888674e-01, -4.098012e-01
	-1.989193e-01, -4.152009e-01
	-1.756558e-01, -3.721813e-01
	-4.651697e-01,  4.022139e-01
	-4.991146e-01,  4.580240e-01
	-5.000000e-01,  3.995314e-01
	-5.000000e-01,  4.584131e-01
	-3.360144e-01,  5.834712e-02
	-3.298135e-01,  1.021786e-01
	-3.554025e-01,  4.924744e-02
	-3.605166e-01,  1.146701e-01
	-3.806597e-01,  1.046797e-01
	-3.827083e-01,  7.322993e-02
	 2.577053e-01,  3.719305e-01
	 2.596495e-01,  3.735581e-01
	 2.610574e-01,  3.284204e-01
	 3.108433e-01,  3.749018e-01
	 3.154951e-01,  3.665279e-01
	 3.021537e-01,  3.200054e-01
	 2.798539e-01,  3.125021e-01
	-9.208001e-02,  6.108822e-02
	-7.435359e-02,  7.865850e-02
	-1.340449e-01,  8.302837e-02
	-7.894987e-02,  1.166329e-01
	-1.379549e-01,  9.105486e-02
	-1.377618e-01,  9.290988e-02
	-1.062123e-01,  1.202129e-01
	-2.996503e-01, -4.618610e-01
	-2.888339e-01, -4.217374e-01
	-3.171276e-01, -4.695088e-01
	-3.398396e-01, -4.055915e-01
	-3.330619e-01, -4.033694e-01
	-3.574547e-01, -4.426262e-01
	-3.502300e-01, -4.568067e-01
	 2.680500e-01, -3.538376e-01
	 2.192359e-01, -3.790885e-01
	 2.694058e-01, -3.412381e-01
	 2.148704e-01, -3.114336e-01
	 2.100228e-01, -3.764860e-01
	 1.939250e-01, -3.308306e-01
	 3.830206e-01,  3.219164e-01
	 3.557287e-01,  3.142195e-01
	 3.934195e-01,  3.450977e-01
	 3.770905e-01,  3.699144e-01
	 3.461882e-01,  3.547516e-01
	-9.453471e-02, -2.575439e-01
	-1.275132e-01, -2.745560e-01
	-9.488459e-02, -2.170514e-01
	-1.152767e-01, -2.019465e-01
	-1.229435e-01, -2.014959e-01
	-1.565286e-01, -2.649969e-01
	-1.544551e-01, -2.283406e-01
	 2.562331e-01,  2.306980e-01
	 2.102528e-01,  2.275825e-01
	 2.630561e-01,  1.906153e-01
	 2.215878e-01,  1.869039e-01
	 2.518037e-01,  1.800291e-01
	 5.296633e-03,  1.187503e-02
	 1.645753e-02,  3.686832e-02
	 3.374304e-02, -2.617134e-02
	 2.812926e-02,  3.985181e-02
	 6.487529e-02,  9.467024e-03
	-3.576187e-01,  3.745481e-01
	-3.559836e-01,  4.056888e-01
	-3.264174e-01,  3.595689e-01
	-3.277742e-01,  4.217239e-01
	-3.020474e-01,  3.807600e-01
	 2.668074e-01, -6.467566e-02
	 2.725225e-01, -7.799244e-02
	 2.408880e-01, -5.509568e-02
	 2.027495e-01, -7.432553e-02
	 2.499877e-01, -1.209052e-01
	 2.076052e-01, -1.013300e-01
	 1.428317e-01, -2.288354e-01
	 1.197533e-01, -2.543072e-01
	 1.335393e-01, -1.981550e-01
	 8.583193e-02, -2.057336e-01
	 9.579561e-02, -1.889976e-01
	 1.063149e-01, -2.524992e-01
	-4.152696e-01, -2.293079e-01
	-4.638117e-01, -2.332747e-01
	-4.106380e-01, -2.162610e-01
	-4.431112e-01, -1.604376e-01
	-4.409609e-01, -1.604699e-01
	-4.791958e-01, -2.006667e-01
	-4.337168e-01, -1.644943e-01
	 2.295986e-01,  6.476207e-02
	 2.651306e-01,  5.453946e-02
	 2.154746e-01,  3.124371e-02
	 2.404321e-01,  3.986521e-03
	 2.606250e-01,  8.787300e-03
	-3.437749e-01, -5.841473e-02
	-3.595834e-01, -7.570263e-02
	-3.458216e-01, -3.937566e-02
	-3.982646e-01, -5.471546e-02
	-3.905274e-01, -6.847495e-02
	-3.807840e-01, -2.849456e-02
	 4.407182e-01, -1.526499e-01
	 4.304146e-01, -1.409452e-01
	 4.372509e-01, -1.180943e-01
	 4.736643e-01, -1.497029e-01
	 4.838203e-01, -1.255749e-01
	 4.588701e-01, -1.076356e-01
	 4.654006e-01,  9.984996e-03
	 4.724289e-01, -2.078931e-02
	 4.710843e-01, -2.263427e-02
	 4.265820e-01,  1.671213e-02
	 4.079840e-01, -1.677490e-02
	 4.353026e-01, -3.441854e-02
	-3.624063e-02, -1.228838e-01
	-3.491323e-02, -1.170870e-01
	-7.798806e-02, -1.416136e-01
	-7.776356e-02, -6.934565e-02
	-5.399071e-02, -7.134396e-02
	-1.002779e-01, -9.869382e-02
	-9.699603e-02, -1.266363e-01
	-3.870802e-02, -4.514482e-03
	-2.542030e-02, -4.646277e-02
	-4.518729e-02, -3.644394e-05
	-1.020210e-01, -3.486396e-02
	-1.020976e-01, -3.230488e-02
	 4.477855e-01, -3.422505e-01
	 4.551967e-01, -3.188957e-01
	 4.199508e-01, -3.464869e-01
	 4.309713e-01, -2.920507e-01
	 4.130294e-01, -2.930342e-01
	 4.007651e-01, -3.082355e-01
	 3.013567e-01,  4.583489e-01
	 3.209766e-01,  4.603165e-01
	 2.938108e-01,  5.000000e-01
	 3.494037e-01,  5.000000e-01
	 3.494294e-01,  4.970465e-01
	 4.559060e-01, -2.706185e-01
	 3.980253e-01, -2.606243e-01
	 4.151731e-01, -2.336831e-01
	 4.563215e-01, -2.492803e-01
	 4.402829e-01, -2.322649e-01
	-1.221745e-01, -6.998065e-03
	-1.181141e-01,  1.272329e-02
	-8.963958e-02,  3.544088e-02
	-5.187068e-02,  1.688654e-02
	 6.980266e-02,  4.591895e-01
	 8.690166e-02,  4.489811e-01
	 8.589146e-02,  4.308017e-01
	 2.330461e-02,  4.495056e-01
	 4.099172e-02,  4.021023e-01
	 5.425615e-02,  4.000735e-01
	 8.781878e-02, -1.559077e-01
	 7.664089e-02, -1.095969e-01
	 5.054100e-02, -1.580892e-01
	 3.213733e-02, -1.290500e-01
	 3.477430e-02, -1.205346e-01
	 1.791869e-01, -1.289647e-01
	 1.492744e-01, -1.276346e-01
	 1.553640e-01, -7.162291e-02
	 1.975762e-01, -6.987079e-02
	 1.450386e-01, -1.174499e-01
	-4.523399e-01,  3.709922e-02
	-4.454751e-01,  5.409261e-02
	-4.984470e-01,  1.619116e-02
	-5.000000e-01,  7.766794e-02
	-4.779750e-01,  8.124541e-02
	-5.000000e-01,  1.650188e-02
	 4.108811e-01, -7.933100e-02
	 3.932189e-01, -7.789004e-02
	 3.741317e-01, -1.109307e-01
	 3.869904e-01, -1.464684e-01
	 1.488280e-01, -2.848677e-01
	 1.713172e-01, -3.294795e-01
	 1.471833e-01, -3.469644e-01
	 1.382788e-01, -2.812765e-01
	 1.237409e-01, -3.425462e-01
	 1.098052e-01, -3.228690e-01
	 3.437648e-01,  9.294170e-02
	 3.098890e-01,  1.059885e-01
	 3.539500e-01,  1.440069e-01
	 3.031501e-01,  1.461161e-01
	 3.028291e-01,  1.457316e-01
	-4.581837e-01, -7.841844e-02
	-4.641803e-01, -7.451849e-02
	-4.711046e-01, -1.364140e-01
	-5.000000e-01, -8.158537e-02
	-5.000000e-01, -1.349333e-01
	 3.460925e-01, -4.552791e-01
	 3.329976e-01, -4.174208e-01
	 2.953174e-01, -4.771095e-01
	 2.829273e-01, -4.644384e-01
	 2.908178e-01, -4.121222e-01
	 5.000000e-01,  3.154518e-01
	 4.629475e-01,  3.107950e-01
	 5.000000e-01,  3.632032e-01
	 4.372273e-01,  3.439398e-01
	 4.741044e-01,  3.726184e-01
	 4.409570e-01,  3.287345e-01
	-9.128144e-02,  2.021568e-01
	-1.342126e-01,  2.059263e-01
	-8.296329e-02,  2.107954e-01
	-1.485696e-01,  2.272035e-01
	-1.261299e-01,  2.581281e-01
	-8.708325e-02,  2.510797e-01
	-8.474540e-02,  2.486360e-01
	 4.567912e-01,  4.550310e-01
	 4.105571e-01,  4.193125e-01
	 4.567974e-01,  4.551299e-01
	 4.212617e-01,  5.000000e-01
	 3.879415e-01,  4.574116e-01
	 4.256917e-01,  5.000000e-01
	 4.184761e-01, -4.357084e-01
	 3.996955e-01, -4.411619e-01
	 4.314955e-01, -3.935017e-01
	 4.079749e-01, -3.724729e-01
	 3.760179e-01, -3.931089e-01
	 3.861526e-01, -3.769086e-01
	 4.107490e-01,  5.187144e-02
	 4.667755e-01,  6.345748e-02
	 4.111142e-01,  1.041102e-01
	 4.613669e-01,  1.009186e-01
	 4.735214e-01,  8.450505e-02
	 9.604323e-02,  3.247160e-02
	 8.998014e-02,  1.056330e-02
	 7.676357e-02,  7.573043e-02
	 5.532508e-02,  8.124204e-02
	-4.707779e-01,  1.577073e-01
	-4.400366e-01,  1.897339e-01
	-5.000000e-01,  1.757221e-01
	-5.000000e-01,  2.061433e-01
	-4.673560e-01,  2.200112e-01
	 2.110084e-02,  4.503748e-01
	-8.688469e-03,  4.369347e-01
	 5.815936e-03,  5.000000e-01
	-2.051588e-02,  5.000000e-01
	-3.820536e-02,  4.555017e-01
	 2.478014e-02,  3.054638e-01
	 2.882028e-02,  3.423557e-01
	 4.375827e-02,  2.880830e-01
	 6.556051e-02,  3.525826e-01
	 8.775276e-02,  3.299869e-01
	 8.401244e-02,  3.027729e-01
	-3.678963e-01,  2.127418e-02
	-3.857138e-01,  1.262520e-02
	-4.185616e-01,  5.924647e-02
	-2.573492e-01, -6.110978e-02
	-2.525833e-01, -5.335233e-02
	-2.981712e-01, -4.914487e-02
	-3.043484e-01, -3.222465e-02
	-2.832659e-01, -8.716645e-04
	-2.648262e-01, -6.384611e-03
	-3.679120e-01, -3.411784e-01
	-3.388697e-01, -3.360330e-01
	-3.815262e-01, -3.729788e-01
	-3.119532e-01, -3.601118e-01
	-1.808336e-01, -2.155661e-01
	-1.479345e-01, -1.642029e-01
	-1.894473e-01, -1.764318e-01
	-5.649576e-02, -3.809396e-01
	-6.692002e-02, -3.868975e-01
	-1.087420e-01, -3.453635e-01
	-1.042229e-01, -3.748655e-01
	 4.079270e-01, -5.000000e-01
	 3.865591e-01, -4.568231e-01
	 3.537702e-01, -5.000000e-01
	 3.589314e-01, -4.616577e-01
	-3.686800e-01, -5.000000e-01
	-3.167434e-01, -5.000000e-01
	 4.465598e-01, -4.481592e-01
	 4.755385e-01, -4.241194e-01
	 4.510505e-01, -3.899735e-01
	 4.091645e-01,  3.001357e-01
	 4.359758e-01,  3.449247e-01
	-5.133337e-02, -4.804105e-01
	-7.888919e-02, -4.594623e-01
	-2.825548e-02, -4.739964e-01
	-1.936727e-02, -4.322791e-01
	-1.646674e-02, -4.363013e-01
	-7.221766e-02, -4.363977e-01
	 1.291660e-02,  1.493536e-01
	 1.471829e-03,  1.085007e-01
	 6.563508e-03,  1.662046e-01
	-3.167008e-02,  1.720067e-01
	-5.843350e-02,  1.465966e-01
	-1.208645e-02,  1.004925e-01
	-5.918458e-02,  1.350223e-01
	 5.000000e-01, -2.991817e-01
	 5.000000e-01, -2.303368e-01
	-9.910087e-02,  3.091134e-01
	-1.062519e-01,  3.080640e-01
	-9.085778e-02,  3.554245e-01
	-1.366139e-01,  3.633804e-01
	-1.299278e-01,  3.685810e-01
	-1.434903e-01,  3.309838e-01
	 4.375645e-01, -1.888165e-01
	 3.974912e-01, -1.994975e-01
	 3.802195e-01, -1.585137e-01
	-4.591376e-02, -2.032068e-01
	-4.413305e-02, -1.959735e-01
	-2.743136e-04, -2.358182e-01
	 2.994052e-02, -2.105254e-01
	 2.464574e-02, -1.912588e-01
	-6.258207e-03, -1.669788e-01
	 7.121223e-02,  3.761857e-01
	 3.216994e-03,  3.735366e-01
	 2.997188e-01,  4.569575e-01
	 2.448577e-01,  4.686365e-01
	 2.557541e-01,  5.000000e-01
	-4.189568e-01,  1.184011e-01
	-4.238564e-01,  6.113159e-02
	-4.503732e-01, -7.817271e-02
	-4.682269e-01, -2.118471e-02
	-4.335468e-01, -1.045540e-02
	-4.772510e-01, -4.032981e-02
	-4.166692e-01, -5.157107e-02
	-5.000000e-01, -1.996541e-01
	-5.000000e-01, -2.549901e-01
	-4.726354e-01, -2.543066e-01
	-2.722671e-01,  6.087414e-02
	-2.970361e-01,  3.994572e-02
	-2.924485e-01,  1.114169e-01
	-3.088216e-01,  1.141867e-01
	 1.696288e-02, -3.784108e-01
	 1.488956e-02, -3.785214e-01
	-2.381732e-02,  6.712949e-02
	-2.404621e-02,  6.801774e-02
	-1.826668e-01,  7.851789e-02
	-2.038017e-01,  1.077810e-01
	-1.615864e-01,  1.231749e-01
	-1.989990e-01,  1.194712e-01
	 3.770877e-01,  4.599686e-01
	 3.461186e-01,  4.431101e-01
	 3.472355e-01,  4.130132e-01
	 4.100254e-01,  4.141136e-01
	 3.836161e-01,  3.972573e-01
	 3.156684e-01,  3.953184e-01
	 2.926711e-01,  4.271961e-01
	 2.614399e-01,  4.161332e-01
	-2.660897e-01, -4.877492e-01
	-2.654634e-01, -5.000000e-01
	-3.922284e-01,  3.441159e-01
	-3.967743e-01,  2.896389e-01
	-3.952055e-01,  3.503174e-01
	-3.995584e-01,  3.522772e-01
	-4.467645e-01,  3.246377e-01
	-4.533486e-01,  2.968130e-01
	-4.174594e-01,  2.776195e-01
	 2.795285e-01,  6.660599e-02
	 3.276197e-01,  4.112577e-02
	 3.141041e-01,  7.941061e-03
	 2.893408e-01, -5.351835e-03
	-4.127019e-01, -3.736890e-01
	-4.570440e-01, -3.913340e-01
	-4.332258e-01, -3.299988e-01
	-4.654663e-01, -3.374109e-01
	-4.770017e-01, -3.693902e-01
	 5.000000e-01,  4.238437e-01
	 4.865118e-01,  4.234183e-01
	 4.663578e-01,  3.964761e-01
	-3.016188e-02,  2.589369e-01
	-2.633562e-02,  2.978609e-01
	-3.588399e-02,  3.083890e-01
	-8.891024e-02,  3.025302e-01
	 3.653328e-01,  1.521995e-01
	 3.684647e-01,  1.918316e-01
	 3.074520e-01,  1.908884e-01
	 3.032219e-01,  1.859306e-01
	 3.557671e-01,  1.986984e-01
	 1.487623e-01, -1.806503e-01
	 1.386579e-01, -1.444270e-01
	 9.324053e-02, -1.600565e-01
	-1.420063e-01, -7.568722e-02
	-1.511906e-01, -7.695956e-02
	-1.644165e-01, -1.606736e-02
	-1.614033e-01, -6.747131e-02
	 1.406451e-01,  3.043855e-01
	 1.197764e-01,  2.851431e-01
	 1.388993e-01,  3.462360e-01
	 1.274475e-01,  3.542910e-01
	 1.087910e-01,  2.846220e-01
	-4.309705e-01, -6.189014e-03
	 3.552795e-01, -2.436471e-01
	 3.633794e-01, -2.565009e-01
	 3.596604e-01, -2.157807e-01
	 3.972326e-01, -2.002163e-01
	 8.662998e-02, -4.688627e-01
	 4.108570e-02, -4.669163e-01
	 8.392408e-02, -4.047893e-01
	 4.174229e-02, -4.136519e-01
	 2.866167e-02, -4.436252e-01
	 1.823434e-01,  2.938628e-01
	 1.836131e-01,  3.450364e-01
	 2.159950e-01,  2.928064e-01
	 2.148679e-01,  3.417847e-01
	 2.275338e-01,  3.233325e-01
	 4.559619e-01, -4.851443e-01
	 4.496784e-01, -5.000000e-01
	 3.585342e-01, -3.440088e-01
	 3.701393e-01, -3.138597e-01
	 9.068533e-02, -2.617555e-01
	 6.298793e-02,  5.000000e-01
	 4.090375e-01,  2.898347e-01
	 3.761281e-01,  2.663147e-01
	 3.483860e-01,  3.044797e-01
	 3.724324e-01,  2.671557e-01
	-2.090071e-01, -1.121072e-01
	-1.940050e-01, -1.226357e-01
	-2.126478e-01, -9.703114e-02
	-1.657701e-01, -1.185987e-01
	-1.936600e-01, -6.566989e-02
	-3.756337e-01, -1.259931e-01
	-3.711775e-01, -1.523780e-01
	-4.149346e-01, -1.062048e-01
	-4.069268e-01, -1.043056e-01
	 2.112741e-01, -2.356953e-01
	 1.869931e-01, -2.511542e-01
	 1.951307e-01, -1.929520e-01
	 1.854374e-01, -1.956223e-01
	 1.637363e-01, -2.273036e-01
	 4.074644e-02, -2.152606e-01
	 5.823728e-02, -2.559881e-01
	-3.625706e-01, -2.589880e-01
	-3.544860e-01, -2.265393e-01
	-3.133778e-01, -2.106742e-01
	-3.067960e-01, -2.539972e-01
	-3.412933e-01, -2.763482e-01
	-3.526426e-01, -2.734212e-01
	-1.744469e-02,  3.927706e-01
	-6.944034e-02,  4.029612e-01
	-6.959518e-02,  4.495248e-01
	-7.784578e-02,  4.161062e-01
	 3.744819e-01,  2.323705e-02
	 4.052329e-01,  4.939989e-02
	 3.349431e-01,  4.538459e-02
	 3.522522e-01,  8.044158e-02
	 3.531331e-01,  8.044630e-02
	-5.899138e-02, -2.146728e-01
	-7.810462e-02, -1.477582e-01
	-1.997354e-02, -4.145154e-01
	-3.314840e-01,  2.134893e-01
	-3.632338e-01,  1.924437e-01
	-3.877983e-01,  2.224371e-01
	-3.590364e-01,  2.531063e-01
	-3.339172e-01,  2.457187e-01
	-7.607025e-02,  3.636358e-01
	-1.249088e-01,  4.097402e-01
	-1.906778e-01,  3.236009e-01
	-1.722560e-01,  3.161561e-01
	-1.930950e-01,  3.618700e-01
	-1.808210e-01,  3.753709e-01
	 4.252065e-01,  4.010176e-01
	 1.129564e-01,  3.875541e-01
	 1.193123e-01,  1.031952e-01
	 1.212079e-01,  1.082285e-01
	 6.128954e-02,  1.368330e-01
	 7.150713e-02,  1.437429e-01
	 4.998411e-02,  9.036051e-02
	 1.117952e-01,  1.280182e-01
	-1.804060e-01,  2.627022e-01
	-2.003034e-01,  2.610887e-01
	-2.199860e-01,  3.009771e-01
	-1.650934e-01,  2.834042e-01
	-2.158677e-01,  3.109771e-01
	 4.579140e-02, -5.884625e-02
	 8.308776e-02, -9.614559e-02
	 1.902252e-02, -8.956250e-02
	-1.155503e-01,  1.543184e-01
	-1.485866e-01,  1.648463e-01
	-1.495310e-01,  1.643959e-01
	 1.136052e-03, -8.773038e-02
	-2.448948e-02, -4.682530e-02
	-4.570585e-01, -3.995644e-01
	-5.000000e-01, -3.709710e-01
	-5.000000e-01, -4.443141e-01
	-4.984191e-01, -4.443755e-01
	 3.178071e-01, -8.782166e-02
	 3.304669e-01, -6.072960e-02
	 3.249835e-01, -1.078039e-01
	 3.390124e-01, -5.612335e-02
	 3.885163e-01, -7.086448e-02
	 2.483056e-01,  1.112844e-01
	 2.263729e-01,  7.098715e-02
	 2.450938e-01,  1.255324e-01
	 1.792499e-01,  1.087556e-01
	 2.159527e-01,  1.332670e-01
	 1.861178e-01,  8.167630e-02
	 2.545443e-01, -4.614022e-01
	 2.341083e-01, -4.799386e-01
	 2.969902e-01, -5.000000e-01
	 2.354776e-01, -5.000000e-01
	-3.056611e-01,  5.000000e-01
	-3.044071e-01,  4.850586e-01
	-3.505564e-01,  5.000000e-01
	-3.524992e-01,  4.724579e-01
	-3.369439e-01,  4.634815e-01
	-1.488346e-01, -4.720674e-01
	-1.530880e-01, -5.000000e-01
	-2.125191e-01, -5.000000e-01
	-2.111110e-01, -4.709806e-01
	-1.905732e-01, -4.581727e-01
	-7.255203e-03,  3.756775e-01
	-3.671310e-02,  3.447658e-01
	-4.087095e-01, -2.489134e-01
	-3.738505e-01, -2.049736e-01
	 3.216749e-01, -1.159475e-01
	 2.739087e-01, -1.426319e-01
	 2.539982e-01, -1.319140e-01
	-3.375819e-01,  3.153745e-01
	-3.379773e-01,  3.114829e-01
	-3.688921e-01,  2.813798e-01
	-1.125956e-01, -3.022792e-01
	-2.356714e-01,  3.980845e-01
	-2.165404e-01,  4.219176e-01
	-2.740689e-01,  4.068124e-01
	-2.358561e-01,  4.575180e-01
	-2.632018e-01,  4.624057e-01
	-2.820557e-01,  4.354782e-01
	 4.651647e-01,  1.496769e-01
	 4.042896e-01,  1.262939e-01
	 4.058621e-01,  1.102603e-01
	 4.303982e-01,  1.507608e-01
	-8.615578e-02,  4.712218e-01
	-8.125088e-02,  5.000000e-01
	 5.000000e-01, -7.418204e-02
	 4.776183e-01, -6.959184e-02
	 5.000000e-01, -2.373988e-02
	-2.673009e-01,  1.268446e-01
	-2.935666e-01,  1.805979e-01
	-2.654522e-01,  1.660920e-01
	-3.234397e-01,  1.558060e-01
	-2.592141e-01,  1.483723e-01
	 4.826463e-01,  4.821461e-01
	 5.000000e-01,  4.783886e-01
	 4.778433e-01,  5.000000e-01
	 5.000000e-01,  5.000000e-01
	-2.120408e-01, -2.631367e-01
	-2.219627e-01, -2.354782e-01
	-1.628459e-01, -2.698735e-01
	-1.491647e-01,  4.013595e-02
	-4.201629e-01,  1.200132e-01
	-4.585758e-01,  1.223536e-01
	-9.707083e-02, -5.000000e-01
	-1.016801e-01, -4.736263e-01
	-1.377336e-01, -4.633423e-01
	 1.278180e-01,  4.996673e-01
	 9.410102e-02,  4.522586e-01
	 1.625702e-01,  4.516332e-01
	 1.556631e-01,  4.420737e-01
	-2.372562e-01,  1.079632e-02
	-2.399108e-01,  5.272864e-02
	-2.471046e-01,  6.049395e-02
	-2.972076e-01,  1.849206e-02
	-2.995510e-01, -1.976240e-01
	-3.116973e-01, -2.065593e-01
	-3.086326e-01, -1.411265e-01
	-3.130490e-01, -1.376091e-01
	-3.602563e-01, -1.752367e-01
	-3.644010e-01, -1.577250e-01
	 5.000000e-01, -5.000000e-01
	 5.000000e-01, -4.778486e-01
	 2.367574e-01,  3.717182e-01
	 2.093677e-01,  3.968917e-01
	 1.799277e-01,  3.486811e-01
	 1.874870e-01,  3.888757e-01
	 1.611167e-01, -2.426013e-03
	 1.635589e-01,  6.671884e-03
	 1.920661e-01,  3.215126e-02
	 1.986595e-01, -2.547580e-02
	 2.274732e-01, -1.604774e-02
	 3.020258e-01,  2.374781e-01
	 2.606371e-01,  2.351333e-01
	-3.569887e-01,  1.631993e-01
	 1.539669e-01,  1.799903e-01
	 1.368511e-01,  1.808795e-01
	 1.869810e-01,  2.308778e-01
	 1.203158e-01,  2.275012e-01
	 1.494365e-01,  2.508432e-01
	 1.695977e-01,  2.499860e-01
	 1.193200e-01,  1.957765e-01
	-4.538743e-01,  2.966053e-01
	-5.000000e-01,  3.188406e-01
	-4.764324e-01,  2.601469e-01
	-5.000000e-01,  2.635737e-01
	-1.657780e-01, -1.534862e-02
	-2.057467e-01, -2.902428e-02
	-2.106722e-01, -4.017908e-02
	 3.984654e-01,  2.338758e-01
	 4.213217e-01,  2.343623e-01
	 4.431518e-01,  2.585027e-01
	 1.424405e-01,  5.508000e-02
	 1.788537e-01,  6.869709e-02
	 1.687557e-01,  1.150375e-01
	 1.203487e-01,  3.839791e-01
	 1.547459e-01,  4.106153e-01
	-2.094267e-01,  1.472902e-01
	-2.339962e-01,  9.414436e-02
	-1.843706e-01,  2.571313e-02
	-1.831657e-01,  3.197022e-02
	 4.308229e-01,  2.034103e-01
	 4.159123e-01,  1.861479e-01
	 3.686002e-01,  1.918925e-01
	-2.390355e-01, -2.239166e-01
	-2.402035e-01, -2.239623e-01
	-2.224399e-01, -1.741217e-01
	-2.496242e-01, -1.579205e-01
	-2.807522e-01, -1.970572e-01
	-2.373403e-01,  1.979589e-01
	-2.030755e-01,  1.960999e-01
	-1.955486e-01,  1.767737e-01
	 1.460886e-01, -6.216656e-02
	 1.449936e-01, -1.270378e-02
	 3.081334e-01, -2.651172e-01
	 3.174791e-01, -2.466120e-01
	 3.367061e-01, -2.926066e-01
	 3.493084e-01, -2.922241e-01
	 3.381278e-01,  2.390354e-01
	 1.817475e-01,  2.934124e-01
	-4.703021e-01,  1.366537e-01
	-5.000000e-01,  1.310888e-01
	-3.942457e-01,  4.481263e-01
	-3.895464e-01,  4.252848e-01
	-4.216501e-01,  3.853167e-01
	-4.561735e-01,  3.976181e-01
	-4.342036e-01,  4.482744e-01
	-4.545476e-01,  3.950613e-01
	 5.000000e-01,  3.485880e-02
	 4.793226e-01,  3.429302e-02
	 3.081840e-01, -3.253357e-01
	 2.836695e-01, -3.248700e-01
	 2.809831e-01, -2.729461e-01
	 2.733928e-01, -2.841452e-01
	 5.000000e-01,  1.534654e-01
	 4.676469e-01,  1.516317e-01
	 4.610577e-01,  1.971913e-01
	 4.790331e-01,  2.145845e-01
	 5.000000e-01,  2.118442e-01
	-1.688036e-01, -3.124114e-01
	-1.257602e-01, -3.335678e-01
	-1.371723e-01, -3.355046e-01
	-3.865574e-01, -4.415022e-01
	-3.984951e-01, -3.786183e-01
	-4.051199e-01, -4.206752e-01
	-1.914809e-01,  4.523464e-02
	-2.724426e-01, -4.146533e-01
	-2.991495e-01, -3.569713e-01
	-2.640014e-01, -3.884504e-01
	-3.524256e-01, -9.670788e-02
	-1.448298e-01, -1.406396e-01
	-2.027820e-01, -1.684835e-01
	-3.636930e-01,  1.707704e-01
	-4.092635e-01,  1.569846e-01
	-2.848064e-01, -3.123900e-01
	-3.250493e-01, -3.076636e-01
	-2.720923e-01, -2.838752e-01
	-2.782521e-01, -2.687070e-01
	-2.180960e-01,  3.448160e-03
	 1.742058e-01,  4.562271e-01
	 2.232623e-01,  4.308262e-01
	 3.340928e-01, -1.589419e-01
	 3.075914e-01, -1.736711e-01
	 2.811374e-01, -1.602753e-01
	 2.854815e-01, -3.829114e-01
	 2.838638e-01, -4.032647e-01
	 2.419683e-01, -4.147962e-01
	 9.843320e-02,  2.468387e-01
	-4.738920e-01,  3.542374e-01
	-5.000000e-01,  3.433235e-01
	 2.097978e-01,  2.279219e-01
	 2.276770e-01,  2.782488e-01
	 2.555360e-01,  2.740654e-01
	-2.566604e-01, -6.711956e-02
	-9.047675e-02,  1.713553e-01
	-4.459247e-02,  2.051449e-01
	-3.133349e-01, -1.028268e-01
	-3.153439e-01, -1.054337e-01
	-3.175866e-01, -6.824939e-02
	 4.508503e-01,  2.599892e-01
	 5.000000e-01,  2.614492e-01
	 4.631760e-01,  2.534651e-01
	-2.733472e-01, -9.728412e-02
	-2.559906e-01, -1.375972e-01
	-2.600661e-01, -1.349482e-01
	-4.096284e-01, -4.687713e-01
	-4.386828e-01, -4.603590e-01
	-4.321714e-01, -4.275094e-01
	 3.036323e-01, -2.125238e-01
	 2.577536e-01, -2.276465e-01
	 2.641974e-01, -2.136700e-01
	-5.000000e-01, -3.917845e-02
	 2.744368e-01,  2.881682e-01
	 9.368411e-02, -4.735072e-01
	 1.021095e-01, -5.000000e-01
	 2.557085e-02, -5.000000e-01
	 2.600983e-01, -2.031790e-01
	 2.166840e-01, -1.743779e-01
	-2.565806e-01,  2.325114e-01
	-2.832971e-01,  2.303833e-01
	-2.993319e-01,  2.036042e-01
	-1.305499e-01,  2.708031e-01
	-1.366557e-01, -4.213675e-01
	-1.274964e-01, -4.098604e-01
	-1.268367e-01, -3.970565e-01
	-1.542853e-01, -3.681159e-01
	-4.189698e-01,  2.532454e-01
	-3.976848e-01,  2.241893e-01
	-3.070572e-01,  2.603496e-01
	-3.048071e-01,  2.718429e-01
	-2.761607e-01,  2.956097e-01
	-2.520861e-01,  2.847916e-01
	-2.456240e-01,  2.444949e-01
	-7.465792e-03, -1.531632e-01
	 1.937795e-01, -4.715184e-01
	 2.020446e-01, -4.360095e-01
	 1.950338e-01, -4.728959e-01
	 2.363074e-01, -4.276189e-01
	-2.100535e-01,  4.838216e-01
	-1.740808e-01,  4.703326e-01
	-1.726235e-01,  4.247812e-01
	-1.834946e-01,  4.171767e-01
	-1.372812e-01,  4.220790e-01
	-1.492232e-01,  4.900634e-01
	-1.221917e-01,  4.656873e-01
	 2.591559e-01,  1.411531e-01
	-4.624918e-02, -2.737465e-01
	-4.573574e-03, -2.524037e-01
	 2.808905e-02, -2.875583e-01
	 5.000000e-01, -4.246879e-01
	 2.037773e-01,  1.636973e-01
	 1.678665e-01,  1.666717e-01
	 2.331679e-01,  4.356542e-01
	 5.000000e-01, -1.966661e-01
	 4.483650e-01, -2.005873e-01
	 5.000000e-01, -1.786156e-01
	 6.378483e-02,  2.377906e-01
	 4.102497e-02,  2.514928e-01
	-4.602584e-01, -4.720883e-01
	-4.627930e-01, -5.000000e-01
	-5.000000e-01, -5.000000e-01
	-4.392717e-01,  5.000000e-01
	-4.480990e-01,  4.663223e-01
	-5.000000e-01,  5.000000e-01
	 3.457840e-01, -2.006802e-01
	 3.514599e-01, -1.673748e-01
	 3.116557e-01,  2.477852e-01
	 3.104780e-01, -2.042765e-01
	-3.971724e-01, -5.000000e-01
	-3.312471e-01, -2.440107e-02
	 9.933600e-02, -8.984480e-02
	 2.448442e-01,  4.686280e-01
	 1.965542e-01,  4.962651e-01
	 1.959671e-01,  5.000000e-01
	-4.374715e-01,  1.894420e-01
	-2.381889e-01, -4.566692e-01
	-2.591840e-01,  3.455484e-01
	-2.798242e-01,  3.199624e-01
	-3.248374e-01,  3.297009e-01
	-2.933281e-01,  3.811167e-01
	-2.591376e-01,  3.477304e-01
	-3.889828e-01,  7.024654e-03
	-1.489671e-01,  5.000000e-01
	-2.104672e-01,  5.000000e-01
	-2.505895e-01, -3.794428e-01
	-2.029544e-01, -3.297203e-01
	-2.537978e-01, -3.391335e-01
	-2.172732e-01, -3.212762e-01
	 1.417923e-01,  5.336049e-02
	-4.644715e-01,  2.351197e-01
	 3.295059e-01, -3.665243e-01
	 3.452262e-01, -3.990013e-01
	 3.097356e-01,  2.600751e-01
	 3.327015e-01,  3.016795e-01
	-2.275419e-01, -2.873979e-01
	 2.807179e-01,  8.348626e-02
	-2.802065e-01, -3.274136e-01
	 4.658090e-01, -3.661742e-01
	 5.000000e-01, -3.619097e-01
	 2.367748e-01, -2.828562e-01
	 2.331226e-01, -2.415538e-01
	-3.331841e-01, -1.147817e-03
	 1.035263e-01, -8.032101e-03
	 4.092720e-01,  4.995951e-02
	 9.046112e-02, -3.842351e-01
	 9.152368e-02, -3.973784e-01
	 1.858235e-01, -3.958559e-01
	 1.547526e-01, -3.799394e-01
	 2.175411e-01, -2.995504e-01
	 1.963820e-01, -5.000000e-01
	 1.517010e-01, -5.000000e-01
	 1.662207e-01, -4.724119e-01
	-4.170243e-01, -3.058106e-01
	-3.856261e-01, -3.122161e-01
	 1.835357e-01, -4.152241e-01
	 1.402625e-01, -4.348833e-01
	 1.397395e-01, -4.389647e-01
	-2.337689e-01,  3.754794e-01
	-4.265485e-01, -2.824135e-01
	 7.185571e-02,  1.881253e-01
	 7.255944e-02,  1.875650e-01
	 2.221786e-02,  1.903462e-01
	 5.000000e-01, -3.027123e-01
	 1.262976e-01, -4.111240e-01
	 2.103831e-01, -1.753900e-01
	 2.909801e-01, -2.890333e-02
	 3.496873e-01, -1.746694e-02
	 4.273900e-01, -6.936874e-02
	 4.626279e-01, -8.022270e-02
	 3.322758e-02, -3.478178e-02
	 4.574624e-02, -5.267874e-02
	 3.961968e-01, -1.956504e-02
	 1.847486e-01, -2.645063e-01
	-9.593873e-03, -5.000000e-01
	-5.570550e-02, -5.000000e-01
	 3.760687e-01, -7.682684e-03
	-1.527620e-01,  2.278835e-01
	-2.028975e-01,  1.965327e-01
	-2.148703e-01,  2.444333e-01
	 5.000000e-01, -1.214238e-01
	-4.090399e-01,  5.000000e-01
	-3.868420e-01,  4.616020e-01
	 1.369555e-02,  2.317027e-01
	-2.404582e-01, -4.384450e-01
	 3.346830e-01, -3.525897e-01
	 9.379242e-02, -3.194578e-02
	-4.623167e-01, -2.737637e-01
	-3.236632e-01,  4.314469e-01
	-2.657634e-01,  4.670884e-01
	 1.096336e-01, -6.976505e-02
	-4.885677e-01, -3.097526e-01
	-1.860284e-02,  2.402496e-01
	-7.931454e-02, -4.201708e-01
	-2.638236e-01,  5.000000e-01
	 5.000000e-01,  8.881565e-02
	-5.000000e-01, -3.090292e-01
	 1.278315e-01,  5.000000e-01
Mesh Facets: 1267
	21, 22
	129, 128
	145, 146
	140, 141
	134, 136
	86, 88
	178, 176
	115, 114
	198, 197
	206, 204
	220, 222
	77, 76
	240, 241
	246, 245
	28, 25
	46, 47
	65, 67
	2, 1
	274, 276
	49, 45
	279, 278
	223, 225
	209, 207
	58, 56
	299, 298
	148, 151
	182, 114
	114, 113
	161, 162
	251, 249
	145, 143
	319, 145
	28, 256
	28, 27
	194, 195
	328, 327
	96, 100
	23, 24
	0, 6
	10, 12
	156, 155
	36, 37
	41, 40
	221, 218
	32, 30
	43, 45
	279, 45
	351, 279
	103, 106
	73, 74
	336, 156
	156, 134
	132, 134
	206, 208
	368, 206
	215, 216
	191, 192
	93, 91
	153, 136
	136, 135
	253, 252
	324, 323
	175, 173
	150, 149
	274, 275
	223, 280
	223, 224
	408, 274
	142, 139
	226, 228
	186, 188
	90, 94
	7, 8
	157, 160
	243, 245
	245, 412
	56, 283
	56, 57
	386, 384
	99, 101
	94, 411
	92, 94
	247, 244
	63, 64
	309, 310
	91, 89
	91, 380
	429, 430
	335, 334
	400, 401
	289, 288
	302, 304
	440, 442
	303, 305
	369, 370
	218, 345
	218, 217
	315, 162
	162, 159
	425, 424
	110, 111
	322, 326
	236, 237
	458, 459
	164, 167
	42, 41
	41, 340
	129, 133
	126, 129
	364, 367
	485, 484
	180, 181
	202, 201
	500, 501
	504, 502
	508, 509
	248, 249
	316, 249
	372, 373
	433, 434
	95, 97
	487, 489
	87, 84
	352, 353
	61, 62
	3, 4
	232, 231
	441, 247
	534, 246
	246, 247
	537, 535
	121, 120
	332, 333
	545, 546
	546, 544
	66, 67
	267, 67
	36, 155
	38, 36
	155, 154
	321, 320
	174, 177
	531, 530
	447, 446
	191, 375
	191, 189
	553, 508
	508, 507
	331, 330
	262, 261
	571, 570
	570, 408
	408, 407
	405, 403
	104, 105
	377, 378
	70, 68
	24, 333
	24, 26
	541, 333
	594, 592
	386, 421
	386, 385
	414, 413
	495, 497
	464, 465
	463, 159
	159, 158
	557, 559
	542, 538
	341, 339
	153, 154
	153, 385
	385, 595
	550, 154
	598, 599
	542, 606
	542, 540
	171, 170
	579, 576
	393, 394
	612, 598
	376, 379
	416, 414
	414, 598
	589, 588
	388, 387
	176, 630
	177, 176
	552, 177
	207, 284
	370, 462
	370, 208
	208, 207
	537, 120
	637, 537
	120, 119
	463, 604
	463, 315
	251, 315
	252, 251
	252, 390
	623, 625
	647, 643
	549, 66
	62, 522
	62, 66
	344, 346
	347, 32
	59, 60
	33, 32
	48, 46
	265, 46
	550, 38
	550, 609
	338, 40
	40, 38
	607, 339
	339, 338
	654, 338
	561, 562
	44, 47
	266, 47
	111, 108
	425, 111
	422, 425
	418, 420
	268, 269
	26, 27
	583, 26
	320, 551
	27, 320
	437, 436
	596, 597
	560, 262
	258, 262
	575, 573
	605, 559
	559, 558
	517, 516
	51, 50
	391, 388
	388, 588
	588, 587
	21, 19
	678, 21
	636, 634
	68, 69
	68, 582
	421, 419
	421, 597
	257, 258
	258, 597
	295, 294
	210, 212
	658, 108
	108, 107
	284, 462
	284, 58
	345, 346
	345, 462
	58, 59
	59, 346
	205, 204
	204, 689
	468, 466
	291, 292
	682, 419
	419, 417
	653, 651
	624, 623
	623, 641
	197, 700
	195, 197
	195, 325
	404, 406
	31, 35
	681, 680
	703, 704
	398, 397
	517, 672
	517, 518
	618, 540
	540, 539
	567, 569
	422, 658
	658, 686
	423, 422
	104, 578
	104, 102
	497, 602
	497, 493
	267, 548
	267, 269
	615, 613
	660, 269
	616, 615
	692, 417
	417, 418
	418, 660
	660, 615
	215, 214
	215, 374
	300, 301
	688, 205
	205, 209
	600, 413
	413, 283
	283, 209
	16, 18
	454, 453
	521, 353
	358, 353
	707, 708
	166, 165
	313, 314
	599, 600
	610, 599
	690, 688
	646, 645
	600, 688
	498, 499
	524, 526
	729, 728
	142, 410
	141, 142
	394, 149
	394, 626
	149, 141
	192, 193
	378, 192
	70, 72
	70, 378
	629, 630
	240, 238
	630, 240
	10, 6
	11, 10
	5, 6
	571, 407
	738, 571
	407, 280
	280, 281
	496, 495
	495, 603
	29, 30
	669, 573
	572, 573
	349, 30
	744, 742
	113, 306
	113, 116
	250, 253
	253, 391
	676, 391
	608, 595
	595, 596
	667, 596
	485, 486
	749, 485
	748, 749
	752, 750
	22, 752
	20, 22
	395, 396
	307, 308
	377, 379
	377, 581
	627, 379
	624, 393
	624, 697
	395, 393
	395, 753
	278, 757
	49, 278
	694, 651
	651, 48
	49, 48
	404, 402
	404, 680
	680, 679
	586, 589
	589, 628
	687, 107
	109, 107
	259, 260
	172, 169
	476, 164
	381, 382
	163, 164
	762, 319
	319, 318
	453, 452
	661, 662
	716, 453
	238, 629
	238, 239
	551, 552
	551, 662
	552, 629
	662, 763
	351, 350
	510, 509
	509, 351
	82, 80
	392, 173
	173, 174
	255, 256
	174, 321
	321, 256
	772, 771
	727, 728
	728, 732
	737, 736
	432, 431
	311, 312
	403, 402
	402, 628
	387, 389
	628, 387
	403, 574
	683, 295
	478, 42
	295, 297
	39, 42
	14, 13
	167, 166
	167, 477
	125, 126
	481, 126
	166, 722
	152, 150
	150, 396
	306, 743
	306, 307
	396, 307
	161, 316
	160, 161
	244, 243
	439, 244
	160, 243
	316, 512
	219, 222
	222, 545
	545, 543
	601, 464
	236, 234
	236, 464
	257, 682
	257, 259
	687, 259
	685, 687
	691, 682
	747, 748
	694, 757
	757, 748
	695, 694
	357, 358
	593, 591
	715, 358
	541, 539
	541, 583
	451, 452
	661, 452
	709, 539
	583, 661
	674, 673
	200, 203
	415, 416
	416, 627
	627, 755
	668, 669
	761, 760
	741, 669
	774, 776
	547, 549
	648, 549
	151, 152
	151, 299
	152, 743
	743, 742
	742, 299
	602, 601
	602, 578
	777, 601
	578, 577
	193, 190
	734, 193
	492, 494
	656, 266
	664, 663
	266, 264
	99, 98
	99, 424
	196, 194
	424, 322
	194, 322
	657, 656
	785, 656
	775, 773
	441, 442
	442, 457
	731, 733
	533, 441
	738, 281
	281, 282
	787, 738
	642, 641
	641, 698
	261, 563
	261, 260
	758, 260
	713, 714
	650, 649
	273, 272
	782, 781
	701, 35
	35, 34
	766, 767
	520, 519
	719, 718
	74, 336
	76, 74
	296, 292
	292, 468
	468, 237
	336, 337
	76, 237
	373, 374
	373, 513
	302, 456
	302, 300
	300, 374
	577, 576
	777, 577
	234, 777
	235, 234
	576, 622
	8, 11
	8, 411
	432, 411
	737, 432
	11, 737
	231, 229
	531, 231
	531, 447
	444, 447
	399, 400
	400, 334
	334, 12
	12, 9
	693, 691
	686, 567
	686, 685
	691, 685
	566, 567
	683, 478
	683, 210
	211, 210
	479, 478
	608, 667
	609, 608
	561, 654
	560, 561
	667, 560
	654, 609
	54, 55
	185, 184
	196, 98
	198, 196
	327, 198
	100, 327
	98, 100
	52, 53
	788, 642
	642, 640
	798, 799
	723, 725
	520, 718
	520, 521
	521, 454
	455, 454
	718, 717
	513, 456
	513, 512
	440, 456
	440, 439
	439, 512
	69, 71
	679, 69
	584, 586
	739, 740
	586, 679
	265, 652
	265, 263
	363, 365
	723, 724
	723, 800
	768, 769
	525, 523
	433, 438
	433, 514
	801, 802
	291, 293
	291, 466
	466, 467
	298, 811
	148, 140
	148, 298
	138, 140
	666, 436
	617, 614
	436, 435
	565, 564
	702, 397
	399, 794
	399, 397
	804, 805
	341, 606
	341, 340
	606, 620
	480, 340
	428, 429
	429, 380
	169, 381
	169, 168
	380, 381
	794, 793
	185, 796
	187, 185
	794, 812
	362, 361
	490, 488
	115, 179
	118, 115
	477, 481
	475, 477
	482, 481
	816, 179
	123, 124
	491, 180
	179, 180
	184, 55
	184, 183
	55, 53
	797, 53
	822, 823
	287, 285
	326, 110
	326, 324
	770, 392
	324, 392
	112, 110
	285, 823
	823, 553
	554, 553
	286, 285
	776, 775
	775, 785
	663, 665
	783, 776
	785, 663
	519, 767
	519, 352
	352, 354
	80, 767
	78, 80
	491, 490
	820, 491
	490, 815
	471, 470
	368, 369
	544, 368
	219, 543
	543, 544
	219, 217
	217, 369
	535, 828
	536, 535
	118, 817
	117, 118
	751, 750
	750, 829
	631, 635
	808, 810
	746, 745
	130, 131
	383, 384
	420, 659
	420, 384
	461, 460
	730, 524
	806, 523
	523, 524
	657, 773
	773, 13
	13, 15
	655, 657
	227, 228
	409, 228
	780, 779
	355, 356
	636, 677
	636, 633
	833, 779
	50, 52
	50, 673
	673, 779
	52, 640
	640, 639
	819, 818
	77, 235
	77, 75
	235, 791
	450, 335
	0, 335
	1, 0
	270, 1
	710, 214
	470, 473
	825, 470
	214, 213
	263, 802
	263, 264
	664, 264
	437, 664
	802, 438
	438, 437
	95, 514
	514, 807
	96, 329
	96, 95
	528, 527
	506, 503
	582, 681
	582, 581
	681, 701
	701, 781
	781, 755
	755, 581
	109, 758
	109, 112
	255, 254
	790, 758
	112, 770
	770, 255
	410, 409
	409, 833
	626, 410
	626, 625
	833, 639
	639, 625
	105, 580
	105, 106
	362, 814
	106, 362
	83, 85
	791, 622
	791, 834
	622, 621
	807, 801
	801, 365
	835, 807
	365, 366
	799, 800
	799, 703
	800, 805
	703, 702
	805, 702
	216, 371
	216, 212
	684, 212
	18, 14
	714, 18
	648, 774
	648, 650
	650, 714
	14, 774
	471, 827
	472, 471
	720, 721
	810, 293
	293, 294
	684, 840
	294, 684
	810, 831
	314, 310
	310, 449
	722, 125
	722, 314
	127, 125
	308, 754
	182, 308
	181, 182
	489, 181
	670, 516
	489, 516
	19, 20
	20, 751
	751, 635
	635, 634
	634, 19
	713, 273
	273, 271
	712, 713
	772, 727
	842, 772
	837, 527
	526, 527
	526, 727
	708, 717
	708, 709
	455, 717
	455, 451
	709, 451
	809, 467
	590, 585
	469, 467
	675, 51
	51, 54
	54, 795
	726, 724
	724, 803
	448, 309
	311, 736
	309, 311
	736, 735
	782, 34
	782, 415
	33, 60
	60, 57
	57, 415
	34, 33
	92, 431
	92, 93
	165, 313
	165, 163
	163, 382
	313, 312
	382, 93
	312, 431
	226, 225
	226, 139
	139, 137
	225, 282
	786, 282
	488, 487
	487, 84
	814, 488
	814, 83
	84, 83
	817, 816
	816, 124
	124, 121
	536, 817
	121, 536
	704, 398
	704, 822
	289, 401
	289, 287
	401, 398
	822, 287
	3, 2
	3, 522
	522, 649
	272, 649
	272, 2
	534, 533
	533, 733
	732, 771
	732, 733
	771, 534
	643, 843
	232, 529
	643, 644
	233, 232
	286, 554
	554, 555
	290, 286
	712, 841
	712, 711
	366, 839
	366, 367
	484, 844
	367, 484
	616, 617
	616, 692
	566, 693
	564, 566
	617, 564
	693, 692
	812, 804
	812, 796
	796, 795
	795, 803
	803, 804
	328, 329
	844, 328
	835, 839
	835, 329
	844, 839
	707, 721
	721, 827
	618, 619
	618, 707
	827, 826
	65, 268
	268, 659
	131, 659
	131, 127
	127, 449
	449, 64
	64, 65
	699, 697
	672, 705
	672, 671
	697, 756
	202, 498
	202, 203
	674, 203
	675, 674
	675, 726
	498, 726
	383, 135
	135, 128
	128, 130
	383, 130
	787, 786
	786, 137
	137, 138
	811, 138
	811, 787
	172, 759
	172, 170
	621, 170
	838, 621
	797, 788
	797, 821
	789, 788
	426, 427
	360, 361
	824, 815
	815, 361
	445, 443
	305, 301
	301, 710
	459, 305
	473, 459
	710, 473
	783, 665
	547, 783
	548, 547
	613, 548
	666, 614
	665, 666
	613, 614
	563, 790
	563, 331
	790, 254
	254, 25
	25, 23
	23, 331
	359, 103
	493, 492
	492, 784
	102, 493
	103, 102
	504, 505
	829, 504
	829, 830
	632, 633
	633, 355
	78, 354
	354, 355
	79, 78
	43, 44
	43, 350
	350, 764
	655, 832
	44, 655
	813, 168
	168, 88
	706, 518
	88, 87
	87, 518
	344, 347
	344, 343
	317, 143
	143, 144
	347, 348
	842, 837
	837, 503
	502, 503
	502, 842
	72, 71
	72, 734
	739, 71
	739, 496
	494, 496
	734, 494
	75, 818
	818, 482
	73, 75
	132, 73
	133, 132
	133, 482
	574, 575
	574, 389
	604, 605
	605, 575
	389, 390
	604, 390
	359, 360
	359, 784
	190, 189
	784, 190
	189, 446
	360, 445
	446, 445
	525, 768
	525, 528
	81, 82
	836, 528
	768, 82
	17, 16
	711, 555
	711, 16
	507, 511
	555, 507
	412, 845
	412, 157
	158, 157
	556, 557
	557, 158
	275, 224
	275, 277
	780, 227
	227, 224
	199, 200
	780, 200
	486, 747
	486, 483
	695, 747
	695, 696
	645, 610
	645, 644
	611, 610
	644, 529
	529, 532
	15, 832
	15, 17
	17, 511
	511, 510
	510, 764
	764, 832
	647, 646
	689, 647
	690, 689
	646, 690
	593, 778
	594, 593
	241, 594
	242, 241
	532, 530
	530, 375
	376, 612
	376, 375
	611, 532
	612, 611
	620, 619
	620, 480
	825, 213
	826, 825
	211, 479
	479, 480
	619, 826
	213, 211
	63, 448
	63, 61
	5, 4
	5, 735
	61, 4
	448, 735
	343, 144
	342, 343
	147, 144
	830, 505
	830, 631
	632, 631
	836, 81
	81, 79
	836, 506
	505, 506
	79, 632
	778, 715
	778, 242
	715, 716
	716, 763
	763, 239
	242, 239
	175, 323
	178, 175
	700, 178
	325, 700
	323, 325
	465, 469
	465, 603
	603, 740
	469, 585
	585, 584
	740, 584
	699, 705
	699, 698
	428, 813
	426, 428
	706, 705
	813, 706
	698, 789
	789, 426
	572, 29
	29, 31
	405, 572
	405, 406
	31, 406
	678, 677
	592, 678
	357, 356
	357, 591
	677, 356
	591, 592
	458, 474
	458, 460
	769, 806
	765, 769
	460, 806
	147, 342
	147, 146
	146, 220
	220, 221
	221, 342
	97, 101
	97, 515
	101, 423
	569, 423
	569, 568
	271, 270
	271, 841
	450, 288
	288, 290
	270, 450
	290, 841
	187, 793
	187, 188
	7, 188
	9, 7
	793, 9
	809, 808
	590, 809
	745, 676
	808, 745
	676, 587
	587, 590
	744, 116
	828, 744
	117, 828
	116, 117
	474, 765
	474, 472
	766, 765
	719, 766
	472, 720
	720, 719
	122, 123
	123, 820
	444, 792
	443, 444
	824, 443
	820, 824
	838, 759
	838, 834
	475, 819
	476, 475
	834, 819
	759, 476
	637, 638
	843, 637
	230, 233
	233, 843
	668, 558
	668, 761
	845, 556
	845, 762
	762, 761
	558, 556
	725, 798
	725, 499
	499, 501
	501, 798
	337, 37
	37, 39
	39, 297
	297, 296
	296, 337
	304, 303
	457, 304
	730, 729
	461, 730
	731, 457
	731, 729
	303, 461
	753, 756
	753, 754
	671, 670
	670, 754
	756, 671
	276, 277
	276, 500
	199, 277
	199, 201
	500, 201
	86, 171
	86, 85
	85, 580
	171, 579
	579, 580
	565, 435
	565, 568
	515, 568
	434, 515
	435, 434
	607, 562
	538, 607
	332, 538
	330, 332
	562, 330
	230, 638
	638, 119
	792, 229
	229, 230
	119, 122
	792, 122
	653, 696
	652, 653
	364, 363
	483, 364
	652, 363
	696, 483
	349, 741
	348, 349
	760, 741
	760, 318
	317, 348
	318, 317
	427, 821
	430, 427
	89, 430
	821, 183
	183, 186
	89, 90
	186, 90
	831, 746
	831, 840
	372, 371
	372, 248
	250, 746
	248, 250
	840, 371
Facet Neighbors: 1267
	-1, 3
	21, 22
	-4, 24
	23, 25
	22, 26
	14, 29
	-1, 30
	19, 31
	-1, 34
	-2, 36
	-4, 38
	12, 41
	-1, 42
	-4, 43
	4, 45
	7, 47
	10, 48
	0, 49
	-3, 50
	7, 51
	-3, 51
	39, 52
	36, 53
	9, 53
	-2, 56
	25, 56
	31, 58
	19, 58
	27, 60
	44, 60
	24, 61
	-4, 61
	45, 62
	4, 62
	34, 63
	-1, 64
	16, 64
	4, 65
	0, 66
	1, 66
	26, 67
	6, 67
	6, 68
	38, 69
	5, 70
	7, 71
	51, 71
	-3, 71
	17, 73
	12, 74
	67, 74
	26, 74
	22, 74
	36, 76
	-2, 76
	37, 77
	33, 78
	15, 79
	26, 80
	22, 80
	44, 81
	63, 82
	30, 82
	25, 83
	50, 86
	52, 86
	39, 86
	-3, 86
	23, 87
	39, 87
	32, 88
	15, 88
	1, 88
	27, 89
	43, 89
	-4, 89
	53, 90
	9, 90
	80, 91
	16, 92
	88, 94
	15, 94
	43, 96
	10, 98
	59, 98
	15, 99
	79, 99
	93, 99
	66, 100
	84, 100
	54, 100
	57, 102
	96, 102
	57, 103
	76, 104
	69, 104
	38, 104
	60, 105
	27, 105
	92, 106
	18, 106
	63, 106
	41, 107
	103, 108
	28, 109
	6, 110
	68, 110
	22, 111
	21, 111
	75, 112
	-1, 112
	31, 113
	35, 115
	-3, 115
	-4, 116
	-3, 117
	44, 118
	60, 118
	77, 118
	95, 119
	16, 119
	113, 120
	14, 120
	72, 121
	10, 122
	0, 122
	40, 124
	96, 125
	-4, 125
	43, 125
	-2, 126
	20, 126
	65, 127
	-4, 128
	-2, 128
	10, 129
	48, 129
	67, 130
	6, 130
	26, 130
	62, 131
	30, 131
	124, 132
	97, 132
	78, 132
	33, 132
	-3, 133
	117, 133
	65, 135
	46, 135
	-2, 137
	-3, 137
	86, 137
	85, 138
	17, 139
	78, 140
	11, 140
	65, 141
	4, 141
	127, 141
	-1, 143
	91, 144
	80, 144
	90, 145
	114, 146
	107, 146
	105, 147
	27, 147
	134, 147
	127, 148
	68, 148
	26, 149
	80, 149
	144, 149
	130, 149
	145, 150
	148, 152
	127, 152
	29, 153
	139, 153
	83, 154
	150, 155
	78, 155
	90, 155
	145, 155
	142, 156
	81, 156
	-1, 157
	30, 157
	131, 157
	53, 159
	104, 159
	76, 159
	36, 159
	126, 160
	-2, 160
	20, 160
	147, 161
	105, 161
	60, 161
	44, 161
	81, 161
	154, 162
	-2, 163
	129, 164
	122, 164
	10, 164
	69, 165
	70, 165
	9, 165
	5, 165
	7, 166
	47, 166
	130, 167
	149, 167
	68, 167
	6, 167
	148, 168
	68, 168
	167, 168
	135, 168
	7, 169
	47, 169
	18, 170
	106, 170
	92, 170
	91, 171
	48, 171
	4, 172
	141, 172
	131, 172
	62, 172
	95, 173
	144, 174
	135, 174
	46, 174
	138, 175
	147, 175
	134, 175
	120, 176
	8, 177
	81, 178
	156, 178
	142, 178
	3, 179
	-1, 179
	158, 179
	11, 180
	140, 180
	91, 181
	144, 181
	46, 181
	174, 181
	55, 182
	37, 182
	170, 183
	18, 183
	159, 184
	53, 184
	69, 184
	104, 184
	9, 184
	165, 184
	36, 185
	-2, 185
	107, 186
	55, 186
	181, 187
	91, 187
	166, 188
	154, 189
	162, 189
	-1, 190
	34, 190
	63, 190
	85, 191
	5, 191
	180, 191
	-3, 192
	84, 192
	176, 193
	120, 193
	152, 194
	127, 194
	136, 195
	170, 195
	183, 195
	92, 195
	139, 196
	17, 196
	146, 196
	114, 196
	129, 197
	48, 197
	151, 197
	171, 197
	151, 198
	187, 198
	91, 198
	171, 198
	197, 198
	37, 199
	77, 199
	57, 199
	185, 200
	36, 200
	145, 200
	90, 200
	53, 200
	2, 201
	101, 202
	121, 202
	72, 202
	194, 203
	28, 204
	59, 204
	145, 205
	150, 205
	185, 205
	163, 205
	200, 205
	115, 206
	123, 207
	207, 208
	87, 209
	23, 209
	83, 209
	154, 209
	25, 209
	33, 210
	78, 210
	11, 210
	140, 210
	157, 211
	42, 211
	-1, 211
	66, 212
	1, 212
	0, 212
	137, 213
	-2, 213
	86, 213
	52, 213
	114, 214
	146, 214
	5, 215
	175, 215
	138, 215
	70, 215
	-2, 216
	58, 216
	19, 216
	44, 217
	81, 217
	178, 217
	149, 218
	144, 218
	174, 218
	112, 219
	-1, 219
	-3, 219
	-4, 220
	-1, 220
	3, 220
	83, 221
	58, 221
	78, 222
	140, 222
	155, 222
	154, 223
	189, 223
	83, 223
	221, 223
	-3, 224
	51, 224
	188, 224
	166, 224
	7, 224
	85, 225
	191, 225
	180, 225
	142, 225
	156, 225
	183, 226
	18, 226
	46, 226
	29, 227
	109, 227
	79, 227
	28, 227
	-4, 228
	61, 228
	101, 229
	172, 229
	202, 229
	211, 230
	42, 230
	131, 230
	172, 230
	157, 230
	229, 230
	71, 231
	117, 231
	-3, 231
	13, 232
	82, 233
	30, 233
	45, 233
	131, 233
	62, 233
	-4, 234
	207, 234
	208, 234
	212, 235
	94, 235
	59, 235
	85, 236
	225, 236
	81, 236
	156, 236
	138, 236
	182, 237
	110, 237
	55, 237
	6, 237
	2, 238
	28, 239
	109, 239
	21, 239
	111, 239
	204, 239
	25, 240
	83, 240
	216, 240
	58, 240
	221, 240
	60, 241
	27, 241
	43, 241
	96, 241
	89, 241
	118, 241
	38, 242
	-4, 242
	128, 242
	146, 243
	41, 243
	107, 243
	181, 244
	46, 244
	226, 244
	183, 244
	187, 244
	219, 245
	224, 245
	-3, 245
	188, 245
	72, 246
	143, 246
	202, 246
	127, 247
	141, 247
	101, 247
	229, 247
	194, 247
	172, 247
	177, 248
	35, 248
	90, 249
	155, 249
	222, 249
	175, 250
	228, 250
	215, 250
	238, 251
	129, 251
	164, 251
	25, 252
	56, 252
	240, 252
	216, 252
	-2, 252
	146, 253
	196, 253
	243, 253
	139, 253
	33, 254
	210, 254
	114, 254
	169, 255
	173, 255
	47, 255
	16, 256
	92, 256
	34, 256
	106, 256
	63, 256
	169, 257
	255, 257
	238, 257
	96, 258
	102, 258
	208, 258
	125, 258
	213, 259
	52, 259
	-2, 259
	162, 260
	189, 260
	135, 261
	46, 261
	226, 261
	201, 262
	164, 262
	49, 262
	249, 263
	191, 263
	5, 263
	232, 264
	121, 264
	203, 264
	74, 265
	12, 265
	55, 265
	186, 265
	107, 265
	67, 265
	41, 265
	77, 266
	118, 266
	102, 266
	57, 266
	199, 266
	139, 267
	253, 267
	243, 267
	41, 267
	153, 267
	1, 268
	88, 268
	94, 268
	235, 268
	212, 268
	40, 269
	124, 269
	132, 269
	97, 269
	84, 270
	100, 270
	66, 270
	1, 270
	187, 271
	195, 271
	183, 271
	244, 271
	136, 271
	237, 272
	182, 272
	37, 272
	110, 272
	218, 273
	149, 273
	168, 273
	135, 273
	174, 273
	167, 273
	8, 274
	32, 274
	256, 275
	34, 275
	-1, 275
	64, 275
	16, 275
	8, 276
	260, 276
	162, 276
	-3, 277
	206, 277
	264, 278
	121, 278
	202, 278
	101, 278
	203, 278
	266, 279
	118, 279
	102, 279
	96, 279
	241, 279
	11, 280
	180, 280
	142, 280
	214, 280
	225, 280
	166, 281
	47, 281
	75, 281
	206, 282
	277, 282
	232, 283
	123, 283
	95, 284
	119, 284
	281, 284
	55, 285
	186, 285
	107, 285
	-2, 286
	25, 286
	56, 286
	23, 286
	173, 287
	151, 287
	95, 287
	136, 287
	192, 288
	270, 288
	84, 288
	282, 288
	148, 289
	68, 289
	152, 289
	110, 289
	93, 290
	99, 290
	227, 290
	29, 290
	79, 290
	270, 291
	274, 291
	32, 291
	288, 291
	73, 292
	113, 292
	31, 293
	19, 293
	239, 294
	109, 294
	111, 294
	293, 295
	20, 295
	113, 295
	31, 295
	274, 296
	32, 296
	8, 296
	276, 296
	-3, 297
	54, 297
	106, 298
	63, 298
	233, 298
	82, 298
	18, 298
	297, 299
	-3, 299
	133, 299
	54, 299
	238, 300
	257, 300
	173, 300
	251, 300
	255, 300
	264, 301
	121, 301
	72, 301
	232, 301
	13, 301
	113, 302
	295, 302
	292, 302
	108, 303
	76, 304
	-2, 304
	242, 304
	128, 304
	38, 304
	104, 304
	-2, 305
	126, 305
	293, 305
	19, 305
	220, 306
	-4, 306
	158, 306
	285, 307
	217, 307
	21, 308
	80, 308
	171, 308
	91, 308
	103, 309
	207, 309
	283, 309
	123, 309
	257, 310
	238, 310
	2, 310
	169, 310
	39, 311
	87, 311
	248, 311
	72, 312
	179, 312
	158, 312
	311, 313
	8, 313
	177, 313
	248, 313
	276, 313
	162, 313
	294, 314
	41, 314
	12, 314
	267, 314
	100, 315
	66, 315
	0, 315
	49, 315
	199, 316
	108, 316
	303, 316
	37, 316
	281, 317
	47, 317
	255, 317
	173, 317
	284, 317
	95, 317
	119, 318
	284, 318
	64, 318
	16, 318
	123, 319
	116, 319
	180, 320
	140, 320
	191, 320
	263, 320
	249, 320
	222, 320
	226, 321
	18, 321
	45, 321
	261, 321
	298, 321
	233, 321
	87, 322
	311, 322
	209, 322
	154, 322
	313, 322
	162, 322
	139, 323
	17, 323
	292, 323
	73, 323
	14, 323
	267, 324
	314, 324
	153, 324
	284, 325
	281, 325
	318, 325
	75, 325
	277, 326
	-3, 326
	282, 326
	192, 326
	288, 326
	77, 327
	37, 327
	182, 327
	2, 328
	201, 328
	251, 328
	164, 328
	262, 328
	238, 328
	303, 329
	108, 329
	203, 329
	285, 330
	55, 330
	327, 330
	182, 330
	307, 330
	59, 331
	98, 331
	239, 331
	204, 331
	21, 331
	221, 332
	58, 332
	31, 332
	113, 332
	176, 332
	120, 332
	3, 333
	220, 333
	306, 333
	158, 333
	179, 333
	262, 334
	49, 334
	201, 334
	234, 335
	-4, 335
	319, 335
	123, 335
	207, 335
	203, 336
	194, 336
	278, 336
	101, 336
	247, 336
	285, 337
	142, 337
	107, 337
	177, 338
	8, 338
	274, 338
	206, 338
	282, 338
	98, 339
	235, 339
	59, 339
	212, 339
	263, 340
	249, 340
	165, 340
	9, 340
	90, 340
	5, 340
	94, 341
	15, 341
	204, 341
	28, 341
	227, 341
	59, 341
	79, 341
	235, 341
	39, 342
	87, 342
	23, 342
	52, 342
	259, 342
	113, 343
	120, 343
	292, 343
	323, 343
	14, 343
	293, 344
	295, 344
	20, 344
	305, 344
	126, 344
	192, 345
	-3, 345
	100, 345
	54, 345
	84, 345
	297, 345
	0, 346
	122, 346
	164, 346
	262, 346
	49, 346
	125, 347
	258, 347
	234, 347
	208, 347
	-4, 347
	-2, 348
	124, 348
	163, 348
	40, 348
	299, 349
	133, 349
	54, 349
	334, 349
	201, 349
	325, 350
	75, 350
	-1, 350
	112, 350
	151, 351
	198, 351
	271, 351
	136, 351
	287, 351
	187, 351
	288, 352
	291, 352
	274, 352
	338, 352
	282, 352
	64, 353
	-1, 353
	325, 353
	318, 353
	350, 353
	203, 354
	329, 354
	152, 354
	194, 354
	303, 354
	48, 355
	171, 355
	308, 355
	21, 355
	331, 355
	98, 355
	10, 355
	189, 356
	193, 356
	176, 356
	223, 356
	115, 357
	35, 357
	248, 357
	177, 357
	338, 357
	206, 357
	80, 358
	22, 358
	21, 358
	308, 358
	259, 359
	342, 359
	23, 359
	286, 359
	-2, 359
	227, 360
	29, 360
	153, 360
	324, 360
	276, 361
	296, 361
	260, 361
	93, 361
	73, 362
	302, 362
	292, 362
	97, 362
	57, 363
	199, 363
	103, 363
	108, 363
	316, 363
	300, 364
	251, 364
	129, 364
	197, 364
	287, 364
	173, 364
	151, 364
	261, 365
	135, 365
	321, 365
	45, 365
	4, 365
	65, 365
	73, 366
	114, 366
	254, 366
	196, 366
	17, 366
	116, 367
	-4, 367
	306, 367
	158, 368
	312, 368
	301, 368
	72, 368
	13, 368
	7, 369
	71, 369
	231, 369
	310, 369
	169, 369
	290, 370
	29, 370
	193, 370
	14, 370
	120, 370
	165, 371
	69, 371
	61, 371
	24, 371
	70, 371
	335, 372
	319, 372
	116, 372
	-4, 372
	11, 373
	210, 373
	280, 373
	214, 373
	114, 373
	254, 373
	314, 374
	294, 374
	12, 374
	74, 374
	22, 374
	111, 374
	138, 375
	236, 375
	147, 375
	175, 375
	81, 375
	161, 375
	73, 376
	366, 376
	33, 376
	254, 376
	132, 376
	362, 376
	97, 376
	283, 377
	123, 377
	13, 377
	319, 377
	232, 377
	2, 378
	349, 378
	201, 378
	117, 378
	133, 378
	-4, 379
	89, 379
	27, 379
	134, 379
	147, 379
	86, 380
	50, 380
	311, 380
	39, 380
	35, 380
	248, 380
	219, 381
	112, 381
	245, 381
	188, 381
	205, 382
	163, 382
	150, 382
	348, 382
	124, 382
	310, 383
	2, 383
	378, 383
	117, 383
	231, 383
	369, 383
	163, 384
	-2, 384
	185, 384
	205, 384
	246, 385
	143, 385
	-1, 385
	42, 385
	124, 386
	132, 386
	155, 386
	78, 386
	382, 386
	150, 386
	152, 387
	289, 387
	316, 387
	303, 387
	272, 387
	110, 387
	354, 387
	37, 387
	98, 388
	10, 388
	0, 388
	212, 388
	122, 388
	339, 388
	371, 389
	69, 389
	24, 389
	367, 390
	306, 390
	158, 390
	377, 390
	13, 390
	319, 390
	116, 390
	368, 390
	246, 391
	385, 391
	202, 391
	229, 391
	230, 391
	42, 391
	82, 392
	30, 392
	-1, 392
	190, 392
	63, 392
	107, 393
	146, 393
	214, 393
	337, 393
	142, 393
	280, 393
	356, 394
	189, 394
	290, 394
	93, 394
	193, 394
	370, 394
	260, 394
	361, 394
	215, 395
	5, 395
	138, 395
	85, 395
	191, 395
	179, 396
	-1, 396
	72, 396
	246, 396
	312, 396
	143, 396
	108, 397
	103, 397
	283, 397
	232, 397
	309, 397
	389, 398
	24, 398
	-4, 398
	38, 398
	69, 398
	16, 399
	119, 399
	92, 399
	195, 399
	136, 399
	49, 400
	334, 400
	100, 400
	54, 400
	315, 400
	349, 400
	291, 401
	32, 401
	88, 401
	1, 401
	270, 401
	285, 402
	337, 402
	217, 402
	307, 402
	178, 402
	142, 402
	216, 403
	-2, 403
	305, 403
	19, 403
	397, 404
	108, 404
	232, 404
	264, 404
	329, 404
	203, 404
	20, 405
	295, 405
	269, 405
	97, 405
	362, 405
	302, 405
	360, 406
	324, 406
	294, 406
	109, 406
	314, 406
	227, 406
	160, 407
	-2, 407
	40, 407
	348, 407
	175, 408
	250, 408
	379, 408
	-4, 408
	228, 408
	134, 408
	277, 409
	206, 409
	115, 409
	-3, 409
	67, 410
	6, 410
	237, 410
	55, 410
	265, 410
	57, 411
	102, 411
	207, 411
	309, 411
	258, 411
	208, 411
	103, 411
	223, 412
	221, 412
	176, 412
	332, 412
	356, 412
	50, 413
	-3, 413
	380, 413
	35, 413
	115, 413
	29, 414
	14, 414
	323, 414
	153, 414
	139, 414
	287, 415
	136, 415
	399, 415
	119, 415
	95, 415
	168, 416
	148, 416
	127, 416
	65, 416
	135, 416
	407, 417
	160, 417
	269, 417
	40, 417
	20, 417
	405, 417
	188, 418
	166, 418
	75, 418
	112, 418
	281, 418
	381, 418
	215, 419
	70, 419
	250, 419
	228, 419
	371, 419
	61, 419
	361, 420
	93, 420
	99, 420
	296, 420
	32, 420
	15, 420
	88, 420
	307, 421
	330, 421
	77, 421
	118, 421
	217, 421
	44, 421
	327, 421
Mesh Regions: 422
	17, 38, 125, 338, 716, 862, 1079
	39, 72, 337, 538, 550, 1154
	309, 425, 696, 772, 1024, 1050
	0, 244, 363, 797
	14, 33, 37, 158, 228, 960
	44, 210, 276, 345, 517, 832, 1120
	41, 42, 105, 138, 216, 424, 1199
	15, 19, 45, 211, 221, 377, 975
	240, 566, 573, 644, 705, 819
	23, 77, 209, 261, 830
	16, 83, 124, 135, 206, 912, 1078
	156, 247, 331, 588, 994
	11, 49, 522, 712, 1002
	404, 666, 974, 1021, 1090
	5, 122, 756, 850, 983, 1221
	57, 71, 81, 85, 834, 1258
	36, 79, 120, 492, 572, 731, 1140
	48, 154, 289, 753, 966
	100, 223, 256, 384, 652, 741
	7, 27, 351, 634, 680, 1165
	131, 196, 639, 853, 1172, 1239
	1, 108, 428, 686, 790, 909, 925
	1, 4, 52, 59, 107, 924, 1004
	3, 68, 325, 609, 843, 929
	2, 30, 988, 1085, 1136
	3, 25, 63, 328, 431, 477, 607
	4, 40, 51, 58, 139, 171
	28, 73, 98, 167, 437, 1031
	104, 314, 389, 426, 836
	5, 178, 386, 625, 933, 981, 1220
	6, 62, 141, 188, 406, 1101
	7, 26, 111, 633, 641, 793
	70, 567, 629, 643, 1152, 1257
	56, 145, 329, 486, 1014
	8, 34, 273, 494, 569
	112, 467, 918, 1038, 1218
	9, 22, 53, 193, 263, 305
	55, 254, 301, 558, 721, 770, 1076
	10, 43, 96, 442, 675, 1138
	21, 66, 69, 698, 841, 1037
	126, 543, 875, 1186, 1238
	11, 102, 446, 527, 536, 711
	12, 334, 396, 1062, 1099
	13, 74, 82, 129, 438
	29, 60, 116, 200, 352, 1265
	14, 32, 407, 742, 959
	149, 235, 251, 385, 449, 510
	15, 212, 222, 491, 594, 723
	16, 136, 227, 293, 906
	17, 514, 717, 803, 866, 1145
	18, 64, 1035, 1215
	19, 20, 46, 374
	21, 65, 342, 505, 844
	22, 23, 76, 190, 258, 308
	90, 647, 656, 859, 878, 1148
	253, 266, 423, 523, 603, 782, 1201
	24, 25, 478, 608
	91, 93, 303, 531, 944, 1203
	26, 27, 350, 365, 434, 792
	84, 315, 415, 786, 825, 838
	28, 29, 97, 117, 199, 436
	30, 31, 391, 987, 1252
	32, 33, 140, 231, 409
	34, 61, 101, 274, 496, 649, 1104
	35, 36, 571, 730, 896
	37, 132, 148, 157, 961, 1233
	38, 39, 88, 336, 549, 715
	40, 41, 50, 137, 526, 1198
	42, 106, 170, 215, 218, 619
	43, 95, 207, 259, 986, 1084, 1139
	44, 208, 348, 989, 1248
	45, 46, 47, 401, 976
	123, 312, 457, 664, 701, 973, 1126
	48, 631, 755, 940, 962, 1012
	49, 50, 51, 52, 521, 1003
	109, 595, 763, 882, 1243
	53, 54, 94, 192, 671
	55, 118, 302, 528, 769, 1262
	56, 144, 155, 182, 330, 366, 1066
	57, 86, 388, 626, 839
	58, 59, 78, 162, 172, 687, 923
	60, 186, 201, 241, 353, 418, 1010
	61, 62, 405, 651, 1100
	63, 180, 326, 364, 371, 432
	89, 279, 547, 616, 860
	153, 275, 378, 416, 1122
	64, 65, 66, 67, 152, 341, 1034
	68, 69, 324, 699, 746, 842
	70, 71, 72, 80, 539, 1153, 1259
	73, 74, 75, 440, 1030
	76, 77, 163, 183, 307, 468, 831
	78, 161, 226, 249, 268, 298, 689
	79, 99, 225, 287, 493, 1142
	87, 622, 939, 1114, 1254
	80, 81, 414, 540, 833
	119, 232, 600, 612, 727, 1229
	82, 92, 127, 439, 500, 586
	143, 546, 943, 1018, 1175
	83, 84, 787, 823, 911, 1077
	85, 86, 87, 623, 1255
	88, 89, 90, 548, 714, 858, 1147
	310, 392, 462, 581, 813
	91, 92, 501, 530, 585, 1204
	93, 103, 690, 946, 1131, 1209
	94, 95, 96, 191, 260, 676
	97, 98, 166, 198
	99, 100, 101, 224, 495, 648
	102, 165, 265, 447, 525, 605, 817, 1105
	103, 670, 719, 779, 947, 1130, 1167
	104, 387, 427, 636, 1181
	105, 106, 422, 559, 621, 1074
	107, 108, 429, 637, 1005
	109, 110, 358, 884, 1041, 1244
	111, 121, 632, 640, 667, 794, 846
	164, 291, 343, 488, 963, 998
	112, 113, 321, 917, 1196, 1219
	114, 733, 967, 992, 1092
	115, 147, 402, 1027, 1052
	116, 117, 118, 441, 529, 584, 1263
	119, 120, 601, 728, 1141, 1228
	121, 122, 239, 281, 796, 847, 984
	123, 311, 519, 579, 663
	124, 125, 205, 863, 1081
	322, 599, 693, 732, 808, 1020
	126, 142, 544, 873, 1048, 1063
	127, 128, 129, 503, 867
	130, 131, 194, 678, 855
	132, 159, 169, 177, 283, 460, 1232
	133, 134, 444, 674
	135, 136, 204, 292, 475, 951
	137, 138, 139, 174, 213
	140, 141, 189, 230, 397, 408
	142, 143, 144, 145, 545, 1016, 1064
	146, 147, 655, 877, 1028
	168, 238, 1032, 1193
	148, 149, 220, 234, 509, 563, 957, 1234
	284, 555, 613, 888, 1144, 1226
	150, 151, 152, 339
	153, 236, 347, 420, 1006, 1121
	154, 179, 288, 485, 533, 752, 1224
	155, 156, 248, 332, 367, 735
	157, 158, 159, 229, 461
	185, 243, 381, 590, 816, 1109, 1161
	160, 458, 1060, 1129
	161, 162, 173, 233, 250, 356
	163, 175, 184, 306, 316
	164, 165, 290, 344, 445, 482, 1106
	166, 167, 168, 197, 237, 1008, 1033
	169, 170, 176, 217, 618, 1231
	171, 172, 173, 174, 214, 355, 561
	175, 181, 317, 1046, 1068
	294, 296, 611, 885, 955
	176, 177, 282, 620, 903, 1069
	178, 179, 537, 759, 934, 1223
	180, 202, 270, 327, 369, 749
	181, 182, 183, 184, 368, 469, 1065
	185, 186, 242, 382, 419
	187, 188, 189, 333, 399
	246, 683, 703, 800, 970, 1088
	190, 191, 192, 193, 257
	194, 195, 196, 1184, 1236
	197, 198, 199, 200, 201, 1011
	202, 271, 507, 575, 709, 751
	203, 319, 874, 1045, 1055
	204, 205, 206, 476, 513, 775, 864
	207, 208, 209, 210, 262, 829, 985
	211, 212, 269, 376, 593, 1242
	213, 214, 215, 216, 219, 565
	217, 218, 219, 220, 562, 1230
	221, 222, 489, 497, 697, 979
	223, 224, 225, 255, 285
	226, 227, 295, 299, 688, 907
	228, 229, 230, 231, 393, 398, 465
	232, 490, 610, 659, 725, 954
	233, 234, 235, 252, 357, 564
	236, 237, 238, 346, 471, 1009, 1188
	239, 280, 795, 915, 1212
	240, 466, 706, 818, 920
	241, 242, 243, 354, 1160
	244, 245, 246, 702, 801, 1124
	247, 248, 277, 380, 589, 734
	249, 250, 251, 252, 267, 448
	253, 254, 421, 557, 771, 784
	255, 256, 286, 383, 451, 553
	257, 258, 259, 260, 261, 262
	263, 264, 304, 318, 1057
	265, 266, 524, 604
	267, 268, 297, 452, 551, 890
	269, 375, 456, 1043, 1241
	270, 271, 370, 508, 913, 1112
	272, 273, 274, 1103
	275, 276, 277, 379, 516, 736, 1123
	278, 279, 614, 767, 856
	280, 281, 914, 982, 1115
	282, 283, 313, 464, 811, 904
	284, 285, 286, 287, 552, 1143
	288, 289, 290, 291, 483, 965
	292, 293, 294, 295, 300, 952
	296, 297, 298, 299, 300, 886
	301, 302, 303, 532, 718, 945
	304, 305, 306, 307, 308, 320
	309, 512, 773, 804, 880, 1026
	310, 311, 312, 394, 459, 580, 1096
	313, 520, 582, 780, 810, 901, 1171
	314, 315, 430, 789, 835
	316, 317, 318, 319, 320, 1044, 1058
	321, 577, 596, 821, 922, 1195
	322, 323, 411, 691, 809, 1205
	323, 412, 502, 870, 1208
	324, 325, 326, 327, 328, 748
	329, 330, 331, 332, 487, 995
	333, 334, 335, 395
	336, 337, 338, 413, 542, 826, 1080
	339, 340, 341, 342, 504
	343, 344, 591, 997, 1107
	345, 346, 347, 348, 473, 1119, 1247
	349, 350, 351, 433, 480, 1162
	352, 353, 354, 685, 1158, 1264
	355, 356, 357, 560
	358, 359, 360, 453, 1040
	361, 362, 363, 681, 798
	364, 365, 372, 435, 791, 1211
	366, 367, 368, 470, 739
	369, 370, 371, 372, 916, 1210
	373, 374, 375, 376, 377, 454
	378, 379, 380, 381, 382, 417, 592
	383, 384, 385, 450, 511, 740
	386, 387, 388, 389, 624, 837, 932, 1183
	390, 391, 472, 1192, 1250
	392, 393, 394, 400, 463, 1097
	395, 396, 397, 398, 399, 400, 1098
	401, 402, 403, 977, 1053
	404, 518, 598, 665, 1023, 1133, 1168
	405, 406, 407, 408, 409, 650, 745
	410, 411, 412, 805, 869
	413, 414, 415, 541, 824, 840
	416, 417, 418, 419, 420, 1007
	421, 422, 423, 424, 556, 1200
	425, 474, 499, 657, 695, 777
	426, 427, 428, 429, 430, 635, 788
	431, 432, 433, 434, 435, 479
	436, 437, 438, 439, 440, 441, 587
	442, 443, 444, 673
	445, 446, 447, 484, 535
	448, 449, 450, 451, 452, 554
	453, 454, 455, 456, 1042
	457, 458, 459, 1059, 1094, 1127
	460, 461, 462, 463, 464, 465, 814
	466, 467, 700, 707, 919, 1039
	468, 469, 470, 515, 738, 828
	471, 472, 473, 1189, 1249
	474, 475, 476, 660, 774, 950
	477, 478, 479, 480, 481
	482, 483, 484, 485, 534
	486, 487, 488, 964, 999, 1015
	489, 490, 491, 498, 661, 724
	492, 493, 494, 495, 496, 568
	497, 498, 499, 658, 694
	500, 501, 502, 503, 868, 1207
	504, 505, 506, 845, 927
	507, 508, 574, 938, 1117
	509, 510, 511, 743, 956
	512, 513, 514, 776, 802, 865
	515, 516, 517, 737, 827
	518, 519, 520, 578, 662, 1169
	521, 522, 523, 524, 525, 526, 527, 1202
	528, 529, 530, 531, 532, 583
	533, 534, 535, 536, 537, 713, 757
	538, 539, 540, 541, 542
	543, 544, 545, 546, 1174, 1237
	547, 548, 549, 550, 615, 627, 1155
	551, 552, 553, 554, 555, 887
	556, 557, 558, 559, 1073
	560, 561, 562, 563, 564, 565
	566, 567, 628, 642, 820, 893
	568, 569, 570, 571, 572
	573, 574, 575, 645, 708, 936
	576, 577, 597, 764, 1194
	578, 579, 580, 581, 582, 812
	583, 584, 585, 586, 587
	588, 589, 590, 591, 592, 996, 1110
	593, 594, 595, 602, 722, 761, 1245
	596, 597, 617, 766, 822, 895
	598, 599, 692, 1019, 1132
	600, 601, 602, 726, 729, 760
	603, 604, 605, 684, 781, 815, 1156
	606, 607, 608, 609, 930
	610, 611, 612, 613, 889, 953, 1225
	614, 615, 616, 617, 630, 768, 891
	618, 619, 620, 621, 1070
	622, 623, 624, 625, 626, 980, 1113
	627, 628, 629, 630, 892, 1151
	631, 632, 669, 754, 848, 942
	633, 634, 638, 679, 851
	635, 636, 637, 710, 1001, 1180
	638, 639, 640, 641, 668, 852, 1173
	642, 643, 644, 645, 937, 1256
	646, 647, 653, 861
	648, 649, 650, 651, 652, 744
	653, 654, 655, 656, 876
	657, 658, 659, 660, 661, 949
	662, 663, 664, 665, 666, 972
	667, 668, 669, 941, 1177
	670, 720, 778, 905, 1072
	671, 672, 673, 674, 675, 676
	677, 678, 679, 680, 854, 1164
	681, 682, 683, 799, 969, 1087
	684, 685, 785, 1159, 1260
	686, 687, 688, 689, 908, 926
	690, 691, 692, 693, 1134, 1206
	694, 695, 696, 697, 978, 1049
	698, 699, 700, 704, 747, 1036
	701, 702, 703, 971, 1128
	704, 705, 706, 707, 708, 709, 750
	710, 711, 712, 713, 758, 1000, 1182
	714, 715, 716, 717, 1149
	718, 719, 720, 721, 948, 1071
	722, 723, 724, 725, 726, 727
	728, 729, 730, 731, 762, 899
	732, 733, 807, 991, 1022, 1091
	734, 735, 736, 737, 738, 739
	740, 741, 742, 743, 744, 745, 958
	746, 747, 748, 749, 750, 751
	752, 753, 754, 755, 756, 849, 1222
	757, 758, 759, 935, 1179
	760, 761, 762, 763, 881, 898
	764, 765, 766, 767, 768
	769, 770, 771, 783, 1266
	772, 773, 774, 775, 776, 777
	778, 779, 780, 902, 1170
	781, 782, 783, 784, 785, 1261
	786, 787, 788, 789, 790, 910
	791, 792, 793, 794, 795, 796, 1213
	797, 798, 799, 800, 801
	802, 803, 804, 879, 1146
	805, 806, 807, 808, 809, 990
	810, 811, 812, 813, 814
	815, 816, 817, 1108, 1157
	818, 819, 820, 821, 822, 894, 921
	823, 824, 825, 826, 1082
	827, 828, 829, 830, 831, 832
	833, 834, 835, 836, 837, 838, 839, 840
	841, 842, 843, 844, 845, 928
	846, 847, 848, 849, 850
	851, 852, 853, 854, 855
	856, 857, 858, 859, 860, 861
	862, 863, 864, 865, 866
	867, 868, 869, 870, 871
	872, 873, 874, 875, 1047, 1187
	876, 877, 878, 879, 880, 1025, 1150
	881, 882, 883, 884, 900
	885, 886, 887, 888, 889, 890
	891, 892, 893, 894, 895
	896, 897, 898, 899, 900
	901, 902, 903, 904, 905, 1075
	906, 907, 908, 909, 910, 911, 912
	913, 914, 915, 916, 1111, 1214
	917, 918, 919, 920, 921, 922
	923, 924, 925, 926
	927, 928, 929, 930, 931
	932, 933, 934, 935, 1178
	936, 937, 938, 939, 1118, 1253
	940, 941, 942, 943, 1017, 1176
	944, 945, 946, 947, 948
	949, 950, 951, 952, 953, 954, 955
	956, 957, 958, 959, 960, 961
	962, 963, 964, 965, 966, 1013
	967, 968, 969, 1086
	970, 971, 972, 973, 974, 1093
	975, 976, 977, 978, 979, 1054
	980, 981, 982, 983, 984, 1116
	985, 986, 987, 988, 989, 1083, 1251
	990, 991, 992, 993
	994, 995, 996, 997, 998, 999
	1000, 1001, 1002, 1003, 1004, 1005
	1006, 1007, 1008, 1009, 1010, 1011
	1012, 1013, 1014, 1015, 1016, 1017, 1018
	1019, 1020, 1021, 1022, 1023, 1089
	1024, 1025, 1026, 1027, 1028, 1051
	1029, 1030, 1031, 1032, 1033, 1190
	1034, 1035, 1036, 1037, 1038, 1039, 1217
	1040, 1041, 1042, 1043, 1246
	1044, 1045, 1046, 1047, 1048, 1067
	1049, 1050, 1051, 1052, 1053, 1054
	1055, 1056, 1057, 1058
	1059, 1060, 1061, 1062, 1095
	1063, 1064, 1065, 1066, 1067, 1068
	1069, 1070, 1071, 1072, 1073, 1074, 1075, 1076
	1077, 1078, 1079, 1080, 1081, 1082
	1083, 1084, 1085, 1135
	1086, 1087, 1088, 1089, 1090, 1091, 1092, 1093
	1094, 1095, 1096, 1097, 1098, 1099
	1100, 1101, 1102, 1103, 1104
	1105, 1106, 1107, 1108, 1109, 1110
	1111, 1112, 1113, 1114, 1115, 1116, 1117, 1118
	1119, 1120, 1121, 1122, 1123
	1124, 1125, 1126, 1127, 1128, 1129
	1130, 1131, 1132, 1133, 1134, 1166
	1135, 1136, 1137, 1138, 1139
	1140, 1141, 1142, 1143, 1144, 1227
	1145, 1146, 1147, 1148, 1149, 1150
	1151, 1152, 1153, 1154, 1155
	1156, 1157, 1158, 1159, 1160, 1161
	1162, 1163, 1164, 1165
	1166, 1167, 1168, 1169, 1170, 1171
	1172, 1173, 1174, 1175, 1176, 1177, 1240
	1178, 1179, 1180, 1181, 1182, 1183
	1184, 1185, 1186, 1187, 1235
	1188, 1189, 1190, 1191, 1192, 1193
	1194, 1195, 1196, 1197
	1198, 1199, 1200, 1201, 1202
	1203, 1204, 1205, 1206, 1207, 1208, 1209
	1210, 1211, 1212, 1213, 1214
	1215, 1216, 1217, 1218, 1219
	1220, 1221, 1222, 1223, 1224
	1225, 1226, 1227, 1228, 1229
	1230, 1231, 1232, 1233, 1234
	1235, 1236, 1237, 1238, 1239, 1240
	1241, 1242, 1243, 1244, 1245, 1246
	1247, 1248, 1249, 1250, 1251, 1252
	1253, 1254, 1255, 1256, 1257, 1258, 1259
	1260, 1261, 1262, 1263, 1264, 1265, 1266
Seed Numbers: 422
	0
	1
	2
	3
	4
	5
	6
	7
	8
	9
	10
	11
	12
	13
	14
	15
	16
	17
	18
	19
	20
	21
	22
	23
	24
	25
	26
	27
	28
	29
	30
	31
	32
	33
	34
	35
	36
	37
	38
	39
	40
	41
	42
	43
	44
	45
	46
	47
	48
	49
	50
	51
	52
	53
	54
	55
	56
	57
	58
	59
	60
	61
	62
	63
	64
	65
	66
	67
	68
	69
	70
	71
	72
	73
	74
	75
	76
	77
	78
	79
	80
	81
	82
	83
	84
	85
	86
	87
	88
	89
	90
	91
	92
	93
	94
	95
	96
	97
	98
	99
	100
	101
	102
	103
	104
	105
	106
	107
	108
	109
	110
	111
	112
	113
	114
	115
	116
	117
	118
	119
	120
	121
	122
	123
	124
	125
	126
	127
	128
	129
	130
	131
	132
	133
	134
	135
	136
	137
	138
	139
	140
	141
	142
	143
	144
	145
	146
	147
	148
	149
	150
	151
	152
	153
	154
	155
	156
	157
	158
	159
	160
	161
	162
	163
	164
	165
	166
	167
	168
	169
	170
	171
	172
	173
	174
	175
	176
	177
	178
	179
	180
	181
	182
	183
	184
	185
	186
	187
	188
	189
	190
	191
	192
	193
	194
	195
	196
	197
	198
	199
	200
	201
	202
	203
	204
	205
	206
	207
	208
	209
	210
	211
	212
	213
	214
	215
	216
	217
	218
	219
	220
	221
	222
	223
	224
	225
	226
	227
	228
	229
	230
	231
	232
	233
	234
	235
	236
	237
	238
	239
	240
	241
	242
	243
	244
	245
	246
	247
	248
	249
	250
	251
	252
	253
	254
	255
	256
	257
	258
	259
	260
	261
	262
	263
	264
	265
	266
	267
	268
	269
	270
	271
	272
	273
	274
	275
	276
	277
	278
	279
	280
	281
	282
	283
	284
	285
	286
	287
	288
	289
	290
	291
	292
	293
	294
	295
	296
	297
	298
	299
	300
	301
	302
	303
	304
	305
	306
	307
	308
	309
	310
	311
	312
	313
	314
	315
	316
	317
	318
	319
	320
	321
	322
	323
	324
	325
	326
	327
	328
	329
	330
	331
	332
	333
	334
	335
	336
	337
	338
	339
	340
	341
	342
	343
	344
	345
	346
	347
	348
	349
	350
	351
	352
	353
	354
	355
	356
	357
	358
	359
	360
	361
	362
	363
	364
	365
	366
	367
	368
	369
	370
	371
	372
	373
	374
	375
	376
	377
	378
	379
	380
	381
	382
	383
	384
	385
	386
	387
	388
	389
	390
	391
	392
	393
	394
	395
	396
	397
	398
	399
	400
	401
	402
	403
	404
	405
	406
	407
	408
	409
	410
	411
	412
	413
	414
	415
	416
	417
	418
	419
	420
	421
Phase Numbers: 422
	2
	2
	1
	3
	2
	3
	2
	2
	0
	2
	2
	1
	3
	2
	0
	2
	0
	0
	2
	3
	3
	3
	2
	2
	2
	3
	1
	2
	3
	3
	3
	3
	3
	3
	2
	3
	2
	3
	0
	2
	2
	2
	2
	2
	3
	3
	1
	2
	0
	2
	0
	2
	0
	2
	2
	3
	1
	3
	2
	3
	2
	1
	2
	3
	2
	2
	3
	3
	2
	2
	3
	2
	3
	3
	3
	2
	3
	2
	3
	2
	1
	2
	0
	0
	2
	3
	2
	3
	2
	2
	2
	2
	3
	2
	2
	2
	0
	0
	1
	3
	0
	0
	3
	3
	0
	2
	2
	3
	2
	3
	1
	2
	1
	3
	2
	2
	2
	3
	2
	3
	3
	3
	2
	3
	3
	3
	1
	3
	2
	2
	2
	3
	2
	1
	3
	2
	2
	0
	2
	2
	0
	2
	3
	2
	2
	2
	2
	2
	3
	3
	2
	3
	0
	3
	3
	0
	2
	3
	2
	0
	2
	3
	2
	3
	2
	2
	3
	3
	3
	0
	3
	2
	3
	3
	3
	3
	3
	2
	3
	3
	3
	0
	3
	2
	0
	1
	2
	1
	2
	2
	3
	2
	0
	2
	1
	2
	0
	3
	3
	3
	3
	1
	2
	3
	3
	2
	2
	0
	3
	3
	3
	2
	3
	3
	2
	1
	3
	3
	3
	3
	3
	2
	2
	2
	3
	3
	2
	0
	2
	3
	2
	0
	3
	3
	3
	1
	1
	2
	3
	0
	3
	2
	1
	1
	3
	0
	2
	1
	3
	1
	3
	2
	3
	3
	1
	2
	3
	2
	3
	3
	3
	0
	3
	1
	2
	3
	2
	2
	3
	2
	3
	0
	3
	3
	2
	1
	2
	3
	1
	3
	3
	2
	3
	3
	2
	3
	1
	2
	1
	3
	2
	2
	3
	2
	3
	1
	0
	2
	2
	3
	2
	3
	2
	3
	3
	3
	1
	2
	3
	2
	3
	2
	3
	3
	3
	2
	3
	2
	2
	3
	2
	3
	3
	2
	3
	2
	3
	2
	2
	3
	2
	0
	3
	3
	3
	2
	2
	3
	0
	3
	1
	3
	3
	2
	2
	2
	2
	1
	2
	2
	3
	2
	2
	3
	0
	3
	1
	3
	3
	3
	2
	1
	3
	0
	3
	3
	3
	1
	3
	2
	2
	2
	2
	2
	2
	3
	3
	3
	3
	0
	2
	2
	2
	3
	3
	0
	2
	2
	1
	2
	1
	2
	3
	3
	2
	2
	1
	2
	2
	3
	3
	3
	0
	3
	3
	3
	3
	2
	2
	2
	3
	3
	2
	3
	0
	2
	1
	2
	3
	3
	2
	2
Volumes: 422
	0.0031021943229422484
	0.0023571747146781557
	0.001729160715218275
	0.001043538921834192
	0.0025074871877353165
	0.0027780081354920718
	0.002454166433413671
	0.003039714564087012
	0.003010367882151968
	0.001694694712710639
	0.0034160052751722875
	0.0019952208465292697
	0.0020892347854457923
	0.002157351294015182
	0.0029491185818761403
	0.0024167441634894175
	0.003166210233382259
	0.002086240119464132
	0.0017535803109424164
	0.001656268027241577
	0.002228806581489536
	0.0032381686328530166
	0.0033479845421270538
	0.001979945350769764
	0.0015615685647530398
	0.0025756153442769115
	0.003056649399323582
	0.0024523591212990224
	0.0018643889291410335
	0.0028671628271892072
	0.002382343364590462
	0.0029871998895812484
	0.002385650135087799
	0.0019512485295204041
	0.002053911465267261
	0.0028368118813445883
	0.0028513339516552496
	0.0027938229582360253
	0.0028916829838442583
	0.0024220955803115583
	0.002577163717903149
	0.0030842711875651383
	0.0023405397824754594
	0.0024931233701012646
	0.0029408387534500696
	0.00212407472674448
	0.0019930286472162983
	0.0029633497223283045
	0.002675551589583823
	0.0021155286463675842
	0.0016863418352556444
	0.0016238820800404913
	0.0020237956546075722
	0.0017078876611938654
	0.0021249580670058537
	0.0033986287164199103
	0.0019799001207898314
	0.0021335923132112613
	0.0026252881952119273
	0.0029335765468026893
	0.0025610413964591576
	0.0017823356034420163
	0.0018357119502586579
	0.002657466995483185
	0.0016174099778017835
	0.003189866739289359
	0.002737070635425646
	0.0026590934356093424
	0.0018813621081316722
	0.0027235136439319693
	0.0023173849263434017
	0.0014432720560246092
	0.002970611803124229
	0.00319228731150591
	0.0027971908775268985
	0.0024958795519351715
	0.0014698903516302897
	0.003084095191200452
	0.0031060971283623008
	0.0020787139271814256
	0.0028902868525702823
	0.0027852572025800224
	0.0022043351077218566
	0.002508350122342227
	0.002915464302281839
	0.0019250536223100938
	0.0032625635952232158
	0.0028129478438749423
	0.002597609829797113
	0.0024732741035444483
	0.00203618011391196
	0.0025431802411720753
	0.0025487636009199474
	0.0015421213129975875
	0.002356593832125226
	0.002432006223223585
	0.0031841245081951214
	0.0020688744787430973
	0.0027697796209635106
	0.00155736886961402
	0.0025561029379516523
	0.0021226641740020166
	0.002827671203034541
	0.0024371960481786225
	0.00262950689651955
	0.001694872966166132
	0.0018855561060055937
	0.003156082797061516
	0.0023688738074565275
	0.0022586247022761915
	0.0025066284206410275
	0.0020388133171345213
	0.002056451902938201
	0.0029466183138772617
	0.0028670768800357193
	0.0020193336533618268
	0.001299288099861713
	0.00214438753430713
	0.003805469325798818
	0.0022902938570155294
	0.0030885519361697274
	0.0022112387002824084
	0.0018363701694766555
	0.0028753917622542685
	0.0024629200395303885
	0.0024698408479038965
	0.0012672008684589432
	0.0029500623455236325
	0.0003853110167843968
	0.00265491147713202
	0.0025664336019274752
	0.002889059661048641
	0.002668578121297474
	0.0016149428838086754
	0.0019629866904045585
	0.0031554010105904183
	0.0026777945788566985
	0.0008615339585385567
	0.002089625651358288
	0.0029403059030288824
	0.002171909359335606
	0.0022147669245485896
	0.0032316658938844976
	0.0017428807209685006
	0.0018432686135648252
	0.0021871502605447096
	0.002706455235893737
	0.003233997894200272
	0.002589587219607465
	0.002481824038963955
	0.0019413914697951316
	0.002062263808437077
	0.002681880937119075
	0.0030537678261001273
	0.0018306933480231387
	0.002530684241071162
	0.002138358924366345
	0.0017694296615084724
	0.002761136114230101
	0.0017278970160084135
	0.0016749843867303867
	0.0023173654795790796
	0.0025252029380078635
	0.0020867107315191103
	0.0026961342068970258
	0.0028619052004269195
	0.0030856224103710103
	0.002198738201413061
	0.002705941881834287
	0.0027419740183970386
	0.0019231090422643583
	0.0024457836626697615
	0.002982266385582388
	0.0027005586231731733
	0.0025354655838199605
	0.003082038640623211
	0.0020368245968076467
	0.002486004704720845
	0.0016758752425557616
	0.0018513184090299026
	0.0018518376690612828
	0.002068058010924111
	0.0026264879476628304
	0.0014917742697662093
	0.002900815295673876
	0.0024095063072366025
	0.0022895195362308395
	0.0025987822465951484
	0.0016330734430456207
	0.0025056700154210175
	0.0011408545941075181
	0.0025335817097262778
	0.002033967778221812
	0.0024765572018544935
	0.0027060178282589356
	0.002642951676339449
	0.0017516429164209234
	0.0025388588643488414
	0.0024720750748639156
	0.0017512520685199501
	0.0022646055353997383
	0.0021939203676126446
	0.002734651063538499
	0.0027965187619501835
	0.002021537632978153
	0.00241409479893335
	0.002174617298042184
	0.0030242485026314245
	0.0025390647982919358
	0.002553531562153573
	0.0021434072594743144
	0.000966087487457243
	0.003362247095475542
	0.00257139376582981
	0.001998773454311225
	0.0023362128744179225
	0.002516602822694109
	0.0031908194409744645
	0.001632775475338485
	0.0016465126873298074
	0.002115396253966834
	0.001933666536271586
	0.0020670959746672303
	0.0019862981855354876
	0.0024914588545294583
	0.0027441454015698225
	0.0014206072388192978
	0.0032687978621538717
	0.001020052967251069
	0.0030945935597117666
	0.0029595180173256374
	0.0017306622935290257
	0.002751787199546984
	0.0026776793652090337
	0.001321449429620855
	0.002797398599021417
	0.002100008734815338
	0.0020739453965980285
	0.0024042694134825526
	0.00279763788590875
	0.0015562219540130396
	0.0028837367270225095
	0.0014656544244197336
	0.0025952767034754434
	0.0023021588828573162
	0.001988148965872714
	0.0022700315346053535
	0.0028448935883238135
	0.0021721528650067165
	0.002463645787779607
	0.0026119785369333377
	0.0031074473864814278
	0.0023308650152813683
	0.0017482078015113797
	0.0027278450450206326
	0.0020457323381934413
	0.002703762267796952
	0.0018133586749566985
	0.0030530181730724264
	0.002322544628752795
	0.0018604038169468917
	0.0015700212949180646
	0.001986722789707603
	0.002048127617367996
	0.0021815426263746647
	0.003502265134053213
	0.002952693622685906
	0.003276752735676557
	0.0023484408166498
	0.0019040054590480655
	0.002998475065437325
	0.001846038022155434
	0.0022198594933034907
	0.0019458938529621037
	0.002828662308976911
	0.002604043762018703
	0.0026200832751828683
	0.001026024625850109
	0.0025444857760917486
	0.002591869215294604
	0.003005785170098528
	0.0031632293664590394
	0.0023247243779570114
	0.002143043779142046
	0.003062772951295215
	0.002784281099603749
	0.0017478746381277615
	0.003310974443187589
	0.0027337657129785924
	0.0024353443347850923
	0.0032053158797386043
	0.0028009803633284825
	0.002552383062421517
	0.0015329712921749923
	0.002390947224017155
	0.002115539084499646
	0.002798948172359381
	0.0008115551635264267
	0.0021368804652908665
	0.0014873073497601533
	0.00269258287794124
	0.002456211744057502
	0.0024917186382361297
	0.002394902257186448
	0.0016829741483967069
	0.0018226956036616643
	0.002422512275871404
	0.0026978228227851177
	0.0029720531625634875
	0.0025117431244900215
	0.0025596768783788322
	0.00199019029974333
	0.0030456145604475277
	0.0026058303189094075
	0.0027677980546301707
	0.002577958127589983
	0.0017420455667633765
	0.0025478359728885176
	0.002463311300601447
	0.0025767317111087523
	0.002061428236679211
	0.0023979122493411535
	0.0022965970276100506
	0.003232484762456665
	0.0025449008746451438
	0.0029776800751046342
	0.002877105101883148
	0.0025604327449438168
	0.002542020748820222
	0.0020228083606414924
	0.0035147331778439404
	0.003009121929159781
	0.002858809235255335
	0.0024422266549762916
	0.0017956555979511612
	0.0019067028172883263
	0.0018830853203402843
	0.0030943285527694113
	0.0022803707465319754
	0.002374212839161505
	0.0023193048688855992
	0.0031427806455576767
	0.001973679837624596
	0.002201720416040073
	0.0020258956705833096
	0.003294538848194824
	0.0016512896307683302
	0.0018041372101659742
	0.0023637197546360128
	0.0031925940236897698
	0.0015779021336793917
	0.0025727728286954973
	0.0019212457840956368
	0.001503143515403745
	0.0018438495245229145
	0.003217562496472426
	0.0018984749737775098
	0.0023477604643082216
	0.002055828228447293
	0.002456117853126061
	0.0018660211643351274
	0.0021888198679628663
	0.0025185304412760467
	0.0024542825750191954
	0.002664634091049881
	0.0027328934164562377
	0.0018555041338543298
	0.0015852152038778186
	0.0030194713903746416
	0.002817755248301177
	0.003075102961004304
	0.0024962066441309434
	0.0009658983024224636
	0.0023927359724517827
	0.002711482899081884
	0.003079079981830076
	0.0029618804506684787
	0.0019209609677383528
	0.0028821131547160563
	0.002090114494565644
	0.003122266493062135
	0.0026914747247075085
	0.0020728091279093126
	0.0018028747623000485
	0.0012992039998164623
	0.0015212298845016605
	0.0029065248377390844
	0.0026638754276942503
	0.0023948562277888667
	0.0015137925802278167
	0.0032076292418842163
	0.002536409764799864
	0.0011318564499407787
	0.003072858291647042
	0.002912796710703369
	0.001635167228022618
	0.0019182881289818866
	0.002801820998647244
	0.0017523784122609103
	0.0030768921226778847
	0.0022081732200384275
	0.0022417357041074224
	0.0025613729632970312
	0.0009272068837979956
	0.002311505210997678
	0.0023711725229493283
	0.0023870900167312003
	0.0014655308007700048
	0.0019120199683544733
	0.0009169471012130522
	0.0028872456703404816
	0.002898611488240341
	0.001497771061732989
	0.0021316183245574244
	0.001713893879025413
	0.001660982008030737
	0.002396808230241367
	0.0025157499674109325
	0.002100606908250505
	0.0023496285911609196
	0.0024863045586618693
	0.004270286471720271
