Mesh Points: 846
	 3.320509e-02,  4.192566e-01
	-6.646813e-03,  4.428928e-01
	 2.794171e-03,  4.739453e-01
	 3.131826e-02,  4.835952e-01
	 5.643840e-02,  4.651295e-01
	 4.961118e-01,  1.018275e-01
	 5.000000e-01,  1.025323e-01
	 4.489113e-01,  1.236859e-01
	 4.522682e-01,  1.597062e-01
	 5.000000e-01,  1.579726e-01
	 9.704390e-02, -5.000000e-01
	 9.505080e-02, -4.793547e-01
	 5.075981e-02, -5.000000e-01
	 5.289150e-02, -4.835261e-01
	-1.811192e-01, -1.094238e-02
	-2.090364e-01, -6.144784e-02
	-1.525443e-01, -3.352677e-02
	-1.516637e-01, -5.147678e-02
	-1.770858e-01, -7.264824e-02
	 3.523171e-01,  3.845028e-01
	 3.995547e-01,  3.972971e-01
	 3.359626e-01,  4.127961e-01
	 3.710295e-01,  4.567610e-01
	 3.791951e-01,  4.545234e-01
	 3.735373e-01,  4.570791e-01
	-3.620209e-02, -1.372674e-01
	-6.930097e-03, -9.422997e-02
	-8.318926e-02, -1.135349e-01
	-6.000444e-02, -6.989292e-02
	-5.991208e-02, -6.987849e-02
	-1.058340e-02, -8.824209e-02
	 3.977227e-01,  1.193990e-01
	 3.869319e-01,  1.452655e-01
	 3.863338e-01,  9.382523e-02
	 3.588591e-01,  1.434534e-01
	 3.358559e-01,  1.083116e-01
	 3.407967e-01,  9.381646e-02
	-1.735310e-01,  1.683933e-02
	-1.835150e-01, -2.703500e-03
	-1.768733e-01,  3.819970e-02
	-2.370217e-01,  1.449205e-02
	-2.236430e-01,  5.682653e-02
	-2.195442e-01,  5.823412e-02
	-2.316137e-01,  5.079728e-03
	 3.841411e-01,  3.106895e-01
	 3.559603e-01,  2.922285e-01
	 3.885053e-01,  3.380695e-01
	 3.348032e-01,  3.007725e-01
	 3.343645e-01,  3.577862e-01
	 3.484551e-01,  2.921506e-01
	 3.462427e-01,  3.662763e-01
	-3.325815e-02,  2.433130e-01
	-6.018311e-02,  2.288511e-01
	-3.151420e-02,  2.719392e-01
	-7.075720e-02,  2.848764e-01
	-8.691514e-02,  2.646829e-01
	 3.337393e-01, -2.065648e-01
	 2.918482e-01, -2.112105e-01
	 3.314040e-01, -1.665899e-01
	 3.107342e-01, -1.543937e-01
	 2.725737e-01, -1.722458e-01
	 2.739914e-01, -1.952994e-01
	-4.350389e-01,  3.765544e-01
	-4.626941e-01,  3.721787e-01
	-4.712155e-01,  4.118234e-01
	-4.566642e-01,  4.282647e-01
	-4.199396e-01,  4.081891e-01
	 5.000000e-01,  2.118631e-01
	 4.431443e-01,  1.876822e-01
	 4.434857e-01,  1.721596e-01
	 3.391375e-01, -3.891520e-01
	 3.142405e-01, -3.523313e-01
	 3.049594e-01, -4.152793e-01
	 2.855601e-01, -3.641331e-01
	 2.808779e-01, -4.081798e-01
	 2.709450e-01, -3.906542e-01
	-2.414667e-01, -5.503322e-02
	-2.269233e-01, -6.657584e-02
	-3.054265e-01, -7.679229e-02
	-2.975211e-01, -1.128293e-01
	-2.619562e-01, -1.246512e-01
	-2.293600e-01, -8.789095e-02
	-9.138154e-03,  2.883827e-01
	-7.079348e-02,  2.902064e-01
	-3.643081e-02,  3.372807e-01
	-2.361815e-02,  3.292353e-01
	 3.551730e-01, -2.257003e-01
	 3.662114e-01, -2.216738e-01
	 3.680445e-01, -1.470148e-01
	 3.822741e-01, -1.593816e-01
	 3.870916e-01, -1.904996e-01
	 5.000000e-01,  3.762471e-01
	 4.592168e-01,  3.463218e-01
	 5.000000e-01,  3.892429e-01
	 4.694267e-01,  4.037288e-01
	 4.492307e-01,  3.817250e-01
	 4.577113e-01,  3.463673e-01
	 5.000000e-01, -2.379874e-01
	 4.847378e-01, -2.389246e-01
	 4.673925e-01, -2.204607e-01
	 4.817534e-01, -1.848499e-01
	 5.000000e-01, -1.868350e-01
	-4.603456e-02, -1.998170e-01
	-4.458615e-02, -1.983984e-01
	-5.254075e-02, -2.614245e-01
	-2.562704e-02, -2.616905e-01
	 3.724322e-03, -2.277708e-01
	 3.392994e-03, -2.259132e-01
	 3.802558e-01, -4.719483e-01
	 3.799620e-01, -5.000000e-01
	 3.250669e-01, -5.000000e-01
	 3.501163e-01, -4.640646e-01
	-1.068941e-01,  1.968558e-01
	-1.489617e-01,  1.840089e-01
	-1.171116e-01,  2.297341e-01
	-1.479655e-01,  2.435065e-01
	-1.644162e-01,  1.938290e-01
	-1.718106e-01,  2.340587e-01
	-1.417997e-01, -2.559539e-01
	-1.715748e-01, -2.761632e-01
	-1.584872e-01, -2.198420e-01
	-1.911036e-01, -2.128769e-01
	-2.094658e-01, -2.377389e-01
	-1.951233e-01, -2.726047e-01
	-1.803996e-01, -4.569311e-01
	-1.821690e-01, -4.599320e-01
	-2.342237e-01, -4.680722e-01
	-2.010044e-01, -4.183421e-01
	-2.347875e-01, -4.306207e-01
	-2.398588e-01, -4.652237e-01
	-2.423773e-01, -4.590736e-01
	-3.103230e-01,  3.537550e-02
	-3.229668e-01,  8.136862e-02
	-3.539964e-01,  2.351686e-02
	-3.796149e-01,  5.265930e-02
	-3.737084e-01,  6.556427e-02
	-9.324755e-02,  3.957337e-01
	-8.447738e-02,  4.002621e-01
	-1.361906e-01,  4.149888e-01
	-1.370702e-01,  4.219358e-01
	-1.060234e-01,  4.620539e-01
	-6.800064e-02,  4.506956e-01
	 3.431034e-01, -8.105687e-02
	 3.792077e-01, -4.180670e-02
	 3.147941e-01, -6.412306e-02
	 3.268709e-01, -2.516912e-02
	 3.123455e-01, -5.193256e-02
	 3.669392e-01, -2.560759e-02
	-3.830330e-01,  9.766475e-02
	-4.131454e-01,  1.106218e-01
	-4.383385e-01,  7.859780e-02
	-3.856907e-01,  5.074922e-02
	-2.708870e-02, -2.858991e-02
	-5.627648e-02,  4.944866e-03
	-8.629713e-02, -4.538614e-02
	 3.582658e-01, -4.177595e-01
	 3.404780e-01, -4.493932e-01
	 3.410327e-01, -3.896277e-01
	 3.207623e-01, -4.448818e-01
	 1.296334e-01, -4.274048e-01
	 1.157504e-01, -4.626849e-01
	 1.634736e-01, -4.267971e-01
	 1.742517e-01, -4.584522e-01
	 1.413501e-01, -4.755799e-01
	 1.956437e-01, -5.000000e-01
	 1.787304e-01, -4.602736e-01
	 1.430935e-01, -5.000000e-01
	 2.058023e-01, -3.503705e-01
	 1.768660e-01, -3.956831e-01
	 1.459719e-01, -3.764218e-01
	 1.544840e-01, -3.447425e-01
	 1.973577e-01, -3.437396e-01
	-5.000000e-01, -1.839087e-01
	-4.838603e-01, -1.865002e-01
	-5.000000e-01, -2.429064e-01
	-4.678876e-01, -2.248273e-01
	-4.717373e-01, -2.360789e-01
	-6.797782e-02,  5.094144e-02
	-9.675588e-02,  7.958725e-02
	-6.587539e-02,  1.206533e-01
	-3.240674e-02,  7.129516e-02
	-4.695277e-02,  1.132598e-01
	-6.458570e-02,  1.210361e-01
	-4.016651e-01,  4.132583e-01
	-4.580151e-01,  4.586378e-01
	-4.327543e-01,  4.699278e-01
	-3.941480e-01,  4.467209e-01
	-5.000000e-01, -4.023918e-01
	-4.769441e-01, -4.149083e-01
	-5.000000e-01, -4.668934e-01
	-4.729555e-01, -4.457277e-01
	 2.988218e-01, -4.692301e-01
	 2.556435e-01, -4.585716e-01
	-5.000000e-01,  1.388787e-01
	-4.739894e-01,  1.329782e-01
	-5.000000e-01,  7.477439e-02
	-4.610024e-01,  7.572068e-02
	-2.664523e-01, -3.459971e-01
	-2.535237e-01, -3.393339e-01
	-2.780377e-01, -3.910286e-01
	-2.142394e-01, -3.763097e-01
	-2.553446e-01, -3.989708e-01
	-2.183392e-01, -3.532592e-01
	-2.774888e-01, -3.928642e-01
	-1.192545e-01, -1.828897e-02
	-1.159604e-01,  1.804842e-02
	-1.194472e-01,  2.108698e-02
	-8.124178e-02,  3.445891e-01
	-3.844951e-02,  3.410643e-01
	-9.720350e-02,  3.673267e-01
	-3.061433e-02,  3.845066e-01
	-2.452100e-01,  4.760913e-01
	-2.370961e-01,  4.716532e-01
	-2.226209e-01,  4.272844e-01
	-2.876044e-01,  4.566568e-01
	-2.912496e-01,  4.502170e-01
	-2.493547e-01,  4.182330e-01
	-2.903441e-01,  4.446663e-01
	-2.935237e-01,  2.584477e-02
	-2.644403e-01,  7.756804e-02
	-3.164129e-01,  9.409536e-02
	 1.430317e-01,  4.513245e-01
	 1.418795e-01,  4.512509e-01
	 1.635210e-01,  4.365431e-01
	 1.122494e-01,  4.269124e-01
	 1.227042e-01,  3.874593e-01
	 1.686434e-01,  3.944919e-01
	-3.817676e-01,  3.948978e-01
	-3.879458e-01,  3.676744e-01
	-4.113778e-01,  3.560437e-01
	 1.369619e-01,  1.519681e-01
	 1.055232e-01,  1.308168e-01
	 1.352533e-01,  1.920049e-01
	 8.256735e-02,  1.605497e-01
	 9.034656e-02,  1.852183e-01
	 1.313173e-01,  1.938285e-01
	 1.053463e-01,  1.308715e-01
	 4.769130e-02, -5.831576e-03
	 9.250534e-02, -2.548679e-02
	 4.098028e-02, -9.714669e-03
	 3.114227e-02, -4.448867e-02
	 7.236400e-02, -5.717582e-02
	 4.414803e-02, -5.879688e-02
	 2.943256e-01,  1.619786e-01
	 3.329710e-01,  1.781012e-01
	 2.700012e-01,  1.884886e-01
	 2.839767e-01,  2.340191e-01
	 2.921632e-01,  2.378482e-01
	 3.323656e-01,  2.303526e-01
	 3.402871e-01,  1.908643e-01
	-1.451585e-02, -5.000000e-01
	 2.281977e-03, -4.612841e-01
	-2.821920e-02, -5.000000e-01
	-5.180385e-02, -4.368098e-01
	-5.962570e-02, -4.696173e-01
	-5.770826e-02, -4.429286e-01
	 3.245362e-01, -3.266464e-01
	 2.638177e-01, -3.321138e-01
	 2.747029e-01, -3.104233e-01
	 3.135269e-01, -3.075871e-01
	 2.863214e-01, -2.543106e-01
	 2.621452e-01, -2.600431e-01
	 2.289474e-01, -2.302721e-01
	 2.292795e-01, -2.289287e-01
	 1.140280e-01, -4.067999e-01
	 1.287145e-01, -3.805077e-01
	 8.343183e-02, -4.090793e-01
	 1.039972e-01, -3.575796e-01
	 7.411790e-02, -3.751869e-01
	-1.991047e-01, -1.281456e-01
	-2.057482e-01, -1.459880e-01
	-2.579057e-01, -1.320657e-01
	-3.826394e-01,  2.823679e-01
	-3.936168e-01,  2.464653e-01
	-3.887975e-01,  2.960907e-01
	-4.451061e-01,  2.835772e-01
	-4.463024e-01,  2.797122e-01
	-4.163226e-01,  2.420925e-01
	 2.944104e-01,  1.313775e-01
	 2.908378e-01,  1.394357e-01
	-2.699101e-01,  2.960872e-01
	-2.771724e-01,  3.211159e-01
	-2.474109e-01,  3.554556e-01
	-2.294707e-01,  3.552774e-01
	-2.188092e-01,  3.464659e-01
	-2.061071e-01,  2.852772e-01
	-2.410539e-01,  2.795104e-01
	-3.575440e-01, -3.065345e-01
	-3.580541e-01, -3.075596e-01
	-3.800619e-01, -2.732266e-01
	-4.083334e-01, -2.735848e-01
	-4.212379e-01, -3.121820e-01
	-3.945719e-01, -3.279435e-01
	 3.419519e-01,  4.578454e-02
	 3.325852e-01,  7.497390e-02
	 3.863674e-01,  4.558248e-02
	 4.038809e-01,  6.246144e-02
	-4.254368e-02, -1.763443e-01
	-8.585941e-02, -1.560996e-01
	-1.138092e-01, -1.871186e-01
	-9.724588e-02, -2.080457e-01
	-4.284405e-01, -9.941992e-02
	-4.585385e-01, -1.379867e-01
	-3.924128e-01, -1.357773e-01
	-4.088901e-01, -1.637662e-01
	-4.271029e-01, -1.709097e-01
	-4.525846e-01, -1.624012e-01
	-2.936110e-01,  3.271000e-01
	-3.342905e-01,  3.141689e-01
	-3.146918e-01,  3.636112e-01
	-3.328046e-01,  3.651482e-01
	-3.544893e-01,  3.387037e-01
	-3.542741e-01,  3.278277e-01
	 6.606203e-02,  4.667687e-01
	 3.072784e-02,  5.000000e-01
	 9.447806e-02,  5.000000e-01
	-2.629381e-01, -1.708760e-01
	-3.029147e-01, -1.880553e-01
	-3.106393e-01, -1.261887e-01
	-3.153357e-01, -1.706805e-01
	 3.081363e-01,  4.208686e-01
	 2.844782e-01,  3.950574e-01
	 3.120186e-01,  3.597259e-01
	 4.705395e-01, -2.716855e-01
	 4.432919e-01, -2.794321e-01
	 4.188767e-01, -2.427415e-01
	 4.310768e-01, -2.237245e-01
	 4.214994e-01, -2.604817e-01
	-1.102127e-01,  1.355423e-01
	-1.202915e-01,  1.014385e-01
	-1.614171e-01,  1.054173e-01
	-1.482473e-01,  1.458712e-01
	-1.652614e-01,  1.306112e-01
	 2.093168e-01,  1.033273e-01
	 2.284534e-01,  1.250526e-01
	 1.670216e-01,  1.037407e-01
	 2.238425e-01,  1.352219e-01
	 1.865786e-01,  1.510143e-01
	 1.635702e-01,  1.373326e-01
	-3.483144e-01, -1.663790e-01
	-3.650795e-01, -1.293710e-01
	 1.775594e-01, -3.990648e-01
	 2.193929e-01, -4.196316e-01
	 2.237594e-01, -4.449211e-01
	-2.845986e-01, -4.430261e-01
	-2.902066e-01, -4.116328e-01
	-4.651481e-01, -7.530219e-02
	-5.000000e-01, -5.028417e-02
	-4.939750e-01, -1.145819e-01
	-5.000000e-01, -1.151045e-01
	 2.567499e-01,  4.605718e-01
	 2.446837e-01,  4.148811e-01
	 2.996046e-01,  4.518277e-01
	 2.788293e-01,  3.940139e-01
	-1.597678e-01,  3.870711e-01
	-2.171869e-01,  4.253222e-01
	-1.826082e-01,  4.537123e-01
	-2.051105e-01,  4.023213e-01
	-1.626358e-01,  4.519708e-01
	-3.103483e-01,  4.126503e-01
	-3.390353e-01,  4.098411e-01
	-3.410635e-01,  4.637839e-01
	-3.507801e-01,  4.565690e-01
	-3.233913e-01, -2.983619e-01
	-3.538833e-01, -2.307134e-01
	-3.502684e-01, -2.310103e-01
	-3.234376e-01, -2.530532e-01
	-4.595397e-01, -2.648029e-01
	-5.000000e-01, -2.875141e-01
	-4.701993e-01, -2.861971e-01
	-2.603452e-01, -2.831624e-01
	-3.066228e-01, -3.079741e-01
	-2.869562e-01, -2.423295e-01
	 4.416557e-01, -1.157588e-01
	 4.503280e-01, -9.338306e-02
	 5.000000e-01, -8.039973e-02
	 5.000000e-01, -1.307127e-01
	 4.706642e-01, -1.425779e-01
	-2.001471e-01,  8.729309e-02
	-1.726536e-01,  8.851837e-02
	-1.636324e-01,  5.866790e-02
	-2.484298e-01, -3.606522e-02
	 3.699745e-01,  1.470139e-03
	 3.882215e-01,  1.440782e-02
	 4.290779e-01,  1.192903e-03
	 3.949881e-01, -4.648432e-02
	 4.506753e-02, -3.597248e-01
	 4.380942e-02, -3.381527e-01
	 7.013825e-02, -3.144186e-01
	 1.097116e-01, -3.307379e-01
	-1.179865e-01, -3.994439e-01
	-1.030036e-01, -3.847235e-01
	-1.385619e-01, -4.017062e-01
	-1.617512e-01, -3.310795e-01
	-1.346369e-01, -3.273494e-01
	-1.670581e-01, -3.855358e-01
	-1.049607e-01, -3.464674e-01
	-3.470688e-01,  3.996712e-01
	 2.013306e-01,  4.441169e-01
	 2.119035e-01,  4.628727e-01
	 2.228087e-01,  4.084206e-01
	 2.480017e-01,  4.721129e-01
	-8.945839e-02, -1.170740e-01
	-1.255822e-01, -6.923440e-02
	-9.370559e-02, -4.452139e-02
	-1.256035e-01, -8.510981e-02
	 9.859817e-02,  3.096905e-01
	 1.209867e-01,  3.447831e-01
	 4.838442e-02,  3.304814e-01
	 7.000289e-02,  3.772736e-01
	 1.128120e-01,  3.695100e-01
	-3.562953e-01, -3.916418e-01
	-3.888500e-01, -4.155185e-01
	-3.548543e-01, -3.721320e-01
	-3.934984e-01, -3.570724e-01
	-4.144973e-01, -3.681432e-01
	-4.095027e-01, -4.087515e-01
	-4.384042e-01,  2.109780e-01
	-4.319998e-01,  2.116413e-01
	-4.704291e-01,  2.361178e-01
	-4.655551e-01,  2.651452e-01
	-1.201807e-01, -2.890947e-01
	-1.400499e-01, -2.564664e-01
	-1.654827e-01, -3.287461e-01
	 4.397967e-01,  1.153105e-01
	 4.633537e-01,  6.820845e-02
	 4.391259e-01,  7.904382e-02
	 2.445441e-02, -1.912987e-01
	-3.102459e-02, -1.623485e-01
	 6.902743e-03, -1.631276e-01
	 9.684028e-02,  3.258747e-02
	 8.960524e-02,  7.152254e-02
	 5.476365e-02,  2.904686e-02
	 4.621376e-02,  3.966567e-02
	 6.670756e-02,  7.934318e-02
	-4.410475e-01, -5.000000e-01
	-4.360157e-01, -4.572321e-01
	-5.000000e-01, -5.000000e-01
	-4.368309e-01, -4.558572e-01
	-4.657528e-01,  3.219072e-01
	-4.536147e-01,  3.129381e-01
	-5.000000e-01,  3.092752e-01
	-5.000000e-01,  2.723873e-01
	-5.698990e-02,  1.006922e-02
	-7.054025e-02,  2.443929e-02
	-4.583197e-01, -4.047613e-01
	-4.570095e-01, -3.742544e-01
	-4.781420e-01, -3.667832e-01
	-5.000000e-01, -3.838304e-01
	-3.012742e-01, -3.263746e-01
	-3.233161e-01, -3.609027e-01
	-3.497579e-01, -3.668837e-01
	-1.262362e-01,  5.181720e-02
	-2.446914e-01,  1.633247e-01
	-2.722150e-01,  1.905503e-01
	-2.165496e-01,  1.695645e-01
	-2.481908e-01,  2.226601e-01
	-2.252458e-01,  2.133733e-01
	-1.295457e-01,  3.529636e-01
	-1.584582e-01,  3.761864e-01
	-3.032838e-01, -1.913223e-01
	-3.713753e-01, -2.126032e-01
	-3.725813e-01, -1.986501e-01
	-5.000000e-01,  3.607568e-01
	-4.734679e-01,  3.584625e-01
	 1.309539e-01, -3.154614e-01
	 2.226369e-03,  2.139263e-02
	 2.510963e-02,  4.292345e-02
	-1.680897e-02,  2.902666e-02
	 3.526271e-03,  7.790220e-02
	-2.193381e-02,  6.817605e-02
	-9.431127e-02,  3.218806e-01
	-1.291306e-01,  3.184872e-01
	-5.671031e-02,  1.668699e-01
	-9.515525e-02,  1.859669e-01
	-1.091800e-01,  1.360801e-01
	 4.661412e-01, -3.222096e-01
	 4.430249e-01, -3.064694e-01
	 5.000000e-01, -3.080557e-01
	 5.000000e-01, -2.923013e-01
	 2.276479e-01,  4.398333e-02
	 2.247889e-01,  1.461220e-02
	 1.913570e-01, -6.018695e-03
	 1.668890e-01,  2.186955e-02
	 1.939009e-01,  5.095753e-02
	 1.689982e-01,  1.837824e-03
	 2.141011e-01,  5.231494e-02
	 5.034433e-03, -4.596093e-01
	 4.304553e-02, -4.687581e-01
	 2.011686e-01, -5.440482e-02
	 1.540119e-01, -5.586263e-02
	 1.962838e-01, -9.999745e-02
	 1.500958e-01, -6.047279e-02
	 1.617189e-01, -1.036897e-01
	 1.790819e-01, -1.131748e-01
	-2.923487e-01,  1.900548e-01
	-3.090596e-01,  1.730831e-01
	-3.419104e-01,  1.733554e-01
	-3.419313e-01,  2.312804e-01
	-3.030233e-01,  2.285466e-01
	-3.462797e-01,  1.811832e-01
	 4.167036e-01, -1.544263e-01
	 4.318922e-01, -1.772965e-01
	 4.358275e-01, -1.180496e-01
	 4.680743e-01, -1.691508e-01
	-3.328040e-01, -4.214334e-01
	-2.958019e-01,  3.872928e-01
	-2.640314e-01,  3.833406e-01
	 4.024773e-01, -3.808783e-01
	 3.801208e-01, -3.702916e-01
	 4.008772e-01, -4.155261e-01
	 3.983972e-01, -4.178708e-01
	 3.864118e-01, -1.021322e-01
	 3.643352e-01, -1.123092e-01
	-3.764496e-01,  4.592144e-01
	 2.878333e-01,  3.398832e-01
	 2.980258e-01,  2.973555e-01
	-3.566349e-01,  1.476248e-01
	-4.124017e-01,  1.527517e-01
	-4.081664e-01,  1.903064e-01
	-3.850510e-01,  2.008262e-01
	 5.075094e-02,  1.065584e-01
	 1.200537e-01,  9.305438e-02
	-4.159520e-01, -9.609725e-03
	-4.183046e-01,  5.888993e-03
	-3.595855e-01, -1.021485e-02
	-3.524105e-01,  1.277413e-01
	-3.174854e-01,  1.022032e-01
	 2.475805e-01, -4.623563e-01
	 2.396002e-01, -5.000000e-01
	 3.536350e-01, -1.055169e-01
	 3.105519e-01, -1.277624e-01
	 5.000000e-01,  4.575347e-01
	 4.809834e-01,  4.588420e-01
	 5.000000e-01,  5.000000e-01
	 4.777850e-01,  5.000000e-01
	 4.743180e-01,  3.301248e-02
	 4.386455e-01,  1.212325e-02
	 4.071538e-01,  6.201378e-02
	-1.044534e-01,  7.988207e-02
	-3.796711e-01, -4.543614e-01
	-3.368999e-01, -4.390854e-01
	-3.720994e-01, -4.604123e-01
	 7.125472e-02, -2.905063e-01
	 4.102975e-02, -2.633185e-01
	 4.800258e-03, -2.998348e-01
	 3.880131e-03, -3.084711e-01
	 1.677086e-01,  5.000000e-01
	 1.859985e-01,  5.000000e-01
	-5.000000e-01,  2.220193e-01
	-5.000000e-01,  1.932622e-01
	-4.611558e-01,  1.862528e-01
	-2.529321e-01,  5.000000e-01
	-2.920929e-01,  5.000000e-01
	-4.301178e-01, -4.212359e-01
	 4.127715e-01,  2.946546e-01
	 4.410734e-01,  3.059207e-01
	 4.466073e-01,  3.376600e-01
	 4.037520e-01,  3.491243e-01
	-4.292042e-01, -9.022226e-02
	-4.498313e-01, -7.460209e-02
	-3.772696e-01,  2.296696e-01
	-3.433379e-01,  2.326621e-01
	-3.425224e-01,  2.704193e-01
	-3.325407e-01,  2.793373e-01
	-3.875610e-01,  3.019493e-01
	 2.567791e-01,  3.515049e-01
	 2.445668e-01,  3.470375e-01
	 2.120650e-01,  3.908163e-01
	-1.246458e-01,  5.000000e-01
	-5.026663e-02,  5.000000e-01
	-6.058663e-02,  4.541456e-01
	 5.000000e-01, -3.646233e-01
	 4.664742e-01, -3.585032e-01
	 2.451365e-01,  2.535013e-01
	 2.162991e-01,  2.346975e-01
	 2.214349e-01,  2.440854e-01
	 2.345769e-01,  1.847131e-01
	 9.355798e-02, -2.518921e-02
	 1.045207e-01,  2.659507e-02
	 1.088931e-01, -5.502315e-03
	-9.007960e-02, -1.182286e-01
	 4.465300e-01, -3.715569e-01
	 4.182949e-01, -3.250537e-01
	 4.230672e-01, -3.680100e-01
	 1.643400e-01,  2.870791e-01
	 1.561338e-01,  2.807671e-01
	 1.585233e-01,  3.384441e-01
	 9.958552e-02,  3.062338e-01
	 1.792652e-02, -1.045014e-01
	 2.588871e-02, -1.366274e-01
	 7.477829e-02, -4.232179e-01
	 1.298218e-02, -4.073735e-01
	 1.913289e-02, -3.805180e-01
	 6.158988e-02, -4.280740e-01
	 1.523042e-02, -4.117575e-01
	-4.135319e-01, -2.213441e-01
	-4.157534e-01, -2.661614e-01
	-2.613708e-01,  7.887100e-02
	-2.902646e-01,  1.339351e-01
	-2.529017e-01,  1.077841e-01
	-2.655461e-01,  1.316168e-01
	-4.367559e-02,  1.734209e-01
	-3.795173e-02,  1.970171e-01
	-9.816202e-02,  1.922527e-01
	-6.125831e-02,  2.220471e-01
	 3.854015e-01,  2.426777e-01
	 3.879472e-01,  2.483979e-01
	 3.985292e-01,  2.086275e-01
	 4.125972e-01,  2.606055e-01
	 4.429840e-01,  2.507369e-01
	 4.334035e-01,  2.015296e-01
	-1.553747e-01, -4.490775e-01
	-1.936855e-01, -3.927656e-01
	-2.334231e-01, -2.400133e-01
	-2.488096e-01, -2.854205e-01
	-2.190578e-01, -2.908095e-01
	-2.467824e-01, -2.873988e-01
	 1.502518e-01, -1.417428e-02
	 1.407741e-01,  4.307192e-02
	 2.520878e-01,  5.000000e-01
	 3.190770e-01,  5.000000e-01
	 3.218840e-01,  4.821068e-01
	-1.029660e-01, -4.387548e-01
	-1.226736e-01, -4.669519e-01
	 1.196510e-01, -6.171116e-02
	 1.000885e-01, -8.439751e-02
	 8.776371e-02, -8.362321e-02
	-6.445458e-02, -2.688131e-01
	-1.024211e-01, -2.392943e-01
	-2.978829e-01, -6.956728e-03
	-2.926096e-01,  2.404521e-02
	-3.509891e-01, -2.085706e-02
	-1.415092e-01,  3.044633e-01
	-1.317066e-01,  2.818862e-01
	-9.029818e-02,  2.640259e-01
	 1.509643e-01,  8.213391e-02
	 2.080339e-01, -4.842214e-02
	-2.114275e-03,  2.197490e-01
	 1.656151e-02,  2.349475e-01
	 1.978590e-02,  2.798820e-01
	 1.121063e-01,  2.428033e-01
	 1.085665e-01,  2.440373e-01
	 6.246444e-02,  2.230035e-01
	 6.295103e-02,  2.157165e-01
	 5.000000e-01, -3.806622e-02
	 4.611686e-01, -3.394982e-02
	 5.000000e-01,  2.606659e-02
	 4.340276e-01,  2.896263e-03
	 1.203806e-01, -1.205558e-01
	 1.183894e-01, -1.198614e-01
	-3.685671e-01, -1.273099e-01
	 4.252119e-01, -5.000000e-01
	 4.207215e-01, -4.738421e-01
	 3.911841e-01, -4.653955e-01
	 5.000000e-01, -4.157041e-01
	 4.576679e-01, -4.135951e-01
	-1.320709e-01,  5.000000e-01
	-1.973682e-01,  5.000000e-01
	-2.004349e-01,  4.896588e-01
	-1.426241e-01, -1.332646e-01
	-1.324680e-01, -1.844437e-01
	-1.474486e-01, -1.626709e-01
	-2.114884e-01,  1.670054e-01
	-1.998615e-01,  1.444710e-01
	-2.156624e-01,  1.107673e-01
	 3.578168e-02, -9.491608e-02
	 2.076578e-03, -4.622868e-02
	-1.159971e-01, -5.000000e-01
	-1.771921e-01, -5.000000e-01
	-4.415568e-01, -3.211963e-01
	-4.346882e-01, -3.603437e-01
	-5.000000e-01, -4.955642e-02
	-4.330145e-01, -2.423114e-02
	-4.756500e-01, -1.757974e-02
	 2.696835e-02,  2.829010e-01
	 6.004904e-02,  2.259084e-01
	 5.848592e-02,  2.646380e-01
	 2.595985e-01, -2.021269e-02
	 2.478619e-01, -1.771938e-02
	 2.911411e-01,  1.609131e-02
	 2.640483e-01,  5.506795e-02
	 3.790168e-01,  1.872302e-01
	 3.904270e-01,  1.522932e-01
	 1.508051e-01,  8.207700e-02
	-4.157412e-01,  3.315827e-01
	-2.906718e-01, -2.117900e-02
	-3.104405e-01, -7.151245e-02
	-3.470723e-01, -6.164685e-02
	 2.550295e-01, -2.889387e-01
	 2.315176e-01, -3.010212e-01
	 2.158097e-01, -2.372843e-01
	 1.971976e-01, -2.841565e-01
	 3.327568e-01,  2.307231e-01
	 1.318873e-01, -3.119719e-01
	 1.786258e-01, -2.899666e-01
	 1.110716e-01, -2.754830e-01
	 1.177089e-01, -2.449788e-01
	 1.295838e-01, -2.410737e-01
	 1.557252e-01, -2.478919e-01
	 9.001981e-02, -2.238381e-01
	 4.082336e-02, -2.583515e-01
	 7.993281e-02, -2.229107e-01
	 1.818505e-01,  3.822986e-01
	 4.357613e-02,  1.494671e-01
	 2.180299e-02,  1.708740e-01
	 2.182796e-02,  1.715499e-01
	 2.532263e-01,  2.925323e-01
	 2.168581e-01,  3.187428e-01
	 1.882516e-01,  2.883237e-01
	 2.293291e-01,  3.211185e-01
	-3.233540e-03,  2.133329e-01
	-4.589246e-01,  4.592392e-01
	-5.000000e-01,  4.582892e-01
	-4.727013e-01,  5.000000e-01
	-5.000000e-01,  5.000000e-01
	 2.093750e-01, -4.831438e-02
	 2.470787e-01, -7.352076e-02
	 2.338327e-01, -1.040842e-01
	 4.223607e-01, -1.952968e-01
	 4.756022e-02,  3.302564e-01
	 2.557892e-02,  3.429267e-01
	 1.461161e-02,  3.873477e-01
	 3.637013e-02,  4.080989e-01
	 5.703251e-02,  4.002935e-01
	 5.000000e-01, -4.633221e-01
	 4.774147e-01, -4.702780e-01
	 4.423103e-01, -4.311985e-01
	 4.458403e-01, -4.531922e-01
	-7.069320e-03,  1.537507e-01
	 3.808799e-01, -2.886298e-01
	 3.805512e-01, -3.119730e-01
	-4.568013e-01,  7.275766e-02
	-5.000000e-01,  1.718501e-02
	-4.912563e-01,  1.602791e-02
	-4.593219e-01,  3.976681e-02
	-2.790333e-02,  3.869001e-01
	-4.490231e-01,  1.482261e-01
	-9.396385e-02, -5.000000e-01
	 5.466908e-02, -1.882553e-01
	 7.140261e-02, -1.534536e-01
	 1.117655e-01, -1.784369e-01
	-2.907835e-01,  2.422297e-01
	-2.936465e-01,  2.716508e-01
	-2.546197e-01,  2.357199e-01
	-1.347310e-02,  1.250364e-01
	 1.340281e-02,  9.699565e-02
	 4.650704e-02,  1.088364e-01
	-4.699011e-02, -4.101650e-01
	-5.437783e-02, -3.965377e-01
	-3.220438e-02, -3.420737e-01
	 9.002305e-02,  2.795509e-01
	 4.374258e-01, -6.529499e-02
	 2.730485e-01,  7.286936e-02
	 2.317063e-01,  1.240943e-01
	 2.722704e-01,  7.818623e-02
	-4.524253e-01, -3.171254e-01
	-4.854164e-01, -3.419408e-01
	-5.000000e-01, -3.377828e-01
	 4.771960e-01,  4.566321e-01
	 4.624343e-01,  4.268728e-01
	 4.308863e-01,  4.278866e-01
	 4.176892e-01,  4.609235e-01
	 4.252583e-01,  4.694447e-01
	 2.966625e-01,  2.960936e-01
	-4.252498e-01, -2.123597e-01
	 1.539807e-01, -1.877994e-01
	 1.689196e-01, -1.928664e-01
	 1.812489e-01, -2.285567e-01
	-4.202132e-01,  1.448942e-01
	 3.188265e-01, -2.724568e-01
	-3.356885e-01,  5.000000e-01
	-3.885110e-01,  5.000000e-01
	 3.127102e-01, -5.000000e-01
	 4.706179e-01, -5.000000e-01
	-1.862609e-01,  2.410241e-01
	-2.053864e-01,  2.850021e-01
	-2.202316e-01, -5.000000e-01
	 2.893094e-01, -1.117071e-01
	 2.481501e-01, -1.504120e-01
	 2.511606e-01, -1.335692e-01
	 7.547202e-02, -1.392765e-01
	 7.062171e-02, -1.492535e-01
	 6.692109e-02, -1.039928e-01
	 2.898312e-01, -8.596302e-02
	-2.671360e-01, -5.000000e-01
	-3.063980e-01, -5.000000e-01
	-3.066150e-01, -4.640656e-01
	-3.304522e-02, -3.372754e-01
	 9.274511e-02,  4.293126e-01
	 9.723965e-02,  5.000000e-01
	-2.805830e-01, -2.266788e-01
	-3.670113e-01, -5.000000e-01
	-1.639773e-01,  3.075528e-01
	-7.205355e-02, -2.900082e-01
	-6.494008e-02, -3.189625e-01
	-1.019389e-02, -3.002950e-02
	-1.781911e-01,  3.475127e-01
	 2.075071e-01, -1.801074e-01
	 2.151576e-01, -1.632515e-01
	 5.000000e-01, -5.000000e-01
	 3.818044e-01,  5.000000e-01
	 4.238690e-01,  5.000000e-01
	-2.009462e-01, -1.649043e-01
	-2.071111e-01, -1.798706e-01
	-1.856718e-02,  5.000000e-01
	 1.823222e-01, -2.908291e-01
	 4.025174e-01,  3.961241e-01
	 2.340864e-01,  1.842186e-01
	 1.889300e-01,  1.815216e-01
	 1.720857e-01,  2.176077e-01
	 1.670221e-01,  2.051780e-01
	 2.120148e-01, -3.502080e-01
	 2.453693e-01, -3.885818e-01
	 9.310509e-03, -1.560903e-03
	-1.599718e-01, -1.099765e-01
	-1.625740e-01, -1.091437e-01
	 4.465623e-01,  2.527705e-01
	 4.553259e-01,  2.883756e-01
	 5.000000e-01,  2.399597e-01
	 5.000000e-01,  2.934650e-01
	 1.801520e-01, -1.270585e-01
	 4.087567e-01,  3.979637e-01
	 3.338899e-01,  2.483393e-02
	 3.164105e-01,  1.222249e-02
	 2.551780e-01, -7.035158e-02
	 4.016766e-01, -5.601864e-02
	 3.654695e-01, -3.268540e-01
	 3.450077e-01, -2.565493e-01
	 1.503544e-01,  2.610372e-01
	-2.505337e-02,  4.351630e-01
	-4.202862e-01, -1.702316e-02
	-3.957000e-01, -7.086001e-02
	 2.669875e-01, -3.400343e-02
	-2.501478e-01, -2.219005e-01
	-2.385495e-01, -1.883132e-01
	-4.208662e-01,  5.000000e-01
	-1.958290e-01, -3.296623e-01
	-3.675588e-01, -7.643520e-02
	 1.748065e-01,  3.498857e-01
	 5.000000e-01,  3.148708e-01
	-5.000000e-01,  4.141978e-01
	 1.423374e-01, -1.679049e-01
	 1.417439e-01, -1.713868e-01
	 2.289667e-01, -3.336142e-01
	 1.068017e-01, -4.644146e-01
Mesh Facets: 1267
	9, 6
	10, 12
	9, 8
	67, 9
	53, 54
	56, 58
	93, 91
	101, 97
	109, 110
	135, 134
	29, 28
	72, 70
	164, 166
	162, 163
	174, 172
	66, 65
	189, 187
	158, 72
	72, 74
	195, 193
	38, 37
	16, 14
	136, 137
	131, 132
	66, 183
	66, 62
	250, 252
	71, 73
	61, 57
	80, 81
	35, 34
	243, 244
	36, 33
	103, 102
	4, 3
	314, 315
	80, 271
	79, 80
	21, 19
	50, 48
	99, 98
	319, 318
	161, 162
	165, 162
	128, 130
	201, 203
	349, 347
	321, 320
	138, 139
	215, 217
	287, 289
	176, 174
	368, 174
	366, 363
	375, 376
	42, 39
	43, 38
	38, 14
	14, 15
	77, 76
	143, 147
	267, 268
	310, 311
	228, 227
	350, 351
	28, 27
	154, 28
	276, 277
	394, 393
	118, 119
	7, 5
	107, 103
	297, 103
	435, 437
	189, 190
	437, 189
	276, 420
	276, 275
	442, 441
	154, 404
	153, 154
	204, 205
	188, 187
	187, 448
	288, 287
	287, 363
	363, 371
	206, 37
	37, 39
	39, 380
	209, 136
	354, 138
	138, 136
	319, 317
	319, 339
	365, 364
	441, 463
	439, 441
	170, 169
	267, 389
	265, 267
	458, 209
	209, 207
	182, 179
	324, 323
	479, 478
	250, 251
	13, 12
	12, 250
	377, 373
	450, 451
	345, 203
	199, 203
	411, 413
	307, 309
	281, 282
	157, 155
	501, 503
	89, 88
	360, 362
	183, 186
	227, 183
	397, 227
	47, 48
	322, 48
	500, 497
	431, 434
	236, 231
	133, 134
	134, 151
	132, 135
	135, 148
	220, 132
	343, 165
	529, 164
	164, 165
	513, 88
	88, 58
	58, 59
	534, 532
	535, 534
	426, 425
	179, 475
	179, 178
	328, 329
	412, 411
	411, 505
	388, 387
	398, 399
	547, 548
	221, 223
	550, 549
	419, 417
	553, 552
	214, 211
	416, 412
	436, 438
	540, 412
	44, 46
	348, 346
	301, 302
	520, 500
	498, 500
	312, 308
	272, 274
	400, 351
	353, 351
	140, 141
	569, 570
	478, 572
	476, 478
	246, 245
	238, 237
	432, 430
	428, 297
	297, 298
	25, 27
	27, 402
	573, 476
	477, 476
	407, 406
	25, 26
	25, 428
	429, 428
	268, 266
	386, 268
	289, 364
	289, 290
	461, 364
	219, 220
	220, 527
	474, 473
	392, 395
	124, 127
	122, 123
	580, 579
	483, 485
	620, 621
	352, 350
	401, 350
	392, 390
	612, 392
	341, 161
	265, 169
	264, 265
	161, 159
	169, 168
	238, 578
	241, 238
	104, 102
	102, 300
	133, 525
	133, 131
	218, 131
	471, 472
	83, 54
	55, 54
	486, 484
	335, 333
	618, 485
	490, 489
	482, 485
	53, 82
	53, 51
	235, 234
	647, 645
	537, 536
	626, 625
	492, 493
	304, 303
	339, 462
	340, 339
	217, 359
	217, 216
	507, 506
	652, 109
	109, 108
	572, 655
	573, 582
	573, 572
	658, 657
	358, 356
	581, 298
	298, 299
	600, 601
	455, 453
	240, 242
	589, 26
	26, 30
	668, 669
	124, 612
	124, 125
	612, 624
	291, 292
	415, 414
	346, 347
	347, 672
	346, 560
	640, 639
	480, 481
	449, 450
	197, 199
	199, 450
	32, 34
	34, 244
	249, 244
	619, 579
	431, 522
	431, 430
	579, 430
	439, 464
	440, 439
	229, 62
	63, 62
	630, 632
	261, 262
	606, 607
	49, 45
	595, 594
	488, 487
	543, 544
	697, 696
	562, 561
	272, 273
	272, 563
	223, 398
	226, 223
	398, 400
	400, 568
	644, 234
	234, 233
	574, 576
	603, 605
	638, 51
	51, 52
	713, 715
	715, 714
	489, 637
	491, 489
	90, 89
	89, 501
	501, 502
	409, 408
	655, 725
	656, 655
	603, 711
	603, 602
	705, 706
	477, 583
	477, 324
	327, 324
	196, 195
	733, 195
	721, 722
	85, 84
	208, 210
	231, 230
	231, 522
	338, 335
	636, 335
	684, 522
	550, 551
	193, 550
	193, 194
	254, 252
	252, 738
	702, 700
	481, 679
	481, 482
	637, 716
	637, 482
	280, 286
	705, 729
	705, 704
	592, 593
	642, 643
	676, 677
	375, 374
	645, 375
	646, 645
	681, 480
	333, 334
	486, 333
	480, 486
	368, 369
	758, 368
	247, 246
	707, 574
	246, 574
	379, 378
	665, 664
	332, 330
	461, 462
	461, 596
	304, 462
	305, 304
	698, 699
	519, 518
	737, 551
	418, 417
	417, 551
	259, 258
	689, 261
	260, 261
	772, 771
	361, 362
	362, 514
	111, 110
	156, 158
	191, 158
	110, 773
	774, 652
	728, 726
	652, 653
	565, 274
	275, 440
	440, 685
	274, 275
	457, 456
	744, 286
	286, 285
	677, 751
	677, 675
	720, 408
	408, 406
	406, 588
	669, 125
	669, 777
	125, 126
	531, 59
	59, 60
	492, 625
	490, 492
	578, 580
	578, 625
	618, 580
	618, 490
	589, 590
	589, 666
	531, 530
	531, 778
	142, 144
	101, 100
	376, 101
	377, 376
	377, 504
	326, 325
	87, 90
	90, 719
	281, 280
	281, 307
	308, 307
	308, 564
	280, 743
	785, 786
	344, 130
	130, 129
	129, 785
	129, 126
	126, 777
	777, 785
	593, 750
	593, 386
	387, 386
	546, 387
	758, 757
	448, 758
	447, 448
	249, 248
	693, 606
	606, 608
	682, 249
	313, 315
	315, 790
	224, 222
	366, 365
	365, 460
	372, 366
	479, 323
	97, 479
	97, 98
	323, 98
	786, 787
	786, 792
	541, 542
	613, 127
	200, 201
	201, 128
	128, 127
	633, 634
	775, 776
	117, 115
	294, 36
	278, 35
	36, 35
	755, 753
	254, 738
	255, 254
	624, 623
	668, 624
	738, 668
	433, 434
	746, 747
	434, 521
	467, 469
	734, 733
	672, 733
	672, 674
	181, 182
	473, 602
	182, 473
	745, 729
	729, 602
	620, 401
	548, 620
	548, 399
	399, 401
	546, 788
	546, 545
	104, 105
	628, 104
	667, 30
	30, 29
	29, 152
	793, 776
	284, 285
	776, 285
	263, 61
	779, 60
	60, 61
	521, 747
	747, 704
	704, 233
	233, 236
	236, 521
	321, 322
	353, 321
	566, 353
	515, 322
	749, 748
	255, 253
	255, 623
	391, 390
	390, 623
	725, 800
	800, 774
	725, 726
	774, 726
	762, 763
	24, 23
	801, 802
	528, 529
	191, 773
	773, 529
	192, 191
	631, 218
	219, 598
	219, 218
	41, 40
	553, 214
	771, 553
	771, 361
	215, 361
	214, 215
	120, 121
	662, 661
	314, 3
	805, 314
	2, 3
	454, 453
	453, 601
	496, 495
	601, 599
	484, 483
	483, 619
	684, 619
	684, 636
	636, 484
	539, 178
	178, 177
	206, 205
	206, 452
	444, 205
	728, 653
	727, 728
	510, 511
	654, 653
	171, 170
	695, 694
	465, 170
	535, 533
	802, 535
	763, 802
	759, 763
	558, 46
	19, 50
	19, 20
	46, 50
	4, 313
	4, 0
	313, 789
	723, 724
	312, 565
	312, 311
	228, 229
	228, 311
	685, 229
	685, 565
	575, 577
	168, 167
	168, 341
	341, 342
	796, 152
	152, 153
	153, 443
	468, 466
	660, 662
	270, 269
	662, 803
	820, 819
	799, 779
	491, 494
	491, 718
	779, 780
	94, 95
	760, 761
	382, 147
	147, 145
	780, 718
	780, 778
	784, 778
	718, 717
	175, 173
	306, 305
	305, 765
	192, 528
	74, 192
	342, 813
	342, 343
	75, 74
	343, 528
	752, 374
	374, 373
	503, 512
	373, 503
	247, 248
	247, 764
	49, 47
	49, 693
	693, 248
	516, 47
	259, 770
	730, 731
	259, 256
	818, 817
	555, 556
	610, 609
	588, 751
	588, 586
	751, 642
	642, 641
	722, 736
	723, 0
	723, 722
	1, 0
	736, 210
	830, 736
	141, 571
	137, 141
	210, 137
	560, 673
	559, 560
	263, 262
	798, 263
	768, 767
	691, 262
	23, 20
	23, 762
	807, 20
	762, 761
	761, 822
	381, 43
	631, 630
	631, 40
	40, 43
	686, 630
	76, 78
	686, 687
	686, 381
	76, 381
	446, 445
	416, 554
	416, 415
	671, 415
	824, 145
	145, 146
	680, 678
	614, 122
	122, 121
	121, 804
	834, 835
	317, 316
	460, 317
	791, 460
	614, 615
	614, 834
	791, 834
	791, 372
	370, 372
	403, 405
	18, 17
	815, 816
	243, 279
	243, 245
	334, 336
	754, 334
	577, 245
	808, 577
	835, 316
	835, 804
	804, 803
	803, 270
	316, 271
	271, 270
	296, 33
	426, 538
	426, 424
	31, 33
	468, 443
	468, 470
	177, 180
	444, 177
	444, 443
	640, 82
	640, 675
	85, 82
	85, 721
	721, 720
	720, 675
	647, 536
	6, 647
	5, 6
	536, 425
	425, 5
	714, 836
	714, 712
	185, 184
	635, 55
	605, 604
	605, 52
	55, 52
	112, 114
	420, 442
	420, 419
	549, 442
	419, 549
	21, 320
	21, 22
	352, 622
	352, 320
	142, 143
	143, 385
	530, 142
	512, 513
	513, 530
	826, 512
	269, 816
	269, 81
	15, 18
	18, 816
	77, 15
	81, 77
	396, 394
	421, 394
	794, 795
	198, 202
	616, 617
	291, 670
	290, 291
	369, 756
	369, 367
	597, 290
	67, 68
	819, 67
	610, 817
	817, 819
	610, 611
	607, 609
	607, 45
	45, 44
	555, 44
	555, 609
	673, 831
	673, 674
	734, 735
	674, 734
	524, 523
	409, 724
	409, 410
	789, 224
	224, 225
	724, 789
	105, 106
	545, 105
	545, 544
	701, 544
	792, 542
	792, 435
	542, 540
	540, 436
	435, 436
	422, 118
	299, 300
	300, 629
	118, 120
	120, 661
	661, 299
	79, 318
	79, 78
	687, 78
	688, 687
	318, 340
	651, 340
	600, 665
	598, 600
	598, 41
	41, 42
	665, 378
	378, 42
	587, 407
	410, 225
	225, 226
	407, 410
	226, 703
	750, 749
	749, 391
	396, 795
	396, 391
	788, 750
	788, 795
	402, 581
	405, 402
	815, 660
	815, 405
	581, 660
	644, 643
	644, 706
	643, 676
	706, 711
	711, 638
	638, 639
	639, 676
	383, 382
	293, 295
	382, 823
	770, 260
	770, 828
	86, 56
	260, 57
	57, 56
	273, 561
	561, 520
	519, 418
	418, 277
	277, 273
	520, 519
	422, 629
	629, 628
	628, 794
	421, 422
	794, 421
	820, 818
	840, 820
	557, 556
	818, 556
	92, 96
	65, 184
	65, 64
	713, 712
	841, 713
	184, 712
	423, 119
	123, 119
	616, 123
	616, 837
	345, 344
	344, 787
	505, 345
	541, 505
	787, 541
	650, 649
	781, 782
	741, 740
	452, 539
	452, 380
	379, 330
	379, 380
	329, 539
	330, 329
	842, 649
	649, 493
	494, 821
	493, 494
	371, 449
	371, 370
	617, 198
	617, 615
	370, 615
	449, 197
	198, 197
	306, 302
	306, 173
	349, 348
	172, 349
	348, 302
	173, 172
	570, 571
	570, 805
	805, 2
	830, 571
	830, 1
	2, 1
	355, 356
	212, 213
	356, 659
	813, 75
	813, 812
	257, 73
	75, 73
	755, 754
	278, 755
	754, 279
	279, 278
	469, 470
	469, 746
	181, 180
	181, 745
	746, 745
	470, 180
	114, 115
	635, 114
	634, 115
	634, 635
	526, 148
	769, 518
	517, 518
	148, 149
	358, 139
	358, 657
	657, 569
	569, 140
	139, 140
	739, 740
	590, 782
	429, 590
	427, 429
	740, 782
	465, 694
	465, 389
	696, 694
	696, 543
	543, 388
	389, 388
	597, 367
	597, 596
	367, 176
	176, 175
	596, 765
	765, 175
	554, 438
	438, 190
	445, 554
	445, 188
	188, 190
	155, 511
	155, 156
	654, 511
	654, 108
	111, 156
	111, 108
	664, 332
	664, 663
	332, 331
	116, 113
	284, 797
	284, 283
	357, 354
	354, 459
	432, 237
	432, 433
	467, 433
	466, 467
	814, 466
	237, 239
	31, 32
	31, 424
	32, 683
	69, 8
	424, 7
	8, 7
	595, 487
	487, 251
	253, 748
	251, 253
	592, 595
	748, 592
	783, 666
	627, 241
	666, 242
	242, 241
	509, 157
	827, 256
	70, 71
	71, 256
	157, 70
	823, 824
	823, 293
	824, 680
	294, 293
	681, 753
	681, 680
	753, 294
	328, 331
	328, 475
	113, 112
	331, 113
	112, 604
	604, 474
	474, 475
	508, 509
	509, 827
	827, 731
	731, 583
	583, 584
	796, 814
	796, 667
	239, 814
	239, 240
	240, 667
	698, 697
	698, 766
	741, 843
	741, 700
	697, 700
	149, 150
	194, 737
	196, 194
	732, 196
	737, 769
	769, 149
	96, 557
	557, 558
	807, 822
	807, 558
	95, 822
	95, 96
	63, 464
	64, 63
	841, 64
	463, 841
	464, 463
	626, 650
	650, 781
	627, 626
	783, 627
	781, 783
	585, 586
	576, 575
	709, 576
	810, 575
	829, 586
	151, 150
	151, 524
	732, 150
	735, 732
	524, 735
	93, 94
	532, 93
	760, 759
	94, 760
	532, 533
	533, 759
	11, 13
	591, 594
	488, 594
	13, 488
	692, 691
	768, 691
	695, 806
	695, 699
	699, 768
	471, 83
	471, 207
	207, 208
	208, 84
	84, 83
	709, 585
	585, 587
	587, 839
	709, 708
	24, 22
	22, 622
	622, 621
	801, 24
	621, 801
	599, 527
	496, 599
	496, 497
	526, 517
	517, 497
	527, 526
	232, 230
	811, 809
	230, 338
	337, 338
	514, 186
	186, 185
	185, 836
	772, 514
	836, 772
	336, 337
	337, 809
	809, 808
	336, 808
	502, 719
	502, 504
	719, 326
	504, 100
	99, 326
	100, 99
	671, 446
	671, 670
	757, 447
	757, 756
	756, 670
	446, 447
	825, 717
	678, 833
	717, 716
	716, 679
	679, 678
	516, 764
	516, 515
	707, 710
	764, 707
	515, 566
	567, 566
	840, 92
	92, 91
	91, 840
	222, 221
	222, 790
	790, 547
	547, 221
	451, 413
	451, 288
	292, 288
	414, 413
	414, 292
	703, 568
	568, 567
	839, 708
	839, 703
	567, 710
	710, 708
	832, 831
	838, 688
	525, 632
	525, 523
	632, 688
	831, 523
	702, 739
	702, 701
	427, 739
	701, 106
	106, 107
	427, 107
	235, 232
	235, 641
	641, 829
	810, 811
	810, 829
	811, 232
	395, 613
	395, 393
	202, 837
	202, 200
	837, 423
	200, 613
	423, 393
	116, 663
	663, 455
	457, 775
	457, 455
	117, 116
	775, 117
	689, 258
	258, 257
	690, 689
	257, 844
	651, 303
	838, 651
	838, 832
	559, 832
	301, 559
	303, 301
	798, 767
	798, 799
	821, 799
	843, 766
	843, 842
	821, 842
	767, 766
	163, 166
	166, 10
	11, 845
	11, 10
	160, 163
	404, 403
	404, 204
	16, 204
	16, 17
	17, 403
	744, 742
	744, 456
	454, 495
	454, 456
	495, 499
	656, 727
	727, 510
	584, 508
	584, 582
	582, 656
	508, 510
	742, 499
	499, 498
	563, 562
	563, 564
	743, 742
	562, 498
	743, 564
	611, 68
	608, 611
	608, 682
	68, 69
	683, 682
	683, 69
	310, 397
	309, 310
	360, 397
	360, 359
	359, 506
	506, 309
	658, 659
	659, 212
	211, 552
	211, 212
	552, 658
	690, 844
	692, 690
	692, 806
	171, 806
	844, 812
	171, 167
	812, 167
	383, 295
	383, 384
	538, 296
	538, 537
	648, 537
	295, 296
	845, 160
	845, 591
	591, 266
	264, 159
	266, 264
	159, 160
	826, 385
	752, 826
	384, 648
	648, 646
	646, 752
	385, 384
	282, 507
	283, 282
	216, 213
	213, 355
	355, 357
	357, 283
	507, 216
	784, 144
	784, 825
	833, 825
	833, 146
	146, 144
	458, 459
	458, 472
	797, 459
	797, 793
	633, 472
	633, 793
	86, 87
	87, 325
	325, 327
	327, 730
	730, 828
	828, 86
Facet Neighbors: 1267
	-2, 1
	-3, 2
	1, 12
	-2, 12
	9, 15
	10, 16
	-2, 17
	-2, 18
	-3, 20
	24, 27
	5, 28
	13, 29
	-3, 31
	30, 31
	-1, 33
	11, 35
	-1, 36
	29, 37
	13, 37
	-1, 38
	7, 40
	3, 40
	25, 41
	24, 43
	35, 45
	11, 45
	-3, 49
	13, 50
	10, 51
	14, 53
	6, 55
	48, 55
	6, 58
	19, 59
	0, 62
	-4, 62
	53, 63
	14, 63
	4, 64
	8, 64
	18, 65
	63, 68
	30, 69
	31, 69
	23, 70
	39, 70
	-1, 71
	64, 72
	25, 73
	42, 74
	57, 75
	33, 76
	-1, 76
	75, 77
	-2, 78
	7, 79
	7, 80
	40, 80
	3, 80
	14, 80
	26, 81
	52, 82
	61, 84
	45, 84
	72, 85
	5, 86
	28, 86
	54, 89
	83, 90
	22, 90
	1, 91
	19, 92
	59, 92
	-3, 94
	36, 94
	-1, 94
	89, 95
	54, 95
	-1, 95
	86, 96
	28, 96
	40, 96
	36, 97
	-1, 97
	57, 98
	75, 98
	77, 98
	40, 99
	7, 99
	79, 99
	41, 101
	73, 101
	25, 101
	63, 102
	68, 102
	75, 102
	-1, 103
	95, 103
	32, 104
	82, 104
	52, 104
	101, 106
	41, 106
	34, 107
	65, 108
	-2, 108
	49, 110
	2, 110
	-3, 110
	78, 113
	98, 114
	70, 114
	39, 114
	88, 114
	61, 115
	56, 115
	29, 116
	113, 117
	16, 117
	74, 118
	35, 118
	45, 118
	84, 118
	8, 119
	64, 119
	112, 120
	93, 121
	46, 121
	24, 122
	27, 122
	24, 123
	27, 123
	43, 123
	69, 124
	-3, 124
	31, 124
	117, 125
	16, 125
	10, 125
	-2, 126
	-4, 126
	91, 127
	107, 128
	34, 128
	66, 128
	88, 129
	114, 129
	82, 130
	85, 131
	-4, 131
	44, 131
	-1, 132
	89, 132
	-4, 133
	42, 133
	88, 134
	94, 134
	129, 134
	8, 135
	71, 136
	60, 136
	120, 137
	112, 137
	61, 138
	54, 138
	85, 139
	72, 139
	25, 140
	-4, 140
	-2, 141
	108, 141
	48, 142
	47, 143
	93, 143
	92, 144
	59, 144
	5, 144
	86, 144
	141, 145
	108, 145
	87, 146
	5, 147
	144, 147
	92, 147
	52, 148
	82, 148
	75, 149
	57, 149
	102, 149
	43, 150
	123, 150
	107, 151
	83, 153
	23, 153
	22, 154
	143, 155
	109, 155
	-4, 156
	72, 156
	85, 156
	83, 157
	153, 157
	69, 158
	104, 158
	52, 158
	30, 158
	32, 158
	143, 159
	47, 159
	19, 160
	59, 160
	122, 161
	24, 161
	43, 161
	106, 162
	15, 162
	9, 162
	109, 163
	67, 163
	155, 164
	111, 164
	109, 164
	15, 165
	9, 165
	46, 166
	-2, 167
	127, 167
	159, 168
	111, 168
	60, 169
	102, 169
	68, 169
	74, 170
	42, 170
	115, 170
	-3, 171
	20, 171
	-2, 172
	145, 172
	141, 172
	-4, 173
	73, 173
	144, 174
	59, 174
	150, 175
	100, 175
	47, 176
	147, 176
	5, 176
	-3, 177
	153, 177
	23, 177
	157, 177
	57, 178
	88, 178
	71, 179
	-1, 179
	136, 179
	165, 180
	109, 181
	98, 182
	39, 182
	114, 182
	6, 183
	55, 183
	48, 183
	155, 184
	121, 184
	93, 184
	143, 184
	103, 185
	95, 185
	45, 185
	11, 185
	161, 186
	51, 187
	152, 188
	8, 188
	148, 190
	110, 190
	130, 191
	189, 191
	137, 192
	54, 192
	138, 192
	131, 193
	44, 193
	85, 193
	139, 193
	166, 194
	46, 194
	142, 195
	151, 196
	165, 196
	9, 196
	-1, 197
	-4, 197
	164, 198
	111, 198
	16, 199
	117, 199
	113, 199
	87, 200
	-2, 201
	172, 201
	196, 202
	151, 202
	194, 202
	145, 203
	108, 203
	65, 203
	38, 204
	-1, 204
	200, 205
	15, 205
	41, 205
	46, 206
	121, 206
	67, 206
	163, 206
	184, 206
	132, 207
	-1, 207
	38, 207
	49, 208
	-3, 208
	191, 209
	181, 210
	109, 210
	198, 210
	164, 210
	56, 211
	202, 212
	194, 212
	148, 213
	166, 214
	180, 214
	78, 215
	-2, 215
	167, 215
	181, 216
	67, 216
	163, 216
	109, 216
	76, 217
	-1, 217
	48, 219
	195, 219
	142, 219
	79, 220
	175, 220
	66, 220
	102, 221
	149, 221
	169, 221
	60, 221
	189, 222
	120, 223
	207, 223
	89, 223
	132, 223
	50, 224
	187, 224
	51, 224
	-4, 225
	74, 225
	118, 225
	20, 226
	29, 226
	37, 226
	-3, 226
	-3, 227
	201, 227
	171, 227
	138, 228
	95, 228
	185, 228
	54, 228
	100, 229
	211, 229
	56, 229
	214, 230
	180, 230
	200, 230
	87, 230
	146, 230
	177, 231
	-3, 231
	23, 231
	125, 232
	10, 232
	168, 233
	111, 233
	143, 233
	159, 233
	155, 233
	164, 233
	147, 234
	176, 234
	125, 235
	232, 235
	26, 235
	18, 236
	-2, 236
	78, 236
	113, 236
	65, 237
	16, 237
	199, 237
	56, 238
	115, 238
	61, 238
	138, 238
	211, 238
	-3, 239
	70, 239
	23, 239
	239, 240
	23, 240
	231, 240
	-3, 240
	213, 241
	148, 241
	82, 241
	130, 241
	217, 242
	-1, 242
	97, 242
	48, 243
	188, 243
	152, 243
	183, 243
	62, 244
	-4, 244
	44, 244
	75, 245
	102, 245
	77, 245
	108, 246
	-2, 246
	18, 246
	65, 246
	239, 247
	-3, 247
	129, 247
	153, 248
	39, 248
	70, 248
	23, 248
	162, 249
	229, 249
	21, 249
	58, 250
	55, 250
	6, 250
	216, 250
	208, 251
	49, 251
	157, 251
	177, 251
	-3, 251
	93, 252
	212, 252
	121, 252
	105, 252
	204, 253
	-1, 253
	179, 253
	34, 254
	151, 254
	107, 254
	212, 254
	202, 254
	156, 255
	-4, 255
	131, 255
	85, 255
	241, 256
	130, 256
	19, 256
	160, 256
	176, 257
	5, 257
	28, 257
	249, 258
	56, 258
	229, 258
	51, 259
	232, 259
	10, 259
	252, 260
	212, 260
	194, 260
	46, 260
	121, 260
	64, 261
	72, 261
	139, 261
	119, 261
	213, 262
	49, 262
	251, 262
	83, 262
	157, 262
	-2, 263
	-3, 263
	201, 263
	227, 263
	218, 264
	4, 264
	-4, 264
	124, 265
	226, 265
	-3, 265
	37, 265
	161, 266
	150, 266
	43, 266
	7, 266
	133, 267
	-4, 267
	225, 267
	74, 267
	42, 267
	22, 268
	174, 268
	62, 269
	-4, 269
	0, 269
	100, 270
	175, 270
	112, 270
	150, 270
	109, 271
	155, 271
	184, 271
	206, 271
	163, 271
	128, 272
	34, 272
	40, 272
	99, 272
	96, 272
	227, 273
	201, 273
	116, 273
	171, 273
	32, 274
	189, 274
	104, 274
	126, 275
	-4, 275
	264, 275
	218, 275
	135, 276
	64, 276
	4, 276
	8, 276
	62, 277
	0, 277
	244, 277
	200, 277
	138, 278
	61, 278
	45, 278
	84, 278
	185, 278
	228, 278
	142, 279
	32, 280
	158, 280
	69, 280
	257, 281
	28, 281
	96, 281
	105, 281
	174, 282
	53, 282
	268, 282
	-2, 283
	259, 284
	111, 284
	198, 284
	232, 284
	17, 285
	218, 285
	81, 286
	26, 286
	284, 287
	232, 287
	235, 287
	198, 287
	33, 288
	60, 288
	221, 288
	265, 289
	37, 289
	280, 289
	69, 289
	13, 289
	124, 289
	215, 290
	78, 290
	117, 290
	113, 290
	48, 291
	219, 291
	8, 291
	188, 291
	243, 291
	119, 291
	224, 292
	203, 292
	50, 292
	283, 293
	135, 293
	152, 293
	230, 294
	146, 294
	214, 294
	166, 294
	205, 295
	277, 295
	200, 295
	0, 295
	205, 296
	295, 296
	140, 296
	25, 296
	41, 296
	179, 297
	136, 297
	51, 298
	259, 298
	222, 298
	187, 298
	4, 299
	264, 299
	276, 299
	218, 299
	285, 299
	80, 300
	161, 300
	266, 300
	7, 300
	186, 300
	14, 301
	186, 301
	300, 301
	80, 301
	97, 302
	134, 302
	88, 302
	178, 302
	286, 303
	26, 303
	181, 303
	154, 304
	22, 304
	268, 304
	304, 305
	63, 305
	102, 305
	245, 305
	154, 306
	304, 306
	305, 306
	245, 306
	77, 306
	86, 307
	3, 307
	282, 307
	55, 308
	48, 308
	67, 308
	216, 308
	142, 308
	279, 308
	305, 309
	304, 309
	268, 309
	282, 309
	63, 309
	53, 309
	58, 310
	127, 310
	91, 310
	6, 310
	281, 311
	105, 311
	34, 311
	272, 311
	96, 311
	165, 312
	180, 312
	15, 312
	205, 312
	200, 312
	230, 312
	167, 313
	-2, 313
	1, 313
	127, 313
	91, 313
	-4, 314
	197, 314
	35, 314
	162, 315
	151, 315
	196, 315
	9, 315
	21, 315
	95, 316
	89, 316
	-1, 316
	132, 316
	64, 317
	4, 317
	156, 317
	72, 317
	26, 318
	81, 318
	235, 318
	117, 318
	125, 318
	290, 318
	282, 319
	53, 319
	3, 319
	307, 319
	80, 319
	14, 319
	83, 320
	90, 320
	256, 320
	39, 321
	154, 321
	178, 322
	57, 322
	217, 322
	76, 322
	149, 322
	12, 323
	-2, 323
	293, 323
	283, 323
	152, 323
	152, 324
	188, 324
	8, 324
	135, 324
	293, 324
	297, 325
	179, 325
	204, 325
	253, 325
	122, 325
	200, 326
	87, 326
	244, 326
	44, 326
	277, 326
	19, 327
	256, 327
	130, 327
	191, 327
	247, 328
	-3, 328
	129, 328
	134, 328
	94, 328
	90, 329
	59, 329
	160, 329
	22, 329
	268, 329
	174, 329
	63, 330
	14, 330
	301, 330
	186, 330
	68, 330
	169, 330
	175, 331
	150, 331
	266, 331
	7, 331
	220, 331
	79, 331
	146, 332
	326, 332
	44, 332
	87, 332
	193, 332
	213, 333
	262, 333
	320, 333
	83, 333
	241, 333
	256, 333
	144, 334
	86, 334
	282, 334
	307, 334
	174, 334
	166, 335
	194, 335
	214, 335
	202, 335
	196, 335
	165, 335
	180, 335
	81, 336
	58, 336
	286, 336
	224, 337
	292, 337
	16, 337
	51, 337
	10, 337
	192, 338
	137, 338
	223, 338
	89, 338
	54, 338
	120, 338
	329, 339
	160, 339
	256, 339
	90, 339
	320, 339
	283, 340
	-2, 340
	135, 340
	293, 340
	17, 340
	35, 341
	11, 341
	197, 341
	-1, 341
	314, 341
	90, 342
	22, 342
	154, 342
	321, 342
	70, 343
	239, 343
	114, 343
	129, 343
	247, 343
	168, 344
	234, 344
	209, 344
	272, 345
	99, 345
	220, 345
	79, 345
	128, 345
	66, 345
	344, 346
	168, 346
	284, 346
	111, 346
	98, 347
	77, 347
	321, 347
	154, 347
	306, 347
	182, 347
	39, 347
	60, 348
	288, 348
	71, 348
	-1, 348
	136, 348
	33, 348
	140, 349
	-4, 349
	269, 349
	296, 349
	295, 349
	0, 349
	73, 350
	42, 350
	173, 350
	289, 351
	280, 351
	50, 351
	13, 351
	216, 352
	250, 352
	308, 352
	55, 352
	105, 353
	252, 353
	34, 353
	254, 353
	212, 353
	311, 353
	21, 354
	315, 354
	249, 354
	162, 354
	123, 355
	223, 355
	120, 355
	27, 355
	73, 356
	173, 356
	-4, 356
	140, 356
	25, 356
	209, 357
	234, 357
	147, 357
	92, 357
	344, 357
	274, 358
	104, 358
	189, 358
	191, 358
	130, 358
	82, 358
	322, 359
	149, 359
	76, 359
	33, 359
	221, 359
	288, 359
	134, 360
	94, 360
	302, 360
	97, 360
	36, 360
	116, 361
	29, 361
	273, 361
	171, 361
	226, 361
	20, 361
	220, 362
	175, 362
	66, 362
	21, 362
	258, 363
	56, 363
	73, 363
	101, 363
	143, 364
	93, 364
	252, 364
	105, 364
	281, 364
	47, 364
	6, 365
	310, 365
	183, 365
	12, 365
	91, 365
	1, 365
	190, 366
	110, 366
	262, 366
	49, 366
	148, 366
	213, 366
	234, 367
	159, 367
	176, 367
	47, 367
	116, 368
	292, 368
	13, 368
	50, 368
	29, 368
	286, 369
	336, 369
	303, 369
	58, 369
	216, 369
	181, 369
	250, 369
	66, 370
	128, 370
	21, 370
	362, 370
	315, 370
	151, 370
	107, 370
	116, 371
	368, 371
	292, 371
	203, 371
	145, 371
	281, 372
	257, 372
	364, 372
	47, 372
	176, 372
	189, 373
	222, 373
	344, 373
	209, 373
	191, 373
	27, 374
	207, 374
	38, 374
	204, 374
	223, 374
	355, 374
	340, 375
	135, 375
	299, 375
	276, 375
	285, 375
	17, 375
	185, 376
	11, 376
	341, 376
	-1, 376
	103, 376
	168, 377
	344, 377
	159, 377
	367, 377
	234, 377
	146, 378
	142, 378
	195, 378
	279, 378
	294, 378
	27, 379
	122, 379
	374, 379
	204, 379
	325, 379
	17, 380
	-2, 380
	218, 380
	285, 380
	126, 380
	275, 380
	2, 381
	148, 381
	190, 381
	110, 381
	187, 382
	298, 382
	274, 382
	189, 382
	222, 382
	162, 383
	106, 383
	41, 383
	205, 383
	15, 383
	378, 384
	146, 384
	332, 384
	195, 384
	4, 385
	317, 385
	156, 385
	264, 385
	-4, 385
	150, 386
	270, 386
	112, 386
	355, 386
	120, 386
	123, 386
	46, 387
	279, 387
	206, 387
	67, 387
	118, 388
	35, 388
	314, 388
	225, 388
	-4, 388
	67, 389
	387, 389
	279, 389
	308, 389
	199, 390
	113, 390
	237, 390
	236, 390
	65, 390
	18, 390
	302, 391
	178, 391
	242, 391
	217, 391
	322, 391
	97, 391
	287, 392
	303, 392
	198, 392
	210, 392
	181, 392
	291, 393
	119, 393
	195, 393
	219, 393
	261, 393
	139, 393
	340, 394
	17, 394
	-2, 394
	44, 395
	244, 395
	-4, 395
	131, 395
	114, 396
	98, 396
	57, 396
	88, 396
	178, 396
	193, 397
	139, 397
	384, 397
	332, 397
	393, 397
	195, 397
	297, 398
	330, 398
	161, 398
	122, 398
	186, 398
	325, 398
	209, 399
	191, 399
	357, 399
	327, 399
	19, 399
	92, 399
	46, 400
	166, 400
	294, 400
	279, 400
	378, 400
	387, 400
	153, 401
	83, 401
	321, 401
	39, 401
	342, 401
	248, 401
	90, 401
	362, 402
	175, 402
	229, 402
	100, 402
	21, 402
	249, 402
	224, 403
	50, 403
	187, 403
	351, 403
	169, 404
	330, 404
	398, 404
	297, 404
	136, 404
	60, 404
	298, 405
	259, 405
	284, 405
	373, 405
	344, 405
	346, 405
	222, 405
	31, 406
	-3, 406
	381, 406
	2, 406
	30, 406
	86, 407
	96, 407
	40, 407
	3, 407
	307, 407
	211, 408
	229, 408
	270, 408
	100, 408
	112, 408
	201, 409
	273, 409
	371, 409
	145, 409
	172, 409
	116, 409
	408, 410
	112, 410
	192, 410
	138, 410
	211, 410
	137, 410
	238, 410
	323, 411
	152, 411
	243, 411
	12, 411
	183, 411
	365, 411
	84, 412
	61, 412
	118, 412
	74, 412
	170, 412
	115, 412
	173, 413
	350, 413
	133, 413
	42, 413
	-4, 413
	403, 414
	187, 414
	382, 414
	274, 414
	351, 414
	32, 414
	280, 414
	336, 415
	81, 415
	310, 415
	127, 415
	167, 415
	58, 415
	406, 416
	381, 416
	148, 416
	158, 416
	52, 416
	30, 416
	318, 417
	290, 417
	415, 417
	167, 417
	215, 417
	81, 417
	115, 418
	56, 418
	42, 418
	350, 418
	73, 418
	363, 418
	170, 418
	235, 419
	287, 419
	392, 419
	303, 419
	26, 419
	101, 420
	106, 420
	363, 420
	258, 420
	162, 420
	249, 420
	16, 421
	237, 421
	65, 421
	203, 421
	292, 421
	337, 421
Mesh Regions: 422
	34, 528, 559, 624, 881
	0, 2, 70, 701, 959
	1, 107, 1042, 1176
	21, 58, 670, 728, 1181
	38, 509, 556, 636, 717, 1060
	10, 65, 176, 181, 248, 482
	30, 32, 263, 454, 687, 954
	20, 55, 56, 88, 518, 644, 786
	39, 123, 158, 277, 557, 607, 749
	4, 216, 223, 294, 710
	5, 28, 138, 390, 489, 819
	15, 25, 273, 837, 1017
	2, 3, 742, 957, 1204
	11, 18, 27, 599, 888, 972
	29, 37, 59, 646, 731, 778
	4, 215, 222, 314, 695, 1055
	5, 118, 137, 299, 407, 817, 1261
	6, 584, 835, 1015, 1036, 1108
	7, 40, 402, 440, 1089
	33, 71, 209, 479, 762, 1135
	8, 236, 367, 939
	451, 711, 899, 943, 984, 1154
	69, 194, 524, 658, 774, 842
	44, 193, 251, 388, 416, 418, 448
	9, 23, 128, 130, 212
	22, 48, 92, 167, 628, 911
	60, 401, 587, 655, 720, 1254
	9, 129, 131, 906, 1004, 1031
	10, 66, 80, 483, 573
	11, 17, 116, 368, 935, 974
	13, 42, 205, 1177, 1236
	12, 13, 43, 135, 1173
	98, 206, 547, 569, 1223
	14, 51, 592, 875, 926
	103, 143, 468, 539, 690, 895
	15, 24, 120, 706, 836, 1076
	16, 74, 82, 933
	17, 18, 369, 514, 596
	19, 311, 323, 1006
	45, 112, 261, 446, 735, 869, 1146
	20, 21, 57, 81, 87, 540, 1180
	22, 90, 102, 315, 629, 1053
	49, 154, 233, 523, 883, 1216, 1245
	23, 132, 189, 213, 517
	150, 286, 434, 760, 791, 1110
	24, 25, 63, 121, 272, 564
	127, 224, 290, 316, 493, 1071, 1137
	172, 208, 246, 953, 969, 997
	31, 171, 265, 346, 428, 605, 673
	26, 106, 324, 457, 500, 963
	27, 361, 613, 887, 973, 1157
	28, 275, 363, 487, 632, 818
	61, 100, 184, 204, 1235
	29, 36, 577, 683, 727
	67, 77, 164, 283, 377, 824
	30, 31, 264, 453, 672, 892
	115, 331, 380, 409, 485, 945, 1244
	50, 84, 187, 253, 738, 1116
	32, 452, 684, 813, 978, 1230
	33, 72, 175, 210, 243, 772
	160, 229, 355, 593, 870, 1165
	62, 114, 163, 411, 563, 1208
	34, 35, 432, 526, 558
	36, 37, 41, 93, 661, 682, 777
	38, 39, 47, 124, 495, 555, 716
	40, 104, 310, 406, 441, 1088, 1263
	144, 351, 858, 942, 982
	218, 318, 341, 674, 1074, 1080
	41, 94, 231, 781
	42, 43, 133, 202, 571, 598
	44, 45, 111, 415, 447, 845
	46, 159, 255, 872
	47, 64, 166, 198, 496, 719
	48, 91, 241, 882, 907, 946, 1247
	49, 119, 232, 365, 522, 1210
	50, 53, 85, 95, 186, 435
	51, 52, 344, 740, 925
	53, 86, 437, 668, 864
	54, 109, 337, 404, 602
	55, 89, 349, 788, 856
	56, 57, 58, 59, 641, 649, 730
	60, 586, 721, 812, 1226, 1242
	61, 99, 147, 185, 423, 922
	68, 192, 200, 502, 732, 797, 1144
	62, 63, 122, 565, 1207
	64, 148, 165, 199, 287, 476
	65, 66, 79, 177, 669, 801, 1178
	180, 302, 384, 758, 792
	113, 145, 155, 254, 652, 1117
	67, 76, 152, 359, 713, 823
	68, 69, 733, 771, 829, 841, 1149
	70, 141, 686, 703, 958
	71, 72, 174, 183, 915, 1136
	126, 173, 268, 461, 949
	73, 74, 75, 156, 770, 930
	76, 77, 78, 97, 271, 375, 712
	79, 80, 81, 542, 574, 692, 1179
	82, 83, 427, 650, 932, 1095
	84, 85, 86, 110, 260, 863, 1115
	87, 88, 89, 541, 854
	245, 378, 529, 1153, 1186
	90, 91, 92, 101, 947, 1255
	93, 94, 95, 188, 230, 352, 436, 662
	96, 97, 270, 1020
	98, 99, 100, 203, 549, 918
	464, 575, 689, 893, 951
	101, 102, 214, 1052, 1256
	103, 142, 191, 470, 988
	104, 105, 170, 179, 309, 438
	196, 217, 221, 259, 328, 343, 533
	106, 107, 108, 279, 961, 1045
	220, 228, 298, 392, 581, 862
	125, 162, 531, 1067, 1187, 1195
	109, 117, 301, 405, 604, 1085
	110, 111, 112, 113, 146, 262, 847, 1114
	114, 115, 234, 410, 1212, 1243
	116, 545, 934, 970, 989, 1193
	117, 118, 136, 300, 603, 723
	119, 120, 121, 122, 366, 1075, 1209
	123, 124, 498, 610, 1102
	125, 161, 357, 825, 905, 1069
	126, 127, 267, 317, 463, 494
	128, 129, 211, 756, 1032, 1128
	130, 131, 132, 190, 903, 1070
	133, 134, 135, 511, 600
	136, 137, 138, 389, 399, 724
	139, 140, 550, 1040
	141, 226, 685, 702, 1228
	142, 143, 144, 538, 857, 983
	145, 146, 157, 444, 768, 848
	147, 280, 424, 478, 764, 921
	148, 149, 150, 285, 475, 1113
	151, 152, 321, 360, 715
	153, 154, 519, 1215
	155, 156, 157, 651, 769, 929
	158, 554, 615, 750, 833, 1011
	159, 160, 257, 631, 874, 1164
	161, 162, 282, 821, 1199
	163, 164, 284, 374, 412, 562, 1197
	165, 166, 288, 497, 1106, 1120
	167, 168, 627, 876, 910
	169, 170, 178, 239
	171, 291, 348, 568, 676, 1027
	172, 173, 195, 207, 269, 393, 948
	174, 175, 176, 177, 182, 242, 800
	178, 179, 238, 308, 993, 1191
	180, 385, 618, 789, 1026, 1057
	181, 182, 183, 247, 397, 914
	184, 185, 278, 334, 422, 964, 1043, 1233
	186, 187, 188, 353, 741, 924
	189, 190, 244, 516, 532, 784, 1065
	191, 292, 306, 469, 708, 987
	276, 430, 616, 746, 747, 1202
	192, 193, 201, 250, 445, 1143
	194, 657, 664, 736, 843, 866
	195, 196, 219, 266, 395, 534
	197, 198, 199, 473, 718, 1062
	200, 201, 252, 458, 503
	202, 203, 204, 205, 206, 570, 1234
	207, 208, 227, 394, 967, 1023
	209, 210, 480, 773, 827
	211, 212, 213, 274, 515, 642, 1127
	214, 215, 216, 449, 707, 902, 1051, 1259
	217, 218, 319, 342, 537
	219, 220, 221, 297, 330, 396
	222, 223, 258, 293, 693, 810
	224, 289, 335, 620, 805, 1138
	225, 226, 339, 699, 1229, 1240
	227, 228, 391, 850, 860, 1021
	229, 230, 231, 354, 782, 1160
	232, 233, 234, 1211, 1249
	235, 236, 373, 546, 937
	237, 238, 239, 304, 1192
	240, 241, 884, 908, 1213
	242, 243, 525, 576, 776, 804
	244, 245, 350, 530, 783, 941, 1151
	246, 247, 248, 398, 481, 968, 998
	249, 250, 251, 252, 386, 459
	253, 254, 653, 737, 1091, 1118
	255, 256, 257, 467, 630, 753
	258, 336, 382, 694, 811
	259, 327, 340, 656, 980, 1100
	260, 261, 262, 868
	263, 264, 265, 431, 956, 1205
	266, 267, 268, 269, 320, 535
	270, 271, 272, 273, 376, 566, 1016
	274, 645, 647, 780, 1129
	275, 362, 635, 1046, 1158, 1219
	276, 277, 429, 608, 748
	281, 356, 548, 919, 999, 1049
	278, 279, 960, 1044
	280, 281, 326, 765, 920, 1003, 1132
	282, 283, 284, 820, 1196
	285, 286, 287, 288, 793, 1119
	289, 290, 307, 333, 492, 806
	291, 347, 1028, 1059, 1103, 1124
	292, 293, 294, 305, 709, 809
	295, 296, 705, 838
	297, 298, 329, 582, 591, 1098
	299, 300, 301, 408, 1084
	302, 313, 383, 561, 623, 697, 757
	303, 304, 372, 506, 544, 1188
	305, 306, 307, 332, 472, 808
	308, 309, 310, 612, 992, 1264
	311, 312, 465, 754, 1007, 1034
	313, 314, 315, 621, 625, 696, 1054
	316, 317, 318, 319, 320, 536, 1073
	321, 322, 323, 358, 1005
	324, 325, 456
	326, 852, 912, 1002, 1131
	327, 328, 329, 330, 1099
	331, 379, 413, 1183, 1198
	332, 333, 462, 471, 491, 897
	334, 421, 499, 794, 965
	335, 336, 381, 619, 807
	337, 338, 339, 601, 1241
	340, 341, 342, 343, 455, 675, 889, 979
	344, 345, 425, 739, 1093
	508, 553, 585, 639, 1038
	346, 347, 348, 606, 1104
	349, 350, 351, 787, 855, 940
	352, 353, 354, 355, 594, 927
	356, 634, 1000, 1050, 1172
	357, 358, 359, 360, 822, 904, 1008
	361, 362, 363, 611, 815, 1156
	364, 365, 366, 521, 1078
	367, 368, 369, 370, 512, 938
	371, 372, 373, 507, 543
	374, 375, 376, 377, 567
	378, 379, 380, 450, 486, 1152, 1184
	381, 382, 383, 384, 385, 617, 698
	386, 387, 388, 419
	389, 390, 400, 488, 583, 589
	391, 392, 393, 394, 395, 396
	397, 398, 851, 913, 966, 1025
	399, 400, 401, 590, 722, 1250
	402, 403, 404, 405, 1087
	406, 407, 408, 1086, 1262
	409, 410, 411, 412, 413, 1200
	414, 415, 416, 417, 442, 846
	417, 418, 419, 420
	421, 422, 423, 424, 477, 798
	425, 426, 427, 1092
	428, 429, 430, 431, 609, 1203
	432, 433, 434, 560, 759, 1111
	435, 436, 437, 663, 667
	438, 439, 440, 441
	442, 443, 444, 766, 849
	445, 446, 447, 448, 1148
	449, 450, 451, 484, 901, 1155, 1260
	452, 453, 454, 455, 890, 981
	456, 457, 458, 459, 460, 501
	461, 462, 463, 464, 490, 894, 950
	465, 466, 467, 755
	468, 469, 470, 471, 472, 896
	473, 474, 475, 476
	477, 478, 479, 480, 734, 763, 799, 828
	481, 482, 483, 572, 995
	484, 485, 486, 944, 1258
	487, 488, 489, 580, 633, 1167
	490, 491, 492, 493, 494
	495, 496, 497, 498, 1105
	499, 500, 501, 502, 503, 795, 962
	504, 505, 506, 507
	508, 509, 510, 552, 637, 1063
	511, 512, 513, 514, 595
	515, 516, 517, 518, 643, 785
	519, 520, 521, 522, 523
	524, 525, 578, 659, 680, 775
	526, 527, 528, 878
	529, 530, 531, 532, 1066, 1185
	533, 534, 535, 536, 537
	538, 539, 540, 541, 542, 691, 853
	543, 544, 545, 546, 936, 1189
	547, 548, 549, 917, 1048, 1221
	550, 551, 552, 553, 1041
	554, 555, 556, 557, 638, 1013
	558, 559, 560, 561, 622, 761
	562, 563, 564, 565, 566, 567
	568, 677, 1029, 1072, 1082, 1140
	569, 570, 571, 597, 886, 1224
	572, 573, 574, 575, 688, 952, 994
	576, 577, 578, 671, 681, 726, 802
	579, 614, 745, 831
	580, 581, 582, 583, 588, 861, 1168
	584, 585, 640, 1014, 1039
	586, 587, 654, 814, 975
	588, 589, 590, 591, 1096, 1251
	592, 593, 594, 871, 928
	595, 596, 597, 598, 599, 600, 885
	601, 602, 603, 604, 725, 1238
	605, 606, 607, 608, 609, 610, 1101
	611, 612, 613, 816, 971, 991, 1265
	614, 615, 616, 744, 751, 834
	617, 618, 619, 620, 1030, 1139
	621, 622, 623, 624, 626, 880
	625, 626, 627, 628, 629, 879
	630, 631, 752, 1125, 1163
	632, 633, 634, 635, 1047, 1166
	636, 637, 638, 639, 640, 1012
	641, 642, 643, 644, 645, 648
	646, 647, 648, 649, 779
	650, 651, 652, 653, 931, 1090
	654, 655, 656, 977, 1097, 1253
	657, 658, 659, 660, 665, 679
	660, 661, 662, 663, 666, 678
	664, 665, 666, 667, 668, 867
	669, 670, 671, 729, 803, 1182
	672, 673, 674, 675, 676, 677, 891, 1083
	678, 679, 680, 681, 682, 683
	684, 685, 686, 687, 955, 1227
	688, 689, 690, 691, 692, 898
	693, 694, 695, 696, 697, 698
	699, 700, 701, 702, 703
	704, 705, 706, 840, 1077
	707, 708, 709, 710, 711, 900, 986
	712, 713, 714, 715
	716, 717, 718, 719, 1061
	720, 721, 722, 723, 724, 725, 1237
	726, 727, 728, 729, 730, 731
	732, 733, 734, 796, 830
	735, 736, 844, 865, 1145
	737, 738, 739, 740, 741, 923, 1094
	742, 743, 744, 745, 746, 1201
	747, 748, 749, 750, 751
	752, 753, 754, 755, 756, 1035, 1130
	757, 758, 759, 760, 761, 790
	762, 763, 764, 765, 1134
	766, 767, 768, 769, 770
	771, 772, 773, 774, 775, 776, 826
	777, 778, 779, 780, 781, 782, 1126, 1161
	783, 784, 785, 786, 787, 788
	789, 790, 791, 792, 793, 1058, 1122
	794, 795, 796, 797, 798, 799
	800, 801, 802, 803, 804
	805, 806, 807, 808, 809, 810, 811
	812, 813, 814, 976, 1225
	815, 816, 817, 818, 819, 1266
	820, 821, 822, 823, 824, 825
	826, 827, 828, 829, 830
	831, 832, 833, 834, 835, 1010, 1107
	836, 837, 838, 839, 840, 1018
	841, 842, 843, 844, 1147
	845, 846, 847, 848, 849
	850, 851, 852, 859, 916, 1001, 1022, 1170
	853, 854, 855, 856, 857, 858
	859, 860, 861, 862, 1171
	863, 864, 865, 866, 867, 868, 869
	870, 871, 872, 873, 874, 875
	876, 877, 878, 879, 880, 881
	882, 883, 884, 1214, 1246
	885, 886, 887, 888, 1159, 1222
	889, 890, 891, 892
	893, 894, 895, 896, 897, 898
	899, 900, 901, 902
	903, 904, 905, 906, 1009, 1068
	907, 908, 909, 910, 911
	912, 913, 914, 915, 916, 1133
	917, 918, 919, 920, 921, 922
	923, 924, 925, 926, 927, 928
	929, 930, 931, 932, 933
	934, 935, 936, 937, 938, 939
	940, 941, 942, 943, 985, 1150
	944, 945, 946, 947, 1248, 1257
	948, 949, 950, 951, 952, 953, 996
	954, 955, 956, 957, 958, 959, 1206
	960, 961, 962, 963, 964, 965
	966, 967, 968, 969, 1024
	970, 971, 972, 973, 974, 990
	975, 976, 977, 978, 979, 980, 981
	982, 983, 984, 985, 986, 987, 988
	989, 990, 991, 992, 993, 1190
	994, 995, 996, 997, 998
	999, 1000, 1001, 1002, 1003, 1169
	1004, 1005, 1006, 1007, 1008, 1009, 1033
	1010, 1011, 1012, 1013, 1014, 1015
	1016, 1017, 1018, 1019, 1020
	1021, 1022, 1023, 1024, 1025
	1026, 1027, 1028, 1029, 1030, 1056, 1141
	1031, 1032, 1033, 1034, 1035
	1036, 1037, 1038, 1039, 1040, 1041
	1042, 1043, 1044, 1045, 1175, 1232
	1046, 1047, 1048, 1049, 1050, 1220
	1051, 1052, 1053, 1054, 1055
	1056, 1057, 1058, 1059, 1121
	1060, 1061, 1062, 1063, 1064
	1065, 1066, 1067, 1068, 1069, 1070
	1071, 1072, 1073, 1074, 1081, 1142
	1075, 1076, 1077, 1078, 1079
	1080, 1081, 1082, 1083
	1084, 1085, 1086, 1087, 1088, 1089
	1090, 1091, 1092, 1093, 1094, 1095
	1096, 1097, 1098, 1099, 1100, 1252
	1101, 1102, 1103, 1104, 1105, 1106, 1123
	1107, 1108, 1109
	1110, 1111, 1112, 1113
	1114, 1115, 1116, 1117, 1118
	1119, 1120, 1121, 1122, 1123, 1124
	1125, 1126, 1127, 1128, 1129, 1130, 1162
	1131, 1132, 1133, 1134, 1135, 1136
	1137, 1138, 1139, 1140, 1141, 1142
	1143, 1144, 1145, 1146, 1147, 1148, 1149
	1150, 1151, 1152, 1153, 1154, 1155
	1156, 1157, 1158, 1159, 1218
	1160, 1161, 1162, 1163, 1164, 1165
	1166, 1167, 1168, 1169, 1170, 1171, 1172
	1173, 1174, 1175, 1176, 1177, 1231
	1178, 1179, 1180, 1181, 1182
	1183, 1184, 1185, 1186, 1187, 1194
	1188, 1189, 1190, 1191, 1192, 1193
	1194, 1195, 1196, 1197, 1198, 1199, 1200
	1201, 1202, 1203, 1204, 1205, 1206
	1207, 1208, 1209, 1210, 1211, 1212
	1213, 1214, 1215, 1216, 1217
	1218, 1219, 1220, 1221, 1222, 1223, 1224
	1225, 1226, 1227, 1228, 1229, 1230, 1239
	1231, 1232, 1233, 1234, 1235, 1236
	1237, 1238, 1239, 1240, 1241, 1242
	1243, 1244, 1245, 1246, 1247, 1248, 1249
	1250, 1251, 1252, 1253, 1254
	1255, 1256, 1257, 1258, 1259, 1260
	1261, 1262, 1263, 1264, 1265, 1266
Seed Numbers: 422
	0
	1
	2
	3
	4
	5
	6
	7
	8
	9
	10
	11
	12
	13
	14
	15
	16
	17
	18
	19
	20
	21
	22
	23
	24
	25
	26
	27
	28
	29
	30
	31
	32
	33
	34
	35
	36
	37
	38
	39
	40
	41
	42
	43
	44
	45
	46
	47
	48
	49
	50
	51
	52
	53
	54
	55
	56
	57
	58
	59
	60
	61
	62
	63
	64
	65
	66
	67
	68
	69
	70
	71
	72
	73
	74
	75
	76
	77
	78
	79
	80
	81
	82
	83
	84
	85
	86
	87
	88
	89
	90
	91
	92
	93
	94
	95
	96
	97
	98
	99
	100
	101
	102
	103
	104
	105
	106
	107
	108
	109
	110
	111
	112
	113
	114
	115
	116
	117
	118
	119
	120
	121
	122
	123
	124
	125
	126
	127
	128
	129
	130
	131
	132
	133
	134
	135
	136
	137
	138
	139
	140
	141
	142
	143
	144
	145
	146
	147
	148
	149
	150
	151
	152
	153
	154
	155
	156
	157
	158
	159
	160
	161
	162
	163
	164
	165
	166
	167
	168
	169
	170
	171
	172
	173
	174
	175
	176
	177
	178
	179
	180
	181
	182
	183
	184
	185
	186
	187
	188
	189
	190
	191
	192
	193
	194
	195
	196
	197
	198
	199
	200
	201
	202
	203
	204
	205
	206
	207
	208
	209
	210
	211
	212
	213
	214
	215
	216
	217
	218
	219
	220
	221
	222
	223
	224
	225
	226
	227
	228
	229
	230
	231
	232
	233
	234
	235
	236
	237
	238
	239
	240
	241
	242
	243
	244
	245
	246
	247
	248
	249
	250
	251
	252
	253
	254
	255
	256
	257
	258
	259
	260
	261
	262
	263
	264
	265
	266
	267
	268
	269
	270
	271
	272
	273
	274
	275
	276
	277
	278
	279
	280
	281
	282
	283
	284
	285
	286
	287
	288
	289
	290
	291
	292
	293
	294
	295
	296
	297
	298
	299
	300
	301
	302
	303
	304
	305
	306
	307
	308
	309
	310
	311
	312
	313
	314
	315
	316
	317
	318
	319
	320
	321
	322
	323
	324
	325
	326
	327
	328
	329
	330
	331
	332
	333
	334
	335
	336
	337
	338
	339
	340
	341
	342
	343
	344
	345
	346
	347
	348
	349
	350
	351
	352
	353
	354
	355
	356
	357
	358
	359
	360
	361
	362
	363
	364
	365
	366
	367
	368
	369
	370
	371
	372
	373
	374
	375
	376
	377
	378
	379
	380
	381
	382
	383
	384
	385
	386
	387
	388
	389
	390
	391
	392
	393
	394
	395
	396
	397
	398
	399
	400
	401
	402
	403
	404
	405
	406
	407
	408
	409
	410
	411
	412
	413
	414
	415
	416
	417
	418
	419
	420
	421
Phase Numbers: 422
	2
	2
	1
	3
	2
	3
	2
	2
	0
	2
	2
	1
	3
	2
	0
	2
	0
	0
	2
	3
	3
	3
	2
	2
	2
	3
	1
	2
	3
	3
	3
	3
	3
	3
	2
	3
	2
	3
	0
	2
	2
	2
	2
	2
	3
	3
	1
	2
	0
	2
	0
	2
	0
	2
	2
	3
	1
	3
	2
	3
	2
	1
	2
	3
	2
	2
	3
	3
	2
	2
	3
	2
	3
	3
	3
	2
	3
	2
	3
	2
	1
	2
	0
	0
	2
	3
	2
	3
	2
	2
	2
	2
	3
	2
	2
	2
	0
	0
	1
	3
	0
	0
	3
	3
	0
	2
	2
	3
	2
	3
	1
	2
	1
	3
	2
	2
	2
	3
	2
	3
	3
	3
	2
	3
	3
	3
	1
	3
	2
	2
	2
	3
	2
	1
	3
	2
	2
	0
	2
	2
	0
	2
	3
	2
	2
	2
	2
	2
	3
	3
	2
	3
	0
	3
	3
	0
	2
	3
	2
	0
	2
	3
	2
	3
	2
	2
	3
	3
	3
	0
	3
	2
	3
	3
	3
	3
	3
	2
	3
	3
	3
	0
	3
	2
	0
	1
	2
	1
	2
	2
	3
	2
	0
	2
	1
	2
	0
	3
	3
	3
	3
	1
	2
	3
	3
	2
	2
	0
	3
	3
	3
	2
	3
	3
	2
	1
	3
	3
	3
	3
	3
	2
	2
	2
	3
	3
	2
	0
	2
	3
	2
	0
	3
	3
	3
	1
	1
	2
	3
	0
	3
	2
	1
	1
	3
	0
	2
	1
	3
	1
	3
	2
	3
	3
	1
	2
	3
	2
	3
	3
	3
	0
	3
	1
	2
	3
	2
	2
	3
	2
	3
	0
	3
	3
	2
	1
	2
	3
	1
	3
	3
	2
	3
	3
	2
	3
	1
	2
	1
	3
	2
	2
	3
	2
	3
	1
	0
	2
	2
	3
	2
	3
	2
	3
	3
	3
	1
	2
	3
	2
	3
	2
	3
	3
	3
	2
	3
	2
	2
	3
	2
	3
	3
	2
	3
	2
	3
	2
	2
	3
	2
	0
	3
	3
	3
	2
	2
	3
	0
	3
	1
	3
	3
	2
	2
	2
	2
	1
	2
	2
	3
	2
	2
	3
	0
	3
	1
	3
	3
	3
	2
	1
	3
	0
	3
	3
	3
	1
	3
	2
	2
	2
	2
	2
	2
	3
	3
	3
	3
	0
	2
	2
	2
	3
	3
	0
	2
	2
	1
	2
	1
	2
	3
	3
	2
	2
	1
	2
	2
	3
	3
	3
	0
	3
	3
	3
	3
	2
	2
	2
	3
	3
	2
	3
	0
	2
	1
	2
	3
	3
	2
	2
Volumes: 422
	0.002447707195823312
	0.0023378833356039576
	0.0008205929246198531
	0.002036738709409797
	0.002657507876088671
	0.0029143607410779884
	0.002390384981547287
	0.0026816815439211278
	0.0028883485577095554
	0.0019630634243428986
	0.002655139506812976
	0.0018532871624261735
	0.002257789527111152
	0.002609159578788044
	0.0035246606219097674
	0.0023176558525998528
	0.0030724713344012005
	0.0017103032280020617
	0.0013221469776667418
	0.0021795972279909422
	0.001410229547846291
	0.0026611298702192304
	0.0028791135136694993
	0.0020241550509956553
	0.0025532186812735743
	0.0027986111840391376
	0.0024242391239783717
	0.0022123333831613593
	0.002185876066341717
	0.0018826859961521476
	0.001972831466263543
	0.0015818925924122262
	0.001961818109839565
	0.0013817352365111547
	0.0026033217137528698
	0.002726040477589009
	0.0012025284651653325
	0.0024109266442977903
	0.001956291795550128
	0.002537077288093453
	0.0026789534582579108
	0.002940318326756477
	0.002383653569365413
	0.0022798118275466632
	0.002536190476526804
	0.001968671686900789
	0.002375512052028514
	0.0021197194532579624
	0.0037801730542305415
	0.002392441423441912
	0.002353431293094718
	0.0024529195337784472
	0.0018460504119133581
	0.0019496530689385183
	0.0021672231481761114
	0.002912644297045684
	0.0037815934227408334
	0.0022584005917940285
	0.002795806664806809
	0.002390839054180259
	0.0028468894568184694
	0.001982047720241093
	0.0014487076460718718
	0.0031568644663761327
	0.0027794540008396146
	0.0027811526586916605
	0.0018023188032829508
	0.002270171797718483
	0.0017777775840316968
	0.002379541341872679
	0.0024066870182276375
	0.001240353106391465
	0.002864365343225161
	0.0034320859325382104
	0.0021812053538350753
	0.002919487030387735
	0.001661730427654037
	0.002746567597939494
	0.0025326396211679987
	0.0017933725994075992
	0.0031371832433635533
	0.0023090816311862835
	0.0026714477900419047
	0.0037916548873271187
	0.0021478457726996194
	0.0023080583384602824
	0.0028399546711677798
	0.003155360002880213
	0.0024364811753314697
	0.0022193162620581224
	0.002665625637091111
	0.001907710673324627
	0.0029565669924723295
	0.0017329046531566437
	0.0028869896064994544
	0.00235923151055577
	0.0029461042392919462
	0.001531608820736788
	0.002727940322708572
	0.0018370647433539659
	0.0020769596334639932
	0.0026648538347762256
	0.002736470523229617
	0.0013576466702712236
	0.0021250211618553455
	0.0016986644868126023
	0.001686429103858663
	0.0021923021961102137
	0.0020421792194696867
	0.002473253278321933
	0.00201280269563727
	0.002219630044133055
	0.002577340698168552
	0.0021567494343782355
	0.0031153227524081083
	0.0027973882239009755
	0.0021463122215898316
	0.002861139528935002
	0.003013786914401721
	0.0023749869294111053
	0.0026884582447218777
	0.0024149376754652
	0.0027394247556622618
	0.002508115738899545
	0.0027527135891343892
	0.0024168240798954532
	0.0008609335856283427
	0.002621259128248914
	0.0017519560747891105
	0.0023601735460297845
	0.00298711343938924
	0.002815082124317212
	0.002043065848744074
	0.0014305117374515703
	0.0020507446496994706
	0.002425457599626566
	0.0023905566533486636
	0.0015427904261433854
	0.002172420888951823
	0.002632737063509623
	0.002601438238574112
	0.0015650209847955278
	0.003198427874788886
	0.002615912835848408
	0.0022657772002934906
	0.00242165239829909
	0.0027376619337369395
	0.002975373951357179
	0.0032535781512376323
	0.0027626565216097515
	0.0024128430226324133
	0.001899105205320011
	0.0023868235305317246
	0.002958849630832678
	0.001913502213455071
	0.0026122257781997288
	0.0028253523218555844
	0.002213134347636034
	0.0022636965283959667
	0.0015557809100594626
	0.0027034409969847947
	0.0026872581224236876
	0.0027013698894579976
	0.0023433215345473285
	0.0024682441574592155
	0.002649758208201073
	0.0024579361028055466
	0.003418021610394543
	0.0025002872767039778
	0.0024771900316652943
	0.0023177523318967403
	0.0013025963113509735
	0.0025235291022490183
	0.0021647672239221176
	0.0029628656065743145
	0.0028225989615481197
	0.0023852974331948517
	0.0026331921203822423
	0.0019721310123846218
	0.0024588205836667994
	0.00184228412074585
	0.003173907809973315
	0.0020114158673264363
	0.0018736593868577227
	0.002703911879065194
	0.002773316544354804
	0.002676717905241133
	0.0028678263495873976
	0.0018574503773286012
	0.003018089558323372
	0.0020504272594548535
	0.003264014350918341
	0.002049973973307173
	0.002573105534731989
	0.002582692182718759
	0.0030661509606929593
	0.0015605258342845023
	0.0014130024581054247
	0.0019160313983066755
	0.0015004797897328658
	0.002722322746091279
	0.0026427887364274105
	0.0023274668773073043
	0.0027748080182326573
	0.0020684580906757304
	0.0028624420598092086
	0.0028854753849785293
	0.002354149538446375
	0.0009987499739883077
	0.0022638150220198193
	0.0018973349605835707
	0.0021701914319075134
	0.0030543146293382927
	0.003180998840402044
	0.0017443322802600577
	0.0027633015115519025
	0.0033487921876183464
	0.0019178437052682763
	0.0017013263495111314
	0.0023921378771275814
	0.0021862173119025427
	0.0021679100205609543
	0.0017986103459047414
	0.002521561937354695
	0.0026974964151041626
	0.0018111440947187545
	0.001737743365623576
	0.0019648588640293957
	0.00190402065428683
	0.003266123640581261
	0.002951695787915343
	0.001750198775641114
	0.0024974496932560564
	0.002447569678302793
	0.0021364828863760553
	0.002606368394834056
	0.0013999263239803635
	0.0021421624962757206
	0.0026398835220279096
	0.002706619577315811
	0.0008856130326469624
	0.0031616959678362412
	0.0006692761398675521
	0.002661363758736512
	0.0030333387010959036
	0.0023585325389402197
	0.0010434041006075062
	0.0031385331926696777
	0.001997721768860015
	0.0035901251127557774
	0.0026333965485163748
	0.002890710316372621
	0.0028160165267808934
	0.0009504746586982684
	0.002392404103953418
	0.0017113175087056045
	0.003969177453169524
	0.002172061848757223
	0.002263217304159183
	0.0032483977406719544
	0.002046226454013975
	0.001646244687904636
	0.0030331982771925
	0.0008508380891042268
	0.0019423496815350262
	0.002241356112033725
	0.002732698965806123
	0.0021171037330364652
	0.0030349247964185284
	0.0008789978210826944
	0.0024929481566621984
	0.0016664362054618917
	0.002549149292586971
	0.0021931944744965452
	0.002322588911991802
	0.0020351723009215967
	0.0022583546009580344
	0.0022381779126062163
	0.002459271614155015
	0.0023182122142414714
	0.0026060731823863955
	0.0024785491360986268
	0.0025828549147923563
	0.0022026108412255586
	0.0030874901515265275
	0.0018147199057778327
	0.0019200599768608262
	0.0023217778540996444
	0.0025474990469454453
	0.0029130448088343598
	0.0026292807671312018
	0.0030460685940695217
	0.003541808523316356
	0.0017411317498631544
	0.0024803703493485483
	0.00262844991534667
	0.0028126883070389926
	0.002224459048953551
	0.0021464909612000684
	0.0020226690675007103
	0.002740108226682732
	0.002145150812572551
	0.0021990141618339954
	0.002934237211799362
	0.0024127604112337206
	0.0023251682609759694
	0.0021301726223256624
	0.001806272543596802
	0.003276926856528202
	0.002470364685781952
	0.0022567524084696512
	0.00223077741706548
	0.002908999463133125
	0.0018687791468945801
	0.00139911696065834
	0.0023453898170630056
	0.0012622845871955747
	0.0029062812894193484
	0.0024646081535125634
	0.0028078391103143635
	0.0027566669320883684
	0.002536424167932038
	0.0024811566598796388
	0.0029786759533277866
	0.0021926394965749553
	0.003046535475369685
	0.0026494850859435414
	0.0024898816953542076
	0.0030215828000665257
	0.002904555597346936
	0.0038943261639754934
	0.002189240898056324
	0.002909290143070929
	0.0038326200583977737
	0.0017838448843049454
	0.0023722441074407034
	0.001749883613765495
	0.0032679516133337265
	0.002009509021307225
	0.00250547763014806
	0.0023509671454671833
	0.0018598961146848892
	0.0021501014327840093
	0.0017593763871482822
	0.0024937953254584415
	0.002614849791041138
	0.0020975896586513275
	0.0024074758021168357
	0.0023839698961149445
	0.0029665755817884763
	0.0020094062915758087
	0.002835656964030684
	0.0018526803591150517
	0.002176815181236427
	0.0016534776135907025
	0.002629456840070233
	0.0023253779126613415
	0.0023455198136866037
	0.0022019061523653465
	0.002472187592263806
	0.0016647991654617318
	0.0023350239692364735
	0.002608375650487535
	0.0026487952701879673
	0.00197948335787395
	0.0026544361072843897
	0.0025224673790314994
	0.001688876622790225
	0.002842944735405676
	0.0036121213361419197
	0.0024103807817509176
	0.002720651968194139
	0.0015662463295015438
	0.0027929608003801325
	0.003187860360121361
	0.0023692329734940074
	0.0017516106528757329
	0.0017411745782255103
	0.0031792941634070392
	0.0030840195780654864
	0.0019420042400656178
	0.0023886535750795384
	0.0022309074991179612
	0.0017316971627380645
	0.002280891347296086
	0.001812752822408432
	0.0031277498897964166
	0.0026939843829503337
	0.002016625782281932
	0.0016794201696502774
	0.0023373878144587763
	0.0019252796494864744
	0.001802024768835303
	0.002818139378547401
	0.0012515621505765735
	0.0017447832341793278
	0.0019393187982317144
	0.0031102956266277956
	0.003655728486714553
	0.003182064416636162
	0.002503451478419462
	0.0027553156625753465
	0.0028624401625960364
	0.0014569889276800454
	0.0027776911138761165
	0.002791618926434231
	0.0014474776826714345
	0.001759830686697204
	0.001967558819992049
	0.0026326572503016068
	0.0022467557830661232
	0.0024265394339451174
	0.001720202899966156
	0.0010293416983462838
	0.0021647096567911127
	0.001898054307683101
	0.0019476364488548042
	0.0025061232490252465
	0.002755626154494838
	0.001874472791035524
	0.002433941455235471
	0.003121260748924897
