Mesh Points: 838
	-3.110863e-01,  4.723647e-01
	-3.342643e-01,  4.629127e-01
	-3.674733e-01,  4.935784e-01
	-3.684696e-01,  5.000000e-01
	-2.967993e-01,  5.000000e-01
	 1.671250e-01, -3.386688e-01
	 1.695384e-01, -3.306124e-01
	 1.312876e-01, -3.524659e-01
	 1.544670e-01, -2.950791e-01
	 1.081192e-01, -2.997283e-01
	 1.061744e-01, -3.033366e-01
	 3.943866e-01,  4.477430e-01
	 3.946193e-01,  4.501045e-01
	 4.318728e-01,  4.793217e-01
	 4.661400e-01,  4.479757e-01
	 4.576212e-01,  4.198910e-01
	 4.489690e-01,  4.169912e-01
	-4.107974e-01,  4.011009e-01
	-4.108575e-01,  4.011123e-01
	-4.321419e-01,  4.450382e-01
	-4.198789e-01,  4.617220e-01
	-3.952921e-01,  4.604805e-01
	-3.827661e-01,  4.341654e-01
	-1.393199e-01, -2.711562e-01
	-1.457983e-01, -2.736493e-01
	-1.953422e-01, -2.544402e-01
	-1.962378e-01, -2.492896e-01
	-1.508579e-01, -2.180069e-01
	-1.485876e-01, -2.188637e-01
	-1.318907e-01, -2.577148e-01
	 2.105213e-01,  1.844880e-01
	 1.930078e-01,  1.923368e-01
	 2.311989e-01,  1.910661e-01
	 2.457829e-01,  2.157245e-01
	 1.863433e-01,  2.345880e-01
	 2.360355e-01,  2.366259e-01
	 1.925621e-01,  2.409733e-01
	 5.179095e-02,  3.242977e-01
	-3.567129e-03,  3.306927e-01
	 5.447367e-02,  3.322707e-01
	 1.092396e-02,  3.663163e-01
	 3.649990e-02,  3.729121e-01
	 3.341923e-01,  1.092407e-01
	 2.887871e-01,  1.135910e-01
	 3.451197e-01,  1.371747e-01
	 3.107893e-01,  1.815795e-01
	 3.107244e-01,  1.815857e-01
	 2.780963e-01,  1.482359e-01
	-2.542938e-01,  4.432190e-01
	-2.361877e-01,  4.233506e-01
	-2.789795e-01,  4.409013e-01
	-2.993964e-01,  3.990689e-01
	-3.029415e-01,  4.106370e-01
	-2.461711e-01,  3.910528e-01
	-2.704063e-01,  3.819880e-01
	 5.000000e-01, -3.502910e-02
	 4.520626e-01, -1.044121e-02
	 5.000000e-01,  2.030032e-02
	 4.759942e-01,  2.413653e-02
	-1.029503e-01, -2.011457e-01
	-1.225942e-01, -1.562523e-01
	-1.584822e-01, -1.661697e-01
	-1.661142e-01, -1.884207e-01
	-3.972655e-01,  2.763696e-01
	-3.638533e-01,  2.913196e-01
	-4.220024e-01,  2.862809e-01
	-4.066347e-01,  3.401818e-01
	-3.640969e-01,  3.223166e-01
	-4.258729e-01,  3.330837e-01
	-3.633583e-01,  3.210799e-01
	-4.293389e-01,  3.277959e-01
	 1.782571e-01, -4.531128e-01
	 1.582367e-01, -4.266994e-01
	 1.507647e-01, -4.795850e-01
	 1.290737e-01, -4.346162e-01
	 1.196079e-01, -4.695568e-01
	 1.169873e-01,  4.292709e-01
	 1.060718e-01,  4.314482e-01
	 1.470936e-01,  4.695478e-01
	 9.925203e-02,  5.000000e-01
	 8.892396e-02,  4.672796e-01
	 1.190604e-01,  5.000000e-01
	 1.792379e-01, -1.017939e-01
	 1.596118e-01, -1.290139e-01
	 2.191813e-01, -9.893659e-02
	 2.245603e-01, -1.385233e-01
	 1.602247e-01, -1.317609e-01
	 2.053294e-01, -1.651858e-01
	-4.031148e-01, -2.450725e-01
	-4.116294e-01, -2.762308e-01
	-4.612233e-01, -2.209488e-01
	-4.827953e-01, -2.480755e-01
	-4.556487e-01, -2.845393e-01
	-4.273438e-01, -2.892729e-01
	-4.673635e-01, -1.172017e-01
	-4.978880e-01, -9.628704e-02
	-4.661800e-01, -1.467592e-01
	-5.000000e-01, -9.636285e-02
	-5.000000e-01, -1.715881e-01
	 4.124604e-01, -2.075551e-01
	 4.456970e-01, -2.456296e-01
	 4.211509e-01, -2.770660e-01
	 3.942850e-01, -2.132019e-01
	 3.969861e-01, -2.748972e-01
	 3.780150e-01, -2.512619e-01
	-1.875319e-01,  1.900953e-01
	-1.985827e-01,  1.813260e-01
	-2.406615e-01,  1.861545e-01
	-2.448790e-01,  2.285787e-01
	-2.317323e-01,  2.405138e-01
	-1.903768e-01,  2.301204e-01
	-2.434032e-01,  1.892297e-01
	-4.559277e-01, -3.965785e-01
	-4.393824e-01, -3.798940e-01
	-4.527504e-01, -4.209754e-01
	-4.333953e-01, -4.347441e-01
	-3.939006e-01, -3.956743e-01
	-3.944613e-01, -3.947044e-01
	 1.250283e-01, -3.650514e-01
	 1.639427e-01, -4.022202e-01
	 1.107429e-01, -3.723721e-01
	 9.367109e-02, -4.096401e-01
	 1.739476e-01,  4.701467e-01
	 1.818414e-01,  4.780742e-01
	 1.858815e-01,  5.000000e-01
	 5.584693e-02, -4.831157e-01
	 7.574512e-02, -4.625238e-01
	 5.935557e-02, -5.000000e-01
	 1.077333e-01, -4.769250e-01
	 1.050455e-01, -5.000000e-01
	 1.549674e-01, -5.000000e-01
	 1.257731e-01, -2.428376e-01
	 1.047408e-01, -2.589815e-01
	 1.283493e-01, -2.337879e-01
	 7.627619e-02, -1.941873e-01
	 1.152184e-01, -2.011010e-01
	 6.847834e-02, -2.468885e-01
	 7.569670e-02, -1.946362e-01
	 3.394072e-01, -1.313102e-01
	 3.110495e-01, -1.116739e-01
	 3.564055e-01, -1.284119e-01
	 3.102323e-01, -9.528087e-02
	 3.454160e-01, -6.580814e-02
	 3.663000e-01, -9.728118e-02
	-1.241194e-01, -5.611363e-02
	-1.339798e-01, -6.056439e-02
	-1.117369e-01, -1.839277e-02
	-1.118201e-01, -1.825706e-02
	-1.586041e-01, -5.540166e-03
	-1.760283e-01, -3.317178e-02
	 2.175262e-01, -2.990445e-01
	 2.196449e-01, -2.996714e-01
	 1.984680e-01, -3.753918e-01
	 2.307061e-01, -3.566702e-01
	 2.392646e-01, -3.314739e-01
	-4.650064e-02,  4.731592e-01
	-3.282851e-02,  5.000000e-01
	-8.070097e-02,  4.799300e-01
	-8.467767e-02,  5.000000e-01
	-3.955292e-01,  3.846177e-01
	-4.278029e-01,  3.947092e-01
	-4.454728e-01,  3.638161e-01
	-1.859689e-01,  4.612298e-01
	-1.733463e-01,  4.672685e-01
	-2.398608e-01,  5.000000e-01
	-1.728258e-01,  5.000000e-01
	 1.811370e-01,  4.278854e-01
	 1.900274e-01,  4.215959e-01
	 2.419446e-01,  4.580871e-01
	 2.419841e-01,  4.580387e-01
	 2.353198e-01,  4.315708e-01
	 2.445910e-01,  3.535220e-01
	 2.436047e-01,  3.427082e-01
	 1.974137e-01,  3.014992e-01
	 1.928121e-01,  3.747674e-01
	 1.934617e-01,  3.751116e-01
	 1.751301e-01,  3.360814e-01
	 1.937731e-01,  3.011626e-01
	 2.218807e-01,  3.724439e-01
	 5.455526e-02,  6.754509e-03
	 7.410484e-02,  1.630304e-02
	 2.281990e-02,  2.689973e-02
	 4.338376e-02,  7.058891e-02
	 8.180364e-02,  4.585848e-02
	 6.773330e-02, -1.087948e-01
	 6.799000e-02, -1.085713e-01
	 2.293406e-02, -1.082276e-01
	 2.686964e-02, -7.326699e-02
	 5.627413e-02, -6.575564e-02
	 4.322660e-01,  1.003490e-01
	 4.539158e-01,  1.254945e-01
	 4.642577e-01,  6.156964e-02
	 5.000000e-01,  1.243390e-01
	 5.000000e-01,  8.085137e-02
	 2.800555e-01, -1.281125e-01
	 2.725893e-01, -1.487762e-01
	 2.531587e-01, -8.164603e-02
	 2.284744e-01, -8.673825e-02
	-1.246545e-01, -4.662033e-01
	-1.146225e-01, -4.639589e-01
	-6.402317e-02, -5.000000e-01
	-1.275400e-01, -5.000000e-01
	 3.917554e-01,  1.873392e-01
	 4.230687e-01,  1.602103e-01
	 3.984652e-01,  1.236843e-01
	 3.648462e-01,  1.443338e-01
	 3.750665e-01,  1.811194e-01
	 3.915197e-01, -3.779732e-01
	 3.651329e-01, -3.453075e-01
	 4.313245e-01, -3.641184e-01
	 4.311872e-01, -3.294991e-01
	 4.401696e-01, -3.490798e-01
	 3.756916e-01, -3.196093e-01
	 3.679707e-01, -3.231695e-01
	 2.567046e-01,  1.526849e-01
	 2.867837e-01,  2.132354e-01
	 4.201673e-01, -1.946628e-01
	 4.570570e-01, -1.862660e-01
	 4.102696e-01, -1.494947e-01
	 4.657447e-01, -1.419044e-01
	-1.765378e-01, -4.183334e-01
	-2.076810e-01, -4.388651e-01
	-1.860845e-01, -3.792856e-01
	-1.973985e-01, -3.740549e-01
	-1.922660e-01, -3.733875e-01
	-2.356299e-01, -4.115150e-01
	-2.353256e-01, -4.296530e-01
	-1.228695e-01,  3.486361e-01
	-1.457827e-01,  3.546719e-01
	-1.609139e-01,  3.980822e-01
	-1.324494e-01,  4.159331e-01
	-1.119123e-01,  4.083236e-01
	-2.979041e-01,  1.571255e-01
	-2.824429e-01,  1.848825e-01
	-3.262541e-01,  1.594490e-01
	-3.062072e-01,  2.131081e-01
	-3.397348e-01,  1.751520e-01
	 2.054040e-01, -1.772994e-01
	 1.815039e-01, -2.010163e-01
	 1.366337e-01, -1.733557e-01
	-1.014534e-01, -2.464525e-01
	-9.491283e-02, -2.053085e-01
	 2.933105e-01, -3.254095e-01
	 3.004639e-01, -3.522041e-01
	 2.777832e-01, -3.912518e-01
	 2.664110e-01, -3.910219e-01
	-1.607667e-02,  3.993399e-01
	-1.502867e-02,  3.227897e-01
	-2.494300e-02,  3.982153e-01
	-3.586821e-02,  3.343963e-01
	-4.908459e-02,  3.691774e-01
	 3.763810e-01,  2.652974e-01
	 3.553305e-01,  2.886430e-01
	 4.147192e-01,  2.851163e-01
	 4.039112e-01,  3.174871e-01
	 4.159705e-01,  2.893120e-01
	 3.944789e-01,  3.191366e-01
	 3.563193e-01,  2.942412e-01
	-3.263349e-01,  3.697932e-01
	-3.545331e-01,  3.746578e-01
	-3.422152e-01,  4.298747e-01
	-3.579148e-01,  3.790180e-01
	 2.615318e-01,  3.081836e-01
	 2.489878e-01,  2.772340e-01
	 2.986661e-01,  3.103328e-01
	 3.116958e-01,  2.680455e-01
	 3.081721e-01,  2.610627e-01
	 2.490836e-01,  2.769560e-01
	-2.797025e-01, -4.479018e-01
	-2.601583e-01, -4.517329e-01
	-3.071110e-01, -4.823370e-01
	-2.440963e-01, -5.000000e-01
	-3.026734e-01, -5.000000e-01
	-4.319518e-01,  8.008039e-02
	-4.235486e-01,  8.465523e-02
	-4.706965e-01,  9.235218e-02
	-4.302707e-01,  1.251515e-01
	-4.583888e-01,  1.392841e-01
	-4.779525e-01,  1.284577e-01
	-8.352395e-02, -4.206966e-01
	-6.079094e-02, -4.288806e-01
	-9.424582e-02, -4.038952e-01
	-2.449760e-02, -3.919507e-01
	-6.690962e-02, -3.538700e-01
	-3.166342e-02, -4.116023e-01
	-6.771975e-02, -3.543007e-01
	-1.812177e-01,  3.407887e-01
	-1.845385e-01,  3.348026e-01
	-1.977902e-01,  3.728507e-01
	-2.287955e-01,  3.726361e-01
	-2.341311e-01,  3.288047e-01
	-2.258562e-01,  3.196922e-01
	-3.438728e-01, -2.007382e-01
	-3.316644e-01, -1.772702e-01
	-3.865533e-01, -2.159534e-01
	-3.740322e-01, -1.408302e-01
	-3.382855e-01, -1.585162e-01
	-3.976648e-01, -1.950728e-01
	 2.801385e-01, -5.000000e-01
	 2.786315e-01, -4.625084e-01
	 2.360486e-01, -5.000000e-01
	 2.631569e-01, -4.609004e-01
	 2.414944e-01, -4.727377e-01
	-1.421234e-02,  1.907314e-01
	-1.363833e-02,  1.869218e-01
	-4.123739e-02,  1.500310e-01
	-5.910253e-02,  2.033049e-01
	-6.961292e-02,  1.838072e-01
	-4.524875e-02,  1.498838e-01
	-2.525346e-03, -3.805630e-01
	 8.124933e-03, -3.497764e-01
	-5.872542e-02, -3.377085e-01
	-1.175999e-02, -3.315876e-01
	-2.282556e-01,  1.795424e-02
	-2.316380e-01,  1.490701e-02
	-2.122242e-01,  6.816996e-02
	-2.670896e-01,  7.351576e-02
	-2.257702e-01,  8.342704e-02
	-2.712033e-01,  4.114338e-02
	-2.566988e-01,  1.862116e-02
	-3.235244e-01, -1.019341e-01
	-2.894479e-01, -7.704866e-02
	-3.514278e-01, -9.502931e-02
	-2.910791e-01, -6.258718e-02
	-3.461234e-01, -4.300479e-02
	-3.268243e-01, -3.981383e-02
	 2.865067e-01, -4.588557e-01
	 3.048166e-01, -4.209657e-01
	 3.185069e-01, -4.779060e-01
	 3.254395e-01, -4.167920e-01
	 3.620343e-01, -4.529427e-01
	 3.632906e-01, -4.582313e-01
	-2.309998e-01,  2.845481e-01
	-2.719239e-01,  2.818546e-01
	-2.831361e-01,  2.413030e-01
	 4.582876e-02,  5.000000e-01
	 3.933345e-02,  4.687434e-01
	 1.002104e-02,  4.707884e-01
	-5.508042e-03,  5.000000e-01
	-3.355015e-01, -2.849402e-01
	-3.108707e-01, -2.907082e-01
	-3.421223e-01, -2.633579e-01
	-3.192412e-01, -2.312708e-01
	-2.810141e-01, -2.380554e-01
	-2.932521e-01, -2.296829e-01
	 4.366331e-01, -3.075226e-01
	-3.080584e-01,  3.357510e-01
	-1.708320e-01,  6.870722e-02
	-1.620515e-01,  8.834656e-02
	-1.355019e-01,  4.506080e-02
	-1.467732e-01,  9.547859e-02
	-1.158066e-01,  8.294757e-02
	-1.123718e-01,  6.678562e-02
	-2.980552e-01, -4.061473e-01
	-3.033865e-01, -4.190689e-01
	-2.625498e-01, -3.887257e-01
	 3.126649e-01,  3.309229e-01
	 3.330338e-01,  3.353994e-01
	-1.809752e-01,  4.013630e-01
	-2.015897e-01,  4.292719e-01
	 4.379406e-01, -4.106346e-01
	 4.232936e-01, -4.193695e-01
	 3.838756e-01, -3.991924e-01
	 3.863546e-01, -4.049972e-01
	-2.797469e-01,  3.381376e-01
	-2.942914e-01,  3.037980e-01
	-2.941900e-01,  3.291698e-01
	-2.273441e-01,  2.890774e-01
	-1.235524e-01, -3.956514e-01
	-1.306266e-01, -3.835731e-01
	-1.221007e-01, -3.437472e-01
	 1.531174e-01,  2.811742e-01
	 1.193037e-01,  3.090192e-01
	 1.342875e-01,  2.382797e-01
	 9.456597e-02,  2.905544e-01
	 1.039519e-01,  2.454345e-01
	 1.134155e-01,  2.378766e-01
	-2.212748e-01, -1.358900e-01
	-2.755735e-01, -1.354282e-01
	-2.188751e-01, -1.397496e-01
	-2.796736e-01, -1.398035e-01
	-2.772733e-01, -1.693178e-01
	-2.232548e-01, -1.556184e-01
	-2.558385e-01, -1.782787e-01
	-1.801960e-01,  2.801472e-01
	-1.674921e-01,  2.930362e-01
	-4.297104e-01, -4.602688e-01
	-4.287962e-01, -4.587765e-01
	-4.687299e-01, -4.750859e-01
	-5.000000e-01, -4.378346e-01
	-5.000000e-01, -4.537841e-01
	 4.144343e-01, -8.598271e-02
	 4.200929e-01, -8.825835e-02
	 4.079312e-01, -1.474143e-01
	 3.745595e-01, -1.456180e-01
	 5.000000e-01, -3.222150e-01
	 4.610991e-01, -3.512828e-01
	 5.000000e-01, -3.111925e-01
	 4.710685e-01, -2.918925e-01
	 4.351075e-01,  5.000000e-01
	 3.746039e-01,  4.822909e-01
	 3.774340e-01,  5.000000e-01
	-1.894765e-01, -8.394341e-02
	-1.565580e-01, -1.023369e-01
	-1.807186e-01, -3.497989e-02
	-1.465043e-01, -1.004030e-01
	-4.511205e-01,  1.766966e-01
	-5.000000e-01,  2.011033e-01
	-4.648841e-01,  1.959133e-01
	-5.000000e-01,  1.335511e-01
	 2.056314e-01,  1.430945e-01
	 1.797806e-01,  1.263268e-01
	 1.529990e-01,  1.799237e-01
	 1.753748e-01,  1.263960e-01
	 1.488285e-01,  1.738529e-01
	 3.214699e-01, -1.894722e-01
	 3.153858e-01, -1.774446e-01
	 3.361561e-01, -1.961440e-01
	 3.592578e-01, -1.921005e-01
	 4.008838e-03, -1.260499e-01
	 9.259231e-04, -5.021216e-02
	-3.003482e-02, -9.241601e-02
	-2.557222e-03, -1.241865e-01
	-2.896324e-01,  9.825703e-02
	-2.754303e-01,  1.270489e-01
	-2.212452e-01,  1.197418e-01
	-2.480632e-01,  1.353634e-01
	 4.696164e-02,  4.587483e-01
	 1.910857e-01, -4.571386e-01
	 1.975576e-01, -3.785966e-01
	 2.246375e-01, -4.202754e-01
	 1.993216e-01, -4.546957e-01
	-1.786874e-01,  6.407461e-02
	-1.849060e-01,  2.747341e-02
	 1.403678e-01,  2.338071e-01
	 1.891306e-01, -2.679890e-01
	 1.657936e-01, -2.743978e-01
	 4.261307e-01,  9.977327e-02
	 4.352849e-01,  1.607912e-01
	 4.000313e-01,  1.173936e-01
	 3.743066e-01, -4.683333e-01
	 4.153314e-01, -4.597422e-01
	 2.353043e-01, -2.737070e-03
	 2.395061e-01,  3.731944e-02
	 2.241972e-01, -7.031155e-03
	 1.881354e-01,  5.607142e-02
	 1.832500e-01,  5.420819e-02
	 1.806764e-01,  7.711433e-03
	 1.750872e-01,  3.996869e-02
	 3.410100e-01,  9.603901e-02
	 3.709886e-01,  9.125066e-02
	 2.766093e-01,  3.691569e-01
	 4.815431e-01, -2.073390e-01
	 4.473431e-01, -2.456277e-01
	-4.097964e-01, -6.829199e-02
	-4.100591e-01, -6.917560e-02
	-4.283587e-01, -7.981039e-02
	-4.501165e-01, -1.848845e-02
	-4.590437e-01, -2.241780e-02
	-4.295197e-01, -2.433458e-02
	-4.690565e-01, -5.265751e-02
	-4.705838e-01, -4.577423e-02
	 1.111108e-01, -1.062258e-01
	 1.215787e-01, -6.678471e-02
	 6.755704e-02, -4.744934e-02
	 1.040541e-01, -4.305336e-02
	-4.470277e-01,  2.719983e-01
	-4.716087e-01,  3.001329e-01
	-4.628264e-01,  3.208648e-01
	-5.000000e-01, -5.000000e-01
	-4.698161e-01, -5.000000e-01
	 5.000000e-01, -4.225712e-01
	 4.719593e-01, -4.218487e-01
	 5.000000e-01, -3.772006e-01
	 4.890966e-01, -3.783959e-01
	 4.714080e-01, -4.210844e-01
	 2.367439e-01,  5.000000e-01
	 9.571512e-02,  3.596694e-01
	 1.187187e-01,  3.546964e-01
	 7.177987e-02,  3.894116e-01
	 8.121736e-02,  4.173767e-01
	 1.385045e-01,  4.050895e-01
	 1.403120e-01,  3.923736e-01
	-1.382100e-01,  1.385682e-01
	-1.460247e-01,  1.441467e-01
	-1.037535e-01,  1.409015e-01
	-1.544585e-01,  1.840657e-01
	-1.258744e-01,  2.076393e-01
	-9.492102e-02,  1.760023e-01
	-3.153385e-01, -1.347974e-01
	-2.781975e-01, -8.708703e-02
	 2.555425e-01, -1.307286e-02
	 2.998975e-01,  1.502470e-02
	 2.923838e-01,  4.224761e-02
	 2.465451e-01,  4.408188e-02
	-9.156746e-02, -2.047301e-01
	-5.531517e-02, -2.310335e-01
	-6.203457e-02, -2.734841e-01
	-6.158656e-02, -2.732096e-01
	-3.873674e-01,  4.678008e-02
	-3.648606e-01,  6.151933e-02
	-4.193617e-01,  8.363944e-02
	-3.714574e-01,  1.021489e-01
	 5.000000e-01, -6.792676e-02
	 4.563174e-01, -8.992836e-02
	 4.488644e-01, -1.122514e-02
	 4.407240e-01, -8.410657e-02
	 4.396310e-01, -2.165120e-02
	-7.222608e-02, -2.959644e-01
	-1.111000e-01, -3.042689e-01
	-1.201648e-01, -1.209301e-01
	-1.816396e-01, -1.417964e-01
	-1.169545e-01, -1.460992e-01
	 1.683274e-02, -4.454728e-01
	 1.274123e-02, -4.499386e-01
	 2.284387e-02, -4.046477e-01
	 6.355356e-03, -4.488454e-01
	 4.312925e-01, -5.000000e-01
	 4.363417e-01, -4.749198e-01
	 3.754186e-01, -5.000000e-01
	-4.975351e-01,  9.777919e-03
	-5.000000e-01,  9.665673e-03
	-5.000000e-01, -4.461511e-02
	-1.470036e-01, -4.537485e-01
	-1.533643e-01, -4.303804e-01
	 1.129175e-01, -1.234642e-02
	 4.695849e-02, -2.225847e-02
	-1.470335e-02,  3.054545e-01
	 1.401621e-02,  2.761875e-01
	 5.965484e-02,  2.989444e-01
	 4.499873e-02,  2.800515e-01
	-3.734929e-01, -2.858977e-03
	-3.855974e-01,  4.754177e-03
	-3.256675e-01,  2.107449e-02
	-3.281317e-01,  5.332533e-02
	-3.935037e-01,  2.275507e-02
	-3.219306e-01,  3.967555e-02
	 3.602986e-01,  3.599064e-01
	 3.856228e-01,  3.843718e-01
	 4.340464e-01,  3.523250e-01
	 4.234490e-01,  3.731042e-01
	 3.205644e-01,  4.541337e-01
	 3.260996e-01,  4.778426e-01
	 3.472191e-01,  4.261569e-01
	 3.766182e-01,  4.258162e-01
	-2.277194e-02,  6.165390e-02
	-2.390775e-02,  7.254585e-02
	 1.019009e-02,  2.412836e-02
	 3.349025e-02,  8.594843e-02
	 3.881222e-02,  8.243322e-02
	-4.264431e-01, -3.268478e-01
	-4.465527e-01, -3.422898e-01
	-4.799350e-01, -3.136758e-01
	-4.697669e-01, -3.369004e-01
	 5.572439e-02,  1.930681e-01
	 3.367480e-02,  1.517961e-01
	 4.399641e-02,  2.166898e-01
	 3.802011e-03,  2.227055e-01
	 2.953320e-02,  1.498808e-01
	-1.934431e-01,  1.313962e-01
	-1.925414e-01,  1.310829e-01
	 1.905762e-01, -5.000000e-01
	-1.076680e-01,  1.658622e-02
	-1.337993e-01,  3.002876e-02
	-8.276949e-02,  3.296112e-02
	-8.490605e-02,  4.973654e-02
	-3.915404e-01, -2.352769e-01
	 4.535825e-01,  3.464746e-01
	 4.967453e-01,  3.931469e-01
	 9.676088e-03, -5.000000e-01
	 2.027928e-02, -4.710549e-01
	-5.641201e-02, -5.000000e-01
	-4.784627e-02, -4.729668e-01
	 4.721555e-01,  2.340208e-01
	 5.000000e-01,  2.260377e-01
	 4.680499e-01,  2.502420e-01
	 4.774711e-01,  2.675989e-01
	 5.000000e-01,  2.661290e-01
	-3.114675e-01, -9.162880e-05
	-2.746013e-01, -1.299652e-03
	-2.686822e-01, -4.066565e-02
	-4.733392e-01,  4.064303e-02
	-4.482897e-01,  3.915857e-02
	-4.405685e-01,  2.849247e-02
	-3.839334e-02,  2.776718e-01
	-7.677449e-02,  2.783352e-01
	-7.352150e-02,  3.224362e-01
	-7.795817e-02,  2.795068e-01
	 3.190150e-01, -5.000000e-01
	-3.839686e-01, -4.005528e-01
	-3.562200e-01, -3.964600e-01
	-3.223062e-01, -4.216389e-01
	-3.549010e-01, -4.686926e-01
	-3.644455e-01, -4.724171e-01
	-3.717659e-01, -4.658552e-01
	-3.646919e-01,  1.131345e-01
	-3.416544e-01,  1.144403e-01
	-3.127219e-01,  9.296450e-02
	-3.380669e-01,  2.672954e-01
	-3.350750e-01,  2.529853e-01
	-3.059857e-01,  2.332694e-01
	-6.414200e-03, -2.672798e-02
	-9.987233e-03, -4.697139e-03
	-6.062661e-02, -3.758772e-02
	-5.601503e-02,  1.553406e-02
	-6.953909e-02, -2.465432e-02
	-4.613388e-02,  1.748677e-02
	-5.000000e-01, -3.083265e-01
	-5.000000e-01, -3.619973e-01
	-4.099372e-01,  1.823309e-01
	-3.937277e-01,  1.482120e-01
	-2.169463e-01, -2.652692e-02
	-2.346617e-01, -4.386460e-02
	-2.446539e-01, -2.230850e-01
	-2.047283e-01, -1.976806e-01
	-2.177562e-01, -2.246200e-01
	-1.240195e-01,  2.198460e-01
	-7.414849e-02,  2.331835e-01
	-6.532424e-02,  2.269231e-01
	 4.328752e-01,  2.511176e-01
	 4.676818e-01,  2.998403e-01
	 3.283028e-01, -3.384212e-02
	 3.456470e-01, -5.957107e-02
	 2.737928e-01, -5.236129e-02
	 2.697791e-01, -6.658538e-02
	 2.295247e-01,  1.328896e-01
	 1.587836e-02, -1.678525e-01
	-2.951564e-02, -1.883820e-01
	 1.770719e-02, -1.544992e-01
	-5.595745e-02, -1.574870e-01
	-5.444425e-02, -1.686478e-01
	 1.453019e-01,  1.013461e-01
	 1.456362e-01,  1.013611e-01
	 1.064538e-01,  1.478119e-01
	 1.118466e-01,  1.642247e-01
	-5.000000e-01, -2.507294e-01
	 4.204830e-02,  3.818616e-01
	-2.121432e-01, -2.880265e-01
	-2.543565e-01, -2.774537e-01
	-2.685010e-01, -2.388910e-01
	 2.096465e-01,  9.441249e-02
	 4.695512e-01, -5.000000e-01
	 4.662751e-01, -4.709468e-01
	-4.395268e-01,  2.318122e-01
	-4.017946e-01,  2.241621e-01
	-3.954303e-01,  2.174450e-01
	-8.873431e-03, -2.259164e-01
	 2.066925e-02, -2.197473e-01
	-2.643929e-02, -2.139666e-01
	 2.990762e-02, -1.937178e-01
	-1.746235e-01, -5.000000e-01
	-1.785521e-01, -4.767520e-01
	-8.207809e-02,  1.190085e-01
	-5.274145e-02,  8.249837e-02
	 5.043561e-02, -3.008712e-01
	 3.716537e-02, -3.058323e-01
	 5.455135e-02, -2.518427e-01
	 3.894114e-02, -2.468349e-01
	-6.538673e-03, -2.796663e-01
	-5.153510e-03, -2.829558e-01
	 1.135337e-01,  7.818411e-02
	 8.287930e-02,  1.102180e-01
	 8.515392e-02,  1.315322e-01
	-1.591817e-01,  2.408619e-03
	-2.928201e-01, -3.371193e-01
	-3.158986e-01, -3.564151e-01
	-2.885689e-01, -3.138479e-01
	-3.659795e-01, -3.278379e-01
	-3.627818e-01, -3.094717e-01
	-3.318246e-01, -3.570730e-01
	 3.317837e-01, -3.138417e-03
	 3.328952e-01, -5.414156e-03
	-3.685361e-01, -5.000000e-01
	-4.263084e-01, -5.000000e-01
	 3.923885e-01,  4.801640e-02
	 3.508769e-01,  4.203571e-02
	 3.304553e-01,  6.504527e-02
	-5.000000e-01,  3.409892e-01
	-4.774924e-01,  3.424476e-01
	-5.000000e-01,  2.924674e-01
	-5.681800e-02,  4.259626e-01
	-4.100482e-02,  4.555405e-01
	-8.114799e-03,  4.471836e-01
	 1.234873e-03,  4.180253e-01
	 4.694166e-01, -1.381128e-01
	 1.961767e-01, -2.405977e-01
	 1.804048e-01, -2.080895e-01
	 4.015917e-01,  4.410576e-02
	 4.032449e-01,  4.199619e-02
	 3.855422e-01, -8.706627e-03
	 4.045975e-01,  3.156290e-02
	-3.823537e-01,  1.437590e-01
	-3.758607e-01,  2.173037e-01
	-3.418020e-01,  1.755639e-01
	 2.889288e-01, -2.268164e-01
	 2.528952e-01, -2.110241e-01
	 2.479759e-01, -1.955375e-01
	 2.762870e-01, -1.597596e-01
	 4.754955e-01,  3.197273e-01
	 2.374510e-02,  4.170387e-01
	-1.185966e-01,  3.441128e-01
	-1.302326e-01,  2.907685e-01
	 6.055366e-02, -1.455051e-01
	 7.989281e-02, -1.659932e-01
	 3.220754e-01,  3.920879e-01
	 2.889087e-01,  3.941851e-01
	 2.928076e-01,  4.418613e-01
	 2.854110e-01,  4.018197e-01
	-2.381221e-01, -3.515017e-01
	-2.602548e-01, -3.617484e-01
	 4.630456e-01,  5.828005e-02
	-1.200119e-02, -2.757075e-01
	 4.726632e-01, -4.649145e-01
	 2.309647e-01,  9.897047e-02
	-4.722802e-01,  4.102480e-01
	-4.623587e-01,  4.421204e-01
	 2.701407e-01, -2.701942e-01
	 2.533283e-01, -2.698632e-01
	 2.922881e-01, -2.392779e-01
	 2.377245e-01, -2.354677e-01
	 1.146219e-01, -1.115944e-01
	 1.096959e-01, -1.532731e-01
	 1.337455e-01, -1.739385e-01
	-4.663212e-01,  3.630967e-01
	-1.946309e-01, -4.721380e-01
	 3.379518e-01, -2.570247e-01
	 1.721541e-01, -4.790736e-02
	 1.589257e-01, -6.327397e-02
	 1.628207e-01, -1.119807e-02
	 1.209097e-01, -6.903852e-03
	-4.941006e-01,  6.648040e-02
	 1.842404e-01,  2.889438e-01
	 3.901358e-01, -4.115810e-02
	 3.950446e-01, -2.690001e-02
	-2.758441e-01, -3.091731e-01
	-2.378088e-01, -3.217112e-01
	-9.693811e-02,  4.640903e-01
	-1.256156e-01,  4.716825e-01
	-1.208687e-01,  5.000000e-01
	-4.362102e-02, -9.077919e-02
	-6.517082e-02, -6.146277e-02
	-1.592016e-03, -3.178637e-02
	-2.999070e-01, -1.853495e-01
	 2.508010e-01,  8.662217e-02
	 4.545648e-01,  2.054527e-01
	 4.194578e-01,  2.235947e-01
	 5.000000e-01,  3.241310e-01
	 5.000000e-01,  3.929601e-01
	 4.686235e-02,  4.395239e-01
	 3.084554e-01,  2.589878e-01
	-5.000000e-01, -1.751399e-01
	-4.613428e-01, -2.157394e-01
	 7.012996e-02, -3.524268e-01
	 5.455543e-02, -3.604806e-01
	 1.917191e-02, -3.466436e-01
	 7.778475e-02, -3.141651e-01
	 5.000000e-01, -5.000000e-01
	 5.000000e-01, -4.688404e-01
	-1.448515e-01,  4.595792e-01
	-2.315979e-01, -8.632792e-02
	 5.000000e-01,  4.678961e-01
	 5.000000e-01,  5.000000e-01
	-4.363857e-01, -1.026837e-01
	 3.404609e-01, -3.941366e-01
	 3.373360e-01, -3.710275e-01
	-1.739470e-01,  2.448303e-01
	-2.267067e-01, -5.000000e-01
	 5.479890e-02, -3.980947e-01
	 7.482004e-02, -4.164618e-01
	-6.285732e-02, -1.503346e-01
	-6.573813e-02, -1.102080e-01
	-9.236770e-02, -1.012877e-01
	-1.633790e-01, -3.235383e-01
	-1.763144e-01, -3.277018e-01
	-2.104795e-01, -2.996575e-01
	 2.032633e-01, -4.805681e-02
	 3.376453e-01, -2.572884e-01
	 3.290927e-01, -2.998909e-01
	-3.707760e-01, -1.069021e-01
	-4.145160e-01, -1.335334e-01
	-3.781216e-01, -1.336103e-01
	 3.405554e-01,  1.969251e-01
	 3.475823e-01,  2.290718e-01
	-4.768265e-01,  4.615630e-01
	-4.685803e-01,  5.000000e-01
	-4.376161e-01,  5.000000e-01
	 5.000000e-01, -2.577572e-01
	 4.727421e-01, -2.650278e-01
	 5.000000e-01, -2.084701e-01
	-3.893264e-01, -3.420890e-01
	 5.907033e-02,  2.404898e-01
	 9.524768e-02,  1.877131e-01
	-1.274114e-01, -3.340765e-01
	-8.811890e-02,  4.159722e-01
	-6.464451e-02,  3.719224e-01
	-9.772233e-02,  3.427123e-01
	-4.370674e-01, -1.582502e-01
	-4.298038e-01, -1.823812e-01
	-3.424778e-01,  4.304290e-01
	-2.407312e-01,  5.000000e-01
	-5.000000e-01,  2.490230e-01
	-4.518096e-01,  2.539284e-01
	-2.768069e-02,  2.479585e-01
	-4.059350e-03,  2.388032e-01
	 2.367041e-01, -4.209622e-01
	-5.000000e-01,  5.000000e-01
	-5.000000e-01,  4.563484e-01
	 4.029667e-01,  2.184184e-01
	 3.745917e-01,  2.435144e-01
	-3.620244e-01, -3.383297e-02
	-8.560041e-02,  4.190342e-01
	-1.369667e-01,  2.405696e-01
	-1.252556e-01,  2.836060e-01
	 5.000000e-01, -1.422453e-01
	 2.396439e-01,  4.220004e-01
	-9.183554e-02, -7.426279e-02
	-8.211386e-02,  1.195098e-01
	 1.259343e-01,  3.405589e-01
	-5.000000e-01, -3.848311e-01
	 3.151244e-01,  5.000000e-01
	 4.590049e-01,  1.871414e-01
	-2.209109e-01, -9.665206e-02
	 1.083103e-01,  5.828003e-02
	 1.273999e-01,  3.736308e-02
	 2.628669e-01,  4.613863e-01
	-5.000000e-01,  4.014298e-01
	-4.864447e-01,  4.008727e-01
	 3.499234e-01,  3.581621e-01
	 2.987252e-01,  5.434387e-02
	 6.768635e-02, -4.334386e-01
	 1.924683e-02,  1.321025e-01
	-1.200681e-02,  1.253626e-01
	-2.871892e-02,  7.767209e-02
	-5.000000e-01,  6.649764e-02
	 5.000000e-01,  1.740884e-01
	 3.010595e-01, -3.120859e-01
	 2.758814e-01,  9.384405e-02
	 2.848627e-01,  5.000000e-01
Mesh Facets: 1255
	3, 4
	57, 55
	28, 27
	79, 81
	98, 97
	74, 72
	81, 78
	81, 124
	129, 127
	128, 129
	130, 129
	75, 73
	5, 6
	158, 156
	18, 17
	66, 68
	164, 165
	123, 122
	192, 193
	84, 85
	200, 201
	47, 46
	33, 32
	86, 87
	28, 59
	29, 28
	153, 154
	40, 38
	52, 51
	271, 272
	298, 300
	283, 282
	109, 108
	338, 335
	103, 101
	210, 212
	69, 67
	259, 258
	225, 226
	269, 268
	252, 257
	265, 264
	288, 289
	49, 53
	209, 207
	290, 291
	332, 333
	281, 285
	291, 367
	291, 287
	390, 389
	114, 115
	143, 140
	397, 395
	210, 345
	211, 210
	13, 12
	401, 399
	149, 145
	277, 278
	409, 407
	31, 30
	138, 140
	140, 394
	187, 186
	317, 316
	80, 79
	335, 336
	335, 79
	71, 72
	72, 119
	313, 315
	34, 31
	31, 412
	150, 6
	6, 8
	189, 190
	203, 204
	218, 216
	394, 393
	418, 394
	102, 99
	331, 330
	363, 361
	204, 439
	204, 205
	42, 44
	264, 262
	172, 171
	356, 264
	99, 216
	216, 217
	100, 99
	188, 185
	70, 65
	390, 388
	469, 390
	470, 469
	473, 471
	168, 123
	123, 124
	124, 476
	76, 77
	320, 321
	378, 380
	442, 443
	240, 241
	55, 503
	56, 55
	240, 497
	29, 23
	29, 240
	403, 405
	60, 61
	282, 309
	282, 284
	172, 262
	173, 172
	262, 263
	517, 519
	440, 441
	458, 461
	522, 521
	199, 198
	279, 281
	281, 368
	465, 464
	180, 179
	247, 38
	38, 37
	500, 499
	254, 256
	400, 12
	12, 11
	182, 181
	92, 93
	304, 303
	106, 105
	486, 484
	561, 130
	71, 428
	73, 71
	130, 73
	349, 352
	294, 292
	342, 341
	539, 540
	15, 16
	229, 228
	288, 358
	286, 288
	569, 571
	516, 514
	577, 574
	325, 323
	458, 520
	457, 458
	249, 247
	247, 527
	588, 298
	299, 298
	326, 328
	500, 502
	534, 500
	365, 333
	333, 334
	473, 474
	395, 473
	395, 396
	608, 607
	553, 552
	406, 277
	276, 277
	580, 579
	314, 319
	383, 382
	488, 487
	306, 307
	576, 575
	253, 255
	142, 141
	32, 30
	32, 214
	410, 30
	422, 419
	414, 413
	607, 635
	92, 552
	92, 91
	607, 552
	479, 477
	41, 39
	26, 25
	613, 615
	445, 446
	632, 413
	413, 411
	641, 517
	517, 518
	406, 408
	609, 406
	627, 626
	201, 198
	201, 650
	198, 523
	147, 146
	562, 564
	604, 605
	352, 351
	565, 352
	633, 631
	563, 349
	433, 432
	349, 347
	339, 340
	491, 492
	621, 623
	387, 386
	672, 673
	594, 593
	450, 449
	679, 677
	468, 467
	246, 248
	393, 218
	393, 392
	504, 506
	219, 218
	435, 436
	131, 133
	675, 674
	670, 671
	610, 609
	645, 609
	273, 274
	499, 535
	499, 501
	583, 582
	268, 270
	354, 268
	592, 591
	416, 415
	255, 254
	254, 539
	567, 539
	620, 255
	40, 246
	41, 40
	246, 683
	41, 636
	385, 287
	287, 286
	228, 227
	228, 286
	597, 596
	234, 232
	424, 423
	626, 628
	134, 137
	649, 626
	543, 541
	450, 674
	450, 439
	687, 674
	439, 437
	137, 649
	137, 136
	647, 649
	656, 657
	223, 225
	225, 355
	505, 56
	690, 688
	58, 56
	657, 658
	647, 657
	647, 646
	642, 518
	475, 472
	361, 360
	518, 441
	441, 361
	502, 595
	502, 501
	276, 274
	276, 610
	501, 274
	610, 691
	410, 411
	410, 625
	640, 411
	18, 160
	18, 19
	147, 148
	147, 562
	563, 562
	663, 563
	695, 694
	83, 86
	86, 239
	70, 468
	468, 678
	68, 70
	161, 68
	221, 220
	524, 523
	523, 651
	428, 431
	428, 561
	302, 300
	300, 561
	104, 102
	418, 102
	417, 418
	463, 465
	465, 525
	582, 581
	275, 273
	582, 273
	434, 34
	373, 371
	36, 34
	507, 506
	506, 392
	392, 391
	709, 708
	664, 666
	738, 158
	158, 157
	648, 646
	498, 496
	646, 711
	220, 222
	369, 368
	368, 524
	524, 220
	312, 311
	497, 498
	498, 711
	508, 497
	659, 658
	658, 711
	603, 601
	421, 420
	380, 381
	380, 489
	293, 296
	571, 572
	571, 200
	279, 280
	279, 199
	200, 199
	445, 640
	443, 445
	494, 443
	713, 640
	619, 575
	575, 573
	698, 567
	567, 568
	747, 746
	636, 479
	636, 699
	480, 479
	215, 33
	33, 35
	267, 266
	635, 750
	635, 91
	91, 90
	655, 654
	757, 756
	756, 641
	642, 712
	642, 641
	737, 738
	165, 163
	165, 738
	425, 426
	559, 106
	107, 106
	284, 516
	516, 572
	280, 284
	280, 572
	570, 569
	125, 127
	127, 569
	612, 580
	490, 321
	323, 321
	323, 580
	14, 13
	13, 399
	399, 761
	761, 760
	460, 456
	95, 94
	464, 188
	526, 464
	420, 741
	187, 420
	188, 187
	327, 329
	244, 243
	332, 367
	332, 109
	384, 367
	110, 109
	269, 226
	226, 221
	221, 724
	766, 271
	271, 269
	753, 752
	120, 121
	629, 630
	59, 60
	60, 512
	241, 495
	241, 59
	769, 512
	510, 512
	343, 344
	742, 381
	383, 613
	383, 381
	613, 639
	25, 24
	637, 25
	57, 58
	193, 57
	191, 193
	58, 710
	197, 84
	727, 726
	84, 82
	725, 104
	104, 103
	103, 212
	213, 212
	209, 211
	209, 360
	396, 474
	211, 396
	474, 475
	475, 360
	456, 455
	762, 456
	602, 606
	545, 547
	215, 46
	215, 749
	45, 46
	382, 379
	61, 62
	511, 61
	614, 382
	19, 715
	20, 19
	784, 785
	83, 82
	83, 720
	82, 727
	462, 463
	463, 727
	788, 786
	452, 453
	667, 669
	590, 589
	116, 117
	554, 556
	375, 376
	283, 285
	311, 283
	508, 311
	509, 508
	370, 285
	227, 700
	227, 231
	98, 96
	750, 98
	751, 750
	290, 364
	290, 289
	54, 53
	289, 53
	662, 633
	554, 555
	554, 791
	634, 633
	159, 17
	17, 22
	260, 261
	163, 162
	163, 758
	358, 229
	358, 359
	230, 229
	757, 712
	471, 757
	472, 471
	472, 712
	664, 665
	664, 709
	709, 355
	355, 353
	111, 108
	600, 334
	108, 334
	235, 233
	49, 48
	49, 359
	799, 164
	164, 162
	359, 162
	679, 467
	800, 679
	467, 466
	235, 236
	600, 235
	692, 693
	599, 600
	589, 116
	589, 594
	594, 387
	387, 115
	115, 116
	303, 306
	303, 557
	306, 618
	10, 7
	752, 755
	120, 118
	120, 752
	245, 153
	429, 430
	153, 152
	365, 598
	366, 365
	69, 64
	69, 346
	784, 783
	805, 784
	806, 805
	253, 619
	253, 251
	745, 619
	644, 643
	65, 466
	65, 63
	801, 466
	532, 531
	459, 454
	132, 136
	656, 136
	755, 654
	654, 656
	755, 10
	9, 10
	794, 793
	680, 248
	250, 248
	616, 617
	585, 587
	134, 703
	134, 135
	721, 722
	788, 452
	813, 788
	219, 684
	217, 219
	452, 217
	344, 342
	342, 292
	292, 293
	742, 344
	742, 293
	171, 451
	171, 178
	705, 707
	699, 748
	699, 683
	337, 336
	682, 683
	336, 427
	412, 414
	412, 434
	434, 373
	373, 376
	791, 634
	791, 376
	634, 414
	740, 603
	146, 605
	146, 144
	605, 603
	483, 485
	351, 350
	652, 351
	732, 391
	142, 622
	142, 143
	391, 143
	733, 732
	671, 621
	671, 689
	622, 621
	732, 622
	802, 618
	585, 617
	585, 584
	618, 617
	176, 177
	371, 372
	371, 731
	478, 482
	174, 176
	176, 817
	556, 790
	556, 557
	528, 530
	557, 803
	297, 294
	294, 566
	751, 797
	90, 751
	90, 88
	765, 384
	811, 812
	384, 385
	385, 701
	593, 592
	593, 672
	270, 272
	272, 672
	592, 270
	350, 483
	350, 348
	560, 484
	484, 483
	112, 114
	114, 389
	389, 818
	400, 401
	400, 542
	819, 401
	203, 438
	203, 202
	745, 807
	745, 744
	416, 697
	416, 138
	138, 139
	195, 194
	397, 398
	786, 397
	787, 786
	608, 553
	818, 608
	553, 551
	112, 113
	112, 818
	377, 378
	490, 759
	490, 378
	586, 587
	700, 795
	812, 701
	701, 700
	812, 587
	446, 448
	632, 446
	631, 632
	660, 631
	706, 707
	707, 814
	170, 169
	1, 0
	798, 260
	50, 52
	52, 260
	317, 425
	317, 315
	425, 559
	559, 560
	560, 348
	347, 432
	348, 347
	432, 315
	487, 486
	616, 487
	110, 765
	105, 110
	811, 616
	765, 811
	486, 105
	404, 402
	612, 611
	612, 759
	759, 821
	568, 747
	568, 15
	14, 15
	14, 760
	760, 747
	650, 651
	650, 766
	724, 651
	766, 724
	702, 628
	186, 419
	186, 184
	628, 419
	174, 175
	174, 482
	482, 481
	166, 167
	544, 11
	11, 16
	540, 538
	16, 540
	599, 598
	599, 692
	63, 644
	63, 64
	598, 64
	645, 644
	692, 645
	509, 792
	24, 23
	24, 772
	23, 509
	422, 421
	422, 629
	739, 421
	770, 769
	629, 769
	735, 734
	638, 637
	774, 637
	697, 696
	195, 697
	85, 195
	85, 87
	237, 87
	429, 119
	119, 118
	152, 429
	118, 7
	7, 5
	5, 152
	729, 525
	822, 823
	180, 183
	180, 525
	179, 526
	179, 181
	602, 547
	547, 181
	602, 601
	741, 601
	741, 526
	576, 577
	576, 620
	620, 698
	698, 746
	746, 577
	715, 783
	715, 714
	806, 783
	825, 806
	132, 131
	132, 9
	436, 131
	436, 8
	8, 9
	407, 408
	407, 800
	800, 801
	801, 643
	643, 408
	753, 767
	754, 753
	515, 309
	309, 310
	101, 100
	100, 453
	345, 101
	453, 787
	398, 345
	787, 398
	519, 440
	519, 588
	331, 440
	328, 331
	588, 328
	673, 386
	673, 470
	388, 470
	388, 386
	803, 802
	802, 584
	527, 528
	584, 527
	528, 803
	310, 754
	310, 312
	659, 312
	659, 655
	655, 754
	175, 178
	175, 167
	167, 170
	170, 814
	814, 178
	62, 27
	27, 26
	614, 62
	615, 614
	26, 615
	816, 485
	488, 307
	485, 488
	307, 308
	357, 257
	537, 256
	256, 257
	258, 51
	258, 346
	51, 54
	54, 364
	366, 346
	366, 364
	377, 379
	377, 821
	511, 403
	511, 379
	402, 403
	821, 402
	481, 76
	481, 166
	76, 78
	78, 122
	166, 122
	789, 117
	550, 551
	113, 551
	117, 113
	492, 493
	676, 675
	670, 492
	675, 670
	48, 50
	50, 0
	0, 4
	799, 48
	4, 799
	126, 125
	125, 570
	514, 513
	514, 570
	726, 775
	726, 728
	444, 447
	354, 591
	354, 353
	590, 669
	590, 591
	665, 353
	669, 665
	704, 543
	543, 544
	544, 538
	538, 537
	537, 827
	489, 296
	296, 295
	322, 320
	320, 489
	780, 778
	548, 546
	363, 330
	362, 363
	763, 329
	330, 329
	340, 343
	343, 639
	666, 340
	734, 666
	638, 734
	638, 639
	798, 22
	22, 21
	2, 1
	1, 798
	409, 278
	833, 409
	275, 730
	275, 278
	721, 720
	721, 703
	702, 184
	703, 702
	185, 184
	185, 462
	462, 720
	192, 190
	834, 192
	438, 820
	438, 190
	362, 207
	362, 763
	208, 207
	764, 763
	719, 717
	435, 685
	435, 150
	151, 150
	564, 604
	564, 565
	565, 653
	546, 832
	546, 545
	606, 604
	606, 545
	662, 555
	662, 661
	548, 830
	548, 549
	558, 555
	771, 510
	144, 815
	510, 405
	405, 145
	145, 144
	316, 318
	316, 423
	597, 423
	534, 597
	536, 534
	374, 372
	477, 478
	477, 39
	817, 372
	478, 817
	37, 39
	37, 529
	776, 777
	716, 718
	749, 266
	266, 265
	782, 749
	252, 251
	252, 265
	251, 808
	302, 301
	302, 431
	430, 804
	430, 431
	566, 341
	341, 339
	339, 668
	89, 88
	88, 566
	796, 96
	94, 762
	94, 96
	779, 762
	828, 676
	43, 42
	449, 676
	449, 42
	790, 530
	790, 375
	530, 529
	529, 374
	374, 375
	242, 154
	717, 716
	717, 151
	716, 835
	154, 151
	356, 357
	356, 451
	451, 705
	827, 704
	827, 357
	705, 704
	459, 457
	532, 459
	583, 457
	583, 535
	532, 535
	581, 730
	581, 520
	833, 730
	521, 833
	520, 521
	301, 804
	804, 245
	326, 327
	326, 299
	245, 244
	299, 301
	327, 244
	663, 148
	663, 433
	313, 433
	314, 313
	314, 611
	148, 149
	611, 404
	404, 149
	249, 586
	586, 795
	250, 794
	250, 249
	795, 794
	460, 461
	460, 95
	522, 461
	97, 522
	95, 97
	182, 549
	182, 183
	549, 661
	661, 660
	822, 660
	822, 183
	541, 706
	541, 542
	837, 819
	819, 542
	706, 824
	807, 808
	807, 202
	202, 206
	808, 782
	781, 782
	678, 723
	678, 677
	825, 826
	677, 825
	682, 681
	682, 337
	155, 156
	156, 338
	338, 337
	242, 835
	835, 777
	243, 764
	243, 242
	213, 208
	777, 213
	208, 764
	139, 194
	141, 139
	194, 196
	624, 141
	74, 75
	74, 121
	121, 768
	126, 829
	126, 128
	75, 128
	723, 826
	723, 161
	160, 161
	826, 714
	714, 160
	653, 832
	653, 652
	652, 816
	831, 832
	308, 816
	308, 305
	688, 687
	710, 688
	437, 189
	437, 687
	191, 710
	189, 191
	695, 719
	696, 695
	686, 685
	237, 238
	237, 696
	719, 685
	739, 740
	739, 770
	815, 740
	815, 771
	770, 771
	796, 779
	797, 796
	297, 295
	297, 797
	780, 295
	780, 779
	810, 793
	793, 231
	758, 737
	737, 736
	758, 230
	230, 231
	36, 731
	36, 35
	35, 267
	177, 173
	173, 263
	731, 177
	267, 263
	305, 831
	305, 304
	304, 558
	558, 830
	831, 830
	325, 324
	578, 325
	531, 809
	531, 533
	224, 223
	774, 773
	774, 735
	708, 735
	223, 708
	681, 680
	155, 681
	736, 810
	736, 157
	157, 155
	680, 810
	829, 768
	829, 513
	767, 768
	767, 515
	513, 515
	789, 667
	789, 550
	89, 93
	89, 668
	550, 93
	668, 667
	135, 722
	133, 135
	722, 239
	238, 686
	238, 239
	686, 133
	579, 319
	579, 578
	536, 533
	536, 318
	318, 319
	533, 578
	480, 748
	77, 480
	427, 748
	427, 80
	80, 77
	234, 596
	234, 236
	595, 691
	596, 595
	693, 236
	691, 693
	322, 778
	322, 324
	809, 454
	809, 324
	455, 454
	455, 778
	648, 496
	648, 627
	630, 627
	495, 630
	495, 496
	836, 828
	494, 743
	493, 494
	493, 828
	67, 66
	67, 259
	159, 261
	261, 259
	66, 159
	505, 507
	690, 505
	690, 689
	733, 689
	733, 507
	834, 820
	574, 834
	744, 573
	573, 574
	820, 744
	504, 684
	504, 503
	813, 684
	503, 813
	824, 169
	169, 168
	476, 168
	476, 837
	837, 824
	369, 370
	369, 222
	773, 772
	773, 224
	370, 792
	222, 224
	772, 792
	196, 197
	197, 775
	444, 442
	775, 444
	624, 196
	623, 624
	623, 491
	491, 442
	2, 21
	3, 2
	785, 20
	785, 3
	21, 20
	205, 44
	44, 45
	45, 781
	781, 206
	206, 205
	725, 776
	725, 417
	415, 417
	694, 415
	718, 694
	776, 718
	729, 823
	729, 728
	823, 448
	448, 447
	728, 447
	232, 424
	232, 233
	426, 424
	426, 107
	233, 111
	107, 111
	214, 625
	214, 47
	743, 713
	836, 743
	47, 43
	713, 625
	43, 836
Facet Neighbors: 1255
	-4, 0
	-2, 9
	4, 10
	-4, 13
	-1, 16
	12, 20
	13, 21
	-4, 21
	-3, 22
	22, 23
	-3, 23
	12, 23
	1, 27
	-4, 28
	3, 29
	11, 29
	-4, 30
	21, 31
	-2, 35
	14, 36
	-3, 37
	7, 40
	5, 40
	14, 45
	10, 46
	4, 46
	27, 47
	6, 48
	8, 50
	-3, 52
	-3, 57
	54, 59
	18, 63
	-4, 64
	17, 66
	39, 66
	11, 67
	50, 67
	42, 69
	52, 69
	49, 70
	51, 70
	55, 71
	8, 71
	39, 72
	55, 73
	63, 73
	54, 74
	73, 77
	55, 77
	-1, 78
	19, 78
	25, 79
	-2, 80
	66, 80
	39, 80
	2, 81
	-4, 81
	26, 82
	53, 83
	-1, 83
	5, 84
	25, 85
	79, 85
	34, 86
	60, 87
	13, 88
	64, 88
	-4, 88
	12, 89
	20, 89
	60, 90
	5, 91
	84, 91
	27, 92
	1, 92
	35, 93
	38, 93
	41, 94
	79, 94
	85, 94
	17, 94
	62, 95
	72, 95
	93, 97
	38, 97
	7, 97
	51, 98
	32, 98
	70, 98
	94, 99
	41, 99
	17, 99
	34, 101
	11, 102
	78, 103
	-1, 103
	-3, 103
	-2, 104
	31, 105
	21, 105
	-4, 105
	13, 106
	61, 108
	76, 108
	96, 109
	46, 110
	-2, 112
	9, 112
	110, 113
	4, 113
	46, 113
	82, 114
	10, 114
	59, 115
	54, 115
	98, 116
	32, 116
	51, 116
	-3, 117
	95, 117
	100, 118
	-1, 118
	37, 119
	54, 119
	74, 119
	101, 120
	33, 120
	48, 121
	6, 121
	111, 122
	49, 123
	81, 124
	2, 124
	33, 125
	15, 126
	58, 127
	18, 128
	107, 128
	-3, 129
	89, 129
	12, 129
	23, 129
	68, 130
	56, 131
	65, 131
	123, 132
	2, 132
	43, 133
	71, 133
	55, 133
	-3, 134
	115, 134
	-2, 135
	61, 136
	118, 137
	100, 137
	48, 138
	121, 138
	-3, 139
	57, 139
	62, 139
	111, 141
	122, 141
	73, 142
	63, 142
	104, 144
	-2, 144
	80, 144
	-1, 145
	126, 145
	83, 146
	53, 146
	136, 147
	60, 147
	76, 148
	107, 149
	58, 149
	135, 150
	49, 150
	25, 151
	5, 152
	40, 152
	84, 152
	86, 153
	84, 154
	-1, 155
	126, 155
	15, 155
	145, 155
	106, 156
	6, 156
	4, 157
	148, 157
	96, 158
	154, 158
	84, 158
	-3, 159
	117, 159
	83, 160
	146, 160
	153, 161
	37, 162
	-3, 162
	119, 162
	26, 163
	130, 163
	143, 163
	68, 164
	130, 164
	154, 166
	130, 167
	90, 167
	68, 167
	65, 168
	109, 169
	151, 169
	78, 170
	-3, 170
	140, 170
	97, 171
	-1, 172
	102, 172
	48, 173
	94, 174
	79, 174
	112, 174
	41, 174
	92, 175
	24, 175
	171, 176
	169, 176
	146, 177
	160, 177
	53, 178
	122, 178
	111, 178
	137, 178
	52, 179
	69, 179
	140, 179
	85, 180
	49, 181
	123, 181
	132, 181
	150, 181
	48, 182
	6, 182
	173, 182
	156, 182
	77, 183
	55, 183
	43, 183
	133, 183
	141, 184
	44, 184
	87, 184
	153, 185
	24, 185
	161, 185
	124, 186
	171, 187
	97, 187
	176, 187
	93, 187
	185, 188
	24, 188
	161, 188
	165, 188
	42, 189
	69, 189
	112, 190
	176, 190
	9, 190
	165, 191
	188, 191
	161, 191
	159, 192
	104, 192
	72, 192
	117, 192
	95, 192
	141, 193
	111, 193
	53, 193
	146, 193
	178, 193
	177, 193
	84, 194
	152, 194
	158, 194
	29, 195
	3, 195
	26, 196
	163, 196
	130, 196
	167, 196
	180, 197
	14, 198
	45, 198
	102, 199
	172, 199
	11, 199
	29, 199
	42, 200
	119, 200
	162, 200
	89, 201
	129, 201
	57, 201
	-3, 201
	17, 202
	94, 202
	85, 202
	101, 203
	120, 203
	137, 204
	53, 204
	178, 204
	91, 205
	75, 205
	5, 205
	112, 206
	174, 206
	79, 206
	189, 207
	168, 207
	-4, 208
	28, 208
	161, 209
	110, 209
	191, 209
	42, 210
	74, 210
	119, 210
	200, 210
	59, 211
	110, 211
	209, 211
	113, 211
	165, 211
	191, 211
	143, 212
	86, 212
	76, 213
	108, 213
	56, 213
	134, 214
	-3, 214
	54, 214
	119, 214
	37, 214
	158, 215
	96, 215
	109, 215
	194, 215
	150, 216
	135, 216
	181, 217
	132, 217
	-2, 217
	156, 218
	182, 218
	106, 218
	40, 219
	5, 219
	51, 219
	-1, 220
	155, 220
	15, 220
	165, 221
	-2, 222
	-3, 222
	192, 222
	159, 222
	208, 223
	30, 223
	-4, 223
	87, 224
	128, 224
	18, 224
	115, 225
	134, 225
	54, 225
	214, 225
	134, 226
	22, 226
	-3, 226
	147, 227
	108, 227
	61, 227
	136, 227
	2, 228
	81, 228
	-4, 228
	-2, 228
	100, 229
	16, 229
	101, 230
	120, 230
	212, 230
	86, 230
	34, 230
	62, 231
	47, 231
	73, 232
	63, 232
	77, 232
	18, 232
	69, 233
	42, 233
	200, 233
	-3, 233
	52, 233
	221, 234
	20, 234
	153, 235
	10, 235
	114, 235
	110, 235
	46, 235
	235, 236
	114, 236
	65, 237
	213, 237
	148, 237
	76, 237
	157, 237
	4, 238
	157, 238
	9, 239
	-2, 239
	35, 239
	190, 239
	36, 240
	203, 240
	14, 240
	202, 241
	17, 241
	66, 241
	39, 241
	39, 242
	72, 242
	144, 242
	80, 242
	104, 242
	192, 242
	100, 243
	229, 243
	143, 244
	125, 244
	40, 245
	219, 245
	7, 245
	76, 246
	10, 246
	114, 246
	148, 246
	195, 247
	3, 247
	-4, 247
	14, 248
	198, 248
	240, 248
	101, 248
	203, 248
	-2, 249
	99, 249
	168, 250
	140, 250
	19, 250
	127, 251
	75, 251
	54, 252
	59, 252
	211, 252
	113, 252
	74, 252
	183, 253
	43, 253
	16, 254
	-1, 254
	220, 254
	73, 255
	55, 255
	8, 255
	71, 255
	166, 256
	127, 256
	251, 256
	154, 256
	29, 257
	3, 257
	50, 257
	30, 258
	223, 258
	133, 258
	71, 258
	43, 258
	222, 259
	-2, 259
	104, 259
	192, 259
	168, 260
	207, 260
	189, 260
	69, 260
	18, 261
	142, 261
	63, 261
	44, 261
	8, 262
	71, 262
	-4, 262
	30, 262
	258, 262
	172, 263
	-1, 263
	102, 263
	44, 264
	261, 264
	177, 264
	142, 264
	250, 265
	140, 265
	170, 265
	78, 265
	19, 265
	58, 266
	127, 266
	149, 266
	1, 267
	221, 267
	20, 267
	234, 267
	47, 268
	89, 268
	27, 268
	142, 269
	73, 269
	11, 269
	67, 269
	247, 270
	-4, 270
	-1, 270
	150, 271
	49, 271
	216, 271
	160, 272
	102, 272
	11, 272
	263, 272
	122, 273
	100, 273
	24, 274
	188, 274
	221, 274
	165, 274
	267, 274
	1, 274
	253, 275
	173, 275
	48, 275
	149, 276
	138, 276
	185, 277
	24, 277
	198, 277
	249, 278
	-2, 278
	174, 278
	41, 278
	99, 278
	65, 279
	131, 279
	56, 279
	237, 279
	213, 279
	98, 280
	32, 280
	186, 280
	218, 281
	182, 281
	64, 281
	173, 281
	88, 281
	84, 282
	91, 282
	205, 282
	75, 282
	256, 282
	251, 282
	154, 282
	212, 283
	163, 283
	26, 283
	143, 283
	107, 284
	68, 284
	164, 284
	206, 285
	151, 285
	25, 285
	79, 285
	206, 286
	169, 286
	176, 286
	151, 286
	285, 286
	266, 287
	276, 287
	138, 287
	149, 287
	32, 288
	75, 288
	205, 288
	106, 289
	32, 289
	288, 289
	251, 290
	127, 290
	121, 290
	266, 290
	56, 291
	131, 291
	254, 291
	220, 291
	15, 291
	232, 292
	276, 292
	77, 292
	183, 292
	140, 293
	170, 293
	52, 293
	-3, 293
	179, 293
	284, 294
	68, 294
	128, 294
	107, 294
	19, 295
	78, 295
	-1, 295
	81, 296
	124, 296
	-4, 296
	93, 297
	38, 297
	271, 297
	216, 297
	180, 298
	85, 298
	25, 298
	36, 298
	80, 299
	-2, 299
	249, 299
	145, 300
	-1, 300
	126, 300
	19, 300
	295, 300
	76, 301
	227, 301
	108, 301
	138, 302
	253, 302
	292, 302
	183, 302
	276, 302
	96, 303
	158, 303
	154, 303
	166, 303
	186, 304
	280, 304
	31, 304
	0, 305
	257, 305
	8, 305
	50, 305
	87, 306
	60, 306
	224, 306
	128, 306
	294, 306
	167, 306
	68, 306
	90, 306
	107, 307
	149, 307
	232, 307
	18, 307
	276, 307
	292, 307
	128, 307
	82, 308
	147, 308
	227, 308
	301, 308
	217, 309
	132, 309
	2, 309
	228, 309
	-2, 309
	162, 310
	-3, 310
	200, 310
	233, 310
	185, 311
	86, 311
	34, 311
	153, 311
	32, 312
	289, 312
	106, 312
	31, 312
	124, 313
	2, 313
	123, 313
	132, 313
	142, 314
	264, 314
	272, 314
	11, 314
	269, 314
	160, 314
	177, 314
	252, 315
	4, 315
	238, 315
	113, 315
	86, 316
	153, 316
	212, 316
	236, 316
	235, 316
	207, 317
	157, 317
	238, 317
	180, 318
	298, 318
	36, 318
	14, 318
	45, 318
	89, 319
	20, 319
	268, 319
	267, 319
	1, 319
	27, 319
	203, 320
	303, 320
	33, 320
	120, 320
	120, 321
	33, 321
	244, 321
	125, 321
	143, 321
	212, 321
	230, 321
	135, 322
	150, 322
	181, 322
	217, 322
	-2, 322
	247, 323
	195, 323
	270, 323
	-1, 323
	24, 324
	274, 324
	175, 324
	92, 324
	1, 324
	83, 325
	-1, 325
	263, 325
	272, 325
	160, 325
	234, 326
	221, 326
	115, 326
	59, 326
	17, 327
	99, 327
	66, 327
	249, 327
	80, 327
	299, 327
	117, 328
	-3, 328
	95, 328
	62, 328
	139, 328
	170, 329
	-3, 329
	103, 329
	78, 329
	266, 330
	287, 330
	121, 330
	138, 330
	290, 330
	326, 331
	59, 331
	211, 331
	165, 331
	221, 331
	32, 332
	312, 332
	31, 332
	304, 332
	280, 332
	10, 333
	4, 333
	246, 333
	148, 333
	157, 333
	284, 334
	149, 334
	107, 334
	58, 334
	70, 335
	123, 335
	49, 335
	50, 336
	67, 336
	8, 336
	255, 336
	269, 336
	73, 336
	76, 337
	301, 337
	114, 337
	246, 337
	82, 337
	308, 337
	106, 338
	312, 338
	13, 338
	21, 338
	31, 338
	250, 339
	126, 339
	300, 339
	19, 339
	109, 340
	171, 340
	169, 340
	176, 340
	8, 341
	305, 341
	0, 341
	262, 341
	-4, 341
	22, 342
	226, 342
	115, 342
	134, 342
	240, 343
	203, 343
	96, 343
	179, 344
	69, 344
	250, 344
	140, 344
	260, 344
	168, 344
	186, 345
	124, 345
	313, 345
	123, 345
	335, 345
	213, 346
	56, 346
	61, 346
	108, 346
	243, 346
	125, 347
	95, 348
	72, 348
	231, 348
	62, 348
	65, 349
	237, 349
	168, 349
	207, 349
	317, 349
	157, 349
	257, 350
	3, 350
	0, 350
	305, 350
	83, 351
	-1, 351
	204, 351
	53, 351
	198, 352
	277, 352
	311, 352
	185, 352
	34, 352
	101, 352
	248, 352
	35, 353
	-2, 353
	297, 353
	93, 353
	72, 354
	348, 354
	39, 354
	231, 354
	197, 355
	175, 355
	92, 355
	27, 355
	163, 356
	130, 356
	164, 356
	347, 356
	125, 356
	143, 356
	244, 356
	256, 357
	166, 357
	347, 357
	125, 357
	127, 357
	236, 358
	283, 358
	114, 358
	82, 358
	26, 358
	60, 359
	87, 359
	184, 359
	141, 359
	122, 359
	75, 360
	106, 360
	156, 360
	288, 360
	289, 360
	6, 360
	121, 360
	241, 361
	197, 361
	219, 362
	51, 362
	245, 362
	49, 362
	70, 362
	271, 362
	57, 363
	201, 363
	268, 363
	89, 363
	131, 364
	65, 364
	168, 364
	15, 364
	291, 364
	254, 365
	229, 365
	16, 365
	243, 365
	340, 366
	7, 366
	171, 366
	97, 366
	290, 367
	251, 367
	121, 367
	360, 367
	75, 367
	47, 368
	197, 368
	355, 368
	361, 368
	27, 368
	70, 369
	98, 369
	280, 369
	345, 369
	335, 369
	186, 369
	100, 370
	273, 370
	137, 370
	178, 370
	122, 370
	204, 371
	137, 371
	351, 371
	-1, 371
	118, 371
	363, 372
	268, 372
	62, 372
	139, 372
	47, 372
	57, 372
	231, 372
	196, 373
	167, 373
	90, 373
	60, 373
	147, 373
	26, 373
	308, 373
	82, 373
	138, 374
	302, 374
	275, 374
	48, 374
	253, 374
	100, 375
	229, 375
	118, 375
	-1, 375
	16, 375
	125, 376
	33, 376
	357, 376
	166, 376
	303, 376
	320, 376
	186, 377
	124, 377
	-4, 377
	296, 377
	304, 377
	271, 378
	297, 378
	38, 378
	362, 378
	245, 378
	199, 379
	172, 379
	323, 379
	-1, 379
	173, 380
	281, 380
	28, 380
	-4, 380
	64, 380
	368, 381
	361, 381
	231, 381
	47, 381
	39, 381
	241, 381
	354, 381
	298, 382
	25, 382
	36, 382
	151, 382
	12, 383
	20, 383
	234, 383
	342, 383
	22, 383
	23, 383
	379, 384
	199, 384
	29, 384
	323, 384
	195, 384
	356, 385
	164, 385
	284, 385
	347, 385
	334, 385
	58, 385
	176, 386
	190, 386
	93, 386
	187, 386
	239, 386
	35, 386
	197, 387
	180, 387
	175, 387
	45, 387
	318, 387
	355, 387
	212, 388
	316, 388
	283, 388
	358, 388
	236, 388
	365, 389
	254, 389
	56, 389
	291, 389
	346, 389
	243, 389
	275, 390
	253, 390
	223, 390
	208, 390
	258, 390
	43, 390
	205, 391
	5, 391
	219, 391
	32, 391
	116, 391
	288, 391
	51, 391
	385, 392
	58, 392
	127, 392
	357, 392
	347, 392
	61, 393
	136, 393
	273, 393
	122, 393
	42, 394
	238, 394
	317, 394
	207, 394
	189, 394
	173, 395
	380, 395
	390, 395
	208, 395
	28, 395
	275, 395
	383, 396
	342, 396
	234, 396
	326, 396
	115, 396
	250, 397
	339, 397
	15, 397
	364, 397
	126, 397
	168, 397
	277, 398
	24, 398
	198, 398
	387, 398
	45, 398
	175, 398
	147, 399
	136, 399
	122, 399
	359, 399
	60, 399
	393, 399
	218, 400
	106, 400
	281, 400
	88, 400
	13, 400
	184, 401
	44, 401
	193, 401
	141, 401
	264, 401
	177, 401
	346, 402
	61, 402
	273, 402
	393, 402
	100, 402
	243, 402
	209, 403
	161, 403
	153, 403
	235, 403
	110, 403
	366, 404
	215, 404
	109, 404
	340, 404
	11, 405
	67, 405
	257, 405
	50, 405
	29, 405
	112, 406
	190, 406
	176, 406
	286, 406
	206, 406
	353, 407
	-2, 407
	216, 407
	135, 407
	297, 407
	174, 408
	112, 408
	278, 408
	-2, 408
	304, 409
	31, 409
	105, 409
	-4, 409
	377, 409
	74, 410
	210, 410
	238, 410
	394, 410
	252, 410
	42, 410
	315, 410
	36, 411
	240, 411
	96, 411
	343, 411
	382, 411
	151, 411
	169, 411
	109, 411
	350, 412
	0, 412
	247, 412
	-4, 412
	3, 412
	97, 413
	7, 413
	245, 413
	378, 413
	38, 413
	241, 414
	202, 414
	85, 414
	180, 414
	197, 414
	361, 414
	320, 415
	203, 415
	303, 415
	96, 415
	343, 415
	184, 416
	44, 416
	87, 416
	224, 416
	261, 416
	18, 416
	152, 417
	40, 417
	215, 417
	404, 417
	7, 417
	194, 417
	366, 417
Mesh Regions: 418
	0, 678, 855, 894, 1222
	12, 75, 531, 559, 750, 776
	56, 133, 147, 392, 703, 719
	14, 292, 459, 492, 893, 1225
	2, 25, 110, 192, 428, 730, 817
	22, 61, 72, 181, 321, 365, 1107
	27, 129, 191, 247, 946
	21, 86, 453, 970, 1227, 1252
	28, 43, 485, 511, 680, 830, 853
	1, 108, 273, 430
	2, 24, 113, 417, 455, 816
	15, 36, 94, 302, 540, 550, 725, 1182
	5, 11, 69, 141, 1060
	3, 6, 66, 102, 842, 1160
	19, 23, 298, 436, 461, 744
	135, 188, 369, 627, 963, 1140
	4, 397, 480, 967, 1023
	34, 81, 92, 311, 438, 786
	32, 137, 380, 408, 507, 693, 1247
	51, 470, 527, 641, 661, 848
	5, 70, 415, 533, 747, 1061
	6, 7, 17, 100, 843
	8, 9, 386, 858, 1064
	9, 10, 11, 142, 1065
	229, 258, 266, 554, 566, 772, 1145
	52, 62, 180, 602, 653, 1057
	58, 205, 293, 595, 935, 1011
	12, 26, 74, 537, 751, 918, 982
	13, 328, 1046, 1131
	14, 15, 291, 303, 491, 1068, 1186
	16, 376, 494, 514
	17, 99, 677, 717, 813, 844, 1202
	88, 117, 579, 613, 617, 714, 811, 1109
	127, 134, 754, 757, 1025
	64, 93, 402, 712, 904
	18, 76, 432, 907, 1082
	19, 434, 654, 743, 1058, 1213
	20, 123, 202, 351
	77, 85, 648, 1037, 1230
	35, 44, 55, 440, 441, 913, 1053
	21, 22, 182, 364, 451, 1249
	78, 91, 227, 571
	38, 269, 304, 332, 410, 1122, 1211
	148, 252, 479, 498, 1105
	255, 510, 519, 1162, 1243
	23, 299, 745, 1086, 1148
	24, 25, 106, 111, 420
	26, 404, 535, 978, 1003, 1052
	27, 128, 157, 223, 246, 562, 1017
	40, 131, 179, 242, 546, 827, 953
	28, 37, 493, 681, 828, 1185
	41, 87, 118, 366, 951, 1112
	29, 39, 238, 413, 634
	59, 172, 234, 284, 317, 899
	31, 47, 115, 124, 349, 383, 473
	42, 45, 49, 150, 251, 484
	144, 346, 575, 623, 877, 1096
	30, 160, 309, 956, 1004
	136, 177, 528, 824, 1076, 1114
	31, 114, 336, 474, 785, 807
	65, 71, 174, 683, 936, 1009, 1154
	103, 154, 390, 878, 1118, 1168
	82, 161, 403, 795, 885, 1001
	32, 46, 165, 406, 509
	33, 67, 583, 1048
	145, 214, 423, 573, 886, 961
	34, 35, 54, 439, 788
	36, 37, 541, 829, 1183
	143, 208, 213, 598, 638, 688
	38, 39, 239, 270, 409, 506, 866
	40, 41, 89, 825, 954, 983
	42, 43, 149, 486, 497, 512
	44, 83, 279, 442, 883, 911
	45, 46, 48, 164, 405, 483, 539, 833
	47, 125, 333, 477, 1206
	320, 472, 589, 614, 941, 977
	104, 175, 344, 426, 454, 663, 834
	48, 49, 250, 407, 630
	50, 51, 95, 217, 526, 642, 800
	52, 63, 79, 225, 324, 603
	53, 54, 55, 168, 444, 655, 790
	56, 57, 132, 393, 644
	58, 112, 697, 838, 934, 1013
	59, 60, 171, 199, 777, 896
	61, 73, 183, 185, 196, 288, 586
	62, 63, 80, 241, 313, 652, 1233
	64, 184, 343, 401, 711, 733
	65, 256, 378, 682, 937, 1244
	66, 67, 68, 585, 1159
	69, 70, 140, 307, 536, 746, 959
	71, 212, 689, 1008
	72, 73, 319, 587
	74, 75, 228, 775, 917
	76, 77, 84, 264, 647, 910, 1079
	78, 79, 80, 81, 90, 224, 312
	82, 83, 120, 281, 794, 882
	105, 194, 353, 671, 864, 1215, 1240
	84, 85, 86, 220, 262, 972, 1226
	87, 88, 89, 116, 578, 984
	90, 91, 92, 467, 572, 787
	121, 156, 396, 447, 553, 989, 1019, 1171
	93, 126, 314, 398, 464, 905
	94, 222, 300, 518, 549
	95, 96, 97, 799
	98, 166, 278, 445, 501
	99, 100, 101, 1203
	102, 190, 363, 616, 716, 840, 942, 1157
	138, 176, 597, 640, 690, 823
	103, 104, 345, 389, 665, 879
	105, 215, 354, 849, 1180, 1220
	106, 109, 330, 337, 419, 1177
	130, 162, 236, 283
	107, 108, 226, 271, 322, 1187, 1198
	109, 110, 111, 339, 476, 732
	112, 113, 418, 422, 456, 836, 933
	114, 115, 152, 381, 784, 860, 1137
	116, 117, 118, 1110
	119, 120, 198, 280, 792
	121, 122, 155, 998, 1021
	123, 124, 125, 204, 305, 334, 350
	126, 127, 315, 399, 755, 756
	128, 129, 158, 621, 803, 947, 975
	130, 163, 235, 552, 940, 993, 1121, 1152
	131, 146, 243, 720, 826, 874
	132, 133, 260, 645, 718, 872, 1031
	134, 450, 759, 881, 923, 929, 1024
	135, 170, 187, 660, 846, 1142
	136, 471, 488, 529, 620, 930, 1115
	137, 138, 379, 639, 685, 696
	139, 140, 141, 142, 308
	143, 206, 209, 211, 295, 920
	144, 145, 574, 624, 960
	146, 147, 244, 359, 702, 721
	148, 149, 150, 253, 496
	151, 152, 347, 382, 385, 861
	153, 178, 357, 763, 1195
	154, 173, 391, 1119, 1151
	155, 156, 237, 316, 991, 995
	157, 158, 564, 611, 666, 804, 1014
	159, 160, 161, 796, 1002
	219, 240, 469, 524, 632, 868
	162, 163, 254, 282, 939, 1164
	164, 165, 508, 522, 538, 722
	207, 342, 449, 596, 760, 924
	166, 167, 168, 443
	169, 170, 189, 658
	171, 172, 200, 232, 285
	173, 174, 388, 698, 1010, 1150
	175, 193, 425, 457, 819
	176, 177, 530, 563, 612, 691, 822
	178, 179, 245, 356, 545, 764
	180, 216, 601, 607, 1059, 1218
	181, 182, 183, 289, 1248
	184, 201, 257, 416, 713, 734, 1175
	185, 195, 210, 490, 592, 673
	186, 187, 188, 189, 368
	190, 191, 249, 361, 943
	192, 193, 427, 429, 739, 820, 891
	194, 195, 196, 290, 352, 672
	197, 198, 277, 374
	199, 200, 233, 548, 727, 781
	201, 259, 267, 276, 329, 1174
	202, 203, 204, 306, 706
	205, 206, 207, 294, 594, 919
	208, 209, 599, 921, 1072
	268, 274, 340, 370, 557, 809
	210, 487, 674, 927, 1027
	211, 212, 213, 296, 687, 1007
	214, 326, 468, 503, 870, 888, 962, 1143
	215, 216, 231, 605, 851, 1219
	217, 218, 219, 525, 633, 797
	220, 230, 261, 850, 971
	221, 222, 301, 516, 1041
	223, 248, 561, 584, 1044, 1127
	224, 225, 226, 227, 323, 570, 1197
	228, 229, 774, 916, 1085, 1149
	230, 231, 263, 272, 606, 852, 1077, 1189
	232, 233, 287, 521, 728, 1166
	234, 235, 236, 237, 286, 318, 992
	238, 239, 240, 636, 865
	241, 297, 651, 741, 1084, 1234
	242, 243, 244, 245, 358, 765
	246, 247, 248, 249, 362, 582
	250, 251, 252, 253, 478, 631, 669
	254, 255, 256, 938, 1161, 1242
	257, 258, 259, 265, 565, 710, 903
	260, 580, 675, 871, 988, 1030
	261, 262, 263, 264, 1080
	265, 266, 267, 268, 275, 555
	269, 270, 325, 505, 1126
	271, 272, 273, 433, 1078, 1188
	274, 275, 276, 331, 341
	277, 278, 279, 280, 281, 373, 446, 502
	282, 283, 284, 285, 286, 287, 1163
	288, 289, 290, 355, 1253
	291, 292, 458, 769, 1070
	293, 294, 295, 296, 1006
	297, 915, 949, 979, 1083, 1235
	298, 299, 462, 567, 900, 1146
	300, 301, 302, 303, 1040, 1067
	304, 305, 306, 335, 411, 708
	307, 308, 309, 310, 957
	311, 312, 313, 437, 1232
	314, 315, 435, 465, 752, 863, 1238
	316, 317, 318, 898, 994
	319, 320, 321, 588, 615, 1106
	322, 323, 324, 600, 604, 1191
	325, 326, 504, 738, 889, 1125
	327, 328, 375, 1103, 1130
	329, 330, 331, 338, 1173
	332, 333, 334, 335, 1207
	336, 337, 338, 339, 340, 341, 475, 808
	342, 343, 400, 593, 735, 761, 1089
	344, 345, 346, 424, 577, 876
	347, 348, 349, 350, 351, 384
	352, 353, 354, 355, 1179, 1250
	356, 357, 547, 650, 1194
	358, 359, 360, 701, 766
	361, 362, 363, 581, 1156
	364, 365, 366, 452, 950, 1108
	367, 368, 369, 482, 626
	370, 414, 532, 556, 783, 810
	371, 372, 373, 374, 499
	375, 376, 377, 495, 1102
	378, 379, 380, 684, 1245
	381, 382, 383, 384
	385, 386, 387, 859
	388, 389, 390, 391, 664, 699
	392, 393, 394, 395, 704
	396, 397, 448, 966, 1020
	398, 399, 400, 401, 402, 762
	403, 404, 884, 914, 1005, 1051
	405, 406, 407, 408, 628, 692
	409, 410, 411, 412, 413, 709
	414, 415, 534, 782, 1062, 1135
	416, 417, 418, 419, 420, 421, 737, 1176
	421, 422, 736, 931, 1093
	423, 424, 425, 426, 427, 576, 887
	428, 429, 731, 740, 1123, 1208
	430, 431, 432, 433, 1081
	434, 435, 436, 463, 862, 1214
	437, 438, 439, 440, 948, 1054, 1231
	441, 442, 443, 444, 445, 446
	447, 448, 880, 968, 1099, 1172
	449, 450, 758, 925
	451, 452, 453, 952, 1039, 1228
	454, 455, 456, 457, 818, 837
	458, 459, 460, 542, 768, 1223
	461, 462, 463, 464, 465, 906
	466, 467, 568, 657, 789
	468, 469, 470, 523, 845, 867, 1138
	471, 472, 489, 591, 619, 974
	473, 474, 475, 476, 477, 729, 1210
	478, 479, 560, 667, 1018, 1101
	480, 481, 482, 625, 965, 1095
	483, 484, 485, 486, 831
	487, 488, 489, 490, 590, 926
	491, 492, 493, 679, 892, 1184
	494, 495, 496, 497, 498, 515, 1104
	499, 500, 501, 502
	503, 504, 505, 506, 869
	507, 508, 509, 510, 520, 1246
	511, 512, 513, 514, 515, 856
	516, 517, 518, 551, 779
	519, 520, 521, 522, 723, 1165
	523, 524, 525, 526, 527
	528, 529, 530, 609, 622, 801
	531, 532, 533, 534, 558, 749
	535, 536, 537, 748, 958, 1000
	538, 539, 540, 541, 726, 832
	542, 543, 544, 770
	545, 546, 547, 649, 955, 1035
	548, 549, 550, 551, 724, 780
	552, 553, 990, 1120, 1169
	554, 555, 556, 557, 558, 559, 773
	560, 561, 562, 1016, 1100, 1132
	563, 564, 610, 629, 670, 694
	565, 566, 567, 901, 1144
	568, 569, 570, 571, 572, 1199
	573, 574, 575, 576, 577
	578, 579, 580, 676, 815, 985
	581, 582, 583, 584, 585, 1045, 1158
	586, 587, 588, 589, 590, 591, 592
	593, 594, 595, 596, 932, 1091
	597, 598, 599, 637, 821, 1073
	600, 601, 602, 603, 608
	604, 605, 606, 607, 608, 1190
	609, 610, 611, 612, 802
	613, 614, 615, 618, 944, 1111
	616, 617, 618, 715, 945
	619, 620, 621, 622, 805, 973
	623, 624, 625, 626, 627, 964, 1097
	628, 629, 630, 631, 668, 695
	632, 633, 634, 635, 636
	637, 638, 639, 640, 686
	641, 642, 643, 662
	644, 645, 646, 1033
	647, 648, 649, 650, 909, 1036, 1196
	651, 652, 653, 654, 742, 1056
	655, 656, 657, 791
	658, 659, 660, 661, 662, 847
	663, 664, 665, 700, 835
	666, 667, 668, 669, 670, 1015
	671, 672, 673, 674, 753, 1028, 1239
	675, 676, 677, 814, 1034, 1201
	678, 679, 680, 681, 854, 895
	682, 683, 684, 685, 686, 687, 688, 689
	690, 691, 692, 693, 694, 695, 696
	697, 698, 699, 700, 839, 1012
	701, 702, 703, 704, 705
	706, 707, 708, 709
	710, 711, 712, 713, 902
	714, 715, 716, 717, 812, 841
	718, 719, 720, 721, 873
	722, 723, 724, 725, 726, 727, 728
	729, 730, 731, 732, 1212
	733, 734, 735, 736, 737, 1090
	738, 739, 740, 890, 1124
	741, 742, 743, 744, 745, 1087
	746, 747, 748, 749, 750, 751
	752, 753, 754, 755, 1029, 1237
	756, 757, 758, 759, 760, 761, 762
	763, 764, 765, 766, 767
	768, 769, 770, 771, 1042, 1069
	772, 773, 774, 775, 776
	777, 778, 779, 780, 781
	782, 783, 784, 785, 806, 1136
	786, 787, 788, 789, 790, 791
	792, 793, 794, 795, 796
	797, 798, 799, 800
	801, 802, 803, 804, 805
	806, 807, 808, 809, 810
	811, 812, 813, 814, 815
	816, 817, 818, 819, 820
	821, 822, 823, 824, 1075
	825, 826, 827, 875, 987
	828, 829, 830, 831, 832, 833
	834, 835, 836, 837, 838, 839
	840, 841, 842, 843, 844
	845, 846, 847, 848, 1139
	849, 850, 851, 852, 969, 1181
	853, 854, 855, 856, 857
	858, 859, 860, 861, 1063, 1134
	862, 863, 864, 1216, 1241
	865, 866, 867, 868, 869, 870
	871, 872, 873, 874, 875, 986
	876, 877, 878, 879, 880, 1098, 1167
	881, 922, 928, 1074, 1117
	882, 883, 884, 885, 912
	886, 887, 888, 889, 890, 891
	892, 893, 894, 895, 1221
	896, 897, 898, 899, 996
	900, 901, 902, 903, 904, 905, 906
	907, 908, 909, 910, 1192
	911, 912, 913, 914, 1055
	915, 916, 917, 918, 980, 1088
	919, 920, 921, 922, 923, 924, 925, 1071
	926, 927, 928, 929, 930, 1026, 1116
	931, 932, 933, 934, 935, 1092
	936, 937, 938, 939, 940, 1153
	941, 942, 943, 944, 945, 946, 947, 976
	948, 949, 981, 1050, 1236
	950, 951, 952, 953, 954, 955, 1038
	956, 957, 958, 959, 999
	960, 961, 962, 963, 964, 1141
	965, 966, 967, 968, 1094
	969, 970, 971, 972, 1178, 1254
	973, 974, 975, 976, 977
	978, 979, 980, 981, 982, 1049
	983, 984, 985, 986, 987, 988
	989, 990, 991, 992, 993
	994, 995, 996, 997, 998
	999, 1000, 1001, 1002, 1003, 1004, 1005
	1006, 1007, 1008, 1009, 1010, 1011, 1012, 1013
	1014, 1015, 1016, 1017, 1018
	1019, 1020, 1021, 1022, 1023
	1024, 1025, 1026, 1027, 1028, 1029
	1030, 1031, 1032, 1033, 1034, 1205
	1035, 1036, 1037, 1038, 1039, 1229
	1040, 1041, 1042, 1043, 1066
	1044, 1045, 1046, 1047, 1048, 1128
	1049, 1050, 1051, 1052, 1053, 1054, 1055
	1056, 1057, 1058, 1059, 1217
	1060, 1061, 1062, 1063, 1064, 1065, 1133
	1066, 1067, 1068, 1069, 1070
	1071, 1072, 1073, 1074, 1075, 1076, 1113
	1077, 1078, 1079, 1080, 1081, 1082
	1083, 1084, 1085, 1086, 1087, 1088, 1147
	1089, 1090, 1091, 1092, 1093
	1094, 1095, 1096, 1097, 1098, 1099
	1100, 1101, 1102, 1103, 1104, 1105, 1129
	1106, 1107, 1108, 1109, 1110, 1111, 1112
	1113, 1114, 1115, 1116, 1117
	1118, 1119, 1120, 1121, 1155, 1170
	1122, 1123, 1124, 1125, 1126, 1209
	1127, 1128, 1129, 1130, 1131, 1132
	1133, 1134, 1135, 1136, 1137
	1138, 1139, 1140, 1141, 1142, 1143
	1144, 1145, 1146, 1147, 1148, 1149
	1150, 1151, 1152, 1153, 1154, 1155
	1156, 1157, 1158, 1159, 1160
	1161, 1162, 1163, 1164, 1165, 1166
	1167, 1168, 1169, 1170, 1171, 1172
	1173, 1174, 1175, 1176, 1177
	1178, 1179, 1180, 1181, 1251
	1182, 1183, 1184, 1185, 1186
	1187, 1188, 1189, 1190, 1191
	1192, 1193, 1194, 1195, 1196
	1197, 1198, 1199, 1200
	1201, 1202, 1203, 1204, 1205
	1206, 1207, 1208, 1209, 1210, 1211, 1212
	1213, 1214, 1215, 1216, 1217, 1218, 1219, 1220
	1221, 1222, 1223, 1224, 1225
	1226, 1227, 1228, 1229, 1230
	1231, 1232, 1233, 1234, 1235, 1236
	1237, 1238, 1239, 1240, 1241
	1242, 1243, 1244, 1245, 1246, 1247
	1248, 1249, 1250, 1251, 1252, 1253, 1254
Seed Numbers: 418
	0
	1
	2
	3
	4
	5
	6
	7
	8
	9
	10
	11
	12
	13
	14
	15
	16
	17
	18
	19
	20
	21
	22
	23
	24
	25
	26
	27
	28
	29
	30
	31
	32
	33
	34
	35
	36
	37
	38
	39
	40
	41
	42
	43
	44
	45
	46
	47
	48
	49
	50
	51
	52
	53
	54
	55
	56
	57
	58
	59
	60
	61
	62
	63
	64
	65
	66
	67
	68
	69
	70
	71
	72
	73
	74
	75
	76
	77
	78
	79
	80
	81
	82
	83
	84
	85
	86
	87
	88
	89
	90
	91
	92
	93
	94
	95
	96
	97
	98
	99
	100
	101
	102
	103
	104
	105
	106
	107
	108
	109
	110
	111
	112
	113
	114
	115
	116
	117
	118
	119
	120
	121
	122
	123
	124
	125
	126
	127
	128
	129
	130
	131
	132
	133
	134
	135
	136
	137
	138
	139
	140
	141
	142
	143
	144
	145
	146
	147
	148
	149
	150
	151
	152
	153
	154
	155
	156
	157
	158
	159
	160
	161
	162
	163
	164
	165
	166
	167
	168
	169
	170
	171
	172
	173
	174
	175
	176
	177
	178
	179
	180
	181
	182
	183
	184
	185
	186
	187
	188
	189
	190
	191
	192
	193
	194
	195
	196
	197
	198
	199
	200
	201
	202
	203
	204
	205
	206
	207
	208
	209
	210
	211
	212
	213
	214
	215
	216
	217
	218
	219
	220
	221
	222
	223
	224
	225
	226
	227
	228
	229
	230
	231
	232
	233
	234
	235
	236
	237
	238
	239
	240
	241
	242
	243
	244
	245
	246
	247
	248
	249
	250
	251
	252
	253
	254
	255
	256
	257
	258
	259
	260
	261
	262
	263
	264
	265
	266
	267
	268
	269
	270
	271
	272
	273
	274
	275
	276
	277
	278
	279
	280
	281
	282
	283
	284
	285
	286
	287
	288
	289
	290
	291
	292
	293
	294
	295
	296
	297
	298
	299
	300
	301
	302
	303
	304
	305
	306
	307
	308
	309
	310
	311
	312
	313
	314
	315
	316
	317
	318
	319
	320
	321
	322
	323
	324
	325
	326
	327
	328
	329
	330
	331
	332
	333
	334
	335
	336
	337
	338
	339
	340
	341
	342
	343
	344
	345
	346
	347
	348
	349
	350
	351
	352
	353
	354
	355
	356
	357
	358
	359
	360
	361
	362
	363
	364
	365
	366
	367
	368
	369
	370
	371
	372
	373
	374
	375
	376
	377
	378
	379
	380
	381
	382
	383
	384
	385
	386
	387
	388
	389
	390
	391
	392
	393
	394
	395
	396
	397
	398
	399
	400
	401
	402
	403
	404
	405
	406
	407
	408
	409
	410
	411
	412
	413
	414
	415
	416
	417
Phase Numbers: 418
	2
	2
	1
	3
	2
	3
	2
	2
	0
	2
	2
	1
	3
	2
	0
	2
	0
	0
	2
	3
	3
	3
	2
	2
	2
	3
	1
	2
	3
	3
	3
	3
	3
	3
	2
	3
	2
	3
	0
	2
	2
	2
	2
	2
	3
	3
	1
	2
	0
	2
	0
	2
	0
	2
	2
	3
	1
	3
	2
	3
	2
	1
	2
	3
	2
	2
	3
	3
	2
	2
	3
	2
	3
	3
	3
	2
	3
	2
	3
	2
	1
	2
	0
	0
	2
	3
	2
	3
	2
	2
	2
	2
	3
	2
	2
	2
	0
	0
	1
	3
	0
	0
	3
	3
	0
	2
	2
	3
	2
	3
	1
	2
	1
	3
	2
	2
	2
	3
	2
	3
	3
	3
	2
	3
	3
	3
	1
	3
	2
	2
	2
	3
	2
	1
	3
	2
	2
	0
	2
	2
	0
	2
	3
	2
	2
	2
	2
	2
	3
	3
	2
	3
	0
	3
	3
	0
	2
	3
	2
	0
	2
	3
	2
	3
	2
	2
	3
	3
	3
	0
	3
	2
	3
	3
	3
	3
	3
	2
	3
	3
	3
	0
	3
	2
	0
	1
	2
	1
	2
	2
	3
	2
	0
	2
	1
	2
	0
	3
	3
	3
	3
	1
	2
	3
	3
	2
	2
	0
	3
	3
	3
	2
	3
	3
	2
	1
	3
	3
	3
	3
	3
	2
	2
	2
	3
	3
	2
	0
	2
	3
	2
	0
	3
	3
	3
	1
	1
	2
	3
	0
	3
	2
	1
	1
	3
	0
	2
	1
	3
	1
	3
	2
	3
	3
	1
	2
	3
	2
	3
	3
	3
	0
	3
	1
	2
	3
	2
	2
	3
	2
	3
	0
	3
	3
	2
	1
	2
	3
	1
	3
	3
	2
	3
	3
	2
	3
	1
	2
	1
	3
	2
	2
	3
	2
	3
	1
	0
	2
	2
	3
	2
	3
	2
	3
	3
	3
	1
	2
	3
	2
	3
	2
	3
	3
	3
	2
	3
	2
	2
	3
	2
	3
	3
	2
	3
	2
	3
	2
	2
	3
	2
	0
	3
	3
	3
	2
	2
	3
	0
	3
	1
	3
	3
	2
	2
	2
	2
	1
	2
	2
	3
	2
	2
	3
	0
	3
	1
	3
	3
	3
	2
	1
	3
	0
	3
	3
	3
	1
	3
	2
	2
	2
	2
	2
	2
	3
	3
	3
	3
	0
	2
	2
	2
	3
	3
	0
	2
	2
	1
	2
	1
	2
	3
	3
	2
	2
	1
	2
	2
	3
	3
	3
	0
	3
	3
	3
	3
	2
	2
	2
	3
	3
	2
	3
	0
	2
	1
	2
Volumes: 418
	0.001673126195104547
	0.002341057792254405
	0.0023879369116584608
	0.0017641649434386544
	0.0019591166479683373
	0.0024932846372085443
	0.0018306382815100478
	0.003059223243141049
	0.002770584278760536
	0.001787110256090137
	0.0025312488990583215
	0.0031025874195301046
	0.0019614287116167684
	0.002555750462355892
	0.002784553216199365
	0.0034140130443506547
	0.0017652964429489652
	0.002941729415301532
	0.0028061861130827107
	0.0019356631217923904
	0.002997290022794556
	0.0014852158756212801
	0.0014486681005678366
	0.0011839528709059555
	0.0028050474139536983
	0.0023169418595890066
	0.0021118132303005084
	0.0031940515122318054
	0.001025573183957258
	0.002136229591360808
	0.0015044865564384767
	0.0026042045127520758
	0.0031352800958174025
	0.0022406368705352128
	0.001466835220056761
	0.003066167045924509
	0.0028097674157954583
	0.0013108952646479907
	0.0021815123152468694
	0.0029772121468598944
	0.003503176543150123
	0.0020721835997546843
	0.0024123720015735203
	0.002149556361453792
	0.0018509990672265291
	0.0026113391959459165
	0.0019113465089059612
	0.003107982656302597
	0.00284308975163802
	0.0019118145696055257
	0.0021634558133059546
	0.0020697609578031267
	0.002285246865391322
	0.0022082189334478235
	0.0030382394323751278
	0.0020157342583479476
	0.003052211713581882
	0.001413872142288209
	0.0016705451461006611
	0.0028706399316737333
	0.0029055240533843564
	0.0026882106458189607
	0.002770672274426105
	0.002258668159877719
	0.001214559230282459
	0.0022871675251597786
	0.002221650024229254
	0.0018774408721547655
	0.001810322823622602
	0.0027915184462044516
	0.0024035864240369523
	0.0026753395058469846
	0.0019982763212145183
	0.003104815487085059
	0.0024473765871418814
	0.002732250118617183
	0.0019218572189531283
	0.0022654404692430746
	0.0025663841038505446
	0.0027897746701791336
	0.0026973780901968767
	0.0019995134017281317
	0.0024418777079389734
	0.002879373190367571
	0.0026590486019247303
	0.002613037462059232
	0.002561721874704096
	0.002973164509557746
	0.0018960317389072952
	0.003170816255142494
	0.0016385913663754513
	0.00213016124728579
	0.00221835807964448
	0.0020386101883472126
	0.0029482863327499583
	0.002554436128967273
	0.0028860750947144434
	0.0022800482426303574
	0.002726926551053248
	0.0022861950180285686
	0.002221471227146556
	0.0033052164726813807
	0.001823163583836627
	0.0010985891219277154
	0.0008812871902207763
	0.0017651769088165078
	0.0035033484078336695
	0.0028327691211664442
	0.0021651864611308353
	0.0026696180554371144
	0.001889294021609537
	0.0016847964524227352
	0.0035861659550773914
	0.0028027626039031986
	0.0027796795200070506
	0.0022871485773346394
	0.002117031858435159
	0.0020808079487627
	0.001503627288792165
	0.0030639720750865657
	0.0028582718145901903
	0.0030108172149601485
	0.0031601843020454988
	0.0028943512515819864
	0.003074868996880426
	0.0025318613380681428
	0.0022565021548322404
	0.003152027432448638
	0.0023003200575585072
	0.0014470064522410478
	0.0016922315905754733
	0.0026416089081734294
	0.002974929481548161
	0.001987972672453497
	0.002702232516366712
	0.0010523489020406527
	0.0025301892204120466
	0.0022487522836370953
	0.002743802848193637
	0.001298821005560968
	0.0027914018605222045
	0.00257394897573398
	0.0028442543700111307
	0.0022972001662256583
	0.0012340421233008694
	0.0010171201619024086
	0.00250778144292377
	0.002675397959616286
	0.0023040073783487224
	0.0025365157082226698
	0.002244865397882323
	0.002724068957102555
	0.0018894794428048324
	0.002813318930756089
	0.00281786946438316
	0.0019842213634078364
	0.0019184915717582473
	0.0032901322148090216
	0.002425905013434073
	0.0009211066105454936
	0.0025737500036893627
	0.0023535320218414603
	0.0018963789995128416
	0.0022335329766861893
	0.002377629034428057
	0.0021462329036982274
	0.0023502473308289044
	0.0020838016387614375
	0.0038070852551292025
	0.0032647475555922156
	0.0022880786063511197
	0.0021851050308004127
	0.001416090296957688
	0.0021137445475544574
	0.0028823348167902494
	0.0028172886548547904
	0.0029439658919233323
	0.0030300129027770427
	0.002424371782658941
	0.0027433551346351588
	0.0029239855188182137
	0.0029053558114995994
	0.0019011582662991963
	0.003060046581705002
	0.0029817874176705336
	0.0024575647635891092
	0.0025691210124729217
	0.0021843738337838365
	0.0024202975423657453
	0.002260037781830631
	0.002902761866507118
	0.0018592577349693857
	0.0029239013332843476
	0.002688032082297011
	0.0015888245048814704
	0.0019929169689659756
	0.001581761650072983
	0.002065954655184654
	0.0018904309711749632
	0.0014775687683492378
	0.0022571679954250775
	0.0018299165063303665
	0.002784232430431315
	0.003148859103531386
	0.0021135226226825328
	0.002286152440107888
	0.0025084842888000603
	0.0020324094399571157
	0.0012682950433121189
	0.00252411115211918
	0.0020444716356852782
	0.003484481077819611
	0.0028800675857394713
	0.0022501544248984557
	0.003110974744385064
	0.0025571630844389787
	0.0015997750061494346
	0.0020533865261314695
	0.002036275591951747
	0.0032042488554931523
	0.0017685470934011784
	0.002307123863253119
	0.0010627361937811677
	0.0017620423990247173
	0.002813307180227633
	0.0022217439548137367
	0.0009980991692099888
	0.0022841212232419224
	0.0026365036321496452
	0.0025538176181986996
	0.002357681298472113
	0.002747526660850267
	0.0026666959755735874
	0.003036364710182214
	0.0024384415839658474
	0.0025807144853318333
	0.002166927637486913
	0.0027519276544709075
	0.003028479090436266
	0.0015509018598689425
	0.0026208970709535933
	0.003288759037083256
	0.002853638185209829
	0.0027735479537303693
	0.0019110320677981013
	0.002797117080376301
	0.0026258825410377753
	0.002475344839363126
	0.0030491715228323285
	0.002027073535680289
	0.0030164377005623727
	0.002843502789282648
	0.0027466152628007807
	0.0027333629547372077
	0.0027731460162723734
	0.0022825203840038605
	0.0031386938198258774
	0.0025265234668975277
	0.0032836848059472714
	0.0012359682776008096
	0.002393381453729763
	0.0027361904287522667
	0.003182911798813924
	0.002067944335820827
	0.0030520045114129455
	0.0027818267943287363
	0.0025946825035670453
	0.002679589934834595
	0.0024613983631562118
	0.0031892276470983664
	0.001109620335819364
	0.002491057580386924
	0.0024830683958504884
	0.0027238678163554173
	0.0030359635950342823
	0.0020708969642413175
	0.003110943571630552
	0.0018273663317509973
	0.002429426190792519
	0.0018640533413194643
	0.002792704305418954
	0.0022428781459434923
	0.002973377179325532
	0.0024922238374733416
	0.0024702720567753985
	0.002313810468130061
	0.002586768037011998
	0.0018457561342836986
	0.0030746926890137566
	0.0027664554328913757
	0.0028432399398496677
	0.0028438152307388026
	0.0022615481808853713
	0.0015467931060454553
	0.0017545004102434228
	0.0017711452860589998
	0.0011134993798440377
	0.002793388443349737
	0.0026760763864607925
	0.001133035668182764
	0.0026052584767391287
	0.0026820776070320025
	0.002829263249017403
	0.003026599463845979
	0.00226875470303555
	0.002348445720657075
	0.002958953347949918
	0.0030774717803788926
	0.0027987779154338213
	0.0020183412725440085
	0.0009034084290953212
	0.0021833859382309733
	0.0017983288064057482
	0.003304963470096095
	0.003348280558128945
	0.0018991197660318646
	0.0025150172608189624
	0.0017618692246610175
	0.00258829322199175
	0.0025754971346601575
	0.0024336617804909064
	0.002620354252429184
	0.0015197010370286747
	0.0017620931673040686
	0.0023256803008490246
	0.0027080605237692363
	0.0024474719422151927
	0.0020074737203394154
	0.001846481023158141
	0.0013423277596354823
	0.0020405785998752913
	0.0020028411266271263
	0.002120051148309097
	0.002396209135673741
	0.0022344056067567265
	0.0021531137084504952
	0.0024371243679108387
	0.002687306068259031
	0.0026430365785215576
	0.0027363167239731504
	0.0025177572760871057
	0.0030102990414715876
	0.002058425252286001
	0.0023287905361969972
	0.0023489005061256415
	0.00286252122237183
	0.00272304335039854
	0.0023628357734461663
	0.0020380540649503655
	0.0024785553654301743
	0.0024640264075334534
	0.0014385065446021433
	0.0024676900958384347
	0.0031072368208101262
	0.0018884891780522415
	0.002652758542238385
	0.0026634088257368816
	0.0028470610247856203
	0.0023623253333305365
	0.0026968188633837036
	0.003563647052626752
	0.0030590318804847886
	0.0024489017324848227
	0.001854051216869268
	0.0032778469702465026
	0.0018972900039297032
	0.0026603745840450537
	0.0024813769999619787
	0.0032788815601017666
	0.0029158344667245526
	0.002233503795345331
	0.0008703074531386562
	0.0030038859660297458
	0.003120225340811044
	0.0018198300158769293
	0.0009459641945532306
	0.0028091593147239998
	0.002533841971933443
	0.0025600393286897513
	0.001492445180435573
	0.0021291545350908946
	0.003502122363367505
	0.0019464904506807522
	0.0027723679482899344
	0.0016798348651039623
	0.0030116510630600586
	0.0018271559748438463
	0.0031329544648764657
	0.0015420042058670318
	0.0025592523909918957
	0.0026300425931778436
	0.0029230792983449662
	0.002421321613789491
	0.0025114325024192708
	0.0029703702674849317
	0.002377554729199336
	0.0018442790738551703
	0.0027827967952210376
	0.002206339542742586
	0.002318417493566635
	0.001911407801338367
	0.0020934030527255615
	0.0027097266394565398
	0.0023240945056132545
	0.0019489214870527804
	0.002237359414620367
	0.002071226355845468
	0.0019944699117447617
	0.0023329699770530126
	0.0013766291941909288
	0.0031500759377597613
	0.0038599993928857554
	0.001931684154758789
	0.002245486429200253
	0.0021113791063820126
	0.0024864236968489637
	0.00248727497557021
	0.0028898129656752484
